1.410932332928281994e+03 5.114123814917690538e+02 7.357096211937638186e-01
1.410953166465458480e+03 5.112384706685061815e+02 7.330123352350353949e-01
1.411015667067674940e+03 5.118718135034453667e+02 7.333426016164068528e-01
1.411036500599263945e+03 5.138103469696736738e+02 7.345050128534592604e-01
1.411057334128990078e+03 5.127743617698138223e+02 7.337208533143779743e-01
1.411078167657319000e+03 5.128063925495314379e+02 7.335426808416767308e-01
1.411099001184250938e+03 5.122039777569509624e+02 7.341580577768492821e-01
1.411119834709785664e+03 5.117398739721289189e+02 7.345280183495030979e-01
1.411140668233922952e+03 5.114258172918911782e+02 7.340324089732658264e-01
1.411161501756198959e+03 5.111267775533175950e+02 7.351164625632418126e-01
1.411182335277542961e+03 5.114144745890894797e+02 7.343143681596496775e-01
1.411203168797023864e+03 5.115925171610002167e+02 7.336005733607349200e-01
1.411224002315108919e+03 5.123396254549993500e+02 7.346325686423343937e-01
1.411244835831796536e+03 5.115293962975751469e+02 7.344396035205906781e-01
1.411265669347087623e+03 5.125548547873606822e+02 7.338174773322719835e-01
1.411286502860515611e+03 5.114522928089564289e+02 7.325692804141713532e-01
1.411307336373011367e+03 5.132895901409240196e+02 7.344883770370382869e-01
1.411328169883646524e+03 5.106013148024696306e+02 7.318607469664477616e-01
1.411349003392883333e+03 5.122816597001392438e+02 7.333916512694726997e-01
1.411369836900722930e+03 5.134274566948936354e+02 7.337091145992660213e-01
1.411390670407165999e+03 5.120097178225735206e+02 7.328748192550277318e-01
1.411411503912212083e+03 5.118399540499579530e+02 7.329051953477589976e-01
1.411432337415861184e+03 5.114774339457405290e+02 7.337830775536969830e-01
1.411453170918114211e+03 5.106615634494349365e+02 7.326059745839671455e-01
1.411474004418968434e+03 5.118219386968826825e+02 7.327228385553189449e-01
1.411494837917960922e+03 5.122965810078742379e+02 7.330669766462666326e-01
1.411515671416022087e+03 5.119587994265871771e+02 7.325533736120731776e-01
1.411536504912687178e+03 5.128715704818414451e+02 7.331472238357619187e-01
1.411557338407488032e+03 5.123871046212325382e+02 7.354732579906980705e-01
1.411578171901358019e+03 5.109677501074651786e+02 7.322018305523518844e-01
1.411599005393366042e+03 5.117861541300033537e+02 7.331687272894084062e-01
1.411619838884441833e+03 5.120036056685059975e+02 7.331582398615041907e-01
1.411640672373655889e+03 5.116160517468054536e+02 7.326889161621193969e-01
1.411661505861937030e+03 5.112633274789974962e+02 7.335886295940218238e-01
1.411682339348822097e+03 5.116523030923256670e+02 7.330007071472128821e-01
1.411703172834310863e+03 5.116818291557565885e+02 7.326075610975295582e-01
1.411724006317936983e+03 5.113214545831874034e+02 7.324330646931697109e-01
1.411744839800630416e+03 5.118641407862200481e+02 7.325423891737189441e-01
1.411765673282392981e+03 5.110267328721204763e+02 7.323916009368230950e-01
1.411786506762293811e+03 5.120470949917073540e+02 7.363410766433879928e-01
1.411807340240798112e+03 5.124148140506204072e+02 7.326912753242106335e-01
1.411828173718369499e+03 5.118499866512316316e+02 7.326495821163917510e-01
1.411849007194079149e+03 5.108315690858699440e+02 7.317807252335245538e-01
1.411869840668856796e+03 5.119098599509105156e+02 7.324283040082422147e-01
1.411890674142238822e+03 5.122054901514288758e+02 7.331933193130308890e-01
1.411911507614687935e+03 5.114344776456725299e+02 7.324295246996350706e-01
1.411932341085275539e+03 5.113077834788396672e+02 7.323535124345980085e-01
1.411953174554932048e+03 5.124682008855600088e+02 7.348615373863237599e-01
1.411974008023189981e+03 5.117048803358865712e+02 7.325820137434112533e-01
1.411994841490052067e+03 5.135215869761041176e+02 7.368067392532886561e-01
1.412015674955982377e+03 5.120087710510126726e+02 7.343682227937987639e-01
1.412036508420516384e+03 5.122863918894017843e+02 7.330543330509499134e-01
1.412057341883652953e+03 5.119563422597923932e+02 7.330443725087881779e-01
1.412078175345857971e+03 5.109613127425283778e+02 7.315794716047382407e-01
1.412099008806200345e+03 5.113869440211847746e+02 7.322068776241911214e-01
1.412119842266077967e+03 5.136615662813460403e+02 7.353024004020922710e-01
1.412140675724092034e+03 5.114139986552726782e+02 7.323736963320717219e-01
1.412161509181175006e+03 5.111824142351543401e+02 7.321011260563944356e-01
1.412182342636861904e+03 5.119448486188529728e+02 7.322304437330451332e-01
1.412203176091616115e+03 5.109360253257877389e+02 7.352043500968742373e-01
1.412224009544972887e+03 5.118792934143738762e+02 7.320966074620689490e-01
1.412244842997399473e+03 5.118973806083801605e+02 7.332962716736504127e-01
1.412307343346762991e+03 5.127692077103204156e+02 7.325325437223282332e-01
1.412328176794067076e+03 5.119276770312072244e+02 7.321016145514077644e-01
1.412349010240439384e+03 5.118973945749161771e+02 7.318684025311549268e-01
1.412369843685415617e+03 5.122553439614803210e+02 7.349254898658789115e-01
1.412390677129460528e+03 5.107427445063664777e+02 7.324865287219033405e-01
1.412411510572108000e+03 5.119928175911098265e+02 7.333125281272550033e-01
1.412432344013823467e+03 5.136099898323477646e+02 7.330159130711012549e-01
1.412453177454143542e+03 5.117343343342458297e+02 7.322724049957471948e-01
1.412474010893531613e+03 5.122093179063394928e+02 7.331405165803461799e-01
1.412494844331522017e+03 5.121619321067958026e+02 7.324235839823811656e-01
1.412515677768582009e+03 5.112967033947924733e+02 7.327549291579632529e-01
1.412536511204245016e+03 5.127359494319591704e+02 7.323747950363328485e-01
1.412557344639440998e+03 5.111300858675321592e+02 7.329309754080014505e-01
1.412578178072775927e+03 5.123501436064668724e+02 7.323990068044547996e-01
1.412599011505179078e+03 5.108812604556430301e+02 7.324539381002730387e-01
1.412619844936649997e+03 5.110319173917927742e+02 7.324903125578029472e-01
1.412640678367190958e+03 5.122279305389797628e+02 7.338789218023942240e-01
1.412661511796335162e+03 5.123671034958470045e+02 7.327175916691149871e-01
1.412682345224080564e+03 5.118698896291335245e+02 7.323361766269768092e-01
1.412703178651362123e+03 5.121671971839848538e+02 7.333767375961220969e-01
1.412724012077246016e+03 5.111867436474030342e+02 7.319598966202417456e-01
1.412744845502196995e+03 5.125486432508967027e+02 7.334055487520373395e-01
1.412765678925752582e+03 5.115871485651660464e+02 7.339637091601571850e-01
1.412786512348377528e+03 5.120796640491494145e+02 7.325766031225652286e-01
1.412807345770069333e+03 5.115827285234760780e+02 7.329575271088787369e-01
1.412828179190365972e+03 5.121151206953090878e+02 7.321402453332762628e-01
1.412849012609730835e+03 5.108749231248985438e+02 7.323760565095629449e-01
1.412869846028163010e+03 5.121253266522451213e+02 7.328095897624906652e-01
1.412890679445199567e+03 5.121144826151353300e+02 7.325569536897250655e-01
1.412911512861770461e+03 5.112351929178599335e+02 7.318596067691078844e-01
1.412932346276943917e+03 5.121513126532609022e+02 7.324986938881540288e-01
1.412953179690720845e+03 5.111262821718323153e+02 7.318782976371037696e-01
1.412974013104032110e+03 5.123748887024648866e+02 7.328537545050144431e-01
1.412994846515945483e+03 5.103986176919543709e+02 7.320353797950810426e-01
1.413015679926927987e+03 5.109637741022368687e+02 7.320590735555346784e-01
1.413036513336979624e+03 5.112757525019067657e+02 7.319671032788565013e-01
1.413057346745633822e+03 5.124519652242854590e+02 7.341177469496386054e-01
1.413078180153822359e+03 5.119249993813689912e+02 7.324029131660046987e-01
1.413099013560613912e+03 5.120036660983330421e+02 7.325236745660468340e-01
1.413119846966475052e+03 5.136012064725550772e+02 7.329827361031933108e-01
1.413140680370937844e+03 5.103469139279144997e+02 7.317057452776162263e-01
1.413161513774935884e+03 5.130143966793730215e+02 7.329384164870321738e-01
1.413182347177536485e+03 5.122259083966700928e+02 7.332128703994474916e-01
1.413203180579206673e+03 5.121149059598194526e+02 7.326807810621663863e-01
1.413224013979944175e+03 5.110548611731516644e+02 7.326941632536712046e-01
1.413244847379750809e+03 5.124577204893219005e+02 7.332437608663481265e-01
1.413307347573117568e+03 5.121545340015768488e+02 7.334341962404287152e-01
1.413328180968732795e+03 5.130383546036532607e+02 7.323759751242587823e-01
1.413349014363418064e+03 5.117498132778748072e+02 7.323553029641166612e-01
1.413369847757171101e+03 5.120843231332705727e+02 7.319453202237755640e-01
1.413390681149992361e+03 5.119476692158009996e+02 7.320400616126672144e-01
1.413411514541883662e+03 5.120054185828830668e+02 7.323671040718909842e-01
1.413432347932377070e+03 5.114950988573646669e+02 7.319351410038266170e-01
1.413453181322405499e+03 5.117573545483609792e+02 7.317252953819239902e-01
1.413474014711036489e+03 5.117512739976273792e+02 7.333040748163567324e-01
1.413494848099201135e+03 5.117379448705671052e+02 7.319854656871500609e-01
1.413515681485970163e+03 5.117252920960578990e+02 7.323567679395576180e-01
1.413536514871806958e+03 5.122741451859965309e+02 7.319200754984963586e-01
1.413557348256712885e+03 5.132430296197110238e+02 7.327655037001491456e-01
1.413578181640687035e+03 5.114935013349481210e+02 7.318910837075722764e-01
1.413599015023729407e+03 5.108401206971240640e+02 7.317924541569136299e-01
1.413619848405841367e+03 5.122700145584474285e+02 7.316809403309638693e-01
1.413640681787022004e+03 5.126321215850946373e+02 7.326783405145669281e-01
1.413661515167271546e+03 5.119999612457450553e+02 7.334455736558649352e-01
1.413682348546589537e+03 5.118099279862299795e+02 7.319471931848260393e-01
1.413703181924975070e+03 5.120400139508822122e+02 7.321492412501465763e-01
1.413724015301965210e+03 5.126516294272994401e+02 7.321963764194788782e-01
1.413744848678488324e+03 5.121786960975018701e+02 7.318636381731681295e-01
1.413765682054081026e+03 5.117672820672548255e+02 7.315839119197117268e-01
1.413786515428277198e+03 5.108334784246575850e+02 7.309789252967953121e-01
1.413807348802006800e+03 5.113252988419943108e+02 7.316373565323833761e-01
1.413828182174338963e+03 5.119090463209961968e+02 7.329101155870033635e-01
1.413849015546205919e+03 5.115801215316814137e+02 7.318938526360836416e-01
1.413869848917142008e+03 5.127716456119858321e+02 7.329788734909552517e-01
1.413890682286681113e+03 5.125661974790180011e+02 7.317120583892354757e-01
1.413911515655754101e+03 5.123756519095445583e+02 7.329228429947926005e-01
1.413974015756920835e+03 5.106035268789653969e+02 7.311031422314422379e-01
1.413994849121802417e+03 5.127873820855281792e+02 7.326296092124169324e-01
1.414036515849704529e+03 5.130768501462448512e+02 7.348686344800864356e-01
1.414057349212258487e+03 5.129566714173622586e+02 7.323895663446906568e-01
1.414078182573415688e+03 5.120274854071826667e+02 7.327012813410612724e-01
1.414099015934107001e+03 5.101614940091868107e+02 7.313862306902546573e-01
1.414119849293866992e+03 5.122688350604307743e+02 7.318805372515706509e-01
1.414140682652695887e+03 5.116077185055739278e+02 7.316729976826207293e-01
1.414161516010593459e+03 5.107997727626860183e+02 7.309001525888141337e-01
1.414182349367558800e+03 5.126053077539884271e+02 7.321620632935508244e-01
1.414203182723594182e+03 5.115936972328531169e+02 7.316490470210047503e-01
1.414224016078697332e+03 5.118112487036445941e+02 7.315563733847723071e-01
1.414244849432870069e+03 5.125437625168567592e+02 7.320966888784297133e-01
1.414265682786575780e+03 5.112466888357344601e+02 7.312374048697034556e-01
1.414286516138885872e+03 5.122069474716292916e+02 7.312917713722129065e-01
1.414307349490729848e+03 5.122447265593548309e+02 7.324867728409383272e-01
1.414328182841176385e+03 5.118207271473295918e+02 7.323464316613429448e-01
1.414349016191157034e+03 5.108078176018503314e+02 7.323454549975901839e-01
1.414369849540207042e+03 5.122925996882720483e+02 7.319793177924310834e-01
1.414390682887860066e+03 5.126683938740325175e+02 7.315964587191079449e-01
1.414411516235046975e+03 5.122571001444955527e+02 7.315291597312921779e-01
1.414432349581303015e+03 5.117516711573766202e+02 7.326060966235938832e-01
1.414453182926627505e+03 5.119852854611429507e+02 7.310139054855763208e-01
1.414474016271486562e+03 5.119060435763349801e+02 7.312894892015073811e-01
1.414494849614948180e+03 5.127810096151094967e+02 7.318147304486912752e-01
1.414515682957478930e+03 5.119677038591636915e+02 7.315195043444560064e-01
1.414536516299543564e+03 5.119112157113432318e+02 7.333834833278999321e-01
1.414557349640676875e+03 5.118366811262775968e+02 7.312591275028599291e-01
1.414578182980414113e+03 5.123822675274284393e+02 7.314139793621601271e-01
1.414599016319685006e+03 5.111751253294549429e+02 7.308860851404302972e-01
1.414619849658025032e+03 5.094605410714557934e+02 7.299559317965432781e-01
1.414640682995899169e+03 5.112514651940697945e+02 7.309788029855062153e-01
1.414661516332375868e+03 5.123546945099189998e+02 7.326267210284919118e-01
1.414682349667922153e+03 5.124265711398948042e+02 7.320466161069844047e-01
1.414703183003001868e+03 5.126008784659070443e+02 7.318272732908234213e-01
1.414724016337149806e+03 5.138577696706704501e+02 7.325304281535179873e-01
1.414744849669902123e+03 5.102910170592254531e+02 7.312546852157347788e-01
1.414765683002187870e+03 5.120811873653240127e+02 7.361105033184237589e-01
1.414786516334008866e+03 5.120651390636467113e+02 7.311562143811580761e-01
1.414807349664431968e+03 5.117222498853020056e+02 7.310925844089047887e-01
1.414828182993924202e+03 5.122156273706184493e+02 7.317410165452304938e-01
1.414849016322951002e+03 5.117004844348817301e+02 7.326353041896134233e-01
1.414869849651046025e+03 5.113241621873284544e+02 7.310079940327484094e-01
1.414890682978209952e+03 5.127890469283277071e+02 7.335221634489188514e-01
1.414911516304442102e+03 5.117598534617722521e+02 7.312544406853845880e-01
1.414932349629742930e+03 5.108522306692034931e+02 7.321486306710500713e-01
1.414953182954578551e+03 5.131056407442413274e+02 7.317720505963356548e-01
1.414974016278016961e+03 5.115022300108047943e+02 7.308470210667957767e-01
1.414994849600991074e+03 5.115529497330158506e+02 7.314440086770755967e-01
1.415015682923031818e+03 5.107742997069897797e+02 7.307105658609235332e-01
1.415036516244142149e+03 5.121342031876697547e+02 7.318290651078649400e-01
1.415057349564786819e+03 5.124342667143218932e+02 7.313542430294294183e-01
1.415078182884034504e+03 5.118287326620800854e+02 7.317482660870590072e-01
1.415099016202816074e+03 5.123979920526585374e+02 7.316338941566935539e-01
1.415119849520667003e+03 5.119737846914544548e+02 7.323908684843065675e-01
1.415140682837586155e+03 5.121292135858921029e+02 7.314236361420118904e-01
1.415161516153574212e+03 5.112569750636894810e+02 7.307645229523863639e-01
1.415182349469097062e+03 5.135095606482245785e+02 7.323523323104764726e-01
1.415203182783688135e+03 5.118566910564883869e+02 7.320756831571829659e-01
1.415224016097346976e+03 5.107072620216665086e+02 7.314808407801716150e-01
1.415244849410075858e+03 5.106000903596822695e+02 7.320269931600232871e-01
1.415265682721872963e+03 5.112116148884898053e+02 7.308161924114430219e-01
1.415286516033203952e+03 5.131356184098190170e+02 7.322420026525441328e-01
1.415307349343139094e+03 5.119493930058742421e+02 7.312450262047268668e-01
1.415328182652608120e+03 5.110507957826357028e+02 7.310538982659211538e-01
1.415349015961145597e+03 5.115159525368126765e+02 7.328058075751758826e-01
1.415369849269216957e+03 5.111235171455959403e+02 7.311236867464049327e-01
1.415390682575891333e+03 5.120344179280912158e+02 7.319936899423918897e-01
1.415411515882100502e+03 5.127195248641135095e+02 7.321008003928711760e-01
1.415432349187377895e+03 5.115994659981585642e+02 7.313461338332482020e-01
1.415453182492190081e+03 5.108735916653412801e+02 7.311489182080290750e-01
1.415474015795604828e+03 5.112083532531723336e+02 7.311752900652078724e-01
1.415494849098555505e+03 5.121447415132265633e+02 7.325763183519400368e-01
1.415515682400573496e+03 5.125604000274793179e+02 7.322724456941558380e-01
1.415536515701659937e+03 5.127786170654160287e+02 7.333149259236634299e-01
1.415557349002280944e+03 5.116071252334696169e+02 7.321192815686597966e-01
1.415578182301505421e+03 5.124367224722677747e+02 7.321546143242393390e-01
1.415599015600264011e+03 5.122353460260349038e+02 7.316957256467041537e-01
1.415619848898091050e+03 5.120612445904041579e+02 7.317127100621720892e-01
1.415640682195452882e+03 5.111408453539785910e+02 7.308040400179901530e-01
1.415661515491417958e+03 5.127388163921878004e+02 7.320558574371566207e-01
1.415682348786916918e+03 5.118808528283393002e+02 7.315392631219972408e-01
1.415703182081484101e+03 5.121953326064624434e+02 7.317783224100461448e-01
1.415724015375586077e+03 5.112056185479562487e+02 7.318230380694672466e-01
1.415744848668757186e+03 5.126036522213403259e+02 7.318930789659364722e-01
1.415765681960529946e+03 5.118455214418282253e+02 7.323974198391236534e-01
1.415786515252304525e+03 5.122664047018315614e+02 7.323567679395576180e-01
1.415807348542680984e+03 5.116396685272043783e+02 7.324526767611752032e-01
1.415828181832592009e+03 5.132251017947855871e+02 7.320576486947053541e-01
1.415849015121571483e+03 5.116057132072145919e+02 7.314695142910736525e-01
1.415869848409619408e+03 5.123626452242917821e+02 7.316865204990028460e-01
1.415890681696737829e+03 5.113410981847376320e+02 7.312576603284454135e-01
1.415911514983388997e+03 5.120852441728941358e+02 7.318906357916816763e-01
1.415932348269108843e+03 5.123462850457283366e+02 7.314546021710652823e-01
1.415953181553897139e+03 5.116524700656531763e+02 7.325910855969628432e-01
1.415974014838220000e+03 5.120011955665381720e+02 7.317522573771845229e-01
1.415994848121611994e+03 5.114970451389833102e+02 7.315010894981087697e-01
1.416015681404072893e+03 5.111072670455322964e+02 7.309402331382272022e-01
1.416036514685601560e+03 5.121863687760892390e+02 7.322065113056317465e-01
1.416057347966665020e+03 5.118569668089514266e+02 7.311134960869354327e-01
1.416078181246797158e+03 5.115910559884635518e+02 7.312808087371529542e-01
1.416099014525998427e+03 5.122274713446722672e+02 7.315102969792287579e-01
1.416119847804733581e+03 5.110926652672041541e+02 7.316362974545000952e-01
1.416140681082071524e+03 5.114306102004518948e+02 7.309573166514765630e-01
1.416161514359409466e+03 5.119876411551624074e+02 7.316659103236130557e-01
1.416182347635350652e+03 5.125068276325678198e+02 7.318189249944978547e-01
1.416203180910827086e+03 5.135054455423428408e+02 7.333194776512095281e-01
1.416224014185370834e+03 5.109172763652765639e+02 7.309585397993993983e-01
1.416244847458984168e+03 5.127444909891287352e+02 7.325130151627426978e-01
1.416265680731665952e+03 5.133461885338745105e+02 7.319590008724053964e-01
1.416286514003881621e+03 5.124744212953980878e+02 7.321068658522156269e-01
1.416307347275166649e+03 5.114944763811614052e+02 7.315017006177031433e-01
1.416328180545985106e+03 5.121372675173076914e+02 7.312788525619452473e-01
1.416349013815872468e+03 5.127968126361647592e+02 7.318157078207363497e-01
1.416369847084829416e+03 5.118806066821707077e+02 7.311870287003430224e-01
1.416390680352853906e+03 5.125285229537998930e+02 7.349318969730981310e-01
1.416411513620413643e+03 5.119692253707716532e+02 7.316184558350876666e-01
1.416432346887042058e+03 5.127101542079649334e+02 7.335590537156763125e-01
1.416453180152738469e+03 5.127108201689538873e+02 7.326042253470825827e-01
1.416474013417503556e+03 5.122385457990728810e+02 7.314381414451547325e-01
1.416494846681804120e+03 5.106109147383387494e+02 7.314594506805963681e-01
1.416515679945171541e+03 5.127387180895143501e+02 7.317033014778497879e-01
1.416536513208073984e+03 5.106655039887611451e+02 7.307589765265558590e-01
1.416557346470046014e+03 5.114167492826462080e+02 7.307755748959888775e-01
1.416578179731086038e+03 5.113984766618056597e+02 7.317630093157386773e-01
1.416599012991195195e+03 5.118976699563706347e+02 7.313077056156431777e-01
1.416619846250837782e+03 5.128515443218514065e+02 7.320633074113498395e-01
1.416640679509549045e+03 5.141334323022447279e+02 7.321420770900173292e-01
1.416661512767796012e+03 5.130655701974740168e+02 7.316901048180698419e-01
1.416682346024645085e+03 5.121390886978936123e+02 7.326521854690594138e-01
1.416703179281493931e+03 5.126790649908884916e+02 7.313864344288334429e-01
1.416724012536947157e+03 5.104425106598743582e+02 7.308141126537416321e-01
1.416744845791933130e+03 5.113606326048080177e+02 7.308960750954093255e-01
1.416765679045987781e+03 5.118578096101732058e+02 7.319482110964302679e-01
1.416786512299112474e+03 5.117767682523823964e+02 7.328301271055124300e-01
1.416807345551770595e+03 5.114669207103052599e+02 7.309686510771679080e-01
1.416828178803496940e+03 5.121426333998285827e+02 7.313217649538837906e-01
1.416849012054292871e+03 5.120191011278802762e+02 7.310407714171502924e-01
1.416869845304623141e+03 5.117810168638912387e+02 7.310891194532207482e-01
1.416890678554021179e+03 5.111591601576599828e+02 7.309225783959463207e-01
1.416911511802489485e+03 5.111859558194452688e+02 7.305927681319325240e-01
1.416974011544165933e+03 5.120197337460256222e+02 7.317250917376962871e-01
1.417057344521736468e+03 5.108540079504629716e+02 7.306794051512486288e-01
1.417161510726354209e+03 5.097415576929407166e+02 7.303968587983304950e-01
1.417203177202800816e+03 5.123178405732587635e+02 7.330054641145268279e-01
1.417224010440092115e+03 5.110834163195460746e+02 7.309324047600908036e-01
1.417244843676452092e+03 5.114554350160693161e+02 7.315498144980091544e-01
1.417265676911880973e+03 5.118427803541993057e+02 7.321200549997666229e-01
1.417307343380875409e+03 5.111992191295028647e+02 7.310714275411488439e-01
1.417328176613976211e+03 5.100744467119434944e+02 7.303210022365718146e-01
1.417369843078313806e+03 5.118202536305198578e+02 7.327939728629569993e-01
1.417390676309552418e+03 5.116783419211905652e+02 7.318552902916579672e-01
1.417411509531943011e+03 5.120078156411632335e+02 7.317908251510177875e-01
1.417432342761784184e+03 5.114273125990119411e+02 7.313691979443639468e-01
1.417453175990227464e+03 5.110163427202037951e+02 7.317148279952078171e-01
1.417474009218205993e+03 5.117028800531995216e+02 7.314091305511998264e-01
1.417494842445254108e+03 5.114347922709586669e+02 7.315425222505228531e-01
1.417515675671834515e+03 5.111459237209150501e+02 7.309823092343440409e-01
1.417536508897484055e+03 5.129351111888784089e+02 7.319451980739754005e-01
1.417557342122669070e+03 5.124203069660732126e+02 7.351535160609781183e-01
1.417578175346921398e+03 5.108265981349757681e+02 7.308371527763033448e-01
1.417599008570241949e+03 5.119391552977037350e+02 7.313474378306606960e-01
1.417619841792632997e+03 5.114939018967793913e+02 7.322188032283016845e-01
1.417640675014557928e+03 5.123735118212962334e+02 7.343937891727645439e-01
1.417661508236017198e+03 5.126641336933594175e+02 7.318194951250815983e-01
1.417682341456543782e+03 5.120214115304959250e+02 7.320273595684164691e-01
1.417703174676141089e+03 5.125498544389911331e+02 7.320081025232774152e-01
1.417724007894807073e+03 5.115274058550500627e+02 7.324680568122651225e-01
1.417744841113005805e+03 5.117926484983154864e+02 7.323229506761799179e-01
1.417765674330273214e+03 5.118785955037121198e+02 7.317010205907039655e-01
1.417786507547076326e+03 5.132354223699680915e+02 7.324055987774844567e-01
1.417807340762948115e+03 5.117268849125600241e+02 7.313644710833225870e-01
1.417828173978352879e+03 5.123418650865976360e+02 7.317562079184217749e-01
1.417849007192361114e+03 5.107611912039570257e+02 7.317018351940722809e-01
1.417869840406369349e+03 5.107335943810040249e+02 7.313493938224201463e-01
1.417890673618981964e+03 5.108288060443450718e+02 7.310674325340072999e-01
1.417911506831127099e+03 5.118412997469130801e+02 7.320602948626097062e-01
1.417932340042807027e+03 5.102292055938788167e+02 7.307448247934448249e-01
1.417953173253556542e+03 5.112735929259542331e+02 7.332922075039380871e-01
1.417974006463373826e+03 5.112862682988150596e+02 7.313286518934087876e-01
1.417994839672259786e+03 5.115810960400843328e+02 7.316831398183378798e-01
1.418015672881146202e+03 5.118366013654155608e+02 7.332639202587529770e-01
1.418036506088635633e+03 5.127777777931178207e+02 7.323800443783858860e-01
1.418057339295658949e+03 5.126140322177461712e+02 7.324529208914927203e-01
1.418078172501751396e+03 5.112165256518033516e+02 7.321478572701302090e-01
1.418099005707377955e+03 5.107925854406244639e+02 7.318043865145369420e-01
1.425682264451980700e+03 5.124022758477342450e+02 7.297330609296632797e-01
1.425703097518478899e+03 5.127327063086345333e+02 7.296407974621677006e-01
1.425723930583581023e+03 5.112959199058136051e+02 7.288446578224736516e-01
1.425744763647286163e+03 5.112791192142347541e+02 7.291385963123154790e-01
1.425765596710059981e+03 5.115697102348098610e+02 7.296079571844241718e-01
1.425786429771902476e+03 5.117566978160104441e+02 7.296204154239964712e-01
1.425807262831881417e+03 5.114971019494483357e+02 7.287554307869401615e-01
1.425828095890929944e+03 5.109929938938740293e+02 7.290336669243439038e-01
1.425848928948581488e+03 5.125249416645804104e+02 7.306339260760192911e-01
1.425869762005300345e+03 5.118060532801054592e+02 7.290677593906467191e-01
1.425890595061089016e+03 5.130645243435578777e+02 7.297380433966960123e-01
1.425911428115014587e+03 5.109748958949814437e+02 7.290558639989588308e-01
1.425932261168009518e+03 5.111842365032300108e+02 7.294989691525053388e-01
1.425953094220073126e+03 5.121959939903667873e+02 7.301721633754157947e-01
1.425973927270739523e+03 5.110536230867684822e+02 7.285857384208708210e-01
1.425994760320474597e+03 5.113691152576029140e+02 7.290658790323671923e-01
1.426015593368812461e+03 5.112786720953325243e+02 7.288121496954905743e-01
1.426036426416219456e+03 5.123712037128050270e+02 7.292695835689287920e-01
1.426057259462228558e+03 5.111644568278454130e+02 7.291967158710770391e-01
1.426078092506841131e+03 5.118501947223371076e+02 7.288882041733454331e-01
1.426098925550988497e+03 5.117076425135022077e+02 7.308581940943660316e-01
1.426119758593272309e+03 5.111636504866296491e+02 7.287920716248067476e-01
1.426140591635091369e+03 5.120472690962160414e+02 7.286688513093373398e-01
1.426161424675513445e+03 5.130453546366873070e+02 7.299501750873454986e-01
1.426182257714538537e+03 5.118258981555301261e+02 7.289065623717134734e-01
1.426203090752632306e+03 5.124446033475119293e+02 7.290765070806217718e-01
1.426223923789794526e+03 5.122045876926868004e+02 7.290628132204248768e-01
1.426244756825559534e+03 5.125091624525491625e+02 7.289436044555951399e-01
1.426265589860392538e+03 5.129672826413905113e+02 7.295082019033694021e-01
1.426286422894294901e+03 5.122304142830284945e+02 7.287109358641072898e-01
1.426307255926800508e+03 5.121672160397513380e+02 7.285712990440125214e-01
1.426328088958375020e+03 5.117623335238181426e+02 7.298948103745710458e-01
1.426348921989018436e+03 5.123067977306343437e+02 7.299296383718942849e-01
1.426369755018264641e+03 5.113409620359449832e+02 7.288195919355566765e-01
1.426390588046579524e+03 5.114780017471337032e+02 7.288464160823485694e-01
1.426411421073961947e+03 5.121193618298815409e+02 7.288336583795469448e-01
1.426432254099948523e+03 5.120452200734205235e+02 7.294973758783657170e-01
1.426453087125003094e+03 5.107516530334565914e+02 7.281933600953044428e-01
1.426473920149126116e+03 5.116593389866113171e+02 7.286440247810247461e-01
1.426494753171853517e+03 5.112151820125959603e+02 7.287570256831867876e-01
1.426515586193649142e+03 5.115519077909797829e+02 7.294281263706022811e-01
1.426536419214512989e+03 5.112145619533637841e+02 7.294380545798304638e-01
1.426557252234445514e+03 5.110146798232682954e+02 7.305625814463438950e-01
1.426578085252981055e+03 5.123985166562567883e+02 7.289566464189749517e-01
1.426598918270585955e+03 5.125876838294327626e+02 7.294216709192652415e-01
1.426619751287259078e+03 5.111464386712514170e+02 7.284044687186411737e-01
1.426640584303000423e+03 5.122003467711331268e+02 7.291028312714985526e-01
1.426661417317345013e+03 5.112854063053255231e+02 7.284421500209361522e-01
1.426682250331224623e+03 5.116724796442100001e+02 7.288339037220913363e-01
1.426703083343707021e+03 5.127266845703125000e+02 7.290093433869787587e-01
1.426723916355257643e+03 5.132675558108774112e+02 7.297545016320781119e-01
1.426744749365411508e+03 5.113951257114537725e+02 7.291934053877184851e-01
1.426765582375099939e+03 5.107848199122129813e+02 7.284351539655863350e-01
1.426786415383391613e+03 5.121869467962444560e+02 7.296275634982006819e-01
1.426807248390751511e+03 5.125713865229333805e+02 7.314579431642690421e-01
1.426828081397179631e+03 5.123144240677834205e+02 7.296996530178353479e-01
1.426848914402676655e+03 5.115984002699593134e+02 7.300083116815907491e-01
1.426869747407241448e+03 5.114931108762750114e+02 7.293525776689472329e-01
1.426890580410876510e+03 5.125541319003882563e+02 7.305342700969419401e-01
1.426911413413114587e+03 5.124353313826425165e+02 7.299914509128955231e-01
1.426932246414421115e+03 5.119591195305553697e+02 7.296891974157811989e-01
1.426953079414795866e+03 5.115527945742398401e+02 7.293785241572239286e-01
1.426973912414705410e+03 5.125554358740480438e+02 7.298636556698567812e-01
1.426994745412752309e+03 5.109521074025960274e+02 7.293023573552389616e-01
1.427015578410334001e+03 5.127189910879787931e+02 7.323692608055181186e-01
1.427036411406983007e+03 5.113480570929901319e+02 7.299075903602768589e-01
1.427057244402701144e+03 5.124779990753884249e+02 7.295236031790660602e-01
1.427078077397022298e+03 5.113453514473326891e+02 7.301902035917255951e-01
1.427098910390878018e+03 5.108128150109880039e+02 7.297757375163728133e-01
1.427119743383336981e+03 5.118549409165366910e+02 7.291356125531279764e-01
1.427140576374864850e+03 5.119322038009369749e+02 7.291724795155207772e-01
1.427161409365926374e+03 5.110434538144559724e+02 7.297458845873918687e-01
1.427182242355591370e+03 5.114374883759793988e+02 7.312202871431925377e-01
1.427203075344325043e+03 5.119505116420654645e+02 7.294617101387383951e-01
1.427223908332126484e+03 5.117642844405033316e+02 7.321138268208098321e-01
1.427244741318997512e+03 5.139545078703267791e+02 7.300472981663359562e-01
1.427265574304936990e+03 5.133196780325176860e+02 7.308935470380746313e-01
1.427286407289945146e+03 5.118879672500701759e+02 7.292612877260861159e-01
1.427307240274021979e+03 5.117092806164719718e+02 7.294361751761069268e-01
1.427328073257167489e+03 5.129320030163373758e+02 7.310953563616283679e-01
1.427348906239381904e+03 5.115264374283141819e+02 7.291598501340956773e-01
1.427369739220665451e+03 5.138334050576361278e+02 7.297628327065012188e-01
1.427390572201016994e+03 5.119696314915411790e+02 7.290774063699031471e-01
1.427411405179971553e+03 5.105361016944553398e+02 7.284574101892472564e-01
1.427432238158459995e+03 5.121152030855648718e+02 7.300038209580010928e-01
1.427453071136017570e+03 5.116549631198258226e+02 7.289402519382802703e-01
1.427473904112644050e+03 5.120275455728949510e+02 7.290736456982556124e-01
1.427494737088338297e+03 5.124387428868644747e+02 7.294510059912191480e-01
1.427515570063102587e+03 5.111123135413697014e+02 7.287037787984274040e-01
1.427536403036935098e+03 5.128206060303418781e+02 7.302661145504478757e-01
1.427557236009370627e+03 5.115077747749208470e+02 7.307203542912549254e-01
1.427619734922485577e+03 5.116410631733847936e+02 7.291094121707140108e-01
1.427640567892126001e+03 5.114574991111259692e+02 7.290740135909032915e-01
1.427661400860370577e+03 5.128910885172958842e+02 7.326464092678206530e-01
1.427682233827683831e+03 5.117957897010392685e+02 7.286332268177658777e-01
1.427703066794066444e+03 5.119575912490172982e+02 7.292490685541679341e-01
1.427723899759517508e+03 5.113668939067218844e+02 7.288652251086483735e-01
1.427744732724502001e+03 5.122488609660015300e+02 7.292806990330799044e-01
1.427765565688089509e+03 5.111862849207865906e+02 7.285512552420316812e-01
1.427786398651212039e+03 5.120019857175486777e+02 7.288712357168875000e-01
1.427807231612936448e+03 5.115324714792949976e+02 7.296196801895348250e-01
1.427828064574196105e+03 5.132764344863536508e+02 7.295047702750997454e-01
1.427848897534058324e+03 5.126615660381827411e+02 7.299807137071077090e-01
1.427869730493454881e+03 5.114138631367421226e+02 7.279528778697383906e-01
1.427890563451920571e+03 5.115513009234488209e+02 7.279887812818973680e-01
1.427911396409454937e+03 5.114713069048023613e+02 7.286859880734842809e-01
1.427932229366058891e+03 5.120789768180484316e+02 7.284574101892472564e-01
1.427953062321730613e+03 5.110463304389779182e+02 7.281872620382878747e-01
1.427973895276471012e+03 5.107880993684897248e+02 7.284674743612373771e-01
1.427994728230745295e+03 5.130075284835786533e+02 7.291078589203537907e-01
1.428015561183622594e+03 5.129562902195229981e+02 7.314706958394968650e-01
1.428036394136034005e+03 5.120295764101060740e+02 7.280227998710689929e-01
1.428057227087515002e+03 5.116193844949197000e+02 7.296341805101885791e-01
1.428078060037598334e+03 5.121398575219768645e+02 7.292797999944826692e-01
1.428098892987216459e+03 5.121563637707666885e+02 7.284963569445295217e-01
1.428119725935904171e+03 5.116423142699705977e+02 7.281219809801111609e-01
1.428140558884125312e+03 5.109299406430858426e+02 7.278659982047662735e-01
1.428161391830949015e+03 5.119794930693360584e+02 7.277255849670849486e-01
1.428182224776842304e+03 5.115937379773658336e+02 7.285457328731638205e-01
1.428203057722268568e+03 5.123655909985479866e+02 7.281982712450385531e-01
1.428223890666763509e+03 5.118544098737442596e+02 7.280541152176559505e-01
1.428244723610328037e+03 5.121501056294682712e+02 7.276158234725850216e-01
1.428265556552962153e+03 5.115966563874579833e+02 7.278224725887657565e-01
1.428286389494663581e+03 5.118716750360119931e+02 7.275855132769990519e-01
1.428307222435434142e+03 5.118757857512435976e+02 7.274436939381231371e-01
1.428328055375739041e+03 5.124913902488701751e+02 7.282711979209753883e-01
1.428348888314646956e+03 5.115922366166905135e+02 7.274890447230859536e-01
1.428369721253089665e+03 5.109930790496855479e+02 7.281638515732613559e-01
1.428390554190599687e+03 5.119922638771503784e+02 7.274688891676940328e-01
1.428411387127178841e+03 5.119629173797087560e+02 7.272509522862918852e-01
1.428432220062827582e+03 5.120992458152836662e+02 7.278693147254167162e-01
1.428453052998009980e+03 5.119514553021820689e+02 7.283387161102531371e-01
1.428473885932261510e+03 5.115519238707342993e+02 7.270807448362018865e-01
1.428494718865115374e+03 5.113775301381050440e+02 7.272614429422068483e-01
1.428515551797504941e+03 5.123988534370184880e+02 7.276348281403686169e-01
1.428536384729427482e+03 5.113803449394101790e+02 7.271699314593511598e-01
1.428557217659953494e+03 5.121347626833355662e+02 7.273753961384047395e-01
1.428578050590013390e+03 5.116568329240694197e+02 7.276064847901503319e-01
1.428598883518676303e+03 5.116437362582595370e+02 7.275140745236932105e-01
1.428619716446874008e+03 5.124212360936880941e+02 7.277458972192798470e-01
1.428640549374140392e+03 5.115686470249146396e+02 7.272276756030988665e-01
1.428661382300941113e+03 5.121784284384939383e+02 7.272698845320110239e-01
1.428682215226344397e+03 5.125403349521490100e+02 7.276089013905210345e-01
1.428703048151282928e+03 5.121119192361329624e+02 7.273181554304484209e-01
1.428723881075290137e+03 5.110170162234213649e+02 7.273806815599911380e-01
1.428744713998365569e+03 5.107369286492145193e+02 7.264818126216077143e-01
1.428765546920510133e+03 5.119191148714056112e+02 7.271516523717921343e-01
1.428786379842188580e+03 5.120990992530284984e+02 7.283446083098161772e-01
1.428807212762934341e+03 5.116912466887906703e+02 7.279545564039489047e-01
1.428828045682750599e+03 5.125455357301491404e+02 7.271805872176725360e-01
1.428848878601634624e+03 5.121744050674196842e+02 7.280252560253641647e-01
1.428869711520053897e+03 5.110450534902576578e+02 7.274253397906086382e-01
1.428890544437076187e+03 5.116549514312147267e+02 7.272971346265433290e-01
1.428911377353632361e+03 5.128419385362004732e+02 7.289750437762237967e-01
1.428932210269256984e+03 5.105858717246540550e+02 7.285322744803858219e-01
1.428953043184416856e+03 5.118173505924914934e+02 7.289833428765274403e-01
1.428973876098178607e+03 5.112283780762357424e+02 7.281476438873338841e-01
1.428994709011474015e+03 5.121086544558838796e+02 7.274862999953388698e-01
1.429015541923839464e+03 5.126039944948477114e+02 7.277017091554629502e-01
1.429036374835739025e+03 5.120699867164305488e+02 7.269085705943419962e-01
1.429057207746242057e+03 5.121451931674889693e+02 7.268298077823280856e-01
1.429078040656278972e+03 5.121760052765166620e+02 7.268854879473801711e-01
1.429098873565385020e+03 5.118917249072131312e+02 7.276676345992920680e-01
1.429119706473559518e+03 5.116289393329209929e+02 7.274764270830480495e-01
1.429140539381267899e+03 5.100224841002644212e+02 7.256923510223646234e-01
1.429161372288045186e+03 5.128085430600744985e+02 7.305322711273457559e-01
1.429182205193891605e+03 5.118765518028547490e+02 7.279375252430962950e-01
1.429203038098805337e+03 5.114633789484928457e+02 7.265860030772036682e-01
1.429223871002788428e+03 5.120208902685999419e+02 7.286299546760947043e-01
1.429244703906305858e+03 5.101952255217798893e+02 7.259587065825610086e-01
1.429265536808892193e+03 5.123474711108228803e+02 7.270331550341991855e-01
1.429286369711014004e+03 5.117460556578475916e+02 7.269000428101488609e-01
1.429307202611737466e+03 5.111171533600717112e+02 7.266809510509830705e-01
1.429328035511995040e+03 5.128617020933595541e+02 7.272854561396228101e-01
1.429348868411323110e+03 5.112650113939725998e+02 7.265644688733403633e-01
1.429369701310183018e+03 5.113496930564821241e+02 7.269608420854579700e-01
1.429390534208112058e+03 5.117300299114692166e+02 7.281052402549292868e-01
1.429411367105110912e+03 5.115351850204785933e+02 7.266864055685343660e-01
1.429432200001177989e+03 5.114062845779916984e+02 7.266445318694697564e-01
1.429453032896313971e+03 5.120389807536223543e+02 7.267161791306310237e-01
1.429473865790984519e+03 5.118525491497475173e+02 7.271673494636406998e-01
1.429494698684723517e+03 5.127859812481972313e+02 7.270443866722652304e-01
1.429515531577996171e+03 5.117666667803517839e+02 7.263873309557781210e-01
1.429536364469872979e+03 5.119079738226701011e+02 7.269469443852276669e-01
1.429557197361282988e+03 5.129605738135472848e+02 7.272284542365876625e-01
1.429578030251760993e+03 5.132871930600159658e+02 7.272293148305264410e-01
1.429598863141775382e+03 5.116713618547766487e+02 7.267231507251129541e-01
1.429619696030857540e+03 5.118410199404011109e+02 7.275295999410854586e-01
1.429640528919007920e+03 5.120164388646835505e+02 7.269104565331063750e-01
1.429661361806227887e+03 5.120540743849978753e+02 7.304640989104516091e-01
1.429682194692982648e+03 5.131156650428574721e+02 7.270821794502553281e-01
1.429703027578805177e+03 5.109469995526299613e+02 7.269503470915572585e-01
1.429723860463696838e+03 5.115945514045285449e+02 7.264638033865971067e-01
1.429744693348122837e+03 5.114618120659404212e+02 7.268754428721133642e-01
1.429765526231616150e+03 5.116665691606917790e+02 7.264592497279873662e-01
1.429786359114178595e+03 5.114871775890367189e+02 7.262056356198247631e-01
1.429807191996275833e+03 5.117572014690896367e+02 7.267623954532080877e-01
1.429828024876976542e+03 5.118607409293380783e+02 7.270367213030421993e-01
1.429848857757677024e+03 5.112193338157113658e+02 7.263362491231686313e-01
1.429869690636980522e+03 5.127894540536708519e+02 7.270470920774014800e-01
1.429890523515818586e+03 5.119892493148602171e+02 7.269160323234442611e-01
1.429911356393724418e+03 5.122241438924804697e+02 7.269183282246817202e-01
1.429932189270699837e+03 5.117628332811837595e+02 7.262303403205820906e-01
1.429953022147209595e+03 5.114254268335195093e+02 7.275731430776097852e-01
1.429973855022786665e+03 5.115179052356154443e+02 7.265273875294188111e-01
1.429994687897432868e+03 5.113877481883347400e+02 7.264080498718820111e-01
1.430015520771615002e+03 5.127051459447020534e+02 7.267605091302261622e-01
1.430036353644864448e+03 5.117608390355692336e+02 7.267119141222102563e-01
1.430057186517183027e+03 5.118870993443609905e+02 7.271790708308252249e-01
1.430078019389035944e+03 5.121746665550276703e+02 7.266926802636497484e-01
1.430098852259957312e+03 5.121298480282999890e+02 7.266611421955455619e-01
1.430119685129946902e+03 5.132128337347821798e+02 7.273424945496768101e-01
1.430140517999471513e+03 5.121689798397939057e+02 7.272442726101182586e-01
1.430161350868065028e+03 5.112763472687225885e+02 7.262165107162320554e-01
1.430182183735726539e+03 5.137599030853778004e+02 7.279116502169377112e-01
1.430203016602923071e+03 5.120000628895448926e+02 7.266026557572474731e-01
1.430223849469187826e+03 5.122143523652340491e+02 7.272170205347536776e-01
1.430244682334522167e+03 5.110877349531863842e+02 7.266017944210878543e-01
1.430265515199389483e+03 5.128881911046336199e+02 7.267827346247940357e-01
1.430286348063325931e+03 5.133587689806793151e+02 7.282811009804442959e-01
1.430307180926331966e+03 5.122314214891880511e+02 7.272703762720862386e-01
1.430328013788871431e+03 5.120213867204062126e+02 7.270597991486573708e-01
1.430348846650479118e+03 5.124883329898682405e+02 7.264751668966553666e-01
1.430369679505568001e+03 5.133141652293513744e+02 7.272706221419992234e-01
1.430390512365779614e+03 5.114663958191848678e+02 7.266165190273471408e-01
1.430411345225059449e+03 5.122563681822780381e+02 7.274038714054388288e-01
1.430432178083873623e+03 5.119824395326385229e+02 7.264456296057434370e-01
1.430453010941290813e+03 5.119184010872788804e+02 7.262883643359989705e-01
1.430473843798708913e+03 5.116055791606523258e+02 7.268248053790083985e-01
1.430494676654729574e+03 5.121702428126359337e+02 7.262780237618218226e-01
1.430515509510284119e+03 5.124988362520191458e+02 7.264728695948774462e-01
1.430536342364906886e+03 5.120864976720813502e+02 7.275512284663377960e-01
1.430557175219064447e+03 5.128052415273934912e+02 7.264213014628171372e-01
1.430619673776414857e+03 5.127422815856834859e+02 7.267774448546939769e-01
1.430640506627314153e+03 5.129131731363473818e+02 7.270379100554357210e-01
1.430661339477280308e+03 5.132547870886361352e+02 7.267849489357300907e-01
1.430682172326781483e+03 5.120825324198956423e+02 7.268807729293379483e-01
1.430703005175352018e+03 5.119100553125090300e+02 7.269424757466981246e-01
1.430723838022990094e+03 5.111333685017685298e+02 7.259248375907007000e-01
1.430744670870161372e+03 5.120103191584280466e+02 7.263638214501069168e-01
1.430765503716403146e+03 5.128611533130683711e+02 7.277952012151523986e-01
1.430786336562179486e+03 5.123237474649245087e+02 7.270678741720794092e-01
1.430807169407024503e+03 5.120261168010072197e+02 7.266288234833874204e-01
1.430828002250937516e+03 5.116068684888009557e+02 7.262399018811767082e-01
1.430848835094384867e+03 5.120851448976600295e+02 7.270634062768021044e-01
1.430869667936900896e+03 5.101673315288334720e+02 7.286345765719243195e-01
1.430890500778952628e+03 5.115333120596861818e+02 7.266832476949421915e-01
1.430911333619606467e+03 5.124664606755522982e+02 7.266014252767069026e-01
1.430932166460258941e+03 5.116128095974532357e+02 7.260673230170192616e-01
1.430952999299514886e+03 5.123735312322025948e+02 7.260518073783547299e-01
1.430973832138306079e+03 5.111711173306284195e+02 7.260876816589778571e-01
1.430994664976632066e+03 5.118232116248404964e+02 7.272462806173806138e-01
1.431015497813560160e+03 5.123423852346687681e+02 7.263746941781963340e-01
1.431036330650488026e+03 5.106959985041582399e+02 7.278631730085891594e-01
1.431057163486019817e+03 5.121599631926944767e+02 7.266950178813113004e-01
1.431077996321086175e+03 5.111693628873197781e+02 7.259574339581053026e-01
1.431098829155220983e+03 5.110578856005296871e+02 7.258591477686594517e-01
1.431119661988888538e+03 5.118620782365278501e+02 7.259417928108130580e-01
1.431140494821624998e+03 5.116192316229058861e+02 7.258443256805695576e-01
1.431161327653896933e+03 5.125612932621788786e+02 7.261664839242292224e-01
1.431182160484771885e+03 5.105484163850561572e+02 7.262827837269525411e-01
1.431202993315646836e+03 5.117813936115693423e+02 7.263395726287674714e-01
1.431223826145124349e+03 5.114262689588073840e+02 7.257543601977033410e-01
1.431244658974136428e+03 5.126269496223283113e+02 7.261902870934364707e-01
1.431265491802682845e+03 5.114855359974530415e+02 7.264880070388897160e-01
1.431286324630299077e+03 5.103200670644428101e+02 7.254694027459229755e-01
1.431307157456983077e+03 5.117513324731618809e+02 7.261645139718193587e-01
1.431327990283200506e+03 5.108554587043220749e+02 7.256868890331502620e-01
1.431348823108486158e+03 5.121117130648992770e+02 7.257596163610297024e-01
1.431369655932841852e+03 5.111429834079125385e+02 7.257816671938974729e-01
1.431390488756731884e+03 5.118394455428639844e+02 7.257562080719617281e-01
1.431411321579691048e+03 5.116265521165699965e+02 7.274033387847749221e-01
1.431432154402183642e+03 5.121387716029620378e+02 7.263158974485586228e-01
1.431452987223744913e+03 5.115016698597063396e+02 7.280699156525058946e-01
1.431473820044840977e+03 5.118802471675336392e+02 7.263947570114774877e-01
1.431494652864540058e+03 5.120730714937974426e+02 7.272363224861183584e-01
1.431515485684239138e+03 5.120795641476986475e+02 7.260568151074942023e-01
1.431536318502539871e+03 5.122950705904072493e+02 7.265583981634046173e-01
1.431557151320841513e+03 5.110905746665609399e+02 7.270209394060386243e-01
1.431577984137747080e+03 5.103224003921971530e+02 7.265807939092663315e-01
1.431598816954186077e+03 5.121136707271949717e+02 7.260016050373546692e-01
1.431619649769695116e+03 5.124384836385022481e+02 7.288767556195678843e-01
1.431640482584737128e+03 5.123854429408049782e+02 7.264230245621442483e-01
1.431661315398848046e+03 5.123417034709741529e+02 7.258601742178475424e-01
1.431682148212492848e+03 5.126722634314069182e+02 7.261322552408309150e-01
1.431702981025206554e+03 5.113289497169397464e+02 7.256338686405195970e-01
1.431723813837455054e+03 5.107955980205161950e+02 7.258547134914871135e-01
1.431744646648772004e+03 5.114965094408880191e+02 7.259453644410664985e-01
1.431765479459158087e+03 5.115771416261974878e+02 7.255373048977838968e-01
1.431786312269077371e+03 5.127163538197050912e+02 7.266154116160833398e-01
1.431807145078066014e+03 5.113067043232235847e+02 7.253869914763475535e-01
1.431827977886124017e+03 5.126426249200035272e+02 7.262064974258588546e-01
1.431848810693716132e+03 5.109719192157962198e+02 7.254585164498799088e-01
1.431869643500841903e+03 5.110468228806808497e+02 7.261286434870856121e-01
1.431890476307037488e+03 5.118714883385441681e+02 7.261648012568786559e-01
1.431911309112300387e+03 5.121368230506279815e+02 7.264722132216065997e-01
1.431932141917097397e+03 5.115089355662628350e+02 7.257083260781734824e-01
1.431952974720963994e+03 5.109649132786982477e+02 7.255585820623539073e-01
1.431973807523898813e+03 5.118361185696035136e+02 7.260383438041611015e-01
1.431994640326834087e+03 5.114301709701962295e+02 7.256666834224803075e-01
1.432015473128372832e+03 5.122939861083427786e+02 7.269246419156950578e-01
1.432036305929445916e+03 5.116163930798350066e+02 7.263222984399487769e-01
1.432057138729586313e+03 5.113150619560190080e+02 7.266001537779590569e-01
1.432077971529261958e+03 5.117564648982814219e+02 7.260819763713223240e-01
1.432098804328005372e+03 5.118278624146548168e+02 7.260453219073179643e-01
1.432119637126284033e+03 5.120813222926611843e+02 7.263827768177664179e-01
1.432140469923630917e+03 5.128304219900842327e+02 7.265270183472321008e-01
1.432161302720513049e+03 5.116145503780314243e+02 7.277698944318410357e-01
1.432182135516463859e+03 5.112458356011996443e+02 7.255612519327667709e-01
1.432202968311482891e+03 5.121972826415808413e+02 7.274302151562105356e-01
1.432223801106035353e+03 5.113677224054748649e+02 7.271427585688461370e-01
1.432244633899656947e+03 5.114372579015646352e+02 7.266589275073395138e-01
1.432265466692814016e+03 5.122239339144548467e+02 7.268537122343120549e-01
1.432286299485038398e+03 5.111646049310904232e+02 7.268742128533572933e-01
1.432307132276796892e+03 5.123454426617820445e+02 7.263842128103116247e-01
1.432327965067625883e+03 5.114746184169267735e+02 7.261496981168310549e-01
1.432348797857987847e+03 5.131096643737090517e+02 7.264100191638465098e-01
1.432369630647419854e+03 5.109858698119939504e+02 7.295432526104976834e-01
1.432390463435918491e+03 5.119774980562897326e+02 7.259909319744797251e-01
1.432411296223952377e+03 5.115324306586621788e+02 7.260106770174323820e-01
1.432432129011055622e+03 5.111196536072014283e+02 7.266427682816883893e-01
1.432452961797692979e+03 5.119167509950721069e+02 7.262165517540232207e-01
1.432473794583864446e+03 5.115939360688557827e+02 7.258577928535085988e-01
1.432494627368638703e+03 5.111927357990535938e+02 7.258325416992752466e-01
1.432515460153411823e+03 5.107634790658493102e+02 7.263527023787195169e-01
1.432536292936790005e+03 5.122440656143113529e+02 7.281445742092138573e-01
1.432557125720168187e+03 5.113777796963270248e+02 7.258500328361943144e-01
1.432577958502147339e+03 5.121224746289490213e+02 7.282999246065351429e-01
1.432598791283662194e+03 5.109761054523777943e+02 7.258468713238741543e-01
1.432619624064711843e+03 5.118690729092924698e+02 7.266994060204743366e-01
1.432640456844830169e+03 5.118811686552436981e+02 7.263257040726333047e-01
1.432661289624015808e+03 5.110204920370221089e+02 7.265862901956103848e-01
1.432682122402736695e+03 5.120212598161413098e+02 7.258923218717932002e-01
1.432702955180991466e+03 5.114625133887436732e+02 7.263161026094141492e-01
1.432723787958315825e+03 5.116239685093121921e+02 7.259128496416156207e-01
1.432744620734708406e+03 5.112065056414700734e+02 7.256378524916888839e-01
1.432765453510635325e+03 5.119765772924408225e+02 7.261232258227832137e-01
1.432786286285630467e+03 5.127879095686910205e+02 7.267359044689896130e-01
1.432807119060159948e+03 5.120210404747579105e+02 7.267689565384926054e-01
1.432827951833759016e+03 5.120722130828512491e+02 7.263460554724689988e-01
1.432848784606891968e+03 5.121894946760029370e+02 7.262268521662790244e-01
1.432869617379093597e+03 5.111580992000670562e+02 7.264821408039807693e-01
1.432890450150829110e+03 5.113285385027085681e+02 7.264334040978166485e-01
1.432911282921632846e+03 5.111461209979639762e+02 7.293464075807712943e-01
1.432932115691972513e+03 5.124442778173996658e+02 7.272805388258688497e-01
1.432952948461380402e+03 5.113533468224100034e+02 7.265456413035916716e-01
1.432973781230322857e+03 5.110736909063598432e+02 7.258738874397665519e-01
1.432994613998333534e+03 5.123892708687733375e+02 7.286707326921597616e-01
1.433015446765879005e+03 5.116239087195065167e+02 7.271410371750660628e-01
1.433036279532492017e+03 5.110107978384415901e+02 7.263075678688855064e-01
1.433057112298174161e+03 5.113993418221834872e+02 7.258601742178475424e-01
1.433077945063855623e+03 5.107777562144806325e+02 7.258258900295417870e-01
1.433098777828141010e+03 5.114437127181915912e+02 7.261520785238873010e-01
1.433119610591960509e+03 5.125084723362656405e+02 7.264451783322622980e-01
1.433140443355315028e+03 5.116591200940525255e+02 7.267500932586473672e-01
1.433161276117737998e+03 5.113313190031389013e+02 7.262932473337398998e-01
1.433182108879695079e+03 5.121259666744026617e+02 7.278175179557075936e-01
1.433202941640720837e+03 5.111993696747991862e+02 7.284326991933990358e-01
1.433223774400815500e+03 5.113622010134226912e+02 7.267076900988146404e-01
1.433244607160910164e+03 5.113444322723727282e+02 7.312938090186104079e-01
1.433265439919607616e+03 5.107294528041232979e+02 7.260044374776952747e-01
1.433286272677838497e+03 5.119763076137030566e+02 7.268127092614882212e-01
1.433307105435605081e+03 5.131591411011063428e+02 7.271703412990969673e-01
1.433327938192439888e+03 5.108856789644905803e+02 7.272552141335082432e-01
1.433348770948809033e+03 5.113269832657123857e+02 7.261354155106215513e-01
1.433369603704246856e+03 5.133417155676870607e+02 7.275482381971717372e-01
1.433390436459219472e+03 5.109974299778343152e+02 7.260714276278733559e-01
1.433411269213259857e+03 5.121080628360741684e+02 7.265537220414386432e-01
1.433432101966834580e+03 5.111394329806360588e+02 7.266223021476374555e-01
1.433452934719477526e+03 5.126714712022811682e+02 7.272236184993259300e-01
1.433473767471655492e+03 5.112943995846169969e+02 7.268837249442139381e-01
1.433494600222903046e+03 5.128476616776151786e+02 7.275362769976038146e-01
1.433515432973684028e+03 5.116086135302285811e+02 7.267767887564939855e-01
1.433536265723534143e+03 5.121929684010349320e+02 7.270852126249348624e-01
1.433557098472918824e+03 5.102458181772774424e+02 7.254995138007650501e-01
1.433619596716881006e+03 5.118950537440114772e+02 7.271025096765529883e-01
1.433640429463470809e+03 5.116910276979147056e+02 7.268711377973605670e-01
1.433661262209129291e+03 5.119383766793371819e+02 7.262646464514025402e-01
1.433682094954323020e+03 5.117766107167441874e+02 7.267650198944297646e-01
1.433702927699050178e+03 5.120896977138986585e+02 7.267690385516838436e-01
1.433723760442846924e+03 5.118325488074171403e+02 7.260731926034065253e-01
1.433744593186178008e+03 5.112868040776302223e+02 7.262933294006482798e-01
1.433765425928576860e+03 5.126609617807225732e+02 7.269281267216638476e-01
1.433786258670510961e+03 5.123177989086718753e+02 7.280077762136047959e-01
1.433807091411513511e+03 5.114459798204059666e+02 7.261667712085092541e-01
1.433827924152050400e+03 5.109369561741233383e+02 7.268806499284580225e-01
1.433848756892120946e+03 5.118174106272662129e+02 7.260797188710222949e-01
1.433869589631260169e+03 5.125679294764793212e+02 7.263196313670584603e-01
1.433890422369468524e+03 5.130552772172864024e+02 7.271798085329297390e-01
1.433911255107211446e+03 5.117620116738228262e+02 7.265204960976668902e-01
1.433932087844489160e+03 5.121986823231204653e+02 7.268853239472660155e-01
1.433952920580834871e+03 5.119257868158804285e+02 7.276547743160003412e-01
1.433973753316714919e+03 5.117388327228076150e+02 7.277875028046211225e-01
1.433994586052128852e+03 5.109583449866618707e+02 7.257529640229211099e-01
1.434015418786147166e+03 5.114239012776907316e+02 7.258143521121600550e-01
1.434036251520164114e+03 5.123246732459497252e+02 7.269981472826073654e-01
1.434057084253249513e+03 5.123412387000919352e+02 7.291587465855209338e-01
1.434077916985870161e+03 5.127318556091088340e+02 7.267232737526503339e-01
1.434098749717559485e+03 5.110621181235971449e+02 7.256663548713169209e-01
1.434119582448783149e+03 5.111403738053298298e+02 7.257802300091855674e-01
1.434140415179074807e+03 5.123827578862592418e+02 7.262862305787798345e-01
1.434161247909367830e+03 5.109463210981507473e+02 7.263248013763686783e-01
1.434182080638262960e+03 5.113327271469813127e+02 7.265618026894125059e-01
1.434202913366692883e+03 5.123092313455263138e+02 7.278255026783122528e-01
1.434223746094657145e+03 5.118930689368845606e+02 7.260109643633655407e-01
1.434244578822154381e+03 5.116962497066381275e+02 7.258738874397665519e-01
1.434265411548720976e+03 5.134143629715745192e+02 7.270078217244370089e-01
1.434286244274356022e+03 5.121565361375967314e+02 7.264838227363158429e-01
1.434307076999991978e+03 5.105132317669140889e+02 7.258263416880577079e-01
1.434327909724696383e+03 5.121839441612332848e+02 7.264906324713371610e-01
1.434348742448469466e+03 5.124631008372282395e+02 7.267089614094096595e-01
1.434369575171776887e+03 5.111823105553906998e+02 7.261031965310676961e-01
1.434390407894618875e+03 5.109916841322759637e+02 7.253094193747733343e-01
1.434411240616529085e+03 5.127894976846579311e+02 7.276433882703956524e-01
1.434432073337972952e+03 5.121531342058166274e+02 7.273848607033585045e-01
1.434452906058951612e+03 5.113293567199325480e+02 7.263502405686819152e-01
1.434473738778999177e+03 5.118449628865701015e+02 7.277262402098761962e-01
1.434494571498581081e+03 5.125694106632745388e+02 7.271027146154563914e-01
1.434515404217698006e+03 5.110390118736436307e+02 7.257053692820253366e-01
1.434536236935883153e+03 5.115362852145032093e+02 7.262426513195029409e-01
1.434557069653601957e+03 5.132398980954836816e+02 7.266597887757773044e-01
1.434577902370389893e+03 5.121096835632170041e+02 7.261878247328036329e-01
1.434598735087178511e+03 5.109644172644463538e+02 7.264579369562408351e-01
1.434619567802569009e+03 5.118512210941158287e+02 7.263537691604778912e-01
1.434640400517959506e+03 5.127831656966066021e+02 7.264012803900353754e-01
1.434661233232418908e+03 5.108046284683470049e+02 7.251815387744159347e-01
1.434682065946414468e+03 5.139436382724486521e+02 7.271864888012473660e-01
1.434702898659943003e+03 5.124291584846866954e+02 7.263318177587141378e-01
1.434723731372540442e+03 5.123114597913840953e+02 7.271858330721042707e-01
1.434744564084671993e+03 5.124063181931480813e+02 7.274850710094090678e-01
1.434765396796337882e+03 5.098321512920653049e+02 7.271009521390000563e-01
1.434786229507072449e+03 5.116941586553373327e+02 7.261396839051282859e-01
1.434807062217340899e+03 5.115052726542276105e+02 7.275265276552310700e-01
1.434827894927143916e+03 5.117514201127060005e+02 7.284770474689764574e-01
1.434848727636015155e+03 5.121998310734365987e+02 7.262675599357028000e-01
1.434869560344886850e+03 5.118640090927339088e+02 7.264673314267965365e-01
1.434890393052827449e+03 5.114792772338116151e+02 7.261876605751312885e-01
1.434911225759837180e+03 5.116338413476186133e+02 7.266906297156502381e-01
1.434932058466846001e+03 5.131333546210310033e+02 7.283365883598074131e-01
1.434952891172923955e+03 5.125839568816123801e+02 7.260497139731493244e-01
1.434973723878536020e+03 5.117880970798224780e+02 7.259562434364335015e-01
1.434994556583682879e+03 5.124386380419134639e+02 7.264351681938775451e-01
1.435015389287897506e+03 5.122216645934570352e+02 7.263321460088602022e-01
1.435036221991646926e+03 5.118128540824296238e+02 7.261119388923249485e-01
1.435057054694932049e+03 5.120572617517675553e+02 7.271078380692664878e-01
1.435077887397750146e+03 5.136375615986639787e+02 7.290101609980546016e-01
1.435098720100102582e+03 5.118408680118251937e+02 7.262020242310354146e-01
1.435119552801524151e+03 5.126742697130675879e+02 7.285100614524491203e-01
1.435140385502944810e+03 5.123660639479650172e+02 7.275194408663808732e-01
1.435161218203435055e+03 5.115424073767503614e+02 7.257091474082988380e-01
1.435182050903459640e+03 5.104624260459857510e+02 7.284212025668933554e-01
1.435202883603018108e+03 5.112666445982254686e+02 7.262542645038667644e-01
1.435223716301644345e+03 5.126653473917508563e+02 7.270075757656464521e-01
1.435244549000271036e+03 5.120774356038234600e+02 7.259806282149234846e-01
1.435265381697966859e+03 5.116182555316513572e+02 7.256017506084122548e-01
1.435286214395197931e+03 5.131903660836821928e+02 7.275588064906922670e-01
1.435307047092429002e+03 5.124507571731053304e+02 7.263541794607369928e-01
1.435327879788728524e+03 5.127943815796003264e+02 7.264350451175471957e-01
1.435348712484561929e+03 5.123790884910829391e+02 7.262810602949045791e-01
1.435369545179464012e+03 5.122686880434800969e+02 7.273152871304271461e-01
1.435390377874366095e+03 5.127151344509429691e+02 7.266784903529722728e-01
1.435411210568801380e+03 5.130472119663112380e+02 7.265426058763064798e-01
1.435432043262771913e+03 5.126009404487260781e+02 7.266676221704179151e-01
1.435452875955811123e+03 5.118754296661745116e+02 7.260372765589415689e-01
1.435473708648851016e+03 5.125962300937602549e+02 7.271343974751690586e-01
1.435494541341423883e+03 5.121263832668881832e+02 7.274930593808411894e-01
1.435515374033067474e+03 5.127314276441807124e+02 7.261746509615908396e-01
1.435536206724711064e+03 5.135289448010476008e+02 7.267901156350115022e-01
1.435557039415887175e+03 5.106034163542623219e+02 7.258777468028123625e-01
1.435577872106598079e+03 5.115149409483749992e+02 7.283459176810235247e-01
1.435598704796377660e+03 5.114032101859199315e+02 7.258745032969476929e-01
1.435619537486157014e+03 5.120609354822956902e+02 7.262628819411435233e-01
1.435640370175471162e+03 5.114753483145906330e+02 7.273037318643353899e-01
1.435661202864318966e+03 5.116298758114578504e+02 7.258263416880577079e-01
1.435682035553168134e+03 5.115271942361803212e+02 7.256271330073480463e-01
1.435702868241085525e+03 5.133302359075828463e+02 7.265561831620144240e-01
1.435723700929002916e+03 5.125416700364016833e+02 7.269984342382431741e-01
1.435744533616455101e+03 5.128741897146471729e+02 7.264629418858061793e-01
1.435765366303440487e+03 5.114206619188024661e+02 7.254821785302870696e-01
1.435786198989961122e+03 5.120531548137694244e+02 7.259471297230937203e-01
1.435807031676014503e+03 5.121526183883572685e+02 7.271766528020138232e-01
1.435827864362067885e+03 5.098824318270957292e+02 7.253266765979150543e-01
1.435848697047656970e+03 5.118685383568966927e+02 7.270395907020550386e-01
1.435869529733246509e+03 5.118382555398723639e+02 7.261212557530150047e-01
1.435890362417905180e+03 5.121576126394576249e+02 7.260633825687686782e-01
1.435911195102562033e+03 5.122804171073552197e+02 7.263809305374654413e-01
1.436827833236342940e+03 5.118774096242379983e+02 1.384726756509448098e+00
