1.545348929456288943e+03 6.012493896484375000e+01 6.954341530799865723e-01
1.545369762949632332e+03 5.965832519531250000e+01 6.953627467155456543e-01
1.545390596442510514e+03 6.022595214843750000e+01 6.924630999565124512e-01
1.545411429934456919e+03 6.001977539062500000e+01 6.918511986732482910e-01
1.545432263425938345e+03 6.097201538085937500e+01 6.909762024879455566e-01
1.545453096916954564e+03 5.956024169921875000e+01 6.889925003051757812e-01
1.545473930407503985e+03 6.102963256835937500e+01 6.888953447341918945e-01
1.545494763897122084e+03 5.917953491210937500e+01 6.874756813049316406e-01
1.545515597386741547e+03 6.116793823242187500e+01 6.884551644325256348e-01
1.545536430874963571e+03 5.954940795898437500e+01 6.868555545806884766e-01
1.545557264363184458e+03 6.054177856445312500e+01 6.869755983352661133e-01
1.545578097850475388e+03 6.052105712890625000e+01 6.876178383827209473e-01
1.545598931337299973e+03 5.916766357421875000e+01 6.865213513374328613e-01
1.545619764823192327e+03 6.097064208984375000e+01 6.870115399360656738e-01
1.545640598308620611e+03 5.813891601562500000e+01 6.855965256690979004e-01
1.545661431793581869e+03 6.085049438476562500e+01 6.866555213928222656e-01
1.545682265277612487e+03 6.059399414062500000e+01 6.868297457695007324e-01
1.545703098761177444e+03 5.848046875000000000e+01 6.862265467643737793e-01
1.545723932244277421e+03 6.110839843750000000e+01 6.875324845314025879e-01
1.545744765726445621e+03 6.070312500000000000e+01 6.875188350677490234e-01
1.545765599208148615e+03 5.991772460937500000e+01 6.866692304611206055e-01
1.545786432689385038e+03 5.974752807617187500e+01 6.861598491668701172e-01
1.545807266169689683e+03 5.989871215820312500e+01 6.866716146469116211e-01
1.545828099649063461e+03 5.947460937500000000e+01 6.859993338584899902e-01
1.545848933128437693e+03 5.984582519531250000e+01 6.865014433860778809e-01
1.545869766606880603e+03 6.010232543945312500e+01 6.862956881523132324e-01
1.545890600084391053e+03 5.971655273437500000e+01 6.860684752464294434e-01
1.545911433561437661e+03 6.054061889648437500e+01 6.864884495735168457e-01
1.545932267038018381e+03 6.053594970703125000e+01 6.864399909973144531e-01
1.545953100513666868e+03 6.038256835937500000e+01 6.872150897979736328e-01
1.545973933988849694e+03 6.083996582031250000e+01 6.867570877075195312e-01
1.545994767463101653e+03 5.932287597656250000e+01 6.871351003646850586e-01
1.546015600936887040e+03 6.030300903320312500e+01 6.862622499465942383e-01
1.546036434409741560e+03 6.114654541015625000e+01 6.866657137870788574e-01
1.546057267882130418e+03 6.139797973632812500e+01 6.869489550590515137e-01
1.546078101354053615e+03 5.898587036132812500e+01 6.881882548332214355e-01
1.546098934825046854e+03 6.043048095703125000e+01 6.867784261703491211e-01
1.546119768295573977e+03 6.029898071289062500e+01 6.859598159790039062e-01
1.546140601765168412e+03 6.070538330078125000e+01 6.880047321319580078e-01
1.546161435234297414e+03 5.982336425781250000e+01 6.861122846603393555e-01
1.546182268702495548e+03 5.995391845703125000e+01 6.863575577735900879e-01
1.546203102170228476e+03 5.908529663085937500e+01 6.859865188598632812e-01
1.546223935637028944e+03 5.993966674804687500e+01 6.867486834526062012e-01
1.546244769103364433e+03 5.992388916015625000e+01 6.864535808563232422e-01
1.546265602568767918e+03 5.986392211914062500e+01 6.857549548149108887e-01
1.546286436033706650e+03 5.985214233398437500e+01 6.863012313842773438e-01
1.546307269497714515e+03 6.036117553710937500e+01 6.863905787467956543e-01
1.546328102961256036e+03 5.962231445312500000e+01 6.885263919830322266e-01
1.546348936423866689e+03 6.003091430664062500e+01 6.865600943565368652e-01
1.546369769886010545e+03 6.061895751953125000e+01 6.864295601844787598e-01
1.546411436807971313e+03 6.045083618164062500e+01 6.861589550971984863e-01
1.546432270267786862e+03 6.081549072265625000e+01 6.863281130790710449e-01
1.546453103727137659e+03 6.123535156250000000e+01 6.873644590377807617e-01
1.546473937185555997e+03 5.958142089843750000e+01 6.884077191352844238e-01
1.546494770643510492e+03 5.956613159179687500e+01 6.858925819396972656e-01
1.546515604100533437e+03 5.973858642578125000e+01 6.863321661949157715e-01
1.546536437557090039e+03 5.954394531250000000e+01 6.861056089401245117e-01
1.546557271012714409e+03 6.084619140625000000e+01 6.903168559074401855e-01
1.546578104467874027e+03 5.960839843750000000e+01 6.864610314369201660e-01
1.546598937922102323e+03 5.946936035156250000e+01 6.869775652885437012e-01
1.546619771375399523e+03 6.076187133789062500e+01 6.878083348274230957e-01
1.546640604828230153e+03 6.049563598632812500e+01 6.860272884368896484e-01
1.546661438280595576e+03 6.007131958007812500e+01 6.859672069549560547e-01
1.546682271732030586e+03 6.050177001953125000e+01 6.893111467361450195e-01
1.546703105182533818e+03 6.122329711914062500e+01 6.873134374618530273e-01
1.546723938632570935e+03 5.988513183593750000e+01 6.856807470321655273e-01
1.546744772081676501e+03 5.993853759765625000e+01 6.861395835876464844e-01
1.546765605530317316e+03 5.939675903320312500e+01 6.864693164825439453e-01
1.546786438978026126e+03 6.023721313476562500e+01 6.865736246109008789e-01
1.546807272425268820e+03 6.051312255859375000e+01 6.861588954925537109e-01
1.546828105871581101e+03 5.873703002929687500e+01 6.860608458518981934e-01
1.546848939316961605e+03 6.050784301757812500e+01 6.866254806518554688e-01
1.546869772761876447e+03 6.137243652343750000e+01 6.866696476936340332e-01
1.546890606205860422e+03 5.913281250000000000e+01 6.855725646018981934e-01
1.546911439649378508e+03 6.028662109375000000e+01 6.859916448593139648e-01
1.546932273091964817e+03 6.078912353515625000e+01 6.870860457420349121e-01
1.546953106534086601e+03 5.982785034179687500e+01 6.857805848121643066e-01
1.546973939975276153e+03 6.118106079101562500e+01 6.867570281028747559e-01
1.546994773415533928e+03 6.109860229492187500e+01 6.866112351417541504e-01
1.547015606855326496e+03 6.206747436523437500e+01 6.871563196182250977e-01
1.547036440294653403e+03 6.071755981445312500e+01 6.862477064132690430e-01
1.547057273732582871e+03 5.937100219726562500e+01 6.855673789978027344e-01
1.547078107170048042e+03 6.063949584960937500e+01 6.895971894264221191e-01
1.547098940607047098e+03 6.109744262695312500e+01 6.864324212074279785e-01
1.547119774043114376e+03 6.069720458984375000e+01 6.863914728164672852e-01
1.547140607478249876e+03 5.997543334960937500e+01 6.855744719505310059e-01
1.547161440912920625e+03 6.156597900390625000e+01 6.862419843673706055e-01
1.547182274346660051e+03 6.036038208007812500e+01 6.859181523323059082e-01
1.547203107779932907e+03 6.093038940429687500e+01 6.870392560958862305e-01
1.547223941212275349e+03 6.124768066406250000e+01 6.860924363136291504e-01
1.547244774643686014e+03 6.084643554687500000e+01 6.863099932670593262e-01
1.547265608074631018e+03 5.961804199218750000e+01 6.891657114028930664e-01
1.547286441504645154e+03 5.925720214843750000e+01 6.861259341239929199e-01
1.547307274934193629e+03 6.005407714843750000e+01 6.871955990791320801e-01
1.547328108362809871e+03 5.989978027343750000e+01 6.883984208106994629e-01
1.547348941790495701e+03 6.125759887695312500e+01 6.866773962974548340e-01
1.547369775217714960e+03 5.986413574218750000e+01 6.854901313781738281e-01
1.547390608644003350e+03 5.960675048828125000e+01 6.871438622474670410e-01
1.547411442069359964e+03 5.991101074218750000e+01 6.854241490364074707e-01
1.547432275494251371e+03 5.990762329101562500e+01 6.858125329017639160e-01
1.547453108918212365e+03 5.997302246093750000e+01 6.868326067924499512e-01
1.547473942341707698e+03 6.116778564453125000e+01 6.865544319152832031e-01
1.547494775764269889e+03 5.988739013671875000e+01 6.854138970375061035e-01
1.547515609185901667e+03 5.910803222656250000e+01 6.850093603134155273e-01
1.547536442607068011e+03 6.061898803710937500e+01 6.864396929740905762e-01
1.547557276027302578e+03 6.007955932617187500e+01 6.875213980674743652e-01
1.547578109447071483e+03 5.932980346679687500e+01 6.849603056907653809e-01
1.547598942865909521e+03 6.050469970703125000e+01 6.886878609657287598e-01
1.547619776283816009e+03 5.926449584960937500e+01 6.852681040763854980e-01
1.547640609701256835e+03 6.031713867187500000e+01 6.853677630424499512e-01
1.547661443117767021e+03 6.154104614257812500e+01 6.882725954055786133e-01
1.547682276533345430e+03 5.946310424804687500e+01 6.856104135513305664e-01
1.547703109948457950e+03 6.062603759765625000e+01 6.862103939056396484e-01
1.547723943362638693e+03 6.000503540039062500e+01 6.854647994041442871e-01
1.547744776775889022e+03 6.127435302734375000e+01 6.862126588821411133e-01
1.547765610188672326e+03 6.041284179687500000e+01 6.895502805709838867e-01
1.547786443600525445e+03 6.051312255859375000e+01 6.858319640159606934e-01
1.547807277011912447e+03 6.022564697265625000e+01 6.854338645935058594e-01
1.547828110421903148e+03 6.059020996093750000e+01 6.857338547706604004e-01
1.547848943831893394e+03 6.054153442382812500e+01 6.855114698410034180e-01
1.547869777240487565e+03 6.052624511718750000e+01 6.859807372093200684e-01
1.547890610648615166e+03 6.018957519531250000e+01 6.867178082466125488e-01
1.547911444055810989e+03 5.902697753906250000e+01 6.849987506866455078e-01
1.547932277462541606e+03 6.047946166992187500e+01 6.856120824813842773e-01
1.547953110868340900e+03 6.053643798828125000e+01 6.860395073890686035e-01
1.547973944273208417e+03 6.029217529296875000e+01 6.855586767196655273e-01
1.547994777677610955e+03 6.003265380859375000e+01 6.854805946350097656e-01
1.548015611081081488e+03 6.054025268554687500e+01 6.859482526779174805e-01
1.548036444483621835e+03 5.879364013671875000e+01 6.846011281013488770e-01
1.548057277885696521e+03 6.034298706054687500e+01 6.853094100952148438e-01
1.548078111286839430e+03 6.194741821289062500e+01 6.899761557579040527e-01
1.548098944687050334e+03 6.044573974609375000e+01 6.861085891723632812e-01
1.548119778086796032e+03 6.003726196289062500e+01 6.854158639907836914e-01
1.548140611485609952e+03 6.065975952148437500e+01 6.860473155975341797e-01
1.548161444883492550e+03 6.046118164062500000e+01 6.855605840682983398e-01
1.548182278280909941e+03 6.097674560546875000e+01 6.860337257385253906e-01
1.548203111677396009e+03 5.932159423828125000e+01 6.845605969429016113e-01
1.548223945072951665e+03 5.955429077148437500e+01 6.853002905845642090e-01
1.548244778468041204e+03 5.994006347656250000e+01 6.864549517631530762e-01
1.548265611861732850e+03 6.081567382812500000e+01 6.882900595664978027e-01
1.548286445255424951e+03 6.028262329101562500e+01 6.852385997772216797e-01
1.548307278647720068e+03 5.919036865234375000e+01 6.846198439598083496e-01
1.548328112039549524e+03 6.047103881835937500e+01 6.855716109275817871e-01
1.548348945430447429e+03 6.121981811523437500e+01 6.860837936401367188e-01
1.548369778820878992e+03 5.994705200195312500e+01 6.851444244384765625e-01
1.548390612210380368e+03 6.004528808593750000e+01 6.849745512008666992e-01
1.548411445598949967e+03 5.885546875000000000e+01 6.844956874847412109e-01
1.548432278986589154e+03 5.994766235351562500e+01 6.855354905128479004e-01
1.548453112373762451e+03 5.944680786132812500e+01 6.847876906394958496e-01
1.548473945760003517e+03 5.962805175781250000e+01 6.860278248786926270e-01
1.548494779145780058e+03 6.147586059570312500e+01 6.867974400520324707e-01
1.548515612530158478e+03 5.968585205078125000e+01 6.851256489753723145e-01
1.548536445914071464e+03 5.953195190429687500e+01 6.851177811622619629e-01
1.548557279297518107e+03 5.939935302734375000e+01 6.850308775901794434e-01
1.548578112679568676e+03 6.012036132812500000e+01 6.849934458732604980e-01
1.548598946061154038e+03 5.967950439453125000e+01 6.850638985633850098e-01
1.548619779441808078e+03 6.021514892578125000e+01 6.851361393928527832e-01
1.548640612821996001e+03 6.032043457031250000e+01 6.852227449417114258e-01
1.548661446201252602e+03 6.082818603515625000e+01 6.854180097579956055e-01
1.548682279579577880e+03 5.932104492187500000e+01 6.851775646209716797e-01
1.548703112956970926e+03 6.017416381835937500e+01 6.875894069671630859e-01
1.548723946333899676e+03 5.963870239257812500e+01 6.849491596221923828e-01
1.548744779709895965e+03 5.945629882812500000e+01 6.856262087821960449e-01
1.548765613084961387e+03 6.040313720703125000e+01 6.855474710464477539e-01
1.548786446459095941e+03 6.046325683593750000e+01 6.851512789726257324e-01
1.548807279832764380e+03 6.024801635742187500e+01 6.868619322776794434e-01
1.548828113205502632e+03 6.064236450195312500e+01 6.857042312622070312e-01
1.548848946577773859e+03 5.922528076171875000e+01 6.845572590827941895e-01
1.548869779948648556e+03 6.145941162109375000e+01 6.862092614173889160e-01
1.548890613319058048e+03 6.063226318359375000e+01 6.877555251121520996e-01
1.548911446689000059e+03 6.136880493164062500e+01 6.856661438941955566e-01
1.548932280057546450e+03 6.077319335937500000e+01 6.861770749092102051e-01
1.548953113425626952e+03 6.014373779296875000e+01 6.858687996864318848e-01
1.548973946792776587e+03 6.117822265625000000e+01 6.864854097366333008e-01
1.548994780158995582e+03 6.037600708007812500e+01 6.875520944595336914e-01
1.549015613524747550e+03 5.928363037109375000e+01 6.863335371017456055e-01
1.549036446889568651e+03 5.914599609375000000e+01 6.858946084976196289e-01
1.549057280253457975e+03 6.007720947265625000e+01 6.853122711181640625e-01
1.549078113616416431e+03 6.024096679687500000e+01 6.862028837203979492e-01
1.549098946978908998e+03 5.979623413085937500e+01 6.854389905929565430e-01
1.549119780340470015e+03 6.142391967773437500e+01 6.861138939857482910e-01
1.549140613701099937e+03 6.025732421875000000e+01 6.877191066741943359e-01
1.549161447060798992e+03 6.017535400390625000e+01 6.869012117385864258e-01
1.549182280420031475e+03 6.014883422851562500e+01 6.848284006118774414e-01
1.549203113778334682e+03 6.056573486328125000e+01 6.850844025611877441e-01
1.549223947135704975e+03 6.072763061523437500e+01 6.855935454368591309e-01
1.549244780492143491e+03 5.955618286132812500e+01 6.855410337448120117e-01
1.549265613848117027e+03 5.938507080078125000e+01 6.853042840957641602e-01
1.549286447203159014e+03 5.943173217773437500e+01 6.853519082069396973e-01
1.549307280557269678e+03 5.997640991210937500e+01 6.851330399513244629e-01
1.549328113910449019e+03 6.078005981445312500e+01 6.868615746498107910e-01
1.549348947263162700e+03 6.032058715820312500e+01 6.850007176399230957e-01
1.549369780614945057e+03 6.015341186523437500e+01 6.855136156082153320e-01
1.549390613965796547e+03 5.973693847656250000e+01 6.846557855606079102e-01
1.549411447316182603e+03 6.058166503906250000e+01 6.854938268661499023e-01
1.549432280665170993e+03 5.892736816406250000e+01 6.849513053894042969e-01
1.549453114013693039e+03 6.015838623046875000e+01 6.858505010604858398e-01
1.549473947361284445e+03 5.979144287109375000e+01 6.847765445709228516e-01
1.549494780707944983e+03 5.952090454101562500e+01 6.853410601615905762e-01
1.549536447399401823e+03 6.045587158203125000e+01 6.856827139854431152e-01
1.549557280734886490e+03 5.973013305664062500e+01 6.877794861793518066e-01
1.549578114078287399e+03 5.946893310546875000e+01 6.851155161857604980e-01
1.549598947421222874e+03 6.150579833984375000e+01 6.862859725952148438e-01
1.549619780763226117e+03 5.937893676757812500e+01 6.846738457679748535e-01
1.549640614103832377e+03 6.012646484375000000e+01 6.862248182296752930e-01
1.549661447444439091e+03 6.041726684570312500e+01 6.851530671119689941e-01
1.549682280783647911e+03 5.973034667968750000e+01 6.850549578666687012e-01
1.549703114121926319e+03 5.960491943359375000e+01 6.852557063102722168e-01
1.549723947459739065e+03 5.990213012695312500e+01 6.848237514495849609e-01
1.549744780796620034e+03 6.011532592773437500e+01 6.850691437721252441e-01
1.549765614132570136e+03 6.019049072265625000e+01 6.855128407478332520e-01
1.549786447468054575e+03 6.065359497070312500e+01 6.874630451202392578e-01
1.549807280802142031e+03 5.987423706054687500e+01 6.861134171485900879e-01
1.549828114135763826e+03 6.059490966796875000e+01 6.852473616600036621e-01
1.549848947468454526e+03 6.080200195312500000e+01 6.864265799522399902e-01
1.549869780800212993e+03 5.915026855468750000e+01 6.844008564949035645e-01
1.549890614131506481e+03 6.008486938476562500e+01 6.855152249336242676e-01
1.549911447461402986e+03 5.944290161132812500e+01 6.848956346511840820e-01
1.549932280790832465e+03 6.051312255859375000e+01 6.868055462837219238e-01
1.549953114119331985e+03 5.966607666015625000e+01 6.850609779357910156e-01
1.549973947446901093e+03 6.084423828125000000e+01 6.860380172729492188e-01
1.549994780774002948e+03 6.124975585937500000e+01 6.863774061203002930e-01
1.550015614099708500e+03 6.039767456054687500e+01 6.860520839691162109e-01
1.550036447424948392e+03 5.896472167968750000e+01 6.844623684883117676e-01
1.550057280749256051e+03 6.007180786132812500e+01 6.854797601699829102e-01
1.550078114072633070e+03 5.953805541992187500e+01 6.862366795539855957e-01
1.550098947395078540e+03 5.963562011718750000e+01 6.862992048263549805e-01
1.550119780716593141e+03 5.983715820312500000e+01 6.852240562438964844e-01
1.550140614037640944e+03 5.967977905273437500e+01 6.864303946495056152e-01
1.550161447357759471e+03 6.104754638671875000e+01 6.863807439804077148e-01
1.550182280676946448e+03 5.964422607421875000e+01 6.850379705429077148e-01
1.550203113995200965e+03 6.083407592773437500e+01 6.886883378028869629e-01
1.550223947312524615e+03 6.068988037109375000e+01 6.851135492324829102e-01
1.550244780628916033e+03 5.995715332031250000e+01 6.855906248092651367e-01
1.550265613944842016e+03 5.994119262695312500e+01 6.850668787956237793e-01
1.550286447259837587e+03 6.175744628906250000e+01 6.855189800262451172e-01
1.550307280573901153e+03 6.060815429687500000e+01 6.865183711051940918e-01
1.550328113887032941e+03 6.063174438476562500e+01 6.849954724311828613e-01
1.550348947199234317e+03 6.093075561523437500e+01 6.852543354034423828e-01
1.550369780510505507e+03 5.972518920898437500e+01 6.855151653289794922e-01
1.550390613821309444e+03 6.063986206054687500e+01 6.863580346107482910e-01
1.550411447130715942e+03 5.960702514648437500e+01 6.845725178718566895e-01
1.550432280439657461e+03 6.027505493164062500e+01 6.861782670021057129e-01
1.550453113747667885e+03 5.943914794921875000e+01 6.850059628486633301e-01
1.550473947054746532e+03 6.020568847656250000e+01 6.846548914909362793e-01
1.550494780360892946e+03 5.990637207031250000e+01 6.858016848564147949e-01
1.550515613666109402e+03 5.948480224609375000e+01 6.876146197319030762e-01
1.550536446970860425e+03 6.107116699218750000e+01 6.851662397384643555e-01
1.550557280274214463e+03 6.134359741210937500e+01 6.866043806076049805e-01
1.550578113577101931e+03 6.096475219726562500e+01 6.856843829154968262e-01
1.550598946879058985e+03 6.100689697265625000e+01 6.858494281768798828e-01
1.550619780180084490e+03 5.854519653320312500e+01 6.837781667709350586e-01
1.550640613480177990e+03 6.024966430664062500e+01 6.871637701988220215e-01
1.550661446779340622e+03 5.937075805664062500e+01 6.872006654739379883e-01
1.550682280077571932e+03 6.048953247070312500e+01 6.859384179115295410e-01
1.550703113374871464e+03 6.021609497070312500e+01 6.849684119224548340e-01
1.550723946671705107e+03 5.978927612304687500e+01 6.844938993453979492e-01
1.550744779967143586e+03 5.985980224609375000e+01 6.845463514328002930e-01
1.550765613262115949e+03 6.010931396484375000e+01 6.861394047737121582e-01
1.550786446556156079e+03 6.067208862304687500e+01 6.866037249565124512e-01
1.550807279849263978e+03 5.939801025390625000e+01 6.848432421684265137e-01
1.550828113141441918e+03 5.950671386718750000e+01 6.855960488319396973e-01
1.550848946432688535e+03 6.153335571289062500e+01 6.853777170181274414e-01
1.550869779723002921e+03 5.962493896484375000e+01 6.844450235366821289e-01
1.550890613012385984e+03 6.072619628906250000e+01 6.848071813583374023e-01
1.550911446300838634e+03 5.993212890625000000e+01 6.846384406089782715e-01
1.550932279588360416e+03 6.017999267578125000e+01 6.847349405288696289e-01
1.550953112875416082e+03 6.069787597656250000e+01 6.850709915161132812e-01
1.550973946161073854e+03 6.048052978515625000e+01 6.845263242721557617e-01
1.550994779446267330e+03 5.962106323242187500e+01 6.851423978805541992e-01
1.551015612730062912e+03 5.912649536132812500e+01 6.838333606719970703e-01
1.551036446013393061e+03 6.008117675781250000e+01 6.846442818641662598e-01
1.551057279295790977e+03 6.050811767578125000e+01 6.845723390579223633e-01
1.551078112577258480e+03 6.098767089843750000e+01 6.847232580184936523e-01
1.551098945857328999e+03 6.039602661132812500e+01 6.855579018592834473e-01
1.551119779136934085e+03 6.080438232421875000e+01 6.846669316291809082e-01
1.551140612415607848e+03 6.035067749023437500e+01 6.846923828125000000e-01
1.551161445693348924e+03 5.997637939453125000e+01 6.842428445816040039e-01
1.551182278970160496e+03 5.938183593750000000e+01 6.840909719467163086e-01
1.551203112246040064e+03 5.901278686523437500e+01 6.841077208518981934e-01
1.551223945520987854e+03 6.010192871093750000e+01 6.850908994674682617e-01
1.551244778795004095e+03 5.981375122070312500e+01 6.856257319450378418e-01
1.551265612068089922e+03 6.076568603515625000e+01 6.848511695861816406e-01
1.551286445340244427e+03 6.081674194335937500e+01 6.844915151596069336e-01
1.551307278611467154e+03 6.008114624023437500e+01 6.853322386741638184e-01
1.551328111882224675e+03 6.046734619140625000e+01 6.846065521240234375e-01
1.551348945151584985e+03 6.038919067382812500e+01 6.846977472305297852e-01
1.551369778420013517e+03 6.118374633789062500e+01 6.847255229949951172e-01
1.551390611687511409e+03 5.980532836914062500e+01 6.840552091598510742e-01
1.551411444954077069e+03 5.891857910156250000e+01 6.834579110145568848e-01
1.551432278219711861e+03 6.046386718750000000e+01 6.847062110900878906e-01
1.551453111484415331e+03 6.051657104492187500e+01 6.847330331802368164e-01
1.551473944748654048e+03 5.886358642578125000e+01 6.837713122367858887e-01
1.551494778011493963e+03 6.052944946289062500e+01 6.844116449356079102e-01
1.551515611273404375e+03 6.071453857421875000e+01 6.844114661216735840e-01
1.551536444534383008e+03 5.941442871093750000e+01 6.838095188140869141e-01
1.551557277794429865e+03 6.008029174804687500e+01 6.843367218971252441e-01
1.551578111053545854e+03 5.920889282226562500e+01 6.846119761466979980e-01
1.551598944311730065e+03 6.040252685546875000e+01 6.844200491905212402e-01
1.551619777568516611e+03 5.899749755859375000e+01 6.837660074234008789e-01
1.551640610824837950e+03 5.959817504882812500e+01 6.841802597045898438e-01
1.551661444080227966e+03 5.914276123046875000e+01 6.836420893669128418e-01
1.551682277334687114e+03 6.063586425781250000e+01 6.843574643135070801e-01
1.551703110588215623e+03 6.054696655273437500e+01 6.852328777313232422e-01
1.551723943840346465e+03 5.946890258789062500e+01 6.844737529754638672e-01
1.551744777092010963e+03 6.050454711914062500e+01 6.861760020256042480e-01
1.551765610342278933e+03 5.944912719726562500e+01 6.839764714241027832e-01
1.551786443591615352e+03 5.913079833984375000e+01 6.836108565330505371e-01
1.551807276840487020e+03 6.032122802734375000e+01 6.838465929031372070e-01
1.551828110087961022e+03 6.063162231445312500e+01 6.851869225502014160e-01
1.551848943334503019e+03 6.104626464843750000e+01 6.857302784919738770e-01
1.551869776580113921e+03 5.917037963867187500e+01 6.837248802185058594e-01
1.551890609824793955e+03 6.019601440429687500e+01 6.841768026351928711e-01
1.551911443068544031e+03 6.103649902343750000e+01 6.846295595169067383e-01
1.551932276310896441e+03 5.900650024414062500e+01 6.838940382003784180e-01
1.551953109552782053e+03 5.934106445312500000e+01 6.842001676559448242e-01
1.551973942793270908e+03 6.124966430664062500e+01 6.849183440208435059e-01
1.551994776033293874e+03 5.953332519531250000e+01 6.852025389671325684e-01
1.552015609271919857e+03 6.023641967773437500e+01 6.840374469757080078e-01
1.552036442509615426e+03 6.125723266601562500e+01 6.847544908523559570e-01
1.552057275746380128e+03 6.065911865234375000e+01 6.845764517784118652e-01
1.552078108982212143e+03 6.029394531250000000e+01 6.845530867576599121e-01
1.552098942216647629e+03 5.999957275390625000e+01 6.840311884880065918e-01
1.552119775450617908e+03 5.998211669921875000e+01 6.840081810951232910e-01
1.552140608683190521e+03 6.038299560546875000e+01 6.867539286613464355e-01
1.552161441914832494e+03 6.061206054687500000e+01 6.844288110733032227e-01
1.552182275145542917e+03 6.024829101562500000e+01 6.844187974929809570e-01
1.552203108374856129e+03 6.084207153320312500e+01 6.846536993980407715e-01
1.552223941603702997e+03 6.111282348632812500e+01 6.850873231887817383e-01
1.552244774831152881e+03 6.045947265625000000e+01 6.850620508193969727e-01
1.552265608057672125e+03 6.000714111328125000e+01 6.844858527183532715e-01
1.552286441283260501e+03 5.973983764648437500e+01 6.852057576179504395e-01
1.552307274507918009e+03 6.035739135742187500e+01 6.857671737670898438e-01
1.552328107731178079e+03 6.040155029296875000e+01 6.842472553253173828e-01
1.552348940953505917e+03 6.010586547851562500e+01 6.862814426422119141e-01
1.552369774174902886e+03 6.028335571289062500e+01 6.856433749198913574e-01
1.552390607395368079e+03 5.979190063476562500e+01 6.839724779129028320e-01
1.552411440614901949e+03 6.037057495117187500e+01 6.850516796112060547e-01
1.552432273833039062e+03 6.160018920898437500e+01 6.850838065147399902e-01
1.552453107050244853e+03 6.129385375976562500e+01 6.844767332077026367e-01
1.552473940266054797e+03 6.017742919921875000e+01 6.848046779632568359e-01
1.552494773481399079e+03 6.122683715820312500e+01 6.858347058296203613e-01
1.552515606695345014e+03 5.998657226562500000e+01 6.845961809158325195e-01
1.552536439908360080e+03 6.044229125976562500e+01 6.845226287841796875e-01
1.552557273119977935e+03 6.000592041015625000e+01 6.846066117286682129e-01
1.552578106330664014e+03 5.982040405273437500e+01 6.847344636917114258e-01
1.552598939540418996e+03 5.914666748046875000e+01 6.837224364280700684e-01
1.552619772749243111e+03 6.023065185546875000e+01 6.843002438545227051e-01
1.552661439163166051e+03 6.025442504882812500e+01 6.842480897903442383e-01
1.552682272368265330e+03 6.147616577148437500e+01 6.856489181518554688e-01
1.552703105572898949e+03 5.894497680664062500e+01 6.835560202598571777e-01
1.552723938775669467e+03 5.956530761718750000e+01 6.840680837631225586e-01
1.552744771977973869e+03 5.987139892578125000e+01 6.843114495277404785e-01
1.552765605178881970e+03 5.930941772460937500e+01 6.836539506912231445e-01
1.552786438378391949e+03 5.987054443359375000e+01 6.839873194694519043e-01
1.552807271577436950e+03 5.980151367187500000e+01 6.841631531715393066e-01
1.552828104775084967e+03 6.072756958007812500e+01 6.850104331970214844e-01
1.552848937971336454e+03 6.032006835937500000e+01 6.842976808547973633e-01
1.552869771166657301e+03 6.139334106445312500e+01 6.845813989639282227e-01
1.552890604360580937e+03 6.097146606445312500e+01 6.852579116821289062e-01
1.552911437553571886e+03 6.060903930664062500e+01 6.848202347755432129e-01
1.552932270745631968e+03 5.947564697265625000e+01 6.858417391777038574e-01
1.552953103936295065e+03 6.037268066406250000e+01 6.880905628204345703e-01
1.552973937126027067e+03 5.970428466796875000e+01 6.845415234565734863e-01
1.552994770314361404e+03 6.043588256835937500e+01 6.849594712257385254e-01
1.553015603501764872e+03 5.958596801757812500e+01 6.840604543685913086e-01
1.553036436687771129e+03 5.937893676757812500e+01 6.837449073791503906e-01
1.553057269872381312e+03 6.046884155273437500e+01 6.852087974548339844e-01
1.553078103056526061e+03 5.934582519531250000e+01 6.836271882057189941e-01
1.553098936238807482e+03 5.898190307617187500e+01 6.840256452560424805e-01
1.553119769420158036e+03 6.021405029296875000e+01 6.841298341751098633e-01
1.553140602600576585e+03 6.060302734375000000e+01 6.851407289505004883e-01
1.553161435779132034e+03 5.984564208984375000e+01 6.848319768905639648e-01
1.553182268957222504e+03 5.948931884765625000e+01 6.842198371887207031e-01
1.553203102133450102e+03 5.912899780273437500e+01 6.858505010604858398e-01
1.553223935308746150e+03 5.989248657226562500e+01 6.842137575149536133e-01
1.553244768483111329e+03 6.202676391601562500e+01 6.854413151741027832e-01
1.553265601655614546e+03 5.898873901367187500e+01 6.839311122894287109e-01
1.553286434827185076e+03 6.094012451171875000e+01 6.850407719612121582e-01
1.553307267997824965e+03 6.031723022460937500e+01 6.851943135261535645e-01
1.553328101167067416e+03 6.047271728515625000e+01 6.849888563156127930e-01
1.553348934334912883e+03 6.031228637695312500e+01 6.840410828590393066e-01
1.553369767501362048e+03 6.123303222656250000e+01 6.853421926498413086e-01
1.553390600666878981e+03 6.087747192382812500e+01 6.849502921104431152e-01
1.553411433830533952e+03 5.970062255859375000e+01 6.842555403709411621e-01
1.553432266993723033e+03 6.011535644531250000e+01 6.844241023063659668e-01
1.553453100155050379e+03 6.024337768554687500e+01 6.858252882957458496e-01
1.553473933314980968e+03 5.956207275390625000e+01 6.845936179161071777e-01
1.553494766473978871e+03 6.168670654296875000e+01 6.849373579025268555e-01
1.553515599631580017e+03 6.100524902343750000e+01 6.848090887069702148e-01
1.553536432787783951e+03 6.062445068359375000e+01 6.849751472473144531e-01
1.553557265942591130e+03 6.157946777343750000e+01 6.887857317924499512e-01
1.553578099096466985e+03 5.971527099609375000e+01 6.842880845069885254e-01
1.553598932248479969e+03 6.141107177734375000e+01 6.848038434982299805e-01
1.553619765399561857e+03 6.044320678710937500e+01 6.847745180130004883e-01
1.553640598548781327e+03 6.110336303710937500e+01 6.862215399742126465e-01
1.553661431697069929e+03 6.087091064453125000e+01 6.847537755966186523e-01
1.553682264843961093e+03 6.084045410156250000e+01 6.845456957817077637e-01
1.553703097989455046e+03 5.991079711914062500e+01 6.841419339179992676e-01
1.553723931133085898e+03 6.012408447265625000e+01 6.841092109680175781e-01
1.553744764275786110e+03 6.038531494140625000e+01 6.850917935371398926e-01
1.553765597417088884e+03 5.932980346679687500e+01 6.840761899948120117e-01
1.553786430556995128e+03 5.933154296875000000e+01 6.844741106033325195e-01
1.553807263695038046e+03 6.087207031250000000e+01 6.845608949661254883e-01
1.553828096832150550e+03 6.181512451171875000e+01 6.849722266197204590e-01
1.553848929967401091e+03 6.072381591796875000e+01 6.890701055526733398e-01
1.553869763101253056e+03 5.950350952148437500e+01 6.847210526466369629e-01
1.553890596233708038e+03 5.999353027343750000e+01 6.852315068244934082e-01
1.553911429364766946e+03 5.975927734375000000e+01 6.840999722480773926e-01
1.553932262494427960e+03 6.020291137695312500e+01 6.849499344825744629e-01
1.553953095622227011e+03 6.025195312500000000e+01 6.849865913391113281e-01
1.553973928749094057e+03 6.048757934570312500e+01 6.846038103103637695e-01
1.553994761874098913e+03 6.069705200195312500e+01 6.848380565643310547e-01
1.554015594997240896e+03 6.032104492187500000e+01 6.847111582756042480e-01
1.554036428119452466e+03 6.113769531250000000e+01 6.851857900619506836e-01
1.554057261239335958e+03 6.022030639648437500e+01 6.842295527458190918e-01
1.554078094358286990e+03 6.105648803710937500e+01 6.844623088836669922e-01
1.554098927475375149e+03 6.017163085937500000e+01 6.883540153503417969e-01
1.554119760591067006e+03 6.156716918945312500e+01 6.863830685615539551e-01
1.554140593704895991e+03 6.040225219726562500e+01 6.840780377388000488e-01
1.554161426817327992e+03 6.029379272460937500e+01 6.844111084938049316e-01
1.554182259927897121e+03 6.082257080078125000e+01 6.846539974212646484e-01
1.554203093036603605e+03 6.066918945312500000e+01 6.846371293067932129e-01
1.554223926143913559e+03 5.985675048828125000e+01 6.841345429420471191e-01
1.554244759249826984e+03 6.017156982421875000e+01 6.844268441200256348e-01
1.554265592353876855e+03 6.035388183593750000e+01 6.843357682228088379e-01
1.554286425456064535e+03 6.075698852539062500e+01 6.844838261604309082e-01
1.554307258556389115e+03 6.082055664062500000e+01 6.845748424530029297e-01
1.554328091655316939e+03 6.157055664062500000e+01 6.851748824119567871e-01
1.554348924751916456e+03 6.004394531250000000e+01 6.849950551986694336e-01
1.554369757847118990e+03 6.089111328125000000e+01 6.858168840408325195e-01
1.554390590940924085e+03 6.073770141601562500e+01 6.857153177261352539e-01
1.554411424032402010e+03 6.119564819335937500e+01 6.877418160438537598e-01
1.554432257122017063e+03 6.087133789062500000e+01 6.881784796714782715e-01
1.554453090209769016e+03 6.056088256835937500e+01 6.849389076232910156e-01
1.554473923296123985e+03 6.106216430664062500e+01 6.859312653541564941e-01
1.554494756380150420e+03 6.184683227539062500e+01 6.850329637527465820e-01
1.554515589462314438e+03 6.123773193359375000e+01 6.851383447647094727e-01
1.554536422542616037e+03 6.028857421875000000e+01 6.842876076698303223e-01
1.554557255621054082e+03 6.121853637695312500e+01 6.849144697189331055e-01
1.554578088697629937e+03 6.063592529296875000e+01 6.849896311759948730e-01
1.554598921771878395e+03 6.013479614257812500e+01 6.843800544738769531e-01
1.554619754844263980e+03 6.116308593750000000e+01 6.851441860198974609e-01
1.554640587914785101e+03 6.003906250000000000e+01 6.849683523178100586e-01
1.554661420982979507e+03 6.088861083984375000e+01 6.846087574958801270e-01
1.554682254049311041e+03 5.961529541015625000e+01 6.843870878219604492e-01
1.554703087113314041e+03 6.107531738281250000e+01 6.854289174079895020e-01
1.554723920175453941e+03 6.091125488281250000e+01 6.849547028541564941e-01
1.554744753235266444e+03 6.066058349609375000e+01 6.848390102386474609e-01
1.554765586293216074e+03 6.038183593750000000e+01 6.847278475761413574e-01
1.554786419348836944e+03 6.165847778320312500e+01 6.885172128677368164e-01
1.554807252402131326e+03 6.222250366210937500e+01 6.854408383369445801e-01
1.554828085453561926e+03 6.155715942382812500e+01 6.855540871620178223e-01
1.554848918502198103e+03 6.053598022460937500e+01 6.857516765594482422e-01
1.554869751548972090e+03 6.098071289062500000e+01 6.850653290748596191e-01
1.554890584593416861e+03 5.961993408203125000e+01 6.842834353446960449e-01
1.558640536691370471e+03 6.360253906250000000e+01 7.240641117095947266e-01
1.558661369794489019e+03 6.305590820312500000e+01 7.235587835311889648e-01
1.558682202896676472e+03 6.251641845703125000e+01 7.214441895484924316e-01
1.558703035998863925e+03 6.376947021484375000e+01 7.213463187217712402e-01
1.558723869100118918e+03 6.317938232421875000e+01 7.204106450080871582e-01
1.558744702200443044e+03 6.167230224609375000e+01 7.185975909233093262e-01
1.558765535300766942e+03 6.254064941406250000e+01 7.194375395774841309e-01
1.558786368400159972e+03 6.092272949218750000e+01 7.159476876258850098e-01
1.558807201499088023e+03 6.341021728515625000e+01 7.168939113616943359e-01
1.558828034597549049e+03 6.258642578125000000e+01 7.146996259689331055e-01
1.558848867695078980e+03 6.213494873046875000e+01 7.136273980140686035e-01
1.558869700792610502e+03 6.223400878906250000e+01 7.134711742401123047e-01
1.558890533889210019e+03 6.324047851562500000e+01 7.131362557411193848e-01
1.558911366984877077e+03 6.245764160156250000e+01 7.155069708824157715e-01
1.558932200080544590e+03 6.206427001953125000e+01 7.123616337776184082e-01
1.558953033175281007e+03 6.105358886718750000e+01 7.112569212913513184e-01
1.558973866269551991e+03 6.296453857421875000e+01 7.118633389472961426e-01
1.558994699362890969e+03 6.188873291015625000e+01 7.142112851142883301e-01
1.559015532455764060e+03 6.211932373046875000e+01 7.116013765335083008e-01
1.559036365548171943e+03 6.151171875000000000e+01 7.111877799034118652e-01
1.559057198640115075e+03 6.161669921875000000e+01 7.100899815559387207e-01
1.559078031731126885e+03 6.138250732421875000e+01 7.118055820465087891e-01
1.559098864821672123e+03 6.269848632812500000e+01 7.108766436576843262e-01
1.559119697911286039e+03 6.047082519531250000e+01 7.083718776702880859e-01
1.559140531000434066e+03 6.136560058593750000e+01 7.086278200149536133e-01
1.559161364089116887e+03 6.260729980468750000e+01 7.089098095893859863e-01
1.559182197176868158e+03 6.014398193359375000e+01 7.075195908546447754e-01
1.559203030264618974e+03 6.200341796875000000e+01 7.110555171966552734e-01
1.559223863350973943e+03 6.255157470703125000e+01 7.072839140892028809e-01
1.559244696437328912e+03 6.166485595703125000e+01 7.066552042961120605e-01
1.559265529522751876e+03 6.205712890625000000e+01 7.066847681999206543e-01
1.559286362607243973e+03 6.286730957031250000e+01 7.062485218048095703e-01
1.559307195691269953e+03 6.241680908203125000e+01 7.057310938835144043e-01
1.559328028774830045e+03 6.170898437500000000e+01 7.052316069602966309e-01
1.559348861857924476e+03 6.081591796875000000e+01 7.040397524833679199e-01
1.559369694940088038e+03 6.131915283203125000e+01 7.058729529380798340e-01
1.559390528021320051e+03 6.170416259765625000e+01 7.049339413642883301e-01
1.559411361102552064e+03 6.126129150390625000e+01 7.032086849212646484e-01
1.559432194182388002e+03 6.063769531250000000e+01 7.021456360816955566e-01
1.559453027262223031e+03 6.172314453125000000e+01 7.025170922279357910e-01
1.559473860341126965e+03 6.205371093750000000e+01 7.019330859184265137e-01
1.559494693419098894e+03 6.177752685546875000e+01 7.011511921882629395e-01
1.559515526497071505e+03 6.264657592773437500e+01 7.022349238395690918e-01
1.559536359573647132e+03 6.092431640625000000e+01 7.004170417785644531e-01
1.559557192650222987e+03 6.106326293945312500e+01 6.996715664863586426e-01
1.559578025725866610e+03 6.060760498046875000e+01 7.002837061882019043e-01
1.559598858800578910e+03 6.194329833984375000e+01 6.993661522865295410e-01
1.559619691874826458e+03 6.226327514648437500e+01 6.996288895606994629e-01
1.559640524948608345e+03 6.201501464843750000e+01 6.986505389213562012e-01
1.559661358021458909e+03 6.150103759765625000e+01 6.982589364051818848e-01
1.559682191093378151e+03 6.069250488281250000e+01 6.970720291137695312e-01
1.559703024165296483e+03 6.065341186523437500e+01 6.968437433242797852e-01
1.559723857235818059e+03 6.120608520507812500e+01 6.973411440849304199e-01
1.559744690306340090e+03 6.093301391601562500e+01 6.967363357543945312e-01
1.559765523375930115e+03 6.165527343750000000e+01 6.977100968360900879e-01
1.559786356444589956e+03 6.072888183593750000e+01 6.954922080039978027e-01
1.559807189512783452e+03 6.151281738281250000e+01 6.967501044273376465e-01
1.559828022580045854e+03 6.068872070312500000e+01 6.955506205558776855e-01
1.559848855646843049e+03 6.120498657226562500e+01 6.954928040504455566e-01
1.559869688713174128e+03 6.082476806640625000e+01 6.953471899032592773e-01
1.559890521778573429e+03 6.047695922851562500e+01 6.939978003501892090e-01
1.559932187907043954e+03 6.269308471679687500e+01 6.945993900299072266e-01
1.559953020970580610e+03 6.206179809570312500e+01 6.965901255607604980e-01
1.559973854033185944e+03 6.076977539062500000e+01 6.936377882957458496e-01
1.559994687095325844e+03 6.147692871093750000e+01 6.930173039436340332e-01
1.560015520156534876e+03 6.101245117187500000e+01 6.928293704986572266e-01
1.560036353216813040e+03 6.048114013671875000e+01 6.943479180335998535e-01
1.560057186276624407e+03 6.067877197265625000e+01 6.933425068855285645e-01
1.560078019335970112e+03 6.131896972656250000e+01 6.921297311782836914e-01
1.560098852394384494e+03 6.169616699218750000e+01 6.922386884689331055e-01
1.560119685452333442e+03 6.071273803710937500e+01 6.917036771774291992e-01
1.560140518509350841e+03 6.035241699218750000e+01 6.932055950164794922e-01
1.560161351565437144e+03 5.968637084960937500e+01 6.900094151496887207e-01
1.560182184621057559e+03 6.125155639648437500e+01 6.908883452415466309e-01
1.560203017676213676e+03 6.235205078125000000e+01 6.915284395217895508e-01
1.560223850730437562e+03 6.157824707031250000e+01 6.905979514122009277e-01
1.560244683784194876e+03 5.969790649414062500e+01 6.903447508811950684e-01
1.560265516837022005e+03 6.029809570312500000e+01 6.898652315139770508e-01
1.560286349888916902e+03 5.972772216796875000e+01 6.904134154319763184e-01
1.560307182940347047e+03 6.191458129882812500e+01 6.910016536712646484e-01
1.560328015990844960e+03 6.116357421875000000e+01 6.899290680885314941e-01
1.560348849040877440e+03 6.202975463867187500e+01 6.908922195434570312e-01
1.560369682090444485e+03 6.187231445312500000e+01 6.902768611907958984e-01
1.560390515138614546e+03 6.036376953125000000e+01 6.886468529701232910e-01
1.560411348186784835e+03 6.084539794921875000e+01 6.903024315834045410e-01
1.560432181233559049e+03 6.065786743164062500e+01 6.884713768959045410e-01
1.560453014280331899e+03 6.117120361328125000e+01 6.903840303421020508e-01
1.560473847325707993e+03 6.115783691406250000e+01 6.888900995254516602e-01
1.560494680370617971e+03 6.156970214843750000e+01 6.898461580276489258e-01
1.560515513415062969e+03 6.080364990234375000e+01 6.880534291267395020e-01
1.560536346458575508e+03 6.123849487304687500e+01 6.877092719078063965e-01
1.560557179501623068e+03 6.073294067382812500e+01 6.875498294830322266e-01
1.560578012543273417e+03 6.163427734375000000e+01 6.890295743942260742e-01
1.560598845584925584e+03 6.059298706054687500e+01 6.875663995742797852e-01
1.560619678625645065e+03 6.184774780273437500e+01 6.875424981117248535e-01
1.560640511665432996e+03 6.064392089843750000e+01 6.873651146888732910e-01
1.560661344704755493e+03 6.119680786132812500e+01 6.885187625885009766e-01
1.560682177743146440e+03 6.086248779296875000e+01 6.872522234916687012e-01
1.560703010780606519e+03 6.023449707031250000e+01 6.865265965461730957e-01
1.560723843817600482e+03 6.195727539062500000e+01 6.882115602493286133e-01
1.560744676854129011e+03 6.091351318359375000e+01 6.868553757667541504e-01
1.560765509889725990e+03 6.132223510742187500e+01 6.870140433311462402e-01
1.560786342924392102e+03 6.097564697265625000e+01 6.878431439399719238e-01
1.560807175958592552e+03 6.102603149414062500e+01 6.863476037979125977e-01
1.560828008991860997e+03 6.077868652343750000e+01 6.869177818298339844e-01
1.560848842024664464e+03 6.172943115234375000e+01 6.869729757308959961e-01
1.560869675056535925e+03 6.034478759765625000e+01 6.854241490364074707e-01
1.560890508087476974e+03 6.149243164062500000e+01 6.857709884643554688e-01
1.560911341117951451e+03 6.106515502929687500e+01 6.858611106872558594e-01
1.560932174147495061e+03 6.184960937500000000e+01 6.864773631095886230e-01
1.560953007176572100e+03 6.162350463867187500e+01 6.858200430870056152e-01
1.560973840204718954e+03 6.092657470703125000e+01 6.863434314727783203e-01
1.560994673231934485e+03 6.117364501953125000e+01 6.862980723381042480e-01
1.561015506258685036e+03 6.162341308593750000e+01 6.855936050415039062e-01
1.561036339284969017e+03 6.133428955078125000e+01 6.859160661697387695e-01
1.561057172310320993e+03 6.163064575195312500e+01 6.864849328994750977e-01
1.561078005334742556e+03 5.916958618164062500e+01 6.848127245903015137e-01
1.561098838358231433e+03 6.099713134765625000e+01 6.856384277343750000e-01
1.561119671381256012e+03 6.110968017578125000e+01 6.850188374519348145e-01
1.561140504403814475e+03 6.048693847656250000e+01 6.845736503601074219e-01
1.561161337424975954e+03 6.083395385742187500e+01 6.857784986495971680e-01
1.561182170446138116e+03 6.209127807617187500e+01 6.857350468635559082e-01
1.561203003465903976e+03 6.076498413085937500e+01 6.846491694450378418e-01
1.561223836485202582e+03 6.132394409179687500e+01 6.853069067001342773e-01
1.561244669503569412e+03 6.267749023437500000e+01 6.857365369796752930e-01
1.561265502521471490e+03 6.139581298828125000e+01 6.849890947341918945e-01
1.561286335538442017e+03 6.175585937500000000e+01 6.849313378334045410e-01
1.561307168554947111e+03 6.159307861328125000e+01 6.877027153968811035e-01
1.561328001570520883e+03 6.115301513671875000e+01 6.880622506141662598e-01
1.561348834585162422e+03 6.000610351562500000e+01 6.851103305816650391e-01
1.561369667599339664e+03 6.020135498046875000e+01 6.845896840095520020e-01
1.561390500612586038e+03 6.037823486328125000e+01 6.881547570228576660e-01
1.561411333624899953e+03 6.127746582031250000e+01 6.862185597419738770e-01
1.561432166636748434e+03 6.044607543945312500e+01 6.844056248664855957e-01
1.561452999647664456e+03 6.196548461914062500e+01 6.847457289695739746e-01
1.561473832658115953e+03 6.233010864257812500e+01 6.856051087379455566e-01
1.561494665667636127e+03 6.294570922851562500e+01 6.855701804161071777e-01
1.561515498676224979e+03 6.158435058593750000e+01 6.847870945930480957e-01
1.561536331684347942e+03 6.135034179687500000e+01 6.856167912483215332e-01
1.561557164691540038e+03 6.146188354492187500e+01 6.842506527900695801e-01
1.561577997698266472e+03 6.123406982421875000e+01 6.842195391654968262e-01
1.561598830704061129e+03 6.089266967773437500e+01 6.838802099227905273e-01
1.561619663708924008e+03 6.102392578125000000e+01 6.841174364089965820e-01
1.561640496712856020e+03 6.089306640625000000e+01 6.865168809890747070e-01
1.561661329716322598e+03 6.093719482421875000e+01 6.870352029800415039e-01
1.561682162719323060e+03 6.068286132812500000e+01 6.860337257385253906e-01
1.561702995720926992e+03 6.081161499023437500e+01 6.847031116485595703e-01
1.561723828722064582e+03 6.117938232421875000e+01 6.839035153388977051e-01
1.561744661722736964e+03 6.208734130859375000e+01 6.842436790466308594e-01
1.561765494722013045e+03 6.076675415039062500e+01 6.836255788803100586e-01
1.561786327720823010e+03 6.072045898437500000e+01 6.872148513793945312e-01
1.561807160719166859e+03 6.078784179687500000e+01 6.843386888504028320e-01
1.561827993716579840e+03 6.214636230468750000e+01 6.879642605781555176e-01
1.561848826713061044e+03 6.143682861328125000e+01 6.847771406173706055e-01
1.561869659708610925e+03 6.157482910156250000e+01 6.840272545814514160e-01
1.561890492703696054e+03 6.053424072265625000e+01 6.837671399116516113e-01
1.561911325697848952e+03 6.110614013671875000e+01 6.839572787284851074e-01
1.561932158691536415e+03 6.124465942382812500e+01 6.839755773544311523e-01
1.561952991684293011e+03 6.160461425781250000e+01 6.864606738090515137e-01
1.561973824676118966e+03 6.040817260742187500e+01 6.833154559135437012e-01
1.561994657667012007e+03 6.102386474609375000e+01 6.841908097267150879e-01
1.562015490657439386e+03 5.997177124023437500e+01 6.829694509506225586e-01
1.562036323647402014e+03 6.143817138671875000e+01 6.847502589225769043e-01
1.562057156635966976e+03 6.024044799804687500e+01 6.832103133201599121e-01
1.562077989624066049e+03 6.140737915039062500e+01 6.835263967514038086e-01
1.562098822611234027e+03 5.964111328125000000e+01 6.829156875610351562e-01
1.562119655597937026e+03 6.214370727539062500e+01 6.839664578437805176e-01
1.562140488583708020e+03 6.003463745117187500e+01 6.829450130462646484e-01
1.562161321568549056e+03 6.149899291992187500e+01 6.848798990249633789e-01
1.562182154546404036e+03 6.118338012695312500e+01 6.831024289131164551e-01
1.562202987529846496e+03 6.124902343750000000e+01 6.840043663978576660e-01
1.562223820512358088e+03 6.034967041015625000e+01 6.827242374420166016e-01
1.562244653494404020e+03 6.013104248046875000e+01 6.837775707244873047e-01
1.562265486475517946e+03 6.021545410156250000e+01 6.836541891098022461e-01
1.562286319455701459e+03 6.093872070312500000e+01 6.835802793502807617e-01
1.562307152434953423e+03 6.050524902343750000e+01 6.832043528556823730e-01
1.562327985413739952e+03 6.109472656250000000e+01 6.877489686012268066e-01
1.562348818391596069e+03 6.076153564453125000e+01 6.833971738815307617e-01
1.562369651368985160e+03 6.036645507812500000e+01 6.827740073204040527e-01
1.562390484344977040e+03 6.093707275390625000e+01 6.833563446998596191e-01
1.562411317320503940e+03 6.172143554687500000e+01 6.859835386276245117e-01
1.562432150295564952e+03 6.177069091796875000e+01 6.840438842773437500e-01
1.562452983269228525e+03 6.113601684570312500e+01 6.838830113410949707e-01
1.562473816242426437e+03 6.041961669921875000e+01 6.855892539024353027e-01
1.562494649214693482e+03 6.016046142578125000e+01 6.831948757171630859e-01
1.562515482186494864e+03 6.138787841796875000e+01 6.834876537322998047e-01
1.562536315157365152e+03 6.184072875976562500e+01 6.847123503684997559e-01
1.562557148127305027e+03 6.235235595703125000e+01 6.837347149848937988e-01
1.562577981096311987e+03 6.040838623046875000e+01 6.838330626487731934e-01
1.562598814064853514e+03 6.103906250000000000e+01 6.851602792739868164e-01
1.562619647032463945e+03 6.128271484375000000e+01 6.833602786064147949e-01
1.562640479999143054e+03 6.170825195312500000e+01 6.843607425689697266e-01
1.562661312965356046e+03 6.054733276367187500e+01 6.842769980430603027e-01
1.562682145930637489e+03 6.116052246093750000e+01 6.832675337791442871e-01
1.562702978894988519e+03 6.137854003906250000e+01 6.858538389205932617e-01
1.562723811858409135e+03 6.073767089843750000e+01 6.833030581474304199e-01
1.562744644821362954e+03 6.083392333984375000e+01 6.846660375595092773e-01
1.562765477783384995e+03 6.070391845703125000e+01 6.835907697677612305e-01
1.562786310744476395e+03 6.099194335937500000e+01 6.829813718795776367e-01
1.562807143705101453e+03 5.995803833007812500e+01 6.824297308921813965e-01
1.562827976664794960e+03 6.004113769531250000e+01 6.832525730133056641e-01
1.562848809623558054e+03 6.151611328125000000e+01 6.830094456672668457e-01
1.562869642581390053e+03 6.150897216796875000e+01 6.838030815124511719e-01
1.562890475538755027e+03 6.160266113281250000e+01 6.846376061439514160e-01
1.562911308494723926e+03 6.029528808593750000e+01 6.828716993331909180e-01
1.562932141450693962e+03 6.080511474609375000e+01 6.828327775001525879e-01
1.562952974405266104e+03 6.053475952148437500e+01 6.826319694519042969e-01
1.562973807359371449e+03 6.039215087890625000e+01 6.825498342514038086e-01
1.562994640312546608e+03 6.059753417968750000e+01 6.840445399284362793e-01
1.563015473264790444e+03 6.143060302734375000e+01 6.828651428222656250e-01
1.563057139166947991e+03 6.117517089843750000e+01 6.831576228141784668e-01
1.563077972116863521e+03 6.141003417968750000e+01 6.836313009262084961e-01
1.563098805065847500e+03 6.160864257812500000e+01 6.833845376968383789e-01
1.563119638013899930e+03 6.090289306640625000e+01 6.826297640800476074e-01
1.563140470961487608e+03 6.136672973632812500e+01 6.836462616920471191e-01
1.563161303908143054e+03 6.143231201171875000e+01 6.847813725471496582e-01
1.563182136853867405e+03 6.086676025390625000e+01 6.829306483268737793e-01
1.563202969799126095e+03 6.097973632812500000e+01 6.827396154403686523e-01
1.563223802742987118e+03 6.048864746093750000e+01 6.826949715614318848e-01
1.563244635686382935e+03 6.209228515625000000e+01 6.837816834449768066e-01
1.563265468628847884e+03 6.117517089843750000e+01 6.824996471405029297e-01
1.563286301570381056e+03 6.167315673828125000e+01 6.829503178596496582e-01
1.563307134511449021e+03 6.086227416992187500e+01 6.824076771736145020e-01
1.563327967451586119e+03 6.096539306640625000e+01 6.827828288078308105e-01
1.563348800390790984e+03 6.092633056640625000e+01 6.831953525543212891e-01
1.563369633329064072e+03 6.014669799804687500e+01 6.829130053520202637e-01
1.563390466266406065e+03 6.082156372070312500e+01 6.828469634056091309e-01
1.563411299203281942e+03 6.023196411132812500e+01 6.834715008735656738e-01
1.563432132139228088e+03 6.170761108398437500e+01 6.830897927284240723e-01
1.563452965074242002e+03 6.075146484375000000e+01 6.824980378150939941e-01
1.563473798008324593e+03 6.083840942382812500e+01 6.823248267173767090e-01
1.563494630941941978e+03 6.004254150390625000e+01 6.825005412101745605e-01
1.563515463874163061e+03 6.129565429687500000e+01 6.828021407127380371e-01
1.563536296805917118e+03 6.101367187500000000e+01 6.831607818603515625e-01
1.563557129736740080e+03 6.146490478515625000e+01 6.840995550155639648e-01
1.563577962667096926e+03 6.097866821289062500e+01 6.824173927307128906e-01
1.563598795596057016e+03 6.184262084960937500e+01 6.836847066879272461e-01
1.563619628524551899e+03 6.192800903320312500e+01 6.857929825782775879e-01
1.563640461452115460e+03 6.147177124023437500e+01 6.828343272209167480e-01
1.563661294378747016e+03 6.086590576171875000e+01 6.838741898536682129e-01
1.563682127304447931e+03 6.056872558593750000e+01 6.824625134468078613e-01
1.563702960229217979e+03 6.019387817382812500e+01 6.827374100685119629e-01
1.563723793153521910e+03 6.161517333984375000e+01 6.852732300758361816e-01
1.563744626076894974e+03 6.063220214843750000e+01 6.819911599159240723e-01
1.563765458999335578e+03 6.001263427734375000e+01 6.824219822883605957e-01
1.563786291920845088e+03 6.092178344726562500e+01 6.825831532478332520e-01
1.563807124841423047e+03 6.047088623046875000e+01 6.822546720504760742e-01
1.563827957761536027e+03 6.148870849609375000e+01 6.836534142494201660e-01
1.563848790680252023e+03 6.049154663085937500e+01 6.860364675521850586e-01
1.563869623598502130e+03 6.186914062500000000e+01 6.866618394851684570e-01
1.563890456515820915e+03 6.159408569335937500e+01 6.832101941108703613e-01
1.563911289432209060e+03 6.114730834960937500e+01 6.844894289970397949e-01
1.563932122347664972e+03 5.944543457031250000e+01 6.820161938667297363e-01
1.563952955262655905e+03 6.080389404296875000e+01 6.836161017417907715e-01
1.563973788176248945e+03 6.154013061523437500e+01 6.827322244644165039e-01
1.563994621089377006e+03 6.089511108398437500e+01 6.852625012397766113e-01
1.564015454001573062e+03 6.039682006835937500e+01 6.834262609481811523e-01
1.564036286912838023e+03 6.076062011718750000e+01 6.825363636016845703e-01
1.564057119823171888e+03 6.063284301757812500e+01 6.822974681854248047e-01
1.564077952732575568e+03 6.080926513671875000e+01 6.827678084373474121e-01
1.564098785641047016e+03 6.116088867187500000e+01 6.825939416885375977e-01
1.564119618549052120e+03 6.173214721679687500e+01 6.831607222557067871e-01
1.564140451456125902e+03 6.142163085937500000e+01 6.828759908676147461e-01
1.564161284361803155e+03 6.134436035156250000e+01 6.828751564025878906e-01
1.564182117267014974e+03 6.028143310546875000e+01 6.822980046272277832e-01
1.564202950171295470e+03 6.163882446289062500e+01 6.829482316970825195e-01
1.564223783074644416e+03 6.059515380859375000e+01 6.823951005935668945e-01
1.564244615977061585e+03 6.066427612304687500e+01 6.823755502700805664e-01
1.564265448879014002e+03 6.076580810546875000e+01 6.831669211387634277e-01
1.564286281779568981e+03 6.062554931640625000e+01 6.830366849899291992e-01
1.564307114679658980e+03 6.107272338867187500e+01 6.851437091827392578e-01
1.564327947578351541e+03 5.990847778320312500e+01 6.821795701980590820e-01
1.564348780476577986e+03 5.976296997070312500e+01 6.818935275077819824e-01
1.564369613373873108e+03 6.191448974609375000e+01 6.848319172859191895e-01
1.564390446270236453e+03 6.131390380859375000e+01 6.827806830406188965e-01
1.564411279165203041e+03 6.090942382812500000e+01 6.831692457199096680e-01
1.564432112060169857e+03 6.169921875000000000e+01 6.825603246688842773e-01
1.564452944953739916e+03 5.949069213867187500e+01 6.817052364349365234e-01
1.564473777846380017e+03 6.064111328125000000e+01 6.821751594543457031e-01
1.564494610738087886e+03 6.183361816406250000e+01 6.828731298446655273e-01
1.564515443628863522e+03 6.096112060546875000e+01 6.823511719703674316e-01
1.564536276519173953e+03 6.117135620117187500e+01 6.830366849899291992e-01
1.564557109408086490e+03 6.126550292968750000e+01 6.830237507820129395e-01
1.564577942296068613e+03 6.019659423828125000e+01 6.823671460151672363e-01
1.564598775183585076e+03 6.141925048828125000e+01 6.835762858390808105e-01
1.564619608069705009e+03 6.060421752929687500e+01 6.874054670333862305e-01
1.564640440955358599e+03 6.038525390625000000e+01 6.824947595596313477e-01
1.564661273840080867e+03 6.029672241210937500e+01 6.835679411888122559e-01
1.564682106723407514e+03 5.966540527343750000e+01 6.817320585250854492e-01
1.564702939606267137e+03 6.011041259765625000e+01 6.836040616035461426e-01
1.564723772488194982e+03 6.025531005859375000e+01 6.836242079734802246e-01
1.564744605368725843e+03 6.201751708984375000e+01 6.843235492706298828e-01
1.564765438248791952e+03 6.084381103515625000e+01 6.824136972427368164e-01
1.564786271127926966e+03 6.053518676757812500e+01 6.821513772010803223e-01
1.564807104006129975e+03 6.000671386718750000e+01 6.815847158432006836e-01
1.564827936882936001e+03 5.981347656250000000e+01 6.843788027763366699e-01
1.564848769759277047e+03 6.022286987304687500e+01 6.848623752593994141e-01
1.564869602634686544e+03 6.140798950195312500e+01 6.827957034111022949e-01
1.564890435509164035e+03 6.011843872070312500e+01 6.827288866043090820e-01
1.564911268382244998e+03 6.169750976562500000e+01 6.825826168060302734e-01
1.564932101254859845e+03 6.017272949218750000e+01 6.823990345001220703e-01
1.564952934126543596e+03 6.076644897460937500e+01 6.817308664321899414e-01
1.564973766996831046e+03 6.131921386718750000e+01 6.821319460868835449e-01
1.564994599866652607e+03 6.006982421875000000e+01 6.821022629737854004e-01
1.565015432735076502e+03 6.167565917968750000e+01 6.828707456588745117e-01
1.565036265603035417e+03 6.052734375000000000e+01 6.824029088020324707e-01
1.565057098469597577e+03 6.024938964843750000e+01 6.815286874771118164e-01
1.565077931335692938e+03 6.088928222656250000e+01 6.819307208061218262e-01
1.565098764200391997e+03 6.048083496093750000e+01 6.818071007728576660e-01
1.565119597064159507e+03 5.988082885742187500e+01 6.814016699790954590e-01
1.565140429927460900e+03 6.008654785156250000e+01 6.824163198471069336e-01
1.565161262789365992e+03 6.109674072265625000e+01 6.823003888130187988e-01
1.565182095650338852e+03 6.135083007812500000e+01 6.830163598060607910e-01
1.565202928510381525e+03 6.163467407226562500e+01 6.828624010086059570e-01
1.565223761369492877e+03 6.202325439453125000e+01 6.827320456504821777e-01
1.565244594227207926e+03 6.139831542968750000e+01 6.823437809944152832e-01
1.565265427084456860e+03 6.004473876953125000e+01 6.820019483566284180e-01
1.565286259940773562e+03 6.073873901367187500e+01 6.822561621665954590e-01
1.565307092795693507e+03 6.075588989257812500e+01 6.823837757110595703e-01
1.565327925649682129e+03 6.235321044921875000e+01 6.828871369361877441e-01
1.565348758503204863e+03 6.149291992187500000e+01 6.821475625038146973e-01
1.565369591355330613e+03 6.043682861328125000e+01 6.816204190254211426e-01
1.565390424206525040e+03 6.037069702148437500e+01 6.832609176635742188e-01
1.565411257056322484e+03 5.990048217773437500e+01 6.834613084793090820e-01
1.565432089905654948e+03 6.053567504882812500e+01 6.818498373031616211e-01
1.565452922753590883e+03 6.186651611328125000e+01 6.841838955879211426e-01
1.565473755601060020e+03 6.167883300781250000e+01 6.828876733779907227e-01
1.565494588447131946e+03 6.052783203125000000e+01 6.828715801239013672e-01
1.565515421292273459e+03 6.109335327148437500e+01 6.827555894851684570e-01
1.565536254136016851e+03 6.092349243164062500e+01 6.818671822547912598e-01
1.565557086979295491e+03 6.042495727539062500e+01 6.840885877609252930e-01
1.565577919821177602e+03 6.164752197265625000e+01 6.848761439323425293e-01
1.565598752662594052e+03 5.966589355468750000e+01 6.809856295585632324e-01
1.565619585502147402e+03 6.145339965820312500e+01 6.825481653213500977e-01
1.565640418341235545e+03 6.085034179687500000e+01 6.818957328796386719e-01
1.565661251179391456e+03 6.078332519531250000e+01 6.819411516189575195e-01
1.565682084016150611e+03 6.153961181640625000e+01 6.824517250061035156e-01
1.565702916851978443e+03 6.102828979492187500e+01 6.830779910087585449e-01
1.565723749686874953e+03 6.062548828125000000e+01 6.827441453933715820e-01
1.565744582520374024e+03 6.101998901367187500e+01 6.819728016853332520e-01
1.565765415352942455e+03 6.191409301757812500e+01 6.822276115417480469e-01
1.565786248184579108e+03 6.108636474609375000e+01 6.819921135902404785e-01
1.565807081015284894e+03 6.020623779296875000e+01 6.815389394760131836e-01
1.565827913844594150e+03 6.053643798828125000e+01 6.815170645713806152e-01
1.565848746673437063e+03 5.996499633789062500e+01 6.810700893402099609e-01
1.565869579500416876e+03 6.081652832031250000e+01 6.815518140792846680e-01
1.565890412326931482e+03 6.169836425781250000e+01 6.822975873947143555e-01
1.565911245152049105e+03 6.097827148437500000e+01 6.822774410247802734e-01
1.565932077976235405e+03 6.081774902343750000e+01 6.817097067832946777e-01
1.565952910799024494e+03 6.016567993164062500e+01 6.821853518486022949e-01
1.565973743620882487e+03 6.127825927734375000e+01 6.824848055839538574e-01
1.565994576441808931e+03 6.107479858398437500e+01 6.833845973014831543e-01
1.566015409261338846e+03 6.046783447265625000e+01 6.821460723876953125e-01
1.566036242079937892e+03 6.076046752929687500e+01 6.819848418235778809e-01
1.566057074897604934e+03 6.078454589843750000e+01 6.843709945678710938e-01
1.566077907713874993e+03 5.949725341796875000e+01 6.815170645713806152e-01
1.566098740529213956e+03 6.175790405273437500e+01 6.826386451721191406e-01
1.566119573343155480e+03 5.896252441406250000e+01 6.811237931251525879e-01
1.566140406156165454e+03 5.961975097656250000e+01 6.816040277481079102e-01
1.566182071778926456e+03 6.007015991210937500e+01 6.814534068107604980e-01
1.566202904588212050e+03 6.115100097656250000e+01 6.820675730705261230e-01
1.566223737396567003e+03 6.063873291015625000e+01 6.818185448646545410e-01
1.566244570203989042e+03 5.998678588867187500e+01 6.813774704933166504e-01
1.566265403010014552e+03 6.165701293945312500e+01 6.836571693420410156e-01
1.566286235815108512e+03 5.987841796875000000e+01 6.812292933464050293e-01
1.566307068618805488e+03 6.071975708007812500e+01 6.814178824424743652e-01
1.566327901421105480e+03 6.145367431640625000e+01 6.820101737976074219e-01
1.566348734222474604e+03 5.969567871093750000e+01 6.820135712623596191e-01
1.566369567022911951e+03 6.082495117187500000e+01 6.826019883155822754e-01
1.566390399821952997e+03 6.030380249023437500e+01 6.842486262321472168e-01
1.566411232619597513e+03 6.094296264648437500e+01 6.824277639389038086e-01
1.566432065416309570e+03 6.080587768554687500e+01 6.817234158515930176e-01
1.566452898211624415e+03 6.168746948242187500e+01 6.848430633544921875e-01
1.566473731005542959e+03 6.042947387695312500e+01 6.842526197433471680e-01
1.566494563798529953e+03 6.058959960937500000e+01 6.817665100097656250e-01
1.566515396590119963e+03 6.037448120117187500e+01 6.822555661201477051e-01
1.566536229380778423e+03 6.111138916015625000e+01 6.823518872261047363e-01
1.566557062169574010e+03 6.159460449218750000e+01 6.820228695869445801e-01
1.566577894957904391e+03 6.097119140625000000e+01 6.821255683898925781e-01
1.566598727744373036e+03 6.058993530273437500e+01 6.823062896728515625e-01
1.566619560529909450e+03 6.140432739257812500e+01 6.819338202476501465e-01
1.566640393314048652e+03 6.080978393554687500e+01 6.828707456588745117e-01
1.566661226096789960e+03 6.002694702148437500e+01 6.814873814582824707e-01
1.566682058878135422e+03 6.075909423828125000e+01 6.820681691169738770e-01
1.566702891658549106e+03 5.990185546875000000e+01 6.809303164482116699e-01
1.566723724437566489e+03 6.230642700195312500e+01 6.825948953628540039e-01
1.566744557215186433e+03 6.058670043945312500e+01 6.849626898765563965e-01
1.566765389991409393e+03 6.157263183593750000e+01 6.831148266792297363e-01
1.566786222766236051e+03 6.066760253906250000e+01 6.853408813476562500e-01
1.566807055540131387e+03 6.145587158203125000e+01 6.831272244453430176e-01
1.566827888312163850e+03 6.001367187500000000e+01 6.835142374038696289e-01
1.566848721083264536e+03 6.063586425781250000e+01 6.813333630561828613e-01
1.566869553852968465e+03 5.945788574218750000e+01 6.818121075630187988e-01
1.566890386620809522e+03 6.151815795898437500e+01 6.833444237709045410e-01
1.566911219387719484e+03 6.225302124023437500e+01 6.821374297142028809e-01
1.566932052153232462e+03 6.169998168945312500e+01 6.820414066314697266e-01
1.566952884917348001e+03 6.060052490234375000e+01 6.815013289451599121e-01
1.566973717679602032e+03 6.093270874023437500e+01 6.819858551025390625e-01
1.566994550440923831e+03 6.065890502929687500e+01 6.827414631843566895e-01
1.567015383200848419e+03 6.083837890625000000e+01 6.823125481605529785e-01
1.567036215958910589e+03 6.100863647460937500e+01 6.813537478446960449e-01
1.567057048716041436e+03 6.048565673828125000e+01 6.813688874244689941e-01
1.567077881471309865e+03 6.156109619140625000e+01 6.817770600318908691e-01
1.567098714225181084e+03 6.075134277343750000e+01 6.816924214363098145e-01
1.567119546977655546e+03 6.153350830078125000e+01 6.819434165954589844e-01
1.567140379728733024e+03 5.964184570312500000e+01 6.809633970260620117e-01
1.567161212477948084e+03 6.135977172851562500e+01 6.821998357772827148e-01
1.567182045225766615e+03 6.066607666015625000e+01 6.814420819282531738e-01
1.567202877972187480e+03 6.194067382812500000e+01 6.820906400680541992e-01
1.567223710717210452e+03 6.160052490234375000e+01 6.855907440185546875e-01
1.567244543460371005e+03 6.161480712890625000e+01 6.819146871566772461e-01
1.567265376202135030e+03 6.095544433593750000e+01 6.830981969833374023e-01
1.567286208942036410e+03 6.130102539062500000e+01 6.820912957191467285e-01
1.567307041680541033e+03 6.089965820312500000e+01 6.816051006317138672e-01
1.567327874417648445e+03 6.092822265625000000e+01 6.815914511680603027e-01
1.567348707152893439e+03 5.990460205078125000e+01 6.810212135314941406e-01
1.567369539886742132e+03 6.001089477539062500e+01 6.814640760421752930e-01
1.567390372618727952e+03 6.148406982421875000e+01 6.821455955505371094e-01
1.567411205348850444e+03 6.106130981445312500e+01 6.815317273139953613e-01
1.567432038077575498e+03 6.098907470703125000e+01 6.854480504989624023e-01
1.567452870804437453e+03 6.144476318359375000e+01 6.820726394653320312e-01
1.567473703529904014e+03 6.143545532226562500e+01 6.821513175964355469e-01
1.567494536253041133e+03 6.045629882812500000e+01 6.818747520446777344e-01
1.567515368975247611e+03 6.035159301757812500e+01 6.822752952575683594e-01
1.567536201695126010e+03 6.143566894531250000e+01 6.825226545333862305e-01
1.567557034413141992e+03 6.085494995117187500e+01 6.846294999122619629e-01
1.567577867129760989e+03 6.036312866210937500e+01 6.821363568305969238e-01
1.567598699844515977e+03 6.043383789062500000e+01 6.844295263290405273e-01
1.567619532557408547e+03 5.962939453125000000e+01 6.818141937255859375e-01
1.567640365267973493e+03 5.996618652343750000e+01 6.849114298820495605e-01
1.567661197977141001e+03 6.102911376953125000e+01 6.852276921272277832e-01
1.567682030684446545e+03 6.046166992187500000e+01 6.820166707038879395e-01
1.567702863389888989e+03 6.035046386718750000e+01 6.827577352523803711e-01
1.567723696093003127e+03 6.078686523437500000e+01 6.822084784507751465e-01
1.567744528794720964e+03 6.086291503906250000e+01 6.830652356147766113e-01
1.567765361494110039e+03 6.064950561523437500e+01 6.819724440574645996e-01
1.567786194191636014e+03 6.033428955078125000e+01 6.831336617469787598e-01
1.567807026887299571e+03 6.135369873046875000e+01 6.830503344535827637e-01
1.567827859580635049e+03 6.102548217773437500e+01 6.832096576690673828e-01
1.567848692272107428e+03 5.998083496093750000e+01 6.831494569778442383e-01
1.567869524961717389e+03 6.089749145507812500e+01 6.830148100852966309e-01
1.567890357648999043e+03 6.181307983398437500e+01 6.831629872322082520e-01
1.567911190334417370e+03 6.150878906250000000e+01 6.835781335830688477e-01
1.567932023017508527e+03 6.159146118164062500e+01 6.823186874389648438e-01
1.567952855698271605e+03 6.035253906250000000e+01 6.817892193794250488e-01
1.567973688377171584e+03 6.190359497070312500e+01 6.835647821426391602e-01
1.567994521053743028e+03 6.165252685546875000e+01 6.825981736183166504e-01
1.568015353728452055e+03 6.134753417968750000e+01 6.841855645179748535e-01
1.568036186400366660e+03 5.994360351562500000e+01 6.828410029411315918e-01
1.568057019070417937e+03 6.060815429687500000e+01 6.824726462364196777e-01
1.568077851738142044e+03 6.071481323242187500e+01 6.829202175140380859e-01
1.568098684403537391e+03 6.083389282226562500e+01 6.829523444175720215e-01
1.568119517066605113e+03 6.103076171875000000e+01 6.857685446739196777e-01
1.568140349727344983e+03 5.965371704101562500e+01 6.820751428604125977e-01
1.568161182385755637e+03 6.120095825195312500e+01 6.825627684593200684e-01
1.568182015041837076e+03 6.036242675781250000e+01 6.817634105682373047e-01
1.568202847695591572e+03 6.090820312500000000e+01 6.826464533805847168e-01
1.568223680347016852e+03 6.102462768554687500e+01 6.829920411109924316e-01
1.568244512995649075e+03 6.043200683593750000e+01 6.822866797447204590e-01
1.568265345642417515e+03 6.086871337890625000e+01 6.831414103507995605e-01
1.568286178286391987e+03 5.914147949218750000e+01 6.823151707649230957e-01
1.568307010928039062e+03 6.091470336914062500e+01 6.833826303482055664e-01
1.568327843566893080e+03 6.206933593750000000e+01 6.838670372962951660e-01
1.568348676203883997e+03 6.141815185546875000e+01 6.823876500129699707e-01
1.568369508838080037e+03 6.180496215820312500e+01 6.851266026496887207e-01
1.568390341469947543e+03 6.081451416015625000e+01 6.827406287193298340e-01
1.568411174099486971e+03 6.015631103515625000e+01 6.828054785728454590e-01
1.568432006726232430e+03 6.136611938476562500e+01 6.833456754684448242e-01
1.568452839351115472e+03 6.069268798828125000e+01 6.823474168777465820e-01
