1.438745483398437500e+03 6.489809360724862017e+02 7.948256675743567978e-01
1.438766296386718750e+03 6.479274268176111491e+02 7.944662677069048717e-01
1.438787170410156250e+03 6.455936160185942754e+02 7.931976739580961500e-01
1.438807983398437500e+03 6.484030464997737226e+02 7.944733950275784107e-01
1.438828796386718750e+03 6.483510091245424292e+02 7.945316866082986484e-01
1.438849670410156250e+03 6.468872720044932976e+02 7.938241338277564063e-01
1.438870483398437500e+03 6.482179535440378686e+02 7.944339688891630669e-01
1.438891296386718750e+03 6.467675557221474492e+02 7.938675695740396998e-01
1.438912170410156250e+03 6.478022743033209281e+02 7.944002056549896995e-01
1.438932983398437500e+03 6.469247310937815882e+02 7.936251324334923085e-01
1.438953796386718750e+03 6.468233532742697207e+02 7.940015033952715351e-01
1.438974670410156250e+03 6.482932393638175199e+02 7.945467276927031808e-01
1.438995544433593750e+03 6.468074698304166077e+02 7.936911088017482019e-01
1.439016357421875000e+03 6.476371389548530715e+02 7.939414837171285821e-01
1.439037170410156250e+03 6.481847435657674623e+02 7.943951035303531416e-01
1.439058044433593750e+03 6.488101020461941744e+02 7.945540418328471688e-01
1.439078857421875000e+03 6.486767200086102321e+02 7.944852862571090135e-01
1.439099670410156250e+03 6.475292424629077459e+02 7.942058891052107272e-01
1.439120544433593750e+03 6.476966647296726478e+02 7.941650612032000733e-01
1.439141357421875000e+03 6.479048221666305380e+02 7.941109084589328404e-01
1.439162170410156250e+03 6.481696050829577871e+02 7.945027289058615994e-01
1.439183044433593750e+03 6.474125824269486884e+02 7.940134392256783524e-01
1.439203857421875000e+03 6.465736097669188212e+02 7.936623832825235869e-01
1.439224670410156250e+03 6.474478290526309365e+02 7.939884788724672626e-01
1.439245544433593750e+03 6.462383473893416976e+02 7.935575357020323572e-01
1.439266357421875000e+03 6.478650976217937796e+02 7.943169919135421031e-01
1.439287170410156250e+03 6.475239796826972452e+02 7.941492623433155096e-01
1.439308044433593750e+03 6.477887523626384336e+02 7.943482449855830962e-01
1.439328857421875000e+03 6.491895157864709063e+02 7.951669526087318252e-01
1.439349670410156250e+03 6.475868385857332896e+02 7.943698925511410991e-01
1.439370544433593750e+03 6.497053313766302836e+02 7.952470793731888365e-01
1.439391357421875000e+03 6.484182148130391852e+02 7.947554730481586338e-01
1.439412170410156250e+03 6.473002945956890244e+02 7.942094164173622017e-01
1.439433044433593750e+03 6.474110401951996892e+02 7.943774334189707131e-01
1.439453857421875000e+03 6.478595921043347516e+02 7.946074142634393933e-01
1.439474670410156250e+03 6.475476821325945593e+02 7.942723050129915086e-01
1.439495544433593750e+03 6.471120388297014188e+02 7.943816352645157730e-01
1.439516357421875000e+03 6.476696570937114075e+02 7.943477197340275131e-01
1.439537170410156250e+03 6.480246497000448471e+02 7.947397234247176590e-01
1.439558044433593750e+03 6.488586647073530003e+02 7.951132804008110844e-01
1.439578857421875000e+03 6.470449650123198353e+02 7.942014236556554918e-01
1.439599670410156250e+03 6.471002816000629991e+02 7.942353454332958806e-01
1.439620544433593750e+03 6.494128747823577896e+02 7.952359490566863753e-01
1.439641357421875000e+03 6.480581457214204875e+02 7.945356250743758064e-01
1.439662170410156250e+03 6.483395716933291624e+02 7.946583078942731637e-01
1.439683044433593750e+03 6.471351324012485975e+02 7.942189475867343917e-01
1.439703857421875000e+03 6.472599849426297851e+02 7.942499043359839694e-01
1.439724670410156250e+03 6.476067644552481397e+02 7.943915020108800462e-01
1.439745544433593750e+03 6.481997271708137305e+02 7.946932977186638158e-01
1.439766357421875000e+03 6.458970983493832136e+02 7.936349334816131806e-01
1.439787170410156250e+03 6.483940030721877292e+02 7.949789340748997235e-01
1.439808044433593750e+03 6.479914605842665196e+02 7.945667570239096644e-01
1.439828857421875000e+03 6.485405409718051715e+02 7.947774470012600734e-01
1.439849670410156250e+03 6.484231050974998425e+02 7.947922209558183626e-01
1.439870544433593750e+03 6.467089300549577047e+02 7.940531864993723987e-01
1.439891357421875000e+03 6.480235343830512420e+02 7.946173532168138154e-01
1.439912170410156250e+03 6.489674395859118476e+02 7.951250496168500437e-01
1.439933044433593750e+03 6.479156852175860877e+02 7.945312364966466978e-01
1.439953857421875000e+03 6.492095346890481551e+02 7.954794687850114121e-01
1.439974670410156250e+03 6.469576929392130751e+02 7.942950052220772994e-01
1.439995544433593750e+03 6.476762451851170681e+02 7.946206161668536438e-01
1.440016357421875000e+03 6.468262792148148037e+02 7.943677165660211204e-01
1.440037170410156250e+03 6.484873745375687122e+02 7.950876798802488654e-01
1.440058044433593750e+03 6.476339948709019154e+02 7.946714339467984001e-01
1.440078857421875000e+03 6.468339708025761183e+02 7.942648006689554396e-01
1.440099670410156250e+03 6.466563991397421205e+02 7.941824358334887979e-01
1.440120544433593750e+03 6.477654553975380622e+02 7.947653351534517130e-01
1.440141357421875000e+03 6.480878857058808080e+02 7.949613519187358479e-01
1.440162170410156250e+03 6.468969214577673483e+02 7.943663659515692865e-01
1.440183044433593750e+03 6.468441050936872898e+02 7.944446977942476451e-01
1.440203857421875000e+03 6.485297386216976747e+02 7.951515484560502944e-01
1.440224670410156250e+03 6.470610994495965542e+02 7.944365573445605344e-01
1.440245544433593750e+03 6.483311278803795403e+02 7.950292416358988312e-01
1.440266418457031250e+03 6.472845657196670572e+02 7.947019230549673408e-01
1.440287231445312500e+03 6.467941220203044850e+02 7.942904277114745115e-01
1.440308044433593750e+03 6.473027207345953684e+02 7.945586928407907257e-01
1.440328918457031250e+03 6.494699205878043813e+02 7.954319247831733719e-01
1.440349731445312500e+03 6.470321028769716349e+02 7.944501747318901685e-01
1.440370544433593750e+03 6.469651172422921945e+02 7.942562831525675771e-01
1.440391418457031250e+03 6.474477923702933140e+02 7.946725965295700078e-01
1.440412231445312500e+03 6.467370635124076443e+02 7.942828484965746005e-01
1.440433044433593750e+03 6.471336616544455183e+02 7.946388809386284446e-01
1.440453918457031250e+03 6.488633629656505946e+02 7.952547618240118910e-01
1.440474731445312500e+03 6.492767024950959467e+02 7.955149469727681444e-01
1.440495544433593750e+03 6.461757152015252359e+02 7.941216792573555505e-01
1.440516418457031250e+03 6.477415025617334550e+02 7.947251359950678884e-01
1.440537231445312500e+03 6.485591769721727360e+02 7.951131304733682903e-01
1.440558044433593750e+03 6.465352379824333866e+02 7.943249835123626923e-01
1.440578918457031250e+03 6.479723007713108700e+02 7.948596376991277079e-01
1.440599731445312500e+03 6.474318042006709675e+02 7.947484232552994854e-01
1.440620544433593750e+03 6.486464720440992551e+02 7.951422158680202523e-01
1.440641418457031250e+03 6.481689302091668878e+02 7.949380708961287789e-01
1.440662231445312500e+03 6.473910877949638234e+02 7.944124356144525168e-01
1.440683044433593750e+03 6.478739182730928405e+02 7.950184831330034951e-01
1.440703918457031250e+03 6.475323661497507146e+02 7.948106692647701754e-01
1.440724731445312500e+03 6.469771710071174766e+02 7.944797720497724924e-01
1.440745544433593750e+03 6.476530160624739665e+02 7.948890323087194343e-01
1.440766418457031250e+03 6.467089729267408984e+02 7.943932277409984088e-01
1.440787231445312500e+03 6.475076226287482086e+02 7.947355984717631161e-01
1.440808044433593750e+03 6.475563806838482606e+02 7.948894447253560536e-01
1.440828918457031250e+03 6.470780313379103745e+02 7.946873349314468316e-01
1.440849731445312500e+03 6.474707527660277719e+02 7.947310234988997912e-01
1.440870544433593750e+03 6.468579738718767658e+02 7.944503247844447724e-01
1.440891418457031250e+03 6.467428807202713870e+02 7.945154824281807082e-01
1.440912231445312500e+03 6.472207823117234966e+02 7.947139233671393077e-01
1.440933044433593750e+03 6.477700565495653109e+02 7.951259491675974900e-01
1.440953918457031250e+03 6.470659495777533721e+02 7.947945082694102270e-01
1.440974731445312500e+03 6.482221418000715403e+02 7.954234946990121902e-01
1.440995544433593750e+03 6.487715414470484347e+02 7.954965149966759519e-01
1.441016418457031250e+03 6.467725813018984127e+02 7.947249484942292552e-01
1.441058044433593750e+03 6.484904468810607341e+02 7.955663819156530980e-01
1.441078918457031250e+03 6.477587289546364673e+02 7.953403505496454695e-01
1.441099731445312500e+03 6.462249665369309923e+02 7.947229234823527388e-01
1.441120544433593750e+03 6.466238015941362391e+02 7.948748975364690050e-01
1.441141418457031250e+03 6.470390515911711873e+02 7.948899696189477559e-01
1.441162231445312500e+03 6.464526844704139421e+02 7.949609020503629608e-01
1.441183044433593750e+03 6.466643676617452456e+02 7.948748600433701572e-01
1.441203918457031250e+03 6.465035388444838418e+02 7.946781093989130351e-01
1.441224731445312500e+03 6.461893974290940150e+02 7.947022980674656178e-01
1.441245544433593750e+03 6.483045556797828795e+02 7.955839132411600678e-01
1.441266418457031250e+03 6.454583261190434769e+02 7.943533474111917903e-01
1.441287231445312500e+03 6.480661789324614119e+02 7.955616244166610063e-01
1.441308044433593750e+03 6.478095001198054206e+02 7.954824659475945303e-01
1.441328918457031250e+03 6.465749373921073584e+02 7.948767721891556448e-01
1.441349731445312500e+03 6.464778617428006555e+02 7.948633870720590577e-01
1.441370544433593750e+03 6.483368295695805728e+02 7.957905514853411688e-01
1.441391418457031250e+03 6.485174326844647794e+02 7.958381115102545200e-01
1.441412231445312500e+03 6.476703068276590329e+02 7.954922441120040322e-01
1.441433044433593750e+03 6.466665833738715037e+02 7.950392877719641982e-01
1.441453918457031250e+03 6.473182002082411373e+02 7.953894737182114483e-01
1.441474731445312500e+03 6.479165954917666568e+02 7.958296108325224605e-01
1.441495544433593750e+03 6.467472069808526385e+02 7.953540274040081792e-01
1.441516418457031250e+03 6.458847522916751132e+02 7.949342843851535667e-01
1.441537231445312500e+03 6.473832996372595971e+02 7.955315803406967090e-01
1.441558044433593750e+03 6.474439983391503119e+02 7.957159102194112377e-01
1.441578918457031250e+03 6.469676143188671631e+02 7.955706149420190831e-01
1.441599731445312500e+03 6.466646591971862108e+02 7.953080122845436195e-01
1.441620544433593750e+03 6.463015852241795756e+02 7.951612932101863596e-01
1.441641418457031250e+03 6.461272110210297797e+02 7.950465598957324742e-01
1.441662231445312500e+03 6.480098015433644605e+02 7.959367801346984850e-01
1.441683105468750000e+03 6.465287528903838847e+02 7.954335358557553803e-01
1.441703918457031250e+03 6.469115062810718655e+02 7.954866994205028741e-01
1.441724792480468750e+03 6.472070762763270295e+02 7.957659464828373830e-01
1.441745605468750000e+03 6.476323213276833712e+02 7.958910608242315554e-01
1.441766418457031250e+03 6.477701623360472922e+02 7.959329609316505572e-01
1.441787292480468750e+03 6.475995256612070534e+02 7.959285800585286230e-01
1.441808105468750000e+03 6.468413634459125205e+02 7.955572040377693055e-01
1.441828918457031250e+03 6.465380727799724809e+02 7.953955061788708925e-01
1.441849792480468750e+03 6.475681890304388162e+02 7.959490988118037569e-01
1.441870605468750000e+03 6.477985828634506333e+02 7.959401500045221178e-01
1.441891418457031250e+03 6.462277142439384079e+02 7.953002554020230930e-01
1.441912292480468750e+03 6.477297185909625341e+02 7.959954138340934460e-01
1.441933105468750000e+03 6.476935476086038079e+02 7.958648861793203855e-01
1.441953918457031250e+03 6.475726038398748869e+02 7.959678947237757152e-01
1.441974792480468750e+03 6.471701683530388891e+02 7.957092060199451033e-01
1.441995605468750000e+03 6.484191393592963095e+02 7.964821015195031606e-01
1.442016418457031250e+03 6.474074338456418900e+02 7.959629898572760931e-01
1.442037292480468750e+03 6.479774378323993460e+02 7.963776625931668907e-01
1.442058105468750000e+03 6.467122349296109860e+02 7.956533604651785385e-01
1.442078918457031250e+03 6.481195772123068082e+02 7.962546832607165781e-01
1.442099792480468750e+03 6.468322336934040777e+02 7.958071416436138801e-01
1.442120605468750000e+03 6.475154755920895013e+02 7.960287350207653212e-01
1.442141418457031250e+03 6.475299024612800167e+02 7.960787516220865223e-01
1.442162292480468750e+03 6.468960146952015293e+02 7.958543262076269720e-01
1.442183105468750000e+03 6.486845332741970651e+02 7.967511997171974336e-01
1.442203918457031250e+03 6.469645034474783643e+02 7.958752962270346787e-01
1.442224792480468750e+03 6.467457327429710858e+02 7.956880818041941472e-01
1.442245605468750000e+03 6.479991621592972706e+02 7.962936075626818599e-01
1.442266418457031250e+03 6.482661040476684775e+02 7.967155521416176001e-01
1.442287292480468750e+03 6.477616345016718924e+02 7.963501192684040442e-01
1.442308105468750000e+03 6.466861907003512897e+02 7.958974264875672278e-01
1.442328918457031250e+03 6.475445648403327823e+02 7.963487345924175065e-01
1.442349792480468750e+03 6.468980873166286756e+02 7.961119944509944535e-01
1.442370605468750000e+03 6.468618114139716226e+02 7.960508610156904474e-01
1.442391418457031250e+03 6.480357048072746693e+02 7.966545398406349454e-01
1.442412292480468750e+03 6.469907167156505921e+02 7.960192629601570147e-01
1.442433105468750000e+03 6.469482988531914316e+02 7.962030307684303532e-01
1.442453918457031250e+03 6.482156783118356316e+02 7.967230708081211032e-01
1.442474792480468750e+03 6.463020848618084528e+02 7.957084194900485574e-01
1.442495605468750000e+03 6.488085929049118477e+02 7.969544688971558211e-01
1.442516418457031250e+03 6.451088246771486183e+02 7.953941947782716682e-01
1.442537292480468750e+03 6.467430419814111247e+02 7.962536727006130910e-01
1.442558105468750000e+03 6.472028015136129397e+02 7.963011676391257287e-01
1.442578918457031250e+03 6.464789348765064005e+02 7.960611563197486085e-01
1.442599792480468750e+03 6.481027321355095410e+02 7.966846163841079242e-01
1.442620605468750000e+03 6.472689441391949003e+02 7.966111438215978113e-01
1.442641418457031250e+03 6.476735567844087882e+02 7.966451500403772812e-01
1.442662292480468750e+03 6.462183654083925148e+02 7.961763049026668870e-01
1.442683105468750000e+03 6.476962821674444513e+02 7.969006926938643209e-01
1.442703918457031250e+03 6.498479201500476847e+02 7.978204466636547032e-01
1.442724792480468750e+03 6.473434604067608689e+02 7.966156705857424525e-01
1.442745605468750000e+03 6.470937733667371958e+02 7.966546894779902299e-01
1.442766418457031250e+03 6.481851901234226716e+02 7.971195518878150255e-01
1.442787292480468750e+03 6.488767852411191370e+02 7.973487418181263164e-01
1.442808105468750000e+03 6.480420598450918988e+02 7.969948173651195678e-01
1.442828918457031250e+03 6.486476389598228707e+02 7.973096447557335154e-01
1.442849792480468750e+03 6.479153502232170467e+02 7.968393579627759404e-01
1.442870605468750000e+03 6.476008439780739536e+02 7.967626455049802159e-01
1.442891418457031250e+03 6.471055442412533694e+02 7.964722980895148075e-01
1.442912292480468750e+03 6.475630992031146889e+02 7.967901745695973315e-01
1.442933105468750000e+03 6.476977854230657385e+02 7.968386473498121347e-01
1.442953918457031250e+03 6.464582747362785540e+02 7.964209216530642177e-01
1.442974792480468750e+03 6.473450744052568098e+02 7.967021605101199944e-01
1.442995605468750000e+03 6.473781061004178810e+02 7.968642290172803788e-01
1.443016418457031250e+03 6.478403475262517759e+02 7.967970192844870958e-01
1.443037292480468750e+03 6.475930375987978778e+02 7.965657251112409076e-01
1.443058105468750000e+03 6.468021234654664795e+02 7.964314741122069385e-01
1.443078918457031250e+03 6.478409819831053937e+02 7.968255195963305226e-01
1.443099792480468750e+03 6.471085752285761146e+02 7.966225916216885805e-01
1.443120605468750000e+03 6.466252393205012368e+02 7.964635048340072965e-01
1.443141418457031250e+03 6.478862487228096825e+02 7.969780649591310384e-01
1.443162292480468750e+03 6.481656988941583677e+02 7.970462315910078477e-01
1.443183105468750000e+03 6.470953560466045928e+02 7.965277869052622695e-01
1.443203918457031250e+03 6.483502097642141280e+02 7.971081860010090780e-01
1.443224792480468750e+03 6.473491876711813120e+02 7.967914836726209815e-01
1.443245605468750000e+03 6.473764429664519184e+02 7.967175720888427515e-01
1.443266418457031250e+03 6.473393270544266898e+02 7.968856212431719710e-01
1.443287292480468750e+03 6.485393971981914092e+02 7.973777830413507628e-01
1.443308105468750000e+03 6.482222482242360684e+02 7.970002393853798939e-01
1.443328918457031250e+03 6.471369100294572263e+02 7.968430980205617464e-01
1.443349792480468750e+03 6.488401377520804090e+02 7.976067119463284838e-01
1.443370666503906250e+03 6.469495963532968972e+02 7.965405080040929287e-01
1.443391479492187500e+03 6.478036378276560754e+02 7.969202888933265561e-01
1.443412292480468750e+03 6.475303177333044005e+02 7.969965748515891457e-01
1.443433166503906250e+03 6.487686770697201837e+02 7.973693735295236396e-01
1.443453979492187500e+03 6.478918161223856487e+02 7.967656752448122326e-01
1.443474792480468750e+03 6.470762705407654494e+02 7.966355730783007960e-01
1.443495666503906250e+03 6.488432935214322015e+02 7.974317513085337206e-01
1.443516479492187500e+03 6.474858985639489219e+02 7.969301242087658554e-01
1.443537292480468750e+03 6.474730898488386401e+02 7.965741056941448850e-01
1.443558166503906250e+03 6.464914094554919757e+02 7.963343263345528111e-01
1.443578979492187500e+03 6.475660418682497266e+02 7.967047790032560917e-01
1.443599792480468750e+03 6.477457662553988484e+02 7.969041332828434854e-01
1.443620666503906250e+03 6.479496123144268722e+02 7.972226226139577099e-01
1.443641479492187500e+03 6.474680245580115070e+02 7.968947838216072777e-01
1.443662292480468750e+03 6.486320154579362907e+02 7.975359400958861311e-01
1.443683166503906250e+03 6.479788106812254682e+02 7.971894260982870239e-01
1.443703979492187500e+03 6.481806356327730327e+02 7.973082243674728398e-01
1.443724792480468750e+03 6.464947472022662396e+02 7.965119600780987685e-01
1.443745666503906250e+03 6.468796446767059933e+02 7.965479909085035892e-01
1.443766479492187500e+03 6.481300478096101187e+02 7.973731858525417993e-01
1.443787292480468750e+03 6.472150507276464850e+02 7.968383855448762931e-01
1.443808166503906250e+03 6.487929036714524500e+02 7.975554459529454743e-01
1.443828979492187500e+03 6.474621359002859435e+02 7.969827766089068177e-01
1.443849792480468750e+03 6.478270142493603316e+02 7.972805636705805332e-01
1.443870666503906250e+03 6.476545500118784275e+02 7.970725917806942284e-01
1.443891479492187500e+03 6.485310041285653142e+02 7.975366874555204211e-01
1.443912292480468750e+03 6.475604716795553486e+02 7.969550672211477282e-01
1.443933166503906250e+03 6.481282364799525340e+02 7.972992534357888905e-01
1.443953979492187500e+03 6.473963693841044460e+02 7.970847059584699190e-01
1.443974792480468750e+03 6.463967889896961196e+02 7.966777707035005429e-01
1.443995666503906250e+03 6.474584565635013860e+02 7.973383510077145520e-01
1.444016479492187500e+03 6.482866537843067363e+02 7.975295127741214296e-01
1.444058166503906250e+03 6.467504318665588698e+02 7.969012162627107099e-01
1.444078979492187500e+03 6.471572724130112420e+02 7.968315411853191810e-01
1.444099792480468750e+03 6.485225195469639630e+02 7.975056340727105786e-01
1.444120666503906250e+03 6.474769394743570956e+02 7.970461942000487410e-01
1.444141479492187500e+03 6.462848055157639919e+02 7.964259359595945442e-01
1.444162292480468750e+03 6.478149733372958963e+02 7.973389116664086895e-01
1.444183166503906250e+03 6.478250927548749587e+02 7.974676658389506789e-01
1.444203979492187500e+03 6.468380360059242093e+02 7.967682561252117379e-01
1.444224792480468750e+03 6.483924130047846575e+02 7.975950914450943285e-01
1.444245666503906250e+03 6.495924715440462478e+02 7.981847583262771106e-01
1.444266479492187500e+03 6.475606727667244513e+02 7.972247160415839584e-01
1.444287292480468750e+03 6.477439944166565056e+02 7.972841147596836375e-01
1.444308166503906250e+03 6.472302539332551987e+02 7.969344995762435158e-01
1.444328979492187500e+03 6.477470691558108911e+02 7.972118937110924675e-01
1.444349792480468750e+03 6.479129219192725486e+02 7.971732759421713554e-01
1.444370666503906250e+03 6.482840431810072914e+02 7.974330967311346052e-01
1.444391479492187500e+03 6.480055368059901184e+02 7.973192883775395146e-01
1.444412292480468750e+03 6.474112687974799201e+02 7.971076251800303103e-01
1.444433166503906250e+03 6.478705013452421326e+02 7.972254636929754223e-01
1.444453979492187500e+03 6.476591331696678253e+02 7.973556564910243560e-01
1.444474792480468750e+03 6.478192650819258915e+02 7.973662713316563844e-01
1.444495666503906250e+03 6.484368931243701581e+02 7.975709531425925203e-01
1.444516479492187500e+03 6.475375338432774015e+02 7.970374072760070261e-01
1.444537292480468750e+03 6.484961117354210955e+02 7.973158869583569786e-01
1.444558166503906250e+03 6.480672748902969715e+02 7.973483680503153925e-01
1.444578979492187500e+03 6.470692263113105582e+02 7.968972146920809685e-01
1.444599792480468750e+03 6.473176047613437731e+02 7.971529382431049582e-01
1.444620666503906250e+03 6.470997138219544240e+02 7.969833749116471688e-01
1.444641479492187500e+03 6.477431899608005779e+02 7.974130646488101215e-01
1.444662292480468750e+03 6.484338709259932330e+02 7.975892998137376066e-01
1.444683166503906250e+03 6.484946500178596125e+02 7.975430399841354490e-01
1.444703979492187500e+03 6.485145257725916963e+02 7.975489066862081478e-01
1.444724792480468750e+03 6.479180968512778236e+02 7.973310250312134473e-01
1.444745666503906250e+03 6.462518173784687860e+02 7.964657125115383041e-01
1.444766479492187500e+03 6.489403456413836011e+02 7.976449724646194062e-01
1.444787292480468750e+03 6.482095500413314539e+02 7.974916577874467949e-01
1.444808166503906250e+03 6.480896096643903093e+02 7.974445701038743728e-01
1.444828979492187500e+03 6.471511906032350225e+02 7.969616487554119777e-01
1.444849792480468750e+03 6.475577005117385170e+02 7.971221690098484469e-01
1.444870666503906250e+03 6.487641483105117004e+02 7.976710886980807880e-01
1.444891479492187500e+03 6.471985170430392600e+02 7.970470168007448564e-01
1.444912292480468750e+03 6.477664177246266490e+02 7.972463228841286664e-01
1.444933166503906250e+03 6.473908153678160033e+02 7.970999605871077476e-01
1.444953979492187500e+03 6.468240772138552757e+02 7.968696893253262026e-01
1.444974792480468750e+03 6.480611660414399466e+02 7.972761528220916327e-01
1.444995666503906250e+03 6.471032690657556259e+02 7.968428736175896532e-01
1.445016479492187500e+03 6.478258333401613527e+02 7.972737978675671355e-01
1.445037292480468750e+03 6.477243156147894751e+02 7.973962836551868882e-01
1.445058166503906250e+03 6.489528052523900215e+02 7.979097193389780296e-01
1.445078979492187500e+03 6.474604201631185560e+02 7.972409025374777025e-01
1.445099792480468750e+03 6.491264819516817397e+02 7.980250866754239336e-01
1.445120666503906250e+03 6.483414489333306392e+02 7.975372853427235009e-01
1.445141479492187500e+03 6.469437792350454401e+02 7.968665477828020816e-01
1.445162292480468750e+03 6.486562084233808037e+02 7.977691196910745575e-01
1.445183166503906250e+03 6.468948916358749557e+02 7.968884261253104118e-01
1.445203979492187500e+03 6.469293699204549739e+02 7.970679554417182677e-01
1.445224792480468750e+03 6.483061668404775446e+02 7.975496540336918239e-01
1.445245666503906250e+03 6.480010277109179242e+02 7.974489800208139911e-01
1.445266479492187500e+03 6.484373614988529653e+02 7.976861079472182814e-01
1.445287292480468750e+03 6.465681252103389625e+02 7.968118679993535514e-01
1.445308166503906250e+03 6.486642500740491641e+02 7.978849555770058943e-01
1.445328979492187500e+03 6.477686287334929602e+02 7.974518576653291113e-01
1.445349792480468750e+03 6.472643428635360578e+02 7.972837783413941892e-01
1.445370666503906250e+03 6.487545210046538386e+02 7.979582361559844905e-01
1.445391479492187500e+03 6.480535871110506605e+02 7.975169942952486934e-01
1.445412292480468750e+03 6.488275507650005238e+02 7.980398005070670209e-01
1.445433166503906250e+03 6.464259582431319586e+02 7.970297420078378270e-01
1.445454040527343750e+03 6.479450048277014957e+02 7.978041598597186423e-01
1.445474853515625000e+03 6.485716783408295214e+02 7.980667253696538399e-01
1.445495666503906250e+03 6.481223667216819422e+02 7.978073350654764084e-01
1.445516540527343750e+03 6.487248680115794741e+02 7.980866290183714629e-01
1.445537353515625000e+03 6.475662251182455975e+02 7.974141858607424194e-01
1.445558166503906250e+03 6.473567817547354935e+02 7.974517829214470277e-01
1.445579040527343750e+03 6.471019865617207643e+02 7.972569017993734741e-01
1.445599853515625000e+03 6.477279176672994936e+02 7.976607020867544362e-01
1.445620666503906250e+03 6.469535714176463443e+02 7.974033847869035352e-01
1.445641540527343750e+03 6.489431016629634996e+02 7.982239245329263433e-01
1.445662353515625000e+03 6.474437038107970466e+02 7.976817367023909533e-01
1.445683166503906250e+03 6.474401626039009443e+02 7.976612998810023170e-01
1.445704040527343750e+03 6.485501895905866832e+02 7.981749758088424462e-01
1.445724853515625000e+03 6.490753669774420587e+02 7.984311112896654850e-01
1.445745666503906250e+03 6.482199618236268179e+02 7.979885249902298749e-01
1.445766540527343750e+03 6.477872186752075550e+02 7.977648236156585915e-01
1.445787353515625000e+03 6.475941899078417237e+02 7.977684846205137514e-01
1.445808166503906250e+03 6.475487936141034879e+02 7.979668262011073709e-01
1.445829040527343750e+03 6.474663106545801838e+02 7.977825307689724310e-01
1.445849853515625000e+03 6.484061483894753337e+02 7.984040494059309045e-01
1.445870666503906250e+03 6.466571448136725166e+02 7.973891450853536345e-01
1.445891540527343750e+03 6.483663046978654165e+02 7.984371207697317230e-01
1.445912353515625000e+03 6.489747139398624540e+02 7.986432446819753395e-01
1.445933166503906250e+03 6.471347438764279332e+02 7.977540646470111518e-01
1.445954040527343750e+03 6.472605801411565380e+02 7.980094389273582056e-01
1.445974853515625000e+03 6.482293686708449059e+02 7.983530212621356981e-01
1.445995666503906250e+03 6.477664923228643374e+02 7.982525232372552626e-01
1.446016540527343750e+03 6.487857484498931626e+02 7.985448731489831475e-01
1.446037353515625000e+03 6.472219219302818374e+02 7.978279549177211827e-01
1.446058166503906250e+03 6.480033665436696992e+02 7.982981073044802534e-01
1.446079040527343750e+03 6.490381269125078916e+02 7.987763404383403376e-01
1.446099853515625000e+03 6.471156985011444931e+02 7.979286184652503167e-01
1.446120666503906250e+03 6.483613838944536383e+02 7.986214890473768424e-01
1.446141540527343750e+03 6.478504293292575085e+02 7.984034521678069485e-01
1.446162353515625000e+03 6.488642527073792508e+02 7.987611924463334789e-01
1.446183166503906250e+03 6.483588884805457155e+02 7.984701534394916811e-01
1.446204040527343750e+03 6.471306876714786540e+02 7.979675358093956117e-01
1.446224853515625000e+03 6.468605288568678588e+02 7.978498442501770205e-01
1.446245666503906250e+03 6.475170146083017926e+02 7.981594056769455436e-01
1.446266540527343750e+03 6.483175730910710399e+02 7.988160372614638849e-01
1.446287353515625000e+03 6.493004226776632777e+02 7.990647690628530642e-01
1.446308166503906250e+03 6.473083452876143156e+02 7.984311112896654850e-01
1.446329040527343750e+03 6.482174227609714308e+02 7.987648861950062962e-01
1.446349853515625000e+03 6.458829742164285790e+02 7.976786357193140775e-01
1.446370666503906250e+03 6.482185772782337381e+02 7.987639161212511940e-01
1.446391540527343750e+03 6.478117821670263083e+02 7.987189183284429950e-01
1.446412353515625000e+03 6.485752279740962649e+02 7.988642378947490297e-01
1.446433166503906250e+03 6.479321483976381160e+02 7.986655967664902933e-01
1.446454040527343750e+03 6.471637869564451648e+02 7.980815878034419608e-01
1.446474853515625000e+03 6.471182443241538067e+02 7.981912923837325424e-01
1.446495666503906250e+03 6.484254710200232239e+02 7.987719751597627260e-01
1.446516540527343750e+03 6.470815035791899845e+02 7.982351625271992823e-01
1.446537353515625000e+03 6.473123440573533571e+02 7.984166286301139781e-01
1.446558166503906250e+03 6.497951390833436562e+02 7.996004656661998000e-01
1.446579040527343750e+03 6.474631777719901038e+02 7.986879855395593308e-01
1.446599853515625000e+03 6.471741019528440120e+02 7.983274499706928262e-01
1.446620666503906250e+03 6.489175539495661269e+02 7.992469044310110959e-01
1.446641540527343750e+03 6.484566828909878495e+02 7.991245904160942937e-01
1.446662353515625000e+03 6.480003863573466560e+02 7.988680430840410240e-01
1.446683166503906250e+03 6.467478716492502144e+02 7.982307569536146730e-01
1.446704040527343750e+03 6.469280688244572275e+02 7.982436002527946162e-01
1.446724853515625000e+03 6.462228830389410632e+02 7.980487257702130188e-01
1.446745666503906250e+03 6.483492916039231204e+02 7.991284316592059955e-01
1.446766540527343750e+03 6.469798653814909812e+02 7.983467498387263328e-01
1.446787353515625000e+03 6.483478595440800518e+02 7.989188891193862441e-01
1.446808166503906250e+03 6.470226614616804000e+02 7.984513044563668061e-01
1.446829040527343750e+03 6.477103523228894346e+02 7.989053105976051672e-01
1.446849853515625000e+03 6.472273006266154880e+02 7.985159116937995405e-01
1.446870666503906250e+03 6.469613741627022137e+02 7.984689590616860233e-01
1.446891540527343750e+03 6.471811197564225040e+02 7.985358414676764216e-01
1.446912353515625000e+03 6.486911267545348210e+02 7.991417826324261897e-01
1.446933166503906250e+03 6.472087206125581815e+02 7.984776555842281187e-01
1.446954040527343750e+03 6.486566346994459309e+02 7.991055331019866204e-01
1.446974853515625000e+03 6.485268661730549411e+02 7.991721011929372454e-01
1.446995666503906250e+03 6.480479834418662222e+02 7.988598357904062031e-01
1.447016540527343750e+03 6.481663471313054288e+02 7.989111672960177435e-01
1.447058166503906250e+03 6.478897659186078499e+02 7.990795383419611042e-01
1.447079040527343750e+03 6.494744146208183793e+02 7.996603960197118388e-01
1.447099853515625000e+03 6.468751583023000649e+02 7.985286757635526866e-01
1.447120666503906250e+03 6.468072641516853309e+02 7.984545144136416805e-01
1.447141540527343750e+03 6.484367962340757003e+02 7.992524603244116621e-01
1.447162353515625000e+03 6.477453958100081763e+02 7.988424136649008300e-01
1.447183166503906250e+03 6.495277177327880054e+02 7.998988057746275748e-01
1.447204040527343750e+03 6.483230487016586494e+02 7.992725208797775149e-01
1.447224853515625000e+03 6.484016150946297330e+02 7.992197955918021179e-01
1.447245666503906250e+03 6.496978646852128350e+02 7.999042826254009197e-01
1.447266540527343750e+03 6.486989427384578448e+02 7.995084369946655611e-01
1.447287353515625000e+03 6.481744485761354326e+02 7.992503722079319362e-01
1.447308166503906250e+03 6.471379743246228600e+02 7.987674606157982860e-01
1.447329040527343750e+03 6.471878614305792325e+02 7.988562170932460571e-01
1.447349853515625000e+03 6.496194402884129886e+02 8.000852584111121102e-01
1.447370666503906250e+03 6.480725050357823420e+02 7.994046916920385382e-01
1.447391540527343750e+03 6.467370629590041062e+02 7.989202320375708988e-01
1.447412353515625000e+03 6.492702597157922355e+02 7.998863616341512772e-01
1.447433166503906250e+03 6.459609307855424731e+02 7.986043602662695751e-01
1.447454040527343750e+03 6.478176271367044592e+02 7.995359833416768591e-01
1.447474853515625000e+03 6.466038658157485770e+02 7.989106077406996631e-01
1.447495666503906250e+03 6.485690205357643663e+02 7.998078920255934365e-01
1.447516540527343750e+03 6.489662913566022553e+02 8.001250765299391388e-01
1.447537353515625000e+03 6.469602421398795968e+02 7.992988076483543702e-01
1.447558166503906250e+03 6.474193339541826617e+02 7.995027337758154884e-01
1.447579040527343750e+03 6.477287579513655373e+02 7.997490161342358794e-01
1.447599853515625000e+03 6.461710328295864656e+02 7.989943128605422329e-01
1.447620666503906250e+03 6.475497787672693448e+02 7.998248459880425987e-01
1.447641540527343750e+03 6.476409874608547170e+02 7.999232836536843694e-01
1.447662353515625000e+03 6.473017941728140840e+02 7.997252782355678269e-01
1.447683166503906250e+03 6.485658239624407315e+02 8.004983541839855166e-01
1.447704040527343750e+03 6.486287138377158499e+02 8.004114180880473883e-01
1.447724853515625000e+03 6.468214620259302592e+02 7.995362442632951705e-01
1.447745666503906250e+03 6.486333710968648347e+02 8.004974234406692091e-01
1.447766540527343750e+03 6.477702656065524707e+02 8.000362373131930660e-01
1.447787353515625000e+03 6.478494431289635713e+02 8.003782048897754020e-01
1.447808166503906250e+03 6.484008795437019899e+02 8.005751926197101076e-01
1.447829040527343750e+03 6.480371870643563170e+02 8.005572494202424227e-01
1.447849853515625000e+03 6.482879258548229018e+02 8.007305222237588449e-01
1.447870666503906250e+03 6.474189837242312251e+02 8.003725823397614958e-01
1.447891540527343750e+03 6.468605799579240738e+02 8.001660845136706612e-01
1.447912353515625000e+03 6.474900865401269812e+02 8.004288060626185697e-01
1.447933166503906250e+03 6.483221831669079620e+02 8.009866962661535972e-01
1.447954040527343750e+03 6.479405972715028383e+02 8.006931535597011651e-01
1.447974853515625000e+03 6.483713215850641518e+02 8.008878311313009091e-01
1.447995666503906250e+03 6.482503331554634087e+02 8.009977838792754490e-01
1.448016540527343750e+03 6.469281871050447990e+02 8.005924653612859210e-01
1.448037353515625000e+03 6.487965577213383312e+02 8.012747011825710475e-01
1.448058166503906250e+03 6.481757248674039147e+02 8.010642691318369257e-01
1.448079040527343750e+03 6.477014578436750298e+02 8.012118786626873934e-01
1.448099853515625000e+03 6.485590986747255329e+02 8.013724029170479213e-01
1.448120666503906250e+03 6.478830351998634569e+02 8.013231258379581723e-01
1.448141540527343750e+03 6.482278879103351983e+02 8.014252097061986824e-01
1.448162353515625000e+03 6.465177571728944486e+02 8.009251535024412005e-01
1.448183166503906250e+03 6.460127133545751121e+02 8.007295173123847309e-01
1.448204040527343750e+03 6.472588330357743871e+02 8.014506821597294772e-01
1.448224853515625000e+03 6.469752326468376395e+02 8.013527296390505761e-01
1.448245666503906250e+03 6.467176868626945634e+02 8.014906555459203608e-01
1.448266540527343750e+03 6.476052731430340828e+02 8.020751919684132591e-01
1.448287353515625000e+03 6.473418640506909014e+02 8.021887714062353458e-01
1.448308166503906250e+03 6.475645264764096964e+02 8.023669290583879121e-01
1.448329040527343750e+03 6.471788096228877976e+02 8.021128677941585794e-01
1.448349853515625000e+03 6.485992903804725529e+02 8.029123373530224761e-01
1.448370727539062500e+03 6.480302233149443509e+02 8.027929205788074674e-01
1.448391540527343750e+03 6.475327545528792825e+02 8.029285576584387352e-01
1.448412414550781250e+03 6.465312003511068042e+02 8.024395032165847486e-01
1.448433227539062500e+03 6.468788112395576491e+02 8.028119646057980674e-01
1.448454040527343750e+03 6.475690259400154218e+02 8.030445028849515499e-01
1.448474914550781250e+03 6.474058492598762768e+02 8.033354798825130816e-01
1.448495727539062500e+03 6.474898991239496127e+02 8.034205416147496281e-01
1.448516540527343750e+03 6.476545435696160666e+02 8.035495452323188070e-01
1.448537414550781250e+03 6.470078535238832274e+02 8.034168321762122922e-01
1.448558227539062500e+03 6.484285468256377953e+02 8.044765158782507530e-01
1.448579040527343750e+03 6.481126158152025027e+02 8.042799649121417094e-01
1.448599914550781250e+03 6.487541181125116054e+02 8.046350925008757260e-01
1.448620727539062500e+03 6.476274612632197432e+02 8.042553231843108108e-01
1.448641540527343750e+03 6.480656003097052462e+02 8.042642535819251037e-01
1.448662414550781250e+03 6.485793224593264767e+02 8.048429987020212506e-01
1.448683227539062500e+03 6.462498167476624076e+02 8.037755669047003115e-01
1.448704040527343750e+03 6.473089124172881839e+02 8.044397657947996993e-01
1.448724914550781250e+03 6.479258174991077794e+02 8.045602345982566517e-01
1.448745727539062500e+03 6.477372692755230901e+02 8.047635681345289838e-01
1.448766540527343750e+03 6.476208861140353292e+02 8.045611235998644251e-01
1.448787414550781250e+03 6.475351203668999460e+02 8.048878762841006340e-01
1.448808227539062500e+03 6.470709035214403002e+02 8.046905369377234107e-01
1.448829040527343750e+03 6.473565617854221728e+02 8.046420186346633363e-01
1.448849914550781250e+03 6.475326824257828093e+02 8.049046862193421914e-01
1.448870727539062500e+03 6.461559421776064482e+02 8.043793023267808984e-01
1.448891540527343750e+03 6.492905045411750962e+02 8.058184851416236860e-01
1.448912414550781250e+03 6.486672282452022955e+02 8.055372843552051076e-01
1.448933227539062500e+03 6.477847568974264050e+02 8.052653487838057345e-01
1.448954040527343750e+03 6.480399442006084882e+02 8.055959221894855027e-01
1.448974914550781250e+03 6.486030280506435020e+02 8.057850140033750996e-01
1.448995727539062500e+03 6.475224056217772386e+02 8.055052074687899522e-01
1.449016540527343750e+03 6.474063682947113421e+02 8.052921430851798235e-01
1.449037414550781250e+03 6.482037253885836208e+02 8.059502850361929260e-01
1.449058227539062500e+03 6.482100616080216469e+02 8.060311146000505023e-01
1.449079040527343750e+03 6.476628092305722930e+02 8.058368659377619370e-01
1.449099914550781250e+03 6.482279405143040094e+02 8.062145595006178223e-01
1.449120727539062500e+03 6.493352961942291586e+02 8.066486053441499493e-01
1.449141540527343750e+03 6.477456610423458869e+02 8.063077447601839642e-01
1.449162414550781250e+03 6.465026811676854095e+02 8.056018412289607245e-01
1.449183227539062500e+03 6.472976595535147908e+02 8.061026194513917220e-01
1.449204040527343750e+03 6.481616000555270602e+02 8.064544684605648994e-01
1.449224914550781250e+03 6.476893076999285768e+02 8.063702072310982016e-01
1.449245727539062500e+03 6.477040502690883841e+02 8.062554425787752388e-01
1.449266540527343750e+03 6.487130420827115813e+02 8.068825495194604791e-01
1.449287414550781250e+03 6.463536102883546164e+02 8.057505428254384539e-01
1.449308227539062500e+03 6.467974736855941273e+02 8.061828792341119154e-01
1.449329040527343750e+03 6.480611962675943687e+02 8.066586914995002022e-01
1.449349914550781250e+03 6.480949316675178125e+02 8.067319878292419366e-01
1.449370727539062500e+03 6.485673430557729944e+02 8.068182428728732924e-01
1.449391540527343750e+03 6.469237620393656698e+02 8.060955579825775930e-01
1.449412414550781250e+03 6.478222903514702011e+02 8.064486295891001300e-01
1.449433227539062500e+03 6.474598283368630973e+02 8.062020649817519535e-01
1.449454040527343750e+03 6.468346728292691523e+02 8.061059098529053113e-01
1.449474914550781250e+03 6.476351112850983327e+02 8.064721326370892784e-01
1.449495727539062500e+03 6.470075664356050993e+02 8.061461330015147198e-01
1.449516540527343750e+03 6.476013203814574126e+02 8.063239337230821979e-01
1.449537414550781250e+03 6.468165557510379813e+02 8.058015833151972451e-01
1.449558227539062500e+03 6.475388738326936391e+02 8.060014238037330747e-01
1.449579040527343750e+03 6.483068104223735872e+02 8.065621104603432068e-01
1.449599914550781250e+03 6.474820339385125862e+02 8.061854669338420765e-01
1.449620727539062500e+03 6.483159593345989151e+02 8.063709833615446687e-01
1.449641540527343750e+03 6.479033855593040698e+02 8.059832316422069765e-01
1.449662414550781250e+03 6.470083903051233847e+02 8.056227054962794565e-01
1.449683227539062500e+03 6.485041427412493249e+02 8.063641090373110387e-01
1.449704040527343750e+03 6.465530199299430478e+02 8.053935018590362427e-01
1.449724914550781250e+03 6.461392555224942953e+02 8.052522103682852039e-01
1.451808227539062500e+03 6.468548758990116312e+02 8.010361800648698738e-01
1.451829040527343750e+03 6.464152043080646308e+02 8.008051054587898010e-01
1.451849914550781250e+03 6.462200049629186651e+02 8.006301365135929382e-01
1.451870727539062500e+03 6.471189888233203646e+02 8.011401976930820901e-01
1.451891540527343750e+03 6.467996862481369362e+02 8.009182324363585126e-01
1.451912414550781250e+03 6.466289453061925769e+02 8.007754069789685403e-01
1.451933227539062500e+03 6.459573713212225812e+02 8.005423584929119984e-01
1.451954040527343750e+03 6.471430379099314223e+02 8.010651620131777895e-01
1.451974914550781250e+03 6.476620744834901870e+02 8.011849479036506905e-01
1.451995727539062500e+03 6.476306622053821229e+02 8.012781229901000390e-01
1.452016540527343750e+03 6.485158127435353208e+02 8.015942052330022882e-01
1.452037414550781250e+03 6.470761537501208522e+02 8.007714619852449589e-01
1.452058288574218750e+03 6.470303003592819096e+02 8.009260465388696737e-01
1.452079101562500000e+03 6.474108627873316664e+02 8.010224514075723334e-01
1.452099914550781250e+03 6.465527020397406659e+02 8.005832334250807536e-01
1.452120788574218750e+03 6.475749043685430024e+02 8.010216328894067539e-01
1.452141601562500000e+03 6.473780692966585093e+02 8.008672528488340880e-01
1.452162414550781250e+03 6.471535321837781112e+02 8.007159322755990072e-01
1.452183288574218750e+03 6.475532003042578708e+02 8.009968909228274425e-01
1.452204101562500000e+03 6.473960649296891461e+02 8.009271628330049131e-01
1.452224914550781250e+03 6.470895737579543265e+02 8.008337608426236987e-01
1.452245788574218750e+03 6.471796168718960871e+02 8.007149273459142069e-01
1.452266601562500000e+03 6.474762955012425891e+02 8.009191626906551065e-01
1.452287414550781250e+03 6.479157884591816128e+02 8.009532836716253268e-01
1.452308288574218750e+03 6.467061632874369934e+02 8.005669656009987145e-01
1.452329101562500000e+03 6.467456592767905477e+02 8.005437731429153603e-01
1.452349914550781250e+03 6.486378516580358564e+02 8.012828837414843752e-01
1.452370788574218750e+03 6.468524809632153847e+02 8.004711388026046759e-01
1.452391601562500000e+03 6.482089284907333422e+02 8.009452093723034016e-01
1.452412414550781250e+03 6.467320685974381149e+02 8.004741172752063427e-01
1.452433288574218750e+03 6.467740881804818400e+02 8.004644371987297280e-01
1.452454101562500000e+03 6.473857111810410743e+02 8.007097165791758897e-01
1.452474914550781250e+03 6.481055672306707720e+02 8.010576468974964781e-01
1.452495788574218750e+03 6.476829050863568682e+02 8.008363658266742791e-01
1.452516601562500000e+03 6.481011520529121981e+02 8.009353117330590965e-01
1.452537414550781250e+03 6.481038585458617263e+02 8.008585450619609691e-01
1.452558288574218750e+03 6.476414261884035568e+02 8.006181876542660669e-01
1.452579101562500000e+03 6.468354737739670099e+02 8.004250082931330113e-01
1.452599914550781250e+03 6.475697042165777475e+02 8.004902752959296430e-01
1.452620788574218750e+03 6.477974511401124573e+02 8.007614505460050047e-01
1.452641601562500000e+03 6.479113745665778197e+02 8.007346535128249121e-01
1.452662414550781250e+03 6.483452394803941843e+02 8.010500200991040876e-01
1.452683288574218750e+03 6.469711698591746654e+02 8.002827651261896769e-01
1.452704101562500000e+03 6.490554702939098206e+02 8.012594144509104233e-01
1.452724914550781250e+03 6.480760679261488804e+02 8.008444412233820531e-01
1.452745788574218750e+03 6.477438818660870083e+02 8.006745057951742961e-01
1.452766601562500000e+03 6.472452274404989794e+02 8.004693517137239089e-01
1.452787414550781250e+03 6.462859188796250010e+02 8.000012204041708763e-01
1.452808288574218750e+03 6.462365138257249555e+02 7.999396390793177547e-01
1.452829101562500000e+03 6.469650351961665820e+02 8.003446551815266430e-01
1.452849914550781250e+03 6.477634543875617510e+02 8.005872537974815240e-01
1.452870788574218750e+03 6.469812417783348337e+02 8.002922984429392539e-01
1.452891601562500000e+03 6.480960629645370545e+02 8.007609667186331714e-01
1.452912414550781250e+03 6.466531074131728474e+02 8.001398262374971315e-01
1.452933288574218750e+03 6.476207750463396451e+02 8.004646978177067940e-01
1.452954101562500000e+03 6.481812585510505187e+02 8.006147630261898351e-01
1.452974914550781250e+03 6.468814829716079657e+02 8.002772163856399779e-01
1.452995788574218750e+03 6.478124465239347956e+02 8.004705803377579754e-01
1.453016601562500000e+03 6.473374965542107020e+02 8.002717420871278131e-01
1.453037414550781250e+03 6.463239167388065880e+02 7.998186233666472189e-01
1.453058288574218750e+03 6.466884269178178783e+02 8.000757598767497258e-01
1.453079101562500000e+03 6.489725036178647315e+02 8.008837006323884511e-01
1.453099914550781250e+03 6.475681809214962641e+02 8.003561985250798871e-01
1.453120788574218750e+03 6.471983998076755142e+02 8.003798804765110964e-01
1.453141601562500000e+03 6.492401775137183222e+02 8.010657572668520299e-01
1.453162414550781250e+03 6.495444205893128355e+02 8.012231119438050220e-01
1.453183288574218750e+03 6.471063488629002904e+02 8.001540169873744279e-01
1.453204101562500000e+03 6.477992517966150672e+02 8.004701707966228597e-01
1.453224914550781250e+03 6.477360769942262095e+02 8.004708781857247102e-01
1.453245788574218750e+03 6.487865290562643850e+02 8.009046878114040036e-01
1.453266601562500000e+03 6.470224865404674119e+02 8.000141470373507424e-01
1.453287414550781250e+03 6.492383120121265847e+02 8.009253023419150574e-01
1.453308288574218750e+03 6.486450860487119598e+02 8.007554957272400298e-01
1.453329101562500000e+03 6.474733027472428830e+02 8.001939061724888669e-01
1.453349914550781250e+03 6.481272558928227454e+02 8.005776495410305005e-01
1.453370788574218750e+03 6.473620431758527047e+02 8.003112157821034023e-01
1.453391601562500000e+03 6.472330372418873594e+02 8.002470886596996236e-01
1.453412414550781250e+03 6.476478668738585611e+02 8.003365375047397645e-01
1.453433288574218750e+03 6.475001824045743888e+02 8.002080214768880762e-01
1.453454101562500000e+03 6.482030491545925770e+02 8.005248240708746632e-01
1.453474914550781250e+03 6.469606855818452686e+02 8.001580395163615522e-01
1.453495788574218750e+03 6.489245816993258131e+02 8.007736950029471501e-01
1.453516601562500000e+03 6.482029607614362021e+02 8.006042657053830114e-01
1.453537414550781250e+03 6.488634852435978928e+02 8.007551979851393886e-01
1.453558288574218750e+03 6.469720114708484289e+02 7.999679529208519879e-01
1.453579101562500000e+03 6.475828817714731258e+02 8.002131610245702964e-01
1.453599914550781250e+03 6.483253985048678487e+02 8.006406334952036463e-01
1.453620788574218750e+03 6.472097585945306264e+02 7.999038727943281746e-01
1.453641601562500000e+03 6.467011535954363808e+02 7.997961171940473069e-01
1.453662414550781250e+03 6.481943878649735780e+02 8.004839833865423637e-01
1.453683288574218750e+03 6.467587749086765143e+02 7.997990981804470323e-01
1.453704101562500000e+03 6.474222623501475482e+02 8.001183347801352763e-01
1.453724914550781250e+03 6.478205633794357254e+02 8.002605326923782902e-01
1.453745788574218750e+03 6.479032798287510104e+02 8.002942721232332302e-01
1.453766601562500000e+03 6.473826544793307676e+02 8.001386343520348055e-01
1.453787414550781250e+03 6.469231297809695889e+02 7.998404954805687916e-01
1.453808288574218750e+03 6.471251771281039282e+02 8.000685707149836068e-01
1.453829101562500000e+03 6.470197176276442406e+02 8.001015732775356160e-01
1.453849914550781250e+03 6.462198816957242116e+02 7.997399980516434193e-01
1.453870788574218750e+03 6.476686627129283806e+02 8.003927637595723565e-01
1.453891601562500000e+03 6.458384404750312342e+02 7.996605450945929450e-01
1.453912414550781250e+03 6.483513208634867624e+02 8.007145551494146973e-01
1.453933288574218750e+03 6.472131724256859115e+02 8.001410181211839889e-01
1.453954101562500000e+03 6.460176368509330587e+02 7.995992729767646967e-01
1.453974914550781250e+03 6.466577639319222044e+02 8.000858916427269207e-01
1.453995788574218750e+03 6.476159521465233411e+02 8.005092251857838237e-01
1.454016601562500000e+03 6.462584883862326706e+02 7.998991038354984484e-01
1.454037414550781250e+03 6.472688011411808020e+02 8.003038797804291615e-01
1.454058288574218750e+03 6.474179503913518374e+02 8.003482671488580946e-01
1.454079101562500000e+03 6.491908674693612511e+02 8.012883511320073593e-01
1.454099914550781250e+03 6.478711116485952743e+02 8.007407945788023174e-01
1.454120788574218750e+03 6.478109771980999767e+02 8.007035380546732029e-01
1.454141601562500000e+03 6.479374001092240860e+02 8.006834389102179816e-01
1.454162414550781250e+03 6.487704190638711452e+02 8.011159802025933363e-01
1.454183288574218750e+03 6.465325241886966978e+02 8.000830234719954470e-01
1.454204101562500000e+03 6.466939455376988235e+02 8.001116674689363606e-01
1.454224914550781250e+03 6.477103617274597127e+02 8.006794562420730399e-01
1.454245788574218750e+03 6.474828784662145154e+02 8.005645458735229925e-01
1.454266601562500000e+03 6.483344407620145375e+02 8.009058413460788950e-01
1.454287414550781250e+03 6.476304874905579254e+02 8.006948284873545152e-01
1.454308288574218750e+03 6.476344049548375779e+02 8.006228034341476008e-01
1.454329101562500000e+03 6.482930083966123220e+02 8.008353238340708558e-01
1.454349914550781250e+03 6.470421282948802855e+02 8.002167363426193614e-01
1.454370788574218750e+03 6.461760627820715399e+02 7.999213835711664888e-01
1.454391601562500000e+03 6.483563158661086163e+02 8.010348778988037877e-01
1.454412414550781250e+03 6.470381745542805447e+02 8.003538898696882509e-01
1.454433288574218750e+03 6.476004132156261903e+02 8.005681196222959040e-01
1.454454101562500000e+03 6.473979752704588009e+02 8.004802603399465699e-01
1.454474914550781250e+03 6.478115735496471643e+02 8.005779845751718193e-01
1.454495788574218750e+03 6.476675629658823254e+02 8.006728308250079529e-01
1.454516601562500000e+03 6.483338140393008189e+02 8.007675541892822491e-01
1.454537414550781250e+03 6.490211561447398481e+02 8.010774390306936166e-01
1.454558288574218750e+03 6.481843053128154679e+02 8.008254620512235133e-01
1.454579101562500000e+03 6.476034282121310071e+02 8.006091049129258064e-01
1.454620788574218750e+03 6.481478353535421775e+02 8.007481265777101065e-01
1.454641601562500000e+03 6.477461136134689923e+02 8.003383993644903605e-01
1.454662414550781250e+03 6.465100942590217983e+02 7.999359880110165077e-01
1.454683288574218750e+03 6.471128298518602833e+02 8.003602572740587950e-01
1.454704101562500000e+03 6.475619771967840279e+02 8.004983169542736476e-01
1.454724914550781250e+03 6.457998950791837842e+02 7.996641228834014958e-01
1.454745788574218750e+03 6.466586293070986358e+02 8.000343002476352217e-01
1.454766601562500000e+03 6.467469942923320332e+02 7.999751429868431352e-01
1.454787414550781250e+03 6.477630091255009575e+02 8.002766205454412418e-01
1.454808288574218750e+03 6.471258277161789465e+02 8.001747253466123810e-01
1.454829101562500000e+03 6.470875280110199128e+02 8.000174252281260223e-01
1.454849914550781250e+03 6.469279131257395647e+02 7.999202658734593241e-01
1.454870788574218750e+03 6.475504552915660952e+02 8.002477962459977334e-01
1.454891601562500000e+03 6.477836813471336654e+02 8.002928570321955482e-01
1.454912414550781250e+03 6.472517276174361314e+02 8.000889460470059777e-01
1.454933288574218750e+03 6.476838552711146804e+02 8.002015783741054378e-01
1.454954101562500000e+03 6.475398651982358160e+02 8.001598273005315898e-01
1.454974914550781250e+03 6.474557580032281976e+02 8.002414279467912062e-01
1.454995788574218750e+03 6.473672192778916497e+02 8.001782263471903800e-01
1.455016601562500000e+03 6.481156700511140798e+02 8.004650328991239627e-01
1.455037414550781250e+03 6.464533073475665788e+02 7.996792910394162623e-01
1.455058288574218750e+03 6.483471863154748007e+02 8.003875508954508833e-01
1.455079101562500000e+03 6.475840269290525839e+02 7.999593098544390823e-01
1.455099914550781250e+03 6.467699772031854764e+02 7.996665080670476433e-01
1.455120788574218750e+03 6.472883962370382278e+02 7.998148972228769082e-01
1.455141601562500000e+03 6.476156853910739528e+02 8.001400124694402205e-01
1.455162414550781250e+03 6.481041487840221862e+02 8.002547603514451602e-01
1.455183288574218750e+03 6.480687776604297596e+02 8.002688373420984158e-01
1.455204101562500000e+03 6.489527779466483253e+02 8.005116078513849764e-01
1.455224914550781250e+03 6.486326487664096021e+02 8.004511455183846991e-01
1.455245788574218750e+03 6.475694754175261778e+02 7.998994764114308875e-01
1.455266601562500000e+03 6.489012469404503918e+02 8.007081905624972018e-01
1.455287414550781250e+03 6.485979397240647586e+02 8.004766861989237592e-01
1.455308288574218750e+03 6.482048531554650026e+02 8.002579630747822526e-01
1.455329101562500000e+03 6.479311171881897735e+02 8.001302911040860666e-01
1.455349914550781250e+03 6.473013141871937250e+02 7.997145083757178918e-01
1.455370788574218750e+03 6.492025544712332703e+02 8.006188949125870868e-01
1.455391601562500000e+03 6.471375994140494186e+02 7.997206945413185553e-01
1.455412414550781250e+03 6.477143368513159203e+02 8.001107735235460927e-01
1.455433288574218750e+03 6.471035829550681910e+02 7.995878305220913695e-01
1.455454101562500000e+03 6.482736149082478505e+02 7.999861328592070553e-01
1.455474914550781250e+03 6.488010989617166615e+02 8.003153119974362184e-01
1.455495788574218750e+03 6.481348501562276851e+02 8.000894675294980551e-01
1.455516601562500000e+03 6.476501612378068558e+02 7.997039992377114048e-01
1.455537414550781250e+03 6.472863390415086542e+02 7.995982293720497180e-01
1.455558288574218750e+03 6.470811100007897494e+02 7.994802559877278725e-01
1.455579101562500000e+03 6.470529367882971883e+02 7.995610687021198482e-01
1.455599914550781250e+03 6.468090953930692422e+02 7.992099511640112786e-01
1.455620788574218750e+03 6.463587667393014726e+02 7.990981860317225571e-01
1.455641601562500000e+03 6.481630685259940492e+02 7.999706352328204151e-01
1.455662414550781250e+03 6.476936529193797014e+02 7.996270770865461230e-01
1.455683288574218750e+03 6.467399281307428964e+02 7.993585369213311864e-01
1.455704101562500000e+03 6.475006969503856453e+02 7.994894261069483976e-01
1.455724914550781250e+03 6.476625660902853951e+02 7.996778003243009136e-01
1.455745788574218750e+03 6.468152210015015271e+02 7.994319060995308535e-01
1.455766601562500000e+03 6.462894564230692822e+02 7.989566764830942081e-01
1.455787414550781250e+03 6.475656263112988427e+02 7.994702283792426423e-01
1.455808288574218750e+03 6.470606073697471174e+02 7.993372854443168141e-01
1.455829101562500000e+03 6.464302209945700497e+02 7.989704779373756338e-01
1.455849914550781250e+03 6.480195699850794426e+02 7.996772413054161754e-01
1.455870788574218750e+03 6.474520347973009393e+02 7.993617059528290714e-01
1.455891601562500000e+03 6.466794226003498807e+02 7.989833839464816068e-01
1.455912414550781250e+03 6.469005865113418849e+02 7.990670814427577318e-01
1.455933288574218750e+03 6.481556897857880131e+02 7.996637874663806711e-01
1.455954101562500000e+03 6.484514792125484064e+02 7.998382971179612833e-01
1.455974914550781250e+03 6.478035063312867123e+02 7.993614822569001799e-01
1.455995788574218750e+03 6.470095441924679562e+02 7.991154161102610454e-01
1.456016601562500000e+03 6.472980225767367983e+02 7.992863541664689819e-01
1.456037414550781250e+03 6.485060073412862494e+02 7.997566926037580348e-01
1.456058288574218750e+03 6.482538404939755310e+02 7.995349023797795329e-01
1.456079101562500000e+03 6.474065409816316787e+02 7.993343400195890291e-01
1.456099914550781250e+03 6.481773474972761733e+02 7.996114606881346010e-01
1.456120788574218750e+03 6.473256018970822652e+02 7.992098392948168151e-01
1.456141601562500000e+03 6.464987618917539294e+02 7.989910677719711529e-01
1.456162414550781250e+03 6.491696565571793371e+02 8.001166586456763818e-01
1.456183288574218750e+03 6.479336935068562298e+02 7.994670225001826447e-01
1.456204101562500000e+03 6.487418354802488238e+02 7.998967938608438910e-01
1.456224914550781250e+03 6.482856217423549197e+02 7.997040737710913172e-01
1.456245788574218750e+03 6.474597066614899177e+02 7.993185687633009850e-01
1.456266601562500000e+03 6.493891040399820440e+02 8.000766166119268608e-01
1.456287414550781250e+03 6.479116536547660417e+02 7.993813909494381642e-01
1.456308288574218750e+03 6.485238863355992862e+02 7.997115270740031701e-01
1.456329101562500000e+03 6.467525348994165597e+02 7.989303038520040312e-01
1.456349914550781250e+03 6.474054291700176691e+02 7.991365616080040590e-01
1.456370788574218750e+03 6.491097366464116476e+02 7.999550627962086491e-01
1.456391601562500000e+03 6.471352869245044985e+02 7.988844947232804916e-01
1.456412414550781250e+03 6.480466842716261908e+02 7.993488433352297085e-01
1.456433288574218750e+03 6.481457146383767167e+02 7.994536024017832032e-01
1.456454101562500000e+03 6.472664633416267179e+02 7.991846683279301145e-01
1.456474914550781250e+03 6.477312977627601640e+02 7.992071544294527818e-01
1.456495788574218750e+03 6.475734867755110145e+02 7.991398061057644053e-01
1.456516601562500000e+03 6.476336873823075848e+02 7.992637211442462641e-01
1.456537414550781250e+03 6.484889179532726757e+02 7.995656905845998086e-01
1.456558288574218750e+03 6.483249348330851944e+02 7.994462212516380006e-01
1.456579101562500000e+03 6.475928576941640813e+02 7.991837360546723001e-01
1.456599914550781250e+03 6.480082388530523758e+02 7.993078679937796194e-01
1.456620788574218750e+03 6.479188455984987058e+02 7.992842661385364256e-01
1.456641601562500000e+03 6.473580755302907619e+02 7.990960975121089716e-01
1.456662414550781250e+03 6.480446547136444906e+02 7.991588626025735165e-01
1.456683288574218750e+03 6.474770193203950157e+02 7.989255663847345534e-01
1.456704101562500000e+03 6.482610271208733366e+02 7.992799782069294201e-01
1.456724914550781250e+03 6.484849619368920912e+02 7.993836278501987858e-01
1.456745788574218750e+03 6.466064046983515254e+02 7.984778422038454337e-01
1.456766601562500000e+03 6.480793360351428873e+02 7.991377549880221975e-01
1.456787414550781250e+03 6.475436008317464029e+02 7.989276553501426514e-01
1.456808288574218750e+03 6.484363410290933416e+02 7.992752055255675225e-01
1.456829101562500000e+03 6.497438017842425779e+02 7.999640784543526895e-01
1.456849914550781250e+03 6.468930790348715618e+02 7.986031660891814710e-01
1.456870788574218750e+03 6.457373556460596546e+02 7.981647077703530879e-01
1.456891601562500000e+03 6.465070351854033106e+02 7.982767902637210033e-01
1.456912414550781250e+03 6.475836811914778082e+02 7.989751778376599223e-01
1.456933288574218750e+03 6.492138214675093195e+02 7.994046171307453985e-01
1.456954101562500000e+03 6.466646085006010480e+02 7.983797115905404418e-01
1.456974914550781250e+03 6.473956197942908375e+02 7.988838978443331129e-01
1.456995788574218750e+03 6.471096166070561821e+02 7.986941423421278774e-01
1.457016601562500000e+03 6.460305535737411446e+02 7.983126667774838037e-01
1.457037414550781250e+03 6.478893320783680565e+02 7.991500989080316808e-01
1.457058288574218750e+03 6.460372593915643620e+02 7.983236795358049642e-01
1.457079101562500000e+03 6.469066686497815226e+02 7.986730224457843086e-01
1.457099914550781250e+03 6.484556905137189915e+02 7.994700047136787946e-01
1.457120788574218750e+03 6.473250559476986155e+02 7.987251868296632029e-01
1.457141601562500000e+03 6.468583924797311511e+02 7.985781999155185940e-01
1.457162414550781250e+03 6.470118466309517089e+02 7.986501481471327546e-01
1.457183288574218750e+03 6.472649970096999823e+02 7.988301022978470112e-01
1.457204101562500000e+03 6.464706688155963548e+02 7.984411892740376215e-01
1.457224914550781250e+03 6.472919646484016312e+02 7.988714005889527847e-01
1.457245788574218750e+03 6.472039933663796774e+02 7.988002930808257851e-01
1.457266601562500000e+03 6.472838595189688249e+02 7.987028364128049285e-01
1.457287414550781250e+03 6.525752190093696754e+02 8.010431001118771821e-01
1.457308288574218750e+03 6.753242652540023983e+02 8.114193185054680013e-01
1.457329101562500000e+03 6.926048906112265513e+02 8.193591072525683305e-01
1.457349914550781250e+03 6.952787965751186903e+02 8.205286377041715040e-01
1.457370788574218750e+03 6.786081265900113522e+02 8.132118627903548447e-01
1.457391601562500000e+03 6.557844161046305089e+02 8.027365283055440948e-01
1.457412414550781250e+03 6.489468771982378712e+02 7.995592423057105158e-01
1.457433288574218750e+03 6.475497749417343130e+02 7.988281250000000000e-01
1.457454101562500000e+03 6.464976273134390112e+02 7.984984074184370284e-01
1.457474914550781250e+03 6.477059495515902654e+02 7.990881163332990145e-01
1.457495788574218750e+03 6.474045173023521329e+02 7.987365297068189651e-01
1.457516601562500000e+03 6.468469884425875307e+02 7.985375955625347855e-01
1.457537414550781250e+03 6.465647127606986260e+02 7.982553979850637305e-01
1.457558288574218750e+03 6.484794931170243899e+02 7.991944011957978766e-01
1.457579101562500000e+03 6.468148613993382696e+02 7.983415609452098050e-01
1.457620788574218750e+03 6.470624935402097435e+02 7.984720569754265584e-01
1.457641601562500000e+03 6.458243824288003907e+02 7.979947992289204706e-01
1.457662414550781250e+03 6.481214751294073722e+02 7.988450624493735885e-01
1.457683288574218750e+03 6.478823376356390327e+02 7.987656697152560881e-01
1.457704101562500000e+03 6.483078640806103294e+02 7.988744969420863429e-01
1.457724914550781250e+03 6.463761560283057861e+02 7.980082812058838515e-01
1.457745788574218750e+03 6.477885276172764861e+02 7.985052374905089456e-01
1.457766601562500000e+03 6.468033298926909538e+02 7.980645221209878848e-01
1.457787414550781250e+03 6.470525583854030174e+02 7.981451047846036539e-01
1.457808288574218750e+03 6.472479339001015433e+02 7.981803524744854883e-01
1.457829101562500000e+03 6.464403221048994510e+02 7.978170473811141417e-01
1.457849914550781250e+03 6.491902088022728776e+02 7.989698811226628727e-01
1.457870788574218750e+03 6.482217188986911651e+02 7.987274628804318377e-01
1.457891601562500000e+03 6.482699865849814387e+02 7.985427458613429952e-01
1.457912414550781250e+03 6.476296967729673497e+02 7.982057791317888062e-01
1.457933288574218750e+03 6.479106777861054525e+02 7.983123681242948466e-01
1.457954101562500000e+03 6.490557076259759697e+02 7.989532447331272325e-01
1.457974914550781250e+03 6.483567615530583907e+02 7.985731991232301041e-01
1.457995788574218750e+03 6.474567611142258556e+02 7.983286818911033977e-01
1.458016601562500000e+03 6.482720386573269025e+02 7.984930328944220834e-01
1.458037414550781250e+03 6.473540416577917540e+02 7.981813979330435460e-01
1.458058288574218750e+03 6.475151796364013990e+02 7.981895748652405587e-01
1.458079101562500000e+03 6.470924687171856249e+02 7.980407341166732005e-01
1.458099914550781250e+03 6.476330485765214462e+02 7.982128357256906837e-01
1.458120788574218750e+03 6.480171277590919772e+02 7.984545144136416805e-01
1.458141601562500000e+03 6.478870798993756353e+02 7.984716837334440154e-01
1.458162414550781250e+03 6.472711902703190390e+02 7.983245754823418139e-01
1.458183288574218750e+03 6.480160090834336870e+02 7.985781999155185940e-01
1.458204101562500000e+03 6.480964436313880697e+02 7.984830675354221974e-01
1.458224914550781250e+03 6.490588971942706848e+02 7.991001626613291053e-01
1.458245788574218750e+03 6.475777400243983948e+02 7.983176692017894815e-01
1.458266601562500000e+03 6.473568560155598561e+02 7.980733350791565650e-01
1.458287414550781250e+03 6.488249498249830367e+02 7.988933359404639667e-01
1.458308288574218750e+03 6.472229193789690953e+02 7.982141798317419212e-01
1.458329101562500000e+03 6.472388917784596742e+02 7.980967860361840582e-01
1.458349914550781250e+03 6.482711103278335258e+02 7.984760879777206277e-01
1.458370788574218750e+03 6.495610735204991215e+02 7.991275366139172220e-01
1.458391601562500000e+03 6.469825852614930000e+02 7.979543892797119620e-01
1.458412414550781250e+03 6.470873084090201246e+02 7.979909898755987996e-01
1.458433288574218750e+03 6.470697651112684525e+02 7.979816904955205903e-01
1.458454101562500000e+03 6.485620064394452129e+02 7.986827615486455922e-01
1.458474914550781250e+03 6.480135132345701550e+02 7.984760879777206277e-01
1.458495788574218750e+03 6.471260936515034246e+02 7.980928278019672195e-01
1.458516601562500000e+03 6.478386609964242098e+02 7.985179270867985846e-01
1.458537414550781250e+03 6.475069672415314699e+02 7.983288685455451894e-01
1.458558288574218750e+03 6.474126410628446138e+02 7.981321105401311122e-01
1.458579101562500000e+03 6.468863994721044719e+02 7.978728909017138715e-01
1.458599914550781250e+03 6.483800230723646791e+02 7.985673399461565847e-01
1.458620788574218750e+03 6.478757538824638686e+02 7.983533572298566749e-01
1.458641601562500000e+03 6.479870378463893985e+02 7.982940754034691944e-01
1.458662414550781250e+03 6.469123557701141181e+02 7.978053178774001664e-01
1.458683288574218750e+03 6.483235462411382741e+02 7.984271547128792834e-01
1.458704101562500000e+03 6.470971537017910578e+02 7.976497922630328974e-01
1.458724914550781250e+03 6.481519152596222284e+02 7.980928278019672195e-01
1.458745788574218750e+03 6.469850486710888617e+02 7.976260666175768455e-01
1.458766601562500000e+03 6.477708848043763510e+02 7.983236422046774416e-01
1.458787414550781250e+03 6.484045914243752122e+02 7.984921371369025911e-01
1.458808288574218750e+03 6.479125023648310844e+02 7.981769547247147267e-01
1.458829101562500000e+03 6.467706489884066059e+02 7.976054415460761549e-01
1.458849914550781250e+03 6.480618747879490229e+02 7.980591073314734496e-01
1.458870788574218750e+03 6.474949972924284793e+02 7.977530933440893923e-01
1.458891601562500000e+03 6.470492553710937500e+02 7.975247669858541721e-01
1.458912414550781250e+03 6.479364585498354927e+02 7.981548129901038235e-01
1.458933288574218750e+03 6.484443508651278307e+02 7.983491389582151321e-01
1.458954101562500000e+03 6.469397124092354261e+02 7.974401601625475955e-01
1.458974914550781250e+03 6.465056605480863254e+02 7.973340152338337372e-01
1.458995788574218750e+03 6.470945258402824720e+02 7.974833242173688941e-01
1.459016601562500000e+03 6.470179632200156448e+02 7.978147687330610083e-01
1.459037414550781250e+03 6.474592373697205403e+02 7.977857434171139461e-01
1.459058288574218750e+03 6.467962591691552916e+02 7.973324827563916806e-01
1.459079101562500000e+03 6.478450817279250487e+02 7.980046959932444173e-01
1.459099914550781250e+03 6.457152811091694957e+02 7.969678562890584184e-01
1.459120788574218750e+03 6.478163334774783380e+02 7.980008866871661777e-01
1.459141601562500000e+03 6.482019755207890057e+02 7.983523119964828219e-01
1.459162414550781250e+03 6.483903649345796794e+02 7.982493124677240148e-01
1.459183288574218750e+03 6.480787609075829323e+02 7.981504069730116502e-01
1.459204101562500000e+03 6.477779638219959679e+02 7.979602903056219887e-01
1.459224914550781250e+03 6.478318607876292390e+02 7.980400245734721176e-01
1.459245788574218750e+03 6.472661911728379209e+02 7.977000434652629091e-01
1.459266601562500000e+03 6.478132627733812114e+02 7.978995972908323742e-01
1.459287414550781250e+03 6.480508050954252894e+02 7.982530085850142454e-01
1.459308288574218750e+03 6.483263027745413183e+02 7.981547009730214359e-01
1.459329101562500000e+03 6.478052092037289640e+02 7.978097631554703639e-01
1.459349914550781250e+03 6.486502382421051607e+02 7.983465631884651970e-01
1.459370788574218750e+03 6.476141655836395330e+02 7.978830879921455788e-01
1.459391601562500000e+03 6.469750432195094163e+02 7.974214736998759268e-01
1.459412414550781250e+03 6.477269100553555745e+02 7.978538410429711902e-01
1.459433288574218750e+03 6.470610204751003494e+02 7.976581988184751060e-01
1.459454101562500000e+03 6.478726861297033111e+02 7.981135896421233111e-01
1.459474914550781250e+03 6.461829385991932213e+02 7.972311458206369217e-01
1.459495788574218750e+03 6.469177640779070089e+02 7.975873941709991088e-01
1.459516601562500000e+03 6.471166624729194154e+02 7.978610875134274361e-01
1.459537414550781250e+03 6.467777808561336315e+02 7.976505768786228412e-01
1.459558288574218750e+03 6.474567604013274149e+02 7.978363222419890821e-01
1.459579101562500000e+03 6.475938586443161284e+02 7.979117736135176164e-01
1.459599914550781250e+03 6.469862553549231734e+02 7.974015908227556348e-01
1.459620788574218750e+03 6.472535966107332115e+02 7.976763940372935124e-01
1.459641601562500000e+03 6.474170252190129986e+02 7.976471021465794120e-01
1.459662414550781250e+03 6.477737942869400740e+02 7.977891428330369239e-01
1.459683288574218750e+03 6.467522097694492231e+02 7.975861611056244138e-01
1.459704101562500000e+03 6.472476839174194083e+02 7.977666167629929861e-01
1.459724914550781250e+03 6.478261210081162744e+02 7.979006057663332596e-01
1.459745788574218750e+03 6.500844226398228329e+02 7.988409213880905968e-01
1.459766601562500000e+03 6.488461206053775641e+02 7.985596147234168551e-01
1.459787414550781250e+03 6.491521400400316679e+02 7.986203322131621984e-01
1.459808288574218750e+03 6.471556808855369809e+02 7.977054606920870317e-01
1.459829101562500000e+03 6.471498237250731336e+02 7.977795422474585063e-01
1.459849914550781250e+03 6.469663942490077488e+02 7.977316870217749933e-01
1.459870788574218750e+03 6.476609305503600353e+02 7.979937908724579199e-01
1.459891601562500000e+03 6.472367140731535073e+02 7.979622324058707195e-01
1.459912414550781250e+03 6.492228443234150745e+02 7.988423763580145831e-01
1.459933288574218750e+03 6.469105812978580161e+02 7.978984767610032280e-01
1.459954101562500000e+03 6.466300598788251364e+02 7.974313028338289033e-01
1.459974914550781250e+03 6.466075288938791346e+02 7.975097446982333249e-01
1.459995788574218750e+03 6.476556398136563075e+02 7.980836789779442997e-01
1.460016601562500000e+03 6.476470174440961500e+02 7.979713826222910589e-01
1.460037414550781250e+03 6.478963871654951845e+02 7.983243514958018316e-01
1.460058288574218750e+03 6.494254565698319084e+02 7.989961405483032575e-01
1.460079101562500000e+03 6.475036187435736110e+02 7.980023805348542831e-01
1.460099914550781250e+03 6.485578917186420540e+02 7.984483184380136711e-01
1.460120788574218750e+03 6.486204750420379241e+02 7.983956507037808237e-01
1.460141601562500000e+03 6.466659554009894464e+02 7.974948716073482213e-01
1.460162414550781250e+03 6.472026060099730103e+02 7.977719214669254377e-01
1.460183288574218750e+03 6.483421824918116272e+02 7.981173984102856167e-01
1.460204101562500000e+03 6.486097467680158388e+02 7.983284579057156050e-01
1.460224914550781250e+03 6.476378331369857051e+02 7.978066626700176522e-01
1.460245788574218750e+03 6.482997157663837697e+02 7.981661639729407121e-01
1.460266601562500000e+03 6.479475399570088712e+02 7.979948365754315764e-01
1.460287414550781250e+03 6.470376033904304904e+02 7.977427078004636352e-01
1.460308288574218750e+03 6.485737232977999156e+02 7.982788062604234680e-01
1.460329101562500000e+03 6.476115439213313039e+02 7.975776790588130494e-01
1.460349914550781250e+03 6.477071524122201254e+02 7.978171220907761541e-01
1.460370788574218750e+03 6.479054795543850105e+02 7.979174135036973814e-01
1.460391601562500000e+03 6.483899222507917557e+02 7.980163852209334330e-01
1.460412414550781250e+03 6.475656057241859571e+02 7.976771039039483036e-01
1.460433288574218750e+03 6.481617471827773898e+02 7.978335580463570276e-01
1.460454101562500000e+03 6.466983575665282160e+02 7.970732274057097388e-01
1.460474914550781250e+03 6.470797191439646667e+02 7.972514815246463105e-01
1.460495788574218750e+03 6.464475115962355858e+02 7.970559531808718567e-01
1.460516601562500000e+03 6.477363752365330356e+02 7.974838474037025948e-01
1.460537414550781250e+03 6.475114381194579209e+02 7.973900420819323154e-01
1.460558288574218750e+03 6.458769555568152327e+02 7.966908634839304781e-01
1.460579101562500000e+03 6.471259670619182316e+02 7.975415452760722390e-01
1.460620788574218750e+03 6.459393091542906404e+02 7.966748902629300355e-01
1.460641601562500000e+03 6.483566899732945785e+02 7.979496833670129963e-01
1.460662414550781250e+03 6.477317904132806916e+02 7.976493065482332945e-01
1.460683288574218750e+03 6.473832975421836409e+02 7.977556710300172105e-01
1.460704101562500000e+03 6.464917506519288963e+02 7.970646651202779598e-01
1.460724914550781250e+03 6.467869106020825711e+02 7.972712933844879890e-01
1.460745788574218750e+03 6.475449341384535273e+02 7.973644772840080552e-01
1.460766601562500000e+03 6.478071509054836952e+02 7.975045503588161777e-01
1.460787414550781250e+03 6.472651670300606384e+02 7.971252347704449459e-01
1.460808288574218750e+03 6.474722320711246084e+02 7.973935179341439250e-01
1.460829101562500000e+03 6.464300844316651364e+02 7.968379367362146137e-01
1.460849914550781250e+03 6.485186827212056642e+02 7.979287678636747261e-01
1.460870788574218750e+03 6.473547030543207939e+02 7.973033277464398605e-01
1.460891601562500000e+03 6.481094207716987512e+02 7.976205367594294549e-01
1.460912414550781250e+03 6.479010639932781714e+02 7.974374319662960175e-01
1.460933288574218750e+03 6.468316716614574489e+02 7.969623966535936965e-01
1.460954101562500000e+03 6.480089744478007105e+02 7.973857065891210016e-01
1.460974914550781250e+03 6.471131956690235256e+02 7.970738256405555111e-01
1.460995788574218750e+03 6.469519991531847154e+02 7.969707730652798583e-01
1.461016601562500000e+03 6.473827156700017440e+02 7.973618983334417321e-01
1.461037414550781250e+03 6.479546494631564428e+02 7.975013365779187735e-01
1.461058288574218750e+03 6.479479593210480743e+02 7.974238282182836146e-01
1.461079101562500000e+03 6.482842527727352717e+02 7.977590705740847943e-01
1.461099914550781250e+03 6.472698878807267420e+02 7.970537097475812738e-01
1.461120788574218750e+03 6.481813094470479655e+02 7.974521940127115016e-01
1.461141601562500000e+03 6.474416669374585354e+02 7.969698755968102066e-01
1.461162414550781250e+03 6.475125120933445260e+02 7.970405855363109637e-01
1.461183288574218750e+03 6.480315219405531479e+02 7.974652740786639660e-01
1.461204101562500000e+03 6.464128816289153292e+02 7.967235944936921221e-01
1.461224914550781250e+03 6.471250449977874268e+02 7.969577970686607671e-01
1.461245788574218750e+03 6.480827710899028489e+02 7.973553574793826870e-01
1.461266601562500000e+03 6.474033622790437903e+02 7.970051004756327773e-01
1.461287414550781250e+03 6.456299750144141854e+02 7.962953291705597847e-01
1.461308288574218750e+03 6.464936079300111942e+02 7.966309341959051382e-01
1.461329040527343750e+03 6.489535969571913938e+02 7.977972117183308454e-01
1.461349914550781250e+03 6.491831845893696027e+02 7.976864441958282370e-01
1.461370727539062500e+03 6.466375083779466877e+02 7.965705888531272594e-01
1.461391540527343750e+03 6.484096043392473803e+02 7.974457286437373060e-01
1.461412414550781250e+03 6.483976332289906850e+02 7.972447154748277809e-01
1.461433227539062500e+03 6.465789549943043539e+02 7.964068140690635511e-01
1.461454040527343750e+03 6.486105886238059384e+02 7.975702805478508406e-01
1.461474914550781250e+03 6.481894613663438349e+02 7.971988468715942577e-01
1.461495727539062500e+03 6.459905825152242187e+02 7.962587629162423131e-01
1.461516540527343750e+03 6.474704694302735106e+02 7.967938026498402326e-01
1.461537414550781250e+03 6.474150779463278695e+02 7.967040682702558607e-01
1.461558227539062500e+03 6.470083677167312999e+02 7.966010052730414515e-01
1.461579040527343750e+03 6.480118566838317520e+02 7.971343572078436468e-01
1.461599914550781250e+03 6.480099309775459915e+02 7.970369585794138123e-01
1.461620727539062500e+03 6.480950265630874583e+02 7.972791058504746786e-01
1.461641540527343750e+03 6.470688629929193212e+02 7.970152338838372152e-01
1.461662414550781250e+03 6.482799639156671674e+02 7.975740545443412710e-01
1.461683227539062500e+03 6.475169630530538143e+02 7.971807155223235020e-01
1.461704040527343750e+03 6.488591649502278642e+02 7.980195969276292489e-01
1.461724914550781250e+03 6.474318386455920518e+02 7.973737838623417007e-01
1.461745727539062500e+03 6.489949412363565671e+02 7.980275887928423018e-01
1.461766540527343750e+03 6.483217015163999122e+02 7.975144532068889625e-01
1.461787414550781250e+03 6.482572499230943777e+02 7.973857065891210016e-01
1.461808227539062500e+03 6.460803179039268116e+02 7.962916613927726317e-01
1.461829040527343750e+03 6.477195504089886526e+02 7.971185424241630235e-01
1.461849914550781250e+03 6.480378054899096014e+02 7.971302446465300395e-01
1.461870727539062500e+03 6.477507450758131426e+02 7.970992875949411971e-01
1.461891540527343750e+03 6.476592056620944504e+02 7.968058088594519583e-01
1.461912414550781250e+03 6.482525873685325450e+02 7.971333851498116907e-01
1.461933227539062500e+03 6.463390774529768805e+02 7.962550575419108378e-01
1.461954040527343750e+03 6.467375256244316688e+02 7.966390148123000392e-01
1.461974914550781250e+03 6.473883557897987657e+02 7.965206031361636851e-01
1.461995727539062500e+03 6.488171548940101729e+02 7.972283795267026685e-01
1.462016540527343750e+03 6.484206366334005907e+02 7.969876004119629265e-01
1.462037414550781250e+03 6.473175603525559154e+02 7.966653884760394044e-01
1.462058227539062500e+03 6.496491988442061256e+02 7.975454315112098236e-01
1.462079040527343750e+03 6.472285620971299522e+02 7.966562606685229087e-01
1.462099914550781250e+03 6.482890427628069574e+02 7.969421657604877085e-01
1.462120727539062500e+03 6.476635799219804994e+02 7.967444668240463157e-01
1.462141540527343750e+03 6.482406178891446871e+02 7.970740125888527983e-01
1.462162414550781250e+03 6.476217322197347812e+02 7.967341429440412126e-01
1.462183227539062500e+03 6.484091770814303572e+02 7.970290689563803710e-01
1.462204040527343750e+03 6.465906042036542658e+02 7.961470326869591885e-01
1.462224914550781250e+03 6.466437399200641494e+02 7.962404978737606109e-01
1.462245727539062500e+03 6.490815553627588770e+02 7.972424725727126349e-01
1.462266540527343750e+03 6.471566540237571417e+02 7.963817790408574959e-01
1.462287414550781250e+03 6.475585692215295239e+02 7.966396133732168705e-01
1.462308227539062500e+03 6.480740230672442976e+02 7.968803480380244331e-01
1.462329040527343750e+03 6.468320708966311940e+02 7.962931958732900606e-01
1.462349914550781250e+03 6.471609071152378192e+02 7.962896403651401611e-01
1.462370727539062500e+03 6.485752486277922344e+02 7.968536448889678159e-01
1.462391540527343750e+03 6.476840926089163304e+02 7.965351202693895516e-01
1.462412414550781250e+03 6.465498786064280239e+02 7.959471517995363454e-01
1.462433227539062500e+03 6.485145703960190531e+02 7.968720828732221984e-01
1.462454040527343750e+03 6.471813979293817738e+02 7.963173354825185957e-01
1.462474914550781250e+03 6.467561500465767494e+02 7.961039084852358227e-01
1.462495727539062500e+03 6.482008928843607691e+02 7.968747008080013794e-01
1.462516540527343750e+03 6.483568043529556917e+02 7.969524121550075613e-01
1.462537414550781250e+03 6.469480326336838516e+02 7.961807218443234246e-01
1.462558227539062500e+03 6.482749198948187086e+02 7.967494042845869595e-01
1.462579040527343750e+03 6.481520149980256065e+02 7.966155583522317452e-01
1.462599914550781250e+03 6.481330768906918820e+02 7.966554002550435554e-01
1.462620727539062500e+03 6.470041164815690991e+02 7.958818492447895521e-01
1.462641540527343750e+03 6.484584040888503296e+02 7.966494521538343143e-01
1.462662414550781250e+03 6.462436583589607153e+02 7.958760825920141446e-01
1.462683227539062500e+03 6.463688693965781340e+02 7.958357897482571941e-01
1.462704040527343750e+03 6.482927862483072659e+02 7.965522935467092003e-01
1.462724914550781250e+03 6.467614822703502568e+02 7.960147702437804229e-01
1.462745727539062500e+03 6.479303162622176160e+02 7.963757540511089417e-01
1.462766540527343750e+03 6.467622423310446038e+02 7.959525060718114498e-01
1.462787414550781250e+03 6.476065424182814922e+02 7.962036296571062266e-01
1.462808227539062500e+03 6.483771785732888020e+02 7.965873498284272713e-01
1.462829040527343750e+03 6.487281762475146252e+02 7.967785421596921269e-01
1.462849914550781250e+03 6.473097621882358226e+02 7.960519092709191780e-01
1.462870727539062500e+03 6.481684131900974535e+02 7.963304341890050653e-01
1.462891540527343750e+03 6.482809530082344054e+02 7.965706636796935358e-01
1.462912414550781250e+03 6.476440182276699034e+02 7.963970845551824329e-01
1.462933227539062500e+03 6.471281379163199290e+02 7.957590179963043298e-01
1.462954040527343750e+03 6.477606881981618017e+02 7.963141917609009024e-01
1.462974914550781250e+03 6.485180646690706681e+02 7.965821494742733044e-01
1.462995727539062500e+03 6.497601688807474147e+02 7.970857154649738652e-01
1.463016540527343750e+03 6.476824312358036195e+02 7.960094163903186359e-01
1.463037414550781250e+03 6.469053851875970622e+02 7.959577854238945038e-01
1.463058227539062500e+03 6.478784110702409862e+02 7.963680449915407911e-01
1.463079040527343750e+03 6.469788691047817792e+02 7.958093136929071942e-01
1.463099914550781250e+03 6.486097355975222172e+02 7.965512459499821674e-01
1.463120727539062500e+03 6.470188704314466577e+02 7.960419133523816138e-01
1.463141540527343750e+03 6.468494233112024858e+02 7.958144067507608721e-01
1.463162414550781250e+03 6.473761582828175278e+02 7.961717756404370627e-01
1.463183227539062500e+03 6.477174388515950341e+02 7.961335191910249298e-01
1.463204040527343750e+03 6.472089992344787106e+02 7.957554601013988593e-01
1.463224914550781250e+03 6.470163266204593810e+02 7.957853833744149563e-01
1.463245727539062500e+03 6.476679307101338736e+02 7.962089073440862252e-01
1.463266540527343750e+03 6.473018748132320752e+02 7.960814844745782715e-01
1.463287414550781250e+03 6.470894133300779458e+02 7.957880423342282850e-01
1.463308227539062500e+03 6.468832455490606890e+02 7.957192061179912956e-01
1.463329040527343750e+03 6.478991805102967874e+02 7.961429524588969908e-01
1.463349914550781250e+03 6.480107296135284969e+02 7.963032260633493564e-01
1.463370727539062500e+03 6.473631307406526503e+02 7.960511605173251626e-01
1.463391540527343750e+03 6.475417780023598198e+02 7.960948491112306291e-01
1.463412414550781250e+03 6.482495830233017386e+02 7.964571811136513801e-01
1.464266540527343750e+03 7.105054825320139571e+02 2.326674656057257984e+00
