1.383745163978655000e+03 6.683517593422784557e+02 8.459370842303074456e-01
1.383765997915914795e+03 6.668045648377387806e+02 8.451407591263504493e-01
1.383786831851777606e+03 6.687710659219560512e+02 8.455696264887690994e-01
1.383807665786242524e+03 6.693748841152450950e+02 8.471778539251264561e-01
1.383828499718844796e+03 6.679521589007100602e+02 8.455740673800244966e-01
1.383849333650517110e+03 6.680285615767865011e+02 8.466246695940968792e-01
1.383870167580792440e+03 6.692885442657265003e+02 8.454583146271350547e-01
1.383891001509205125e+03 6.680988730003849696e+02 8.442397638840726248e-01
1.383911835436685578e+03 6.662174410455426141e+02 8.441867757500272074e-01
1.383932669362769047e+03 6.687113661935144364e+02 8.450194451955744812e-01
1.383953503287456897e+03 6.670150619010983064e+02 8.447526696200493568e-01
1.383974337210745944e+03 6.693790075361852132e+02 8.450145781687186108e-01
1.383995171132638916e+03 6.672389270472303906e+02 8.452383266208161050e-01
1.384016005053134904e+03 6.672564418831368585e+02 8.441414101811913762e-01
1.384036838972233909e+03 6.682715063792169303e+02 8.471194558448387202e-01
1.384057672890401136e+03 6.683238356976340810e+02 8.447691096356835239e-01
1.384078506807171834e+03 6.691857551777081881e+02 8.446533524204811183e-01
1.384099340722546003e+03 6.681754557632330034e+02 8.453059860796451330e-01
1.384120174636523188e+03 6.672278167951770911e+02 8.445069132217566388e-01
1.384141008549103390e+03 6.666080042625376336e+02 8.451177319779922259e-01
1.384161842460751359e+03 6.676248945684102409e+02 8.444476598823409397e-01
1.384182676371001889e+03 6.682411021274059522e+02 8.446270305230321185e-01
1.384203510280322007e+03 6.671820280108506722e+02 8.451073290023088935e-01
1.384224344187779934e+03 6.682532546149097925e+02 8.456064922283836882e-01
1.384245178094772200e+03 6.671936645147389982e+02 8.449486942064690087e-01
1.384266011999900456e+03 6.677423304985380810e+02 8.445679620461582493e-01
1.384349347609242159e+03 6.695280754787135038e+02 8.462301466625999913e-01
1.384370181508318183e+03 6.686492210197861823e+02 8.454934228001729224e-01
1.384391015406461975e+03 6.685440787923064363e+02 8.445335564595080058e-01
1.384411849303209010e+03 6.685573312394320737e+02 8.448369477754678059e-01
1.384432683199025178e+03 6.679403481024933171e+02 8.448973731069761017e-01
1.384453517093909340e+03 6.678466643996312087e+02 8.463122704724430623e-01
1.384474350987396974e+03 6.675566505296789046e+02 8.443606956958827903e-01
1.384495184879488079e+03 6.660059784143605839e+02 8.440695263578278373e-01
1.384516018770646951e+03 6.690627995899598091e+02 8.450564760036163303e-01
1.384536852660408840e+03 6.696542570513582859e+02 8.450486820350383566e-01
1.384557686549239861e+03 6.679887084933515098e+02 8.438734388126515329e-01
1.384578520437140014e+03 6.685546074638547225e+02 8.452330730021665461e-01
1.384599354323643183e+03 6.681478975794917687e+02 8.452416762263980088e-01
1.384620188209215030e+03 6.677255854416226839e+02 8.451596599615148753e-01
1.384641022093388983e+03 6.692863184444515809e+02 8.450562291369356771e-01
1.384661855976632069e+03 6.676136083524024798e+02 8.461343489581405475e-01
1.384682689858943831e+03 6.686099894703838800e+02 8.450424750222172987e-01
1.384703523739859065e+03 6.685709097937184424e+02 8.448269293810729552e-01
1.384724357619842976e+03 6.690097077965888275e+02 8.459600890757864589e-01
1.384745191498895110e+03 6.689456568942568992e+02 8.462278927235499237e-01
1.384766025376550488e+03 6.692317608726026492e+02 8.461527697266221226e-01
1.384786859253274088e+03 6.673272807780022049e+02 8.467546229657234580e-01
1.384807693129065910e+03 6.678772305658631012e+02 8.445842997980320677e-01
1.384828527003461204e+03 6.681443476891756745e+02 8.445593166716184319e-01
1.384849360876925857e+03 6.674209305716864264e+02 8.443855082255451450e-01
1.384870194749458051e+03 6.678953967482729013e+02 8.443224342637702939e-01
1.384891028621058922e+03 6.673471958952339946e+02 8.456402550425838882e-01
1.384911862491263946e+03 6.685997630782535452e+02 8.458143341736865661e-01
1.384932696360538102e+03 6.689001521977484117e+02 8.448624165389867491e-01
1.384953530228880027e+03 6.670958016983155403e+02 8.452566963997891758e-01
1.384974364096291083e+03 6.688275077388284444e+02 8.448391701496738015e-01
1.384995197962304474e+03 6.695693086756388084e+02 8.455588061243347608e-01
1.385016031827386087e+03 6.682379696545386878e+02 8.443671900841919209e-01
1.385036865691537969e+03 6.687637896755820748e+02 8.454695240215310825e-01
1.385057699554758074e+03 6.689635141564091327e+02 8.472857390672340339e-01
1.385078533417045946e+03 6.699423794082634913e+02 8.457570752561971439e-01
1.385099367277938200e+03 6.685293404202111560e+02 8.454071302206658256e-01
1.385120201138363427e+03 6.678867528076710869e+02 8.447824801420986685e-01
1.385141034997392126e+03 6.688570778065097784e+02 8.453081367083914444e-01
1.385161868855489502e+03 6.692103038538689361e+02 8.454792528094065007e-01
1.385203536568425079e+03 6.682615247071171325e+02 8.458853298484961813e-01
1.385224370423728942e+03 6.694529572830339248e+02 8.453620064106438514e-01
1.385245204277634912e+03 6.672400129838987368e+02 8.457024554454805054e-01
1.385266038131076130e+03 6.666187123717293161e+02 8.447134027944419588e-01
1.385286871983119909e+03 6.680513870446927740e+02 8.449963794720977139e-01
1.385307705834232820e+03 6.670333436131377312e+02 8.440477411024220888e-01
1.385328539684413954e+03 6.681460663964251125e+02 8.454642718395158907e-01
1.385349373533663538e+03 6.671324773642961645e+02 8.459864399524407164e-01
1.385370207381981800e+03 6.685278001054076640e+02 8.464812471889137102e-01
1.385391041229368966e+03 6.689136364639732619e+02 8.461880251843877376e-01
1.385411875075824810e+03 6.694585918798744615e+02 8.459690724214037338e-01
1.385432708921349786e+03 6.667136873521700409e+02 8.443216577222886210e-01
1.385453542765478005e+03 6.682543468043429584e+02 8.474695729670476130e-01
1.385474376609139654e+03 6.679922180719199787e+02 8.469990586632516472e-01
1.385495210451870207e+03 6.684321380558656074e+02 8.455536249887575240e-01
1.385516044293204004e+03 6.679625796554355475e+02 8.450868047899916524e-01
1.385536878134072140e+03 6.670434036157980699e+02 8.448011773291786985e-01
1.385557711973543064e+03 6.678579387621729211e+02 8.450340461079502985e-01
1.385578545812549009e+03 6.686681095480278145e+02 8.485310694345528093e-01
1.385599379650622495e+03 6.670246280426961221e+02 8.452193570250673416e-01
1.385620213487298997e+03 6.677570681772882608e+02 8.480029825302072277e-01
1.385641047323510975e+03 6.672075665101408504e+02 8.456500171081942074e-01
1.385661881158325514e+03 6.663817427012382950e+02 8.444368957264392073e-01
1.385682714992674846e+03 6.678410891501248443e+02 8.461138144356894486e-01
1.385703548825626513e+03 6.683683989549031139e+02 8.453497732127762676e-01
1.385724382658112518e+03 6.691845438149010761e+02 8.459767169972507439e-01
1.385745216489667200e+03 6.683973139709042925e+02 8.457903387545785412e-01
1.385766050319824899e+03 6.681377253987138829e+02 8.463522025843596142e-01
1.385786884149517391e+03 6.675269430145973502e+02 8.447160135834282935e-01
1.385807717978279470e+03 6.674734343511727275e+02 8.454284221821420919e-01
1.385828551806108408e+03 6.668628067455084647e+02 8.452357527043498076e-01
1.385849385633006023e+03 6.681491740002994675e+02 8.452262326712295382e-01
1.385974388575303010e+03 6.672183877956241531e+02 8.465374009758314111e-01
1.385995222395682504e+03 6.690400600328711107e+02 8.466409324567292227e-01
1.386016056215596109e+03 6.685356416230406467e+02 8.468897997699622593e-01
1.386036890034577937e+03 6.692175730426781683e+02 8.481611514837619215e-01
1.386057723852163008e+03 6.688506370538169676e+02 8.487997823618754767e-01
1.386078557669281963e+03 6.666755439139171813e+02 8.460800705188709081e-01
1.386099391485469823e+03 6.668875444849177256e+02 8.462483188268733469e-01
1.386120225300726815e+03 6.685075478801239797e+02 8.496264927334487016e-01
1.386141059115518146e+03 6.681412298924436755e+02 8.465039555952346140e-01
1.386161892928912948e+03 6.691114633649006009e+02 8.480596681084118238e-01
1.386182726741842089e+03 6.673625715720323797e+02 8.458104230725149719e-01
1.386203560553372881e+03 6.679864536175584817e+02 8.462034511864541253e-01
1.386224394364438012e+03 6.675428274221296761e+02 8.462580386615347061e-01
1.386245228174573185e+03 6.678137318532460540e+02 8.464290331470777362e-01
1.386266061983776126e+03 6.687935915440905319e+02 8.498796756513091744e-01
1.386286895792048199e+03 6.689857013471187202e+02 8.469638721525605263e-01
1.386307729599855065e+03 6.663416600403622851e+02 8.453035181382761998e-01
1.386328563406262901e+03 6.670670339857809950e+02 8.458908260393206424e-01
1.386349397212205986e+03 6.684321747117812720e+02 8.468562275400063344e-01
1.386370231017218430e+03 6.675704555217238294e+02 8.474081001417691494e-01
1.386391064821299096e+03 6.692868537935078166e+02 8.470797006316816979e-01
1.386411898624449350e+03 6.682406799588251261e+02 8.471374682122027044e-01
1.386432732427133942e+03 6.677294473814810090e+02 8.462560313135235601e-01
1.386453566228420186e+03 6.686943401723168563e+02 8.473062451880152279e-01
1.386474400029242133e+03 6.687567196704217167e+02 8.474086628423141976e-01
1.386495233829131848e+03 6.679129285260461302e+02 8.481383820323464828e-01
1.386516067628090468e+03 6.686210563523179644e+02 8.462837463817638461e-01
1.386536901426583881e+03 6.680227879927992944e+02 8.464465672843117794e-01
1.386557735223678947e+03 6.690930413282769678e+02 8.474437605503298832e-01
1.386578569020308805e+03 6.698250639536789777e+02 8.477519811901272906e-01
1.386599402816008023e+03 6.669211178747509621e+02 8.466866568836213247e-01
1.386620236610776374e+03 6.666279041693765066e+02 8.470168272956836164e-01
1.386641070405079063e+03 6.683399723414169102e+02 8.470212957841923851e-01
1.386661904197983858e+03 6.674520378701512300e+02 8.461919345402815207e-01
1.386682737990422993e+03 6.682394426357190014e+02 8.469573976753613787e-01
1.386703571781930805e+03 6.674221985795321643e+02 8.466782091385233189e-01
1.386724405572506839e+03 6.676432681027927174e+02 8.488396325628223549e-01
1.386745239362619031e+03 6.673188358108691318e+02 8.470075735791681160e-01
1.386766073151798082e+03 6.690986684569691079e+02 8.481224289969688801e-01
1.386786906940047629e+03 6.691314018508974186e+02 8.486517760305688496e-01
1.386807740727364944e+03 6.668237342103036553e+02 8.477568676557033500e-01
1.386828574513750027e+03 6.671752190238670437e+02 8.468137852690471590e-01
1.386849408299669903e+03 6.664587537951085778e+02 8.479879055667706167e-01
1.386870242084658912e+03 6.684901500269789949e+02 8.470688995567677848e-01
1.386891075868717053e+03 6.683602205767306259e+02 8.482415073013477302e-01
1.386911909652307941e+03 6.678407422190027773e+02 8.472377605437775294e-01
1.386932743434501845e+03 6.683589563069733686e+02 8.473281928703616517e-01
1.386953577216232588e+03 6.680236271078715617e+02 8.479873081058213469e-01
1.386974410997496534e+03 6.679726853524980470e+02 8.486681053978990530e-01
1.386995244777363041e+03 6.664613736047714383e+02 8.470322382037519526e-01
1.387016078556764114e+03 6.677745349827567907e+02 8.470189735805079279e-01
1.387036912335232955e+03 6.675596791526226070e+02 8.476005922670082349e-01
1.387057746112770928e+03 6.693592786998765405e+02 8.483896203344518661e-01
1.387078579889843468e+03 6.685909339560104172e+02 8.487880902739252109e-01
1.387099413665985594e+03 6.679554209148029713e+02 8.480141231444914274e-01
1.387120247441196170e+03 6.677054897066884678e+02 8.475928216926378322e-01
1.387141081215474969e+03 6.683438229291916741e+02 8.485603257664382504e-01
1.387161914989286970e+03 6.684299467481827151e+02 8.487318044855406418e-01
1.387182748762168103e+03 6.690346208173534706e+02 8.483160588867074692e-01
1.387203582534119050e+03 6.675409583791558816e+02 8.483719858408562686e-01
1.387224416305603881e+03 6.688969964274800759e+02 8.490725871397077906e-01
1.387245250075693093e+03 6.674556563136427485e+02 8.486443311394630262e-01
1.387266083845780031e+03 6.666587371954555010e+02 8.475351906393626678e-01
1.387286917614470440e+03 6.680678905888557892e+02 8.482770975418467696e-01
1.387307751382695187e+03 6.692602204712702587e+02 8.501681540156550421e-01
1.387328585149989067e+03 6.685445284754229078e+02 8.488590829946940364e-01
1.387349418916351624e+03 6.691360627742133147e+02 8.494461078085565608e-01
1.387370252682248974e+03 6.696387005718008822e+02 8.503291446468478343e-01
1.387391086447215002e+03 6.680216962172179365e+02 8.482899560374433934e-01
1.387411920211247889e+03 6.683810115113479924e+02 8.492075353476781219e-01
1.387432753974816023e+03 6.685752576308244670e+02 8.491692466309811449e-01
1.387453587737452835e+03 6.684243439072984074e+02 8.488190230449033091e-01
1.387474421499159689e+03 6.677751987811868730e+02 8.501022487737629474e-01
1.387495255260400427e+03 6.678607901170147443e+02 8.496047096562822087e-01
1.387516089020243044e+03 6.687801684187309093e+02 8.492551569429757086e-01
1.387536922780085661e+03 6.685889421518910467e+02 8.497183894231385981e-01
1.387557756538531976e+03 6.681686731110653454e+02 8.489624717627135553e-01
1.387578590296513084e+03 6.661635527974179922e+02 8.482995470834764351e-01
1.387599424053562871e+03 6.670667151404334163e+02 8.483574423771038653e-01
1.387620257810146086e+03 6.688687652974795128e+02 8.503240977221521169e-01
1.387641091565797979e+03 6.667529197822864262e+02 8.490113005857689021e-01
1.387661925320518094e+03 6.679470311234967994e+02 8.498716453803603077e-01
1.387682759074773458e+03 6.662376516625771501e+02 8.490305715769724815e-01
1.387703592828097953e+03 6.676518367371428440e+02 8.488339096974677478e-01
1.387724426580492036e+03 6.676100698872902512e+02 8.493115133175503928e-01
1.387786927833477421e+03 6.686037222086847578e+02 8.494696140434367937e-01
1.387807761582610965e+03 6.688372406472250304e+02 8.509141045869493825e-01
1.387828595331278848e+03 6.683673830327960559e+02 8.492922136103221442e-01
1.387849429079480160e+03 6.672667437351196895e+02 8.497810979474130777e-01
1.387870262826751059e+03 6.661903469016941699e+02 8.502920981205883688e-01
1.387891096573090181e+03 6.673862329293108360e+02 8.502753442891952673e-01
1.387911930318497070e+03 6.674572090270900162e+02 8.495324110928631489e-01
1.387932764063439663e+03 6.686543594812253559e+02 8.502059070041854127e-01
1.387953597807450024e+03 6.693926957420519557e+02 8.512942040235247365e-01
1.387974431550995178e+03 6.681382369178537601e+02 8.500415623545136690e-01
1.387995265293609009e+03 6.682927972534607761e+02 8.503671358129830660e-01
1.388016099035291063e+03 6.685043603002197870e+02 8.513522807332631892e-01
1.388036932776507911e+03 6.675522081600572619e+02 8.504407301069280001e-01
1.388057766516793890e+03 6.694301238194540247e+02 8.507006071909809508e-01
1.388078600256148547e+03 6.677408827005866669e+02 8.511333609170471659e-01
1.388099433995037089e+03 6.692086700903494147e+02 8.510312514366222825e-01
1.388120267732994080e+03 6.687215010041536516e+02 8.506111990925331323e-01
1.388141101470484955e+03 6.680183656275106614e+02 8.506205537499031966e-01
1.388161935207045644e+03 6.674817271097086859e+02 8.509125285104190972e-01
1.388182768942675011e+03 6.695295385782044377e+02 8.512275106901500132e-01
1.388203602677837807e+03 6.686780729179181435e+02 8.515396815051289314e-01
1.388224436412070190e+03 6.683997536454718329e+02 8.510240374777670036e-01
1.388245270145836002e+03 6.685502396564083938e+02 8.513901912401978800e-01
1.388266103878670947e+03 6.674179613388148482e+02 8.505905273874260208e-01
1.388286937610574569e+03 6.688328286022756402e+02 8.516455793538453278e-01
1.388307771342012074e+03 6.686565005488166662e+02 8.514542467096865019e-01
1.388328605072519622e+03 6.686315111617275306e+02 8.514831225995612707e-01
1.388349438802095847e+03 6.677101532434600131e+02 8.506724404497328917e-01
1.388370272531204591e+03 6.691063196779076634e+02 8.517830239430840278e-01
1.388391106259848129e+03 6.688740873273399075e+02 8.515565854488372777e-01
1.388411939987095593e+03 6.682234552671571919e+02 8.514264899312522505e-01
1.388432773714343057e+03 6.675137800016111669e+02 8.514763674791319126e-01
1.388453607440193082e+03 6.673991621361191164e+02 8.520759994141475779e-01
1.388474441165576536e+03 6.688924787535389669e+02 8.522591497322320464e-01
1.388495274890494329e+03 6.675999801166881298e+02 8.514525316260241894e-01
1.388516108614016957e+03 6.687499439346694317e+02 8.520537543039999884e-01
1.388536942337539131e+03 6.679953749979243867e+02 8.515812233082672433e-01
1.388557776059663411e+03 6.682480217925773331e+02 8.523837338028230626e-01
1.388578609781788600e+03 6.665476906877779584e+02 8.521957842456004961e-01
1.388599443502516351e+03 6.681013407316133907e+02 8.514648171490598605e-01
1.388620277222777986e+03 6.672546668589334331e+02 8.523516017366854491e-01
1.388641110942108980e+03 6.667726975621083056e+02 8.551722670340571320e-01
1.388661944660974996e+03 6.679859384885363625e+02 8.529540774538137970e-01
1.388682778378908097e+03 6.681363866521677437e+02 8.529791291558022071e-01
1.388703612096376446e+03 6.681843278491038518e+02 8.534549019379268353e-01
1.388724445812913018e+03 6.686659063291465372e+02 8.525000844043678638e-01
1.388745279528984156e+03 6.688535952654356151e+02 8.539784658316728061e-01
1.388766113244123972e+03 6.665404385533303184e+02 8.526601104620973315e-01
1.388786946958332919e+03 6.682072298046363130e+02 8.530389777330756873e-01
1.388807780672076206e+03 6.670203951099623509e+02 8.527541615684597343e-01
1.388828614384888169e+03 6.668172374203244317e+02 8.528160527911184952e-01
1.388849448097233108e+03 6.667644641099451519e+02 8.536327988702208103e-01
1.388870281808647633e+03 6.678289689945867167e+02 8.538935891597522199e-01
1.388891115509818064e+03 6.678040735460336919e+02 8.526975434160640743e-01
1.388911949219835151e+03 6.686446731943326540e+02 8.534103782587763032e-01
1.388932782929387486e+03 6.691856486543269966e+02 8.540147592019613487e-01
1.388953616638008953e+03 6.679475493766212821e+02 8.529293045451896704e-01
1.388974450345697505e+03 6.677040935075506241e+02 8.536605886441331892e-01
1.388995284052920397e+03 6.676203719262563254e+02 8.540685682642978893e-01
1.389016117759678991e+03 6.698302922427241128e+02 8.550130248611361727e-01
1.389036951465040147e+03 6.687208853320144044e+02 8.543604111559557346e-01
1.389057785170401075e+03 6.681015799910512669e+02 8.537166192941968434e-01
1.389078618874365020e+03 6.677742868128486862e+02 8.552068021871324088e-01
1.389099452577862849e+03 6.681819700534957747e+02 8.542255094465555088e-01
1.389120286280895925e+03 6.685598113666926565e+02 8.537756133251774848e-01
1.389161953684634000e+03 6.683993692120877768e+02 8.556589411599905270e-01
1.389182787385338088e+03 6.680339854588363551e+02 8.541274682021463560e-01
1.389203621085111081e+03 6.686850968190250342e+02 8.567683829569149312e-01
1.389224454784417958e+03 6.682360679486178014e+02 8.539599346795151424e-01
1.389245288483260083e+03 6.676751948147089024e+02 8.541837822354600984e-01
1.389266122181170431e+03 6.679637423259810021e+02 8.546398798143922670e-01
1.389286955878149911e+03 6.675993115702428895e+02 8.561037050000146476e-01
1.389307789574662820e+03 6.685297043587714825e+02 8.561891979710563039e-01
1.389328623270244861e+03 6.685262722188116413e+02 8.551964870907080574e-01
1.389349456965362151e+03 6.685244348440563726e+02 8.552553790429838765e-01
1.389370290660011960e+03 6.698718374686789048e+02 8.559004160496177516e-01
1.389391124353266605e+03 6.677403328683924428e+02 8.549581249199685873e-01
1.389432791738843207e+03 6.691476715551391408e+02 8.558630187158573488e-01
1.389453625430233842e+03 6.683330177010194575e+02 8.559480830941829099e-01
1.389474459121159498e+03 6.683686000014760111e+02 8.569165524258182121e-01
1.389495292811153831e+03 6.686966140948817383e+02 8.558770516127094385e-01
1.389516126500682503e+03 6.688274242838692771e+02 8.563262265099681469e-01
1.389536960189279853e+03 6.687829541289427198e+02 8.556239017900283406e-01
1.389557793877411996e+03 6.697623047193944785e+02 8.576311972543896323e-01
1.389578627564611907e+03 6.696083430759770181e+02 8.572166388409417914e-01
1.389599461251345929e+03 6.678543152009079904e+02 8.552516853474255720e-01
1.389620294937149538e+03 6.682273793104752713e+02 8.561136262427512245e-01
1.389641128622487940e+03 6.672791647008739346e+02 8.570048158614921308e-01
1.389661962306894111e+03 6.678719168520669882e+02 8.555753110246522297e-01
1.389682795990834165e+03 6.677851261172226032e+02 8.568168712796356834e-01
1.389703629673843807e+03 6.683680037391604856e+02 8.569674319463117529e-01
1.389724463356386877e+03 6.686386856574556532e+02 8.574165222417983179e-01
1.389745297037999535e+03 6.675645012877026829e+02 8.575485240230299455e-01
1.389766130719146986e+03 6.682499308046328679e+02 8.573550674027985430e-01
1.389786964399828321e+03 6.685856970333952631e+02 8.569857589624538807e-01
1.389807798079111990e+03 6.694687354500115362e+02 8.579691050842583877e-01
1.389828631758395204e+03 6.671658314948822408e+02 8.564850157492023275e-01
1.389849465436748687e+03 6.681259665452847685e+02 8.573400853799845178e-01
1.389870299114169939e+03 6.675515484029173194e+02 8.564619456364802597e-01
1.389891132791126438e+03 6.683381810473584892e+02 8.577854715060173607e-01
1.389911966467616821e+03 6.679940705865299151e+02 8.581604785072519670e-01
1.389932800143174518e+03 6.674101763448413749e+02 8.567742615295897979e-01
1.389953633817802029e+03 6.687744744366974601e+02 8.573727604522131118e-01
1.389995301165659839e+03 6.682020871017413128e+02 8.575549880433355199e-01
1.390016134838425387e+03 6.676058412028713747e+02 8.593323090093153427e-01
1.390057802182091564e+03 6.671431356222535669e+02 8.570985640707283748e-01
1.390078635852994012e+03 6.680925795344214748e+02 8.576601779129893188e-01
1.390099469522965137e+03 6.686558275803469087e+02 8.584732873634316475e-01
1.390120303192470601e+03 6.678472755853705394e+02 8.599109019101560669e-01
1.390141136861045197e+03 6.674809954787286870e+02 8.590947474494387004e-01
1.390161970529152541e+03 6.680527884913692560e+02 8.575892534877952444e-01
1.390182804196795132e+03 6.688131983709614587e+02 8.584926236746108774e-01
1.390203637863506174e+03 6.680262661676114249e+02 8.576110075117875375e-01
1.390224471529751554e+03 6.689622543730038160e+02 8.576998249256141404e-01
1.390286972523832446e+03 6.668351301368318218e+02 8.573071309607264157e-01
1.390307806187283404e+03 6.688126664191167947e+02 8.580249585809739399e-01
1.390328639849803949e+03 6.682120341494538707e+02 8.583980903147406805e-01
1.390349473511858832e+03 6.675545837169293009e+02 8.581442950386201085e-01
1.390370307172982393e+03 6.680602348932465020e+02 8.579299915780227437e-01
1.390391140834105954e+03 6.676232084079862261e+02 8.584460699863872835e-01
1.390411974493832076e+03 6.677179537897877708e+02 8.573218702246530043e-01
1.390432808153092083e+03 6.681399547719572638e+02 8.578656206203261192e-01
1.390453641811887337e+03 6.687012783139934982e+02 8.579280462771681215e-01
1.390474475470217840e+03 6.678867503745113936e+02 8.574889901902980061e-01
1.390495309127615201e+03 6.692092462307311962e+02 8.584579082627998847e-01
1.390516142784082604e+03 6.676400003135522638e+02 8.573458905103801264e-01
1.390536976440082981e+03 6.677353063785681115e+02 8.575453267476640384e-01
1.390557810095618606e+03 6.680486513033655456e+02 8.592833383400719782e-01
1.390578643750222909e+03 6.686117134418200294e+02 8.585937763800717271e-01
1.390599477404361551e+03 6.674185258496418101e+02 8.569278206046628821e-01
1.390620311058034076e+03 6.673739330862994166e+02 8.572913833067662415e-01
1.390641144710776189e+03 6.677635497235008870e+02 8.571749181654997329e-01
1.390661978362585614e+03 6.668633758213813962e+02 8.568520705524008685e-01
1.390682812014395040e+03 6.682507675006995669e+02 8.581354044195285136e-01
1.390703645665274507e+03 6.672101426028314108e+02 8.566927231698775458e-01
1.390724479315222197e+03 6.683212338278065090e+02 8.575453615007211372e-01
1.390745312964704681e+03 6.667360891325776038e+02 8.567315800882062682e-01
1.390766146613719911e+03 6.679659399097829464e+02 8.570622969700649740e-01
1.390786980261804501e+03 6.682813037186118663e+02 8.587226125356189899e-01
1.390807813909424112e+03 6.672422044878277347e+02 8.578430392695352014e-01
1.390828647556112628e+03 6.675362534544564141e+02 8.589973313420045109e-01
1.390849481202800462e+03 6.695151159783250705e+02 8.574999032979749858e-01
1.390870314848091311e+03 6.677914500932074588e+02 8.575064024394274398e-01
1.390891148493382389e+03 6.679608950008762349e+02 8.568205234453276642e-01
1.390911982137741688e+03 6.695189851771342546e+02 8.579874801744891144e-01
1.390932815781170120e+03 6.683171080191153806e+02 8.567089340591037550e-01
1.390953649424131982e+03 6.681125769240190948e+02 8.561347215556948109e-01
1.390974483066629546e+03 6.691958141339479198e+02 8.562982796193430168e-01
1.390995316708660994e+03 6.669860282307752186e+02 8.560221027680293693e-01
1.391016150349761119e+03 6.678375945877683080e+02 8.576445409886263027e-01
1.391036983989929013e+03 6.686651662308710229e+02 8.579463875099656578e-01
1.391057817630097361e+03 6.679443223298139856e+02 8.557124030401606074e-01
1.391078651269334841e+03 6.681183952391976391e+02 8.569417665097274206e-01
1.391099484907641454e+03 6.687474498605685085e+02 8.561167592428867712e-01
1.391120318545947612e+03 6.677553270454408221e+02 8.561301962023218914e-01
1.391141152183321537e+03 6.686455700840460850e+02 8.556500247168661311e-01
1.391161985819765050e+03 6.686033008300520351e+02 8.551993446636633189e-01
1.391182819455743356e+03 6.687760670954328361e+02 8.558580740671094533e-01
1.391203653091255546e+03 6.675830821316042147e+02 8.561817838128672475e-01
1.391224486726302530e+03 6.688788839302429778e+02 8.549604255597003100e-01
1.391245320360417054e+03 6.693173301202622270e+02 8.559777822552403492e-01
1.391266153994065917e+03 6.684232753979166546e+02 8.544087570877492155e-01
1.391286987627249800e+03 6.688587539169401452e+02 8.549111347417995832e-01
1.391307821259502361e+03 6.679477514125446760e+02 8.539354352509382906e-01
1.391328654891290171e+03 6.694029782730948455e+02 8.547682659476906197e-01
1.391349488522145521e+03 6.667423395231112409e+02 8.541279566917566735e-01
1.391370322152534527e+03 6.679094354500368809e+02 8.531553787020758062e-01
1.391391155782458554e+03 6.685023287756229138e+02 8.530503670042511866e-01
1.391411989411917148e+03 6.668308169909067828e+02 8.527558390860047188e-01
1.391432823040444418e+03 6.707462897262953447e+02 8.535163931766780454e-01
1.391453656668506028e+03 6.670373094090141421e+02 8.519610251122065048e-01
1.391474490296102431e+03 6.667236259365437263e+02 8.522287614637265030e-01
1.391495323922766602e+03 6.666562086683007919e+02 8.531141930199569456e-01
1.391516157548965111e+03 6.690779038127972171e+02 8.526181668246962664e-01
1.391536991174697960e+03 6.689622333549948507e+02 8.535124824518448561e-01
1.391578658423837624e+03 6.680442542675493769e+02 8.549259850327312060e-01
1.391599492047707827e+03 6.679535540576582662e+02 8.514879876530985214e-01
1.391620325671112823e+03 6.663770340359103557e+02 8.509625062269720042e-01
1.391641159293586043e+03 6.673655599732597921e+02 8.518267930091413254e-01
1.391661992915594510e+03 6.685366266463944385e+02 8.528231817004965354e-01
1.391682826536671200e+03 6.681836630568708415e+02 8.512148716270091509e-01
1.391703660157747436e+03 6.675611730753405482e+02 8.514746524400264027e-01
1.391724493777892349e+03 6.695032854637682931e+02 8.518936493274288368e-01
1.391745327397571600e+03 6.676976872582660008e+02 8.517102454570402159e-01
1.391766161016786100e+03 6.672325720317306832e+02 8.507473044721266531e-01
1.391786994635068368e+03 6.691664871243485777e+02 8.523327205234553228e-01
1.391807828252885884e+03 6.680178243277140382e+02 8.517398124670038095e-01
1.391849495486657815e+03 6.681660096191000093e+02 8.510604568393047575e-01
1.391870329103076983e+03 6.671595890763043144e+02 8.521899090611504413e-01
1.391891162718565965e+03 6.683590533305784902e+02 8.504040388907644354e-01
1.391911996333588831e+03 6.685632807811529119e+02 8.518745130732061632e-01
1.391932829947681512e+03 6.685773944608180273e+02 8.504109427075510208e-01
1.391953663561772828e+03 6.669031939759794341e+02 8.503140738801083787e-01
1.391974497174932822e+03 6.675502241985317369e+02 8.499643921406072611e-01
1.391995330787627154e+03 6.684191355852395873e+02 8.506293827703551580e-01
1.392016164399390618e+03 6.686089873076153935e+02 8.504088400281708537e-01
1.392036998011154992e+03 6.682700675611896486e+02 8.506243726628531787e-01
1.392057831621987589e+03 6.683561020254302321e+02 8.505272127851702946e-01
1.392078665232354069e+03 6.684400975355545143e+02 8.499350438823397580e-01
1.392099498842253979e+03 6.676559555582833809e+02 8.506474609548773103e-01
1.392120332451689137e+03 6.672575691739186823e+02 8.503299507501013155e-01
1.392141166060192973e+03 6.680071548478332488e+02 8.509721021730135559e-01
1.392161999668231601e+03 6.684839262995561739e+02 8.498724168507330035e-01
1.392182833276270003e+03 6.688187089281183262e+02 8.497236503832106269e-01
1.392203666882910966e+03 6.686302083236867020e+02 8.494887343069995600e-01
1.392224500489551474e+03 6.682848598027403568e+02 8.500220337985143759e-01
1.392245334095727003e+03 6.675027382941419773e+02 8.492385581197191557e-01
1.392307834910064003e+03 6.675498658417258184e+02 8.488257642029375383e-01
1.392349502117292104e+03 6.686121705902428403e+02 8.494534053361721959e-01
1.392370335720207549e+03 6.680655678121207757e+02 8.492503141908510633e-01
1.392391169322193036e+03 6.680000266536102345e+02 8.488391059203832523e-01
1.392412002924178068e+03 6.683378300442880118e+02 8.500408611573957440e-01
1.392432836525230869e+03 6.677866549599463042e+02 8.485856125395256910e-01
1.392453670125818007e+03 6.683988857704290467e+02 8.486839428282197950e-01
1.392474503725939485e+03 6.683523845732667041e+02 8.498480801297558784e-01
1.392495337325596665e+03 6.688739456410514777e+02 8.489009666173138458e-01
1.392516170924322068e+03 6.683928110468966679e+02 8.489721254191856525e-01
1.392537004523046562e+03 6.673686301506714926e+02 8.489258921847067096e-01
1.392557838121305849e+03 6.692417031386617055e+02 8.493843569882254529e-01
1.392578671718633814e+03 6.685793772880889492e+02 8.496197579286537405e-01
1.392599505315961324e+03 6.692937153609442475e+02 8.505833797657260664e-01
1.392620338912358420e+03 6.679621774446933387e+02 8.491239717685915567e-01
1.392641172508289401e+03 6.678972798738885785e+02 8.501719749607528076e-01
1.392662006103755175e+03 6.691818879309436170e+02 8.501075073582899932e-01
1.392682839698753924e+03 6.686780546304543122e+02 8.484137530015622986e-01
1.392703673293288375e+03 6.663232294163336746e+02 8.480656070476604302e-01
1.392724506887822372e+03 6.684166531834779335e+02 8.504944499203068720e-01
1.392787007666769114e+03 6.672732237396724031e+02 8.483572667298826531e-01
1.392807841258973895e+03 6.684228240979202837e+02 8.483552292194586064e-01
1.392828674850713469e+03 6.671445330757748025e+02 8.491425382638382313e-01
1.392849508441988064e+03 6.671289311612503070e+02 8.498254260139002092e-01
1.392870342032797453e+03 6.682580125016859256e+02 8.485298050325243979e-01
1.392891175623140953e+03 6.674346384862245714e+02 8.480154937462327513e-01
1.392912009213018337e+03 6.679129306067242169e+02 8.495391115095323187e-01
1.392932842802430059e+03 6.677692608971448180e+02 8.480944577524824890e-01
1.392953676391376121e+03 6.678476922018742243e+02 8.478742398294187854e-01
1.392974509979856521e+03 6.689760199359956232e+02 8.481767172847274328e-01
1.392995343567871487e+03 6.674562115698385014e+02 8.479473475561130069e-01
1.393016177155420792e+03 6.674842685080584488e+02 8.482766056829534884e-01
1.393037010742970324e+03 6.690703037228871608e+02 8.491683692341046585e-01
1.393057844329588079e+03 6.672283439921396848e+02 8.481408417247578990e-01
1.393078677915739490e+03 6.676252325663613192e+02 8.502781833507998543e-01
1.393099511501891357e+03 6.684892802243932692e+02 8.490791156871336787e-01
1.393120345087113492e+03 6.672430401664125839e+02 8.489214688275698029e-01
1.393141178672333808e+03 6.668008409227801394e+02 8.482227454086291862e-01
1.393162012257089373e+03 6.698318419099957737e+02 8.517272509869885377e-01
1.393182845841378821e+03 6.682732108310539161e+02 8.495067315196965785e-01
1.393203679425202154e+03 6.689852535058154217e+02 8.486673679493745848e-01
1.393224513008560507e+03 6.677461333283158638e+02 8.485649968520967423e-01
1.393245346591919315e+03 6.680430001877248287e+02 8.483521378149877501e-01
1.393266180174346573e+03 6.685999868037283704e+02 8.493270931249207178e-01
1.393287013756772922e+03 6.681776922924168503e+02 8.490905931730056144e-01
1.393307847338734064e+03 6.690417643070837812e+02 8.491712119966947636e-01
1.393328680920229544e+03 6.682482403783124028e+02 8.499578703930117385e-01
1.393349514501725025e+03 6.689602232468829470e+02 8.500375304631868634e-01
1.393370348082755982e+03 6.700499164741164577e+02 8.493815500260876172e-01
1.393391181663319912e+03 6.682770922021212527e+02 8.488372451144815534e-01
1.393412015243417954e+03 6.664813832961441449e+02 8.486781837968441211e-01
1.393432848823051017e+03 6.678970711353205161e+02 8.487682168660146687e-01
1.393453682402684080e+03 6.676798907787476764e+02 8.487492910502960619e-01
1.393474515981851482e+03 6.687648931948953077e+02 8.495238864025972392e-01
1.396891225101218424e+03 6.685950551555444008e+02 8.483145131145084505e-01
1.396912058670101032e+03 6.675645315126869264e+02 8.484029689105584415e-01
1.396932892236653515e+03 6.693356270777522923e+02 8.493984267461626159e-01
1.396953725801809924e+03 6.672662866788500651e+02 8.489494479285822903e-01
1.396974559364638026e+03 6.676684434464040123e+02 8.482665576459955670e-01
1.396995392926068916e+03 6.671138420209824744e+02 8.480355253650574410e-01
1.397037060042876874e+03 6.666855441475754560e+02 8.493002493598920122e-01
1.397057893598253941e+03 6.671449214295020056e+02 8.478716739148950410e-01
1.397078727152234933e+03 6.667080973611733725e+02 8.483833675081480230e-01
1.397099560704352371e+03 6.671145304152579456e+02 8.493306020511125487e-01
1.397120394254141956e+03 6.673325701108717567e+02 8.479152231102604631e-01
1.397141227802535013e+03 6.677062346999277906e+02 8.485289269744518137e-01
1.397162061349064516e+03 6.677009382840802800e+02 8.483178505736863606e-01
1.397182894894197034e+03 6.675714256354165173e+02 8.484057088554640691e-01
1.397203728437001473e+03 6.672765287555006353e+02 8.473650876129616982e-01
1.397224561978408929e+03 6.680109696568665640e+02 8.479031321939553001e-01
1.397245395517953966e+03 6.682831978705537495e+02 8.480420618961757029e-01
1.397266229055635904e+03 6.664221156402251154e+02 8.501132216499301952e-01
1.397287062591456106e+03 6.681821975054571112e+02 8.484747314714363720e-01
1.397307896125878869e+03 6.672720671053243677e+02 8.476653560026263801e-01
1.397328729658438533e+03 6.687293066001767556e+02 8.487280121709465108e-01
1.397349563189601213e+03 6.684843934640132375e+02 8.481987829871104889e-01
1.397370396718902157e+03 6.679879502147985022e+02 8.479381039945496079e-01
1.397391230246339546e+03 6.692509800232718362e+02 8.498375246493617974e-01
1.397412063771914518e+03 6.685109564433079186e+02 8.481383468938318293e-01
1.397432897296557940e+03 6.696998455881359860e+02 8.484976323914638074e-01
1.397453730818872828e+03 6.687195348062726907e+02 8.492387686776482481e-01
1.397474564339791868e+03 6.682542542001734773e+02 8.484205676333421708e-01
1.397495397859313471e+03 6.680544685130845437e+02 8.479073148269499205e-01
1.397516231376971973e+03 6.679811810520233166e+02 8.481553889025983395e-01
1.397537064893234856e+03 6.676985660020714022e+02 8.480221710050830364e-01
1.397557898407634184e+03 6.677412041827379880e+02 8.480787147367973011e-01
1.397578731920636983e+03 6.686045699368905844e+02 8.482430532065867723e-01
1.397599565432241889e+03 6.682652897891398425e+02 8.475344170415238798e-01
1.397620398941984149e+03 6.684564197553763734e+02 8.483737774097226403e-01
1.397641232450330335e+03 6.669075480035278360e+02 8.484520758119730166e-01
1.397662065957279083e+03 6.672902805908748860e+02 8.475740454406196500e-01
1.397682899462829937e+03 6.679484201974681810e+02 8.478109684391438305e-01
1.397703732966519965e+03 6.684141304271075796e+02 8.483794331219083329e-01
1.397724566468811645e+03 6.674834915765129608e+02 8.489538009304138377e-01
1.397745399969706341e+03 6.673178338169824428e+02 8.475579762953772134e-01
1.397766233468738392e+03 6.673267358589528158e+02 8.487877391576820196e-01
1.397787066966839575e+03 6.679511580250994029e+02 8.475241140575273668e-01
1.397807900463078113e+03 6.677614449827090084e+02 8.475816403791726072e-01
1.397828733958385328e+03 6.678667748164490376e+02 8.478127260415225797e-01
1.397849567451829444e+03 6.688977726528072481e+02 8.481433365483453946e-01
1.397870400943877030e+03 6.678286514069889108e+02 8.487980970257991142e-01
1.397891234434527632e+03 6.690500080629047943e+02 8.481119925978055640e-01
1.397912067923780796e+03 6.682519603833452493e+02 8.483091731525126411e-01
1.397932901411638341e+03 6.680341421293782105e+02 8.479126221718894518e-01
1.397953734898098901e+03 6.675888669345080189e+02 8.479357843016865903e-01
1.397974568383161113e+03 6.687310389957530106e+02 8.484835125721182925e-01
1.397995401866826342e+03 6.683489979230269000e+02 8.488549752691292305e-01
1.398016235349095041e+03 6.678398743647868514e+02 8.477440010742758325e-01
1.398037068830432418e+03 6.680887812017692795e+02 8.482685602362847188e-01
1.398057902309906922e+03 6.676831629664136472e+02 8.483180964912115929e-01
1.398078735787983987e+03 6.678305336761312674e+02 8.483148292954146852e-01
1.398099569265130867e+03 6.684673539505550934e+02 8.490931554040198614e-01
1.398120402740880536e+03 6.677667609028621882e+02 8.476810363802113057e-01
1.398141236215231856e+03 6.691569905748638121e+02 8.495271138674105327e-01
1.398162069688187330e+03 6.672650731339451795e+02 8.471058055925970720e-01
1.398182903159746502e+03 6.674713413798796182e+02 8.477961341299120601e-01
1.398203736630374806e+03 6.682744263028429259e+02 8.488972101655293256e-01
1.398224570099604534e+03 6.680312253437105028e+02 8.483002848517566807e-01
1.398245403567436824e+03 6.682510848271434725e+02 8.478691079926060636e-01
1.398266237033873949e+03 6.686329548363462436e+02 8.488574679938517553e-01
1.398287070498912954e+03 6.675649387503762000e+02 8.473794370884808469e-01
1.398307903963020181e+03 6.680735203016691912e+02 8.504086297599469102e-01
1.398328737425731106e+03 6.674921306369587910e+02 8.478317782174870088e-01
1.398349570887509799e+03 6.679653961114341882e+02 8.482289291494559125e-01
1.398370404347892872e+03 6.689576171509997948e+02 8.499554860857002625e-01
1.398391237806878962e+03 6.676464256199976717e+02 8.495797689256142649e-01
1.398412071264934184e+03 6.669024212232797026e+02 8.476722118087808289e-01
1.398432904721125851e+03 6.676432736215220984e+02 8.479737772598386902e-01
1.398453738176851402e+03 6.679397981305835401e+02 8.479829852875880869e-01
1.398474571631179970e+03 6.681392709722678092e+02 8.478146242479989159e-01
1.398495405084112008e+03 6.670548212452672487e+02 8.480880973282038937e-01
1.398516238535647062e+03 6.673711302403863783e+02 8.471048556957243569e-01
1.398557905435922976e+03 6.672817957803872559e+02 8.472096897372601854e-01
1.398578738884198629e+03 6.682489524199389734e+02 8.481765416000802693e-01
1.398599572331077979e+03 6.674098444553621903e+02 8.479999249858642951e-01
1.398620405777025098e+03 6.672330869963529949e+02 8.475358939095124500e-01
1.398641239221574779e+03 6.680094794551027917e+02 8.478444677133830654e-01
1.398662072665194046e+03 6.676292449418418755e+02 8.481305109686932964e-01
1.398682906107881081e+03 6.673613127741799644e+02 8.477127126707324489e-01
1.398745406428028218e+03 6.677856899387460317e+02 8.493726378598184246e-01
1.398766239866059095e+03 6.676848278839595423e+02 8.478515681240641477e-01
1.398787073302692534e+03 6.680413424105449849e+02 8.481325490189689509e-01
1.398807906738395104e+03 6.670130647918828117e+02 8.479300904832088870e-01
1.398828740173165897e+03 6.671419673612476799e+02 8.473099383474234081e-01
1.398849573606539934e+03 6.685443738518224563e+02 8.482412613616180375e-01
1.398870407038517897e+03 6.679893545315221672e+02 8.496489066211716512e-01
1.398891240470029970e+03 6.676218228425819916e+02 8.485250635081378334e-01
1.398912073900144151e+03 6.679100832506686629e+02 8.479167696103745433e-01
1.398932907328861802e+03 6.680629442365680006e+02 8.476618050248205805e-01
1.398953740756648131e+03 6.687154098158798661e+02 8.488042414641043809e-01
1.398974574183503137e+03 6.670488948283345962e+02 8.481801255596830291e-01
1.398995407609427502e+03 6.677453259009129169e+02 8.484752232154766372e-01
1.399016241033954429e+03 6.666517777300366561e+02 8.487666368047810384e-01
1.399037074457549807e+03 6.678543155799327451e+02 8.481411931088057576e-01
1.399057907880213406e+03 6.673657036605872008e+02 8.499621831671871908e-01
1.399078741301480022e+03 6.674663594525685539e+02 8.495219920153657123e-01
1.399099574721816225e+03 6.674303725918712189e+02 8.481982910828036459e-01
1.399120408141221105e+03 6.661838130419506570e+02 8.484570284961751030e-01
1.399141241559694663e+03 6.666889371863167071e+02 8.481022588707197718e-01
1.399162074976770782e+03 6.688180221868382205e+02 8.484927501919482529e-01
1.399182908392915579e+03 6.668212453362250471e+02 8.482211291962094002e-01
1.399203741808129053e+03 6.691245009091093152e+02 8.490825203398006948e-01
1.399224575221945088e+03 6.675868341068700147e+02 8.491032638564348645e-01
1.399245408635296826e+03 6.672313175582364693e+02 8.504104170381934225e-01
1.399266242047251126e+03 6.681795648532632868e+02 8.494435466421752512e-01
1.399287075458272966e+03 6.673809438529491445e+02 8.492010077875260521e-01
1.399307908867897822e+03 6.677856100924207112e+02 8.483619038043301863e-01
1.399328742277059064e+03 6.672387399150433112e+02 8.489353707295330675e-01
1.399349575684821957e+03 6.675902162161737579e+02 8.488019592493547538e-01
1.399370409091653983e+03 6.676081037389865287e+02 8.493894796702149419e-01
1.399391242497553776e+03 6.683867783233017690e+02 8.500307287944753876e-01
1.399412075902522929e+03 6.684034097897359743e+02 8.489869391803767096e-01
1.399432909306094643e+03 6.669972900970237788e+02 8.494203203698367233e-01
1.399453742709200924e+03 6.677725723908063173e+02 8.492937576030399338e-01
1.399474576110911130e+03 6.688134079121533659e+02 8.495168701324405935e-01
1.399495409511689104e+03 6.696572106217597593e+02 8.505806818732939423e-01
1.399516242911535528e+03 6.675546355121732631e+02 8.503281983507491315e-01
1.399537076310450630e+03 6.676165543413286514e+02 8.502833356976475798e-01
1.399557909708435545e+03 6.673840208443268693e+02 8.493257246397766247e-01
1.399578743105023023e+03 6.675935580125620845e+02 8.489239964630417301e-01
1.399599576501143929e+03 6.668986161414439948e+02 8.496273696572282930e-01
1.399620409895868079e+03 6.660941025085572846e+02 8.489450949044304862e-01
1.399641243290126567e+03 6.688282996054549585e+02 8.491839867629592531e-01
1.399662076682988982e+03 6.673954596952153224e+02 8.481745739295449837e-01
1.399682910074920073e+03 6.679028105950820873e+02 8.485915126781579110e-01
1.399703743465919160e+03 6.673208505809476492e+02 8.486037693826435913e-01
1.399724576855986925e+03 6.688609318703806821e+02 8.485213405148647192e-01
1.399745410245123821e+03 6.674325637992616294e+02 8.485197951166331132e-01
1.399766243633328941e+03 6.669470386304180920e+02 8.488696155335195836e-01
1.399787077020137531e+03 6.674033668485571980e+02 8.481128359479620515e-01
1.399807910406479550e+03 6.681365701669897135e+02 8.483657680136751367e-01
1.399828743791890474e+03 6.688870293155969193e+02 8.495818385780983251e-01
1.399849577175904869e+03 6.666556846537420142e+02 8.480226278682405638e-01
1.399870410559453831e+03 6.677385678018071076e+02 8.484158606254851298e-01
1.399891243941605808e+03 6.675016164863178574e+02 8.483827000689102560e-01
1.399912077323291669e+03 6.674749684523102360e+02 8.479126221718894518e-01
1.399932910703580546e+03 6.687006191764978666e+02 8.486132164065531835e-01
1.399953744083405127e+03 6.681048891753277985e+02 8.493843569882254529e-01
1.399974577461830904e+03 6.689283699135183952e+02 8.487690595641365077e-01
1.399995410839324904e+03 6.685104398404977246e+02 8.495254650553966114e-01
1.400016244216355062e+03 6.679147873738945691e+02 8.480835641790240853e-01
1.400037077591987327e+03 6.670501444220035410e+02 8.487012899182916348e-01
1.400057910966689178e+03 6.688778165767386099e+02 8.488625938554898998e-01
1.400078744340924004e+03 6.685173123923319736e+02 8.485966752658098411e-01
1.400099577713762528e+03 6.695499148154054865e+02 8.488184261689556420e-01
1.400120411086135846e+03 6.686238782630219930e+02 8.483996317862215752e-01
1.400141244457111497e+03 6.677356246271701821e+02 8.489354409405813762e-01
1.400162077827155827e+03 6.682556005824009162e+02 8.485545658960893523e-01
1.400182911196734494e+03 6.671744077035619966e+02 8.482704222896801927e-01
1.400203744564917088e+03 6.693702382987232795e+02 8.491441527225007668e-01
1.400224577932633110e+03 6.676555933636732334e+02 8.480431513131305721e-01
1.400245411298952149e+03 6.679957646484599536e+02 8.485639081051060684e-01
1.400266244664805981e+03 6.674055146612287217e+02 8.484538672117238889e-01
1.400287078029728036e+03 6.686120246488667362e+02 8.492057455377904907e-01
1.400307911393253562e+03 6.679106538135253004e+02 8.488520963385096652e-01
1.400328744756312972e+03 6.690666724358600277e+02 8.486676137656206098e-01
1.400349578118441514e+03 6.688387313777209329e+02 8.487607378835196892e-01
1.400370411479637824e+03 6.677411019076224648e+02 8.482911154004179055e-01
1.400391244839904175e+03 6.686887629467348688e+02 8.488638226533378184e-01
1.400412078199237840e+03 6.678964499715093552e+02 8.488425466450792989e-01
1.400432911557641091e+03 6.674129651601587057e+02 8.485384099535530078e-01
1.400453744915113020e+03 6.679002975302250888e+02 8.481618893724247599e-01
1.400474578271654082e+03 6.677998832490691257e+02 8.481768226954983225e-01
1.400495411627729027e+03 6.677439592952275689e+02 8.486838374804358542e-01
1.400516244982406079e+03 6.676711178653300749e+02 8.479353273917382694e-01
1.400537078336617924e+03 6.673254743510980234e+02 8.478506190627129735e-01
1.400557911689433013e+03 6.677597776634585216e+02 8.483193612087870372e-01
1.400578745041782895e+03 6.679493305590218597e+02 8.480961796270934938e-01
1.400599578393199863e+03 6.676029098465152174e+02 8.484104861741349479e-01
1.400620411743687328e+03 6.671075642240007255e+02 8.475652197552345779e-01
1.400641245093243469e+03 6.684506078939218696e+02 8.482885858791577860e-01
1.400682911789560421e+03 6.662403645018823681e+02 8.477010759024381503e-01
1.400745411827516818e+03 6.683330822629759496e+02 8.502439737799002417e-01
1.400766245171949777e+03 6.678963454140965723e+02 8.484855848986250226e-01
1.400787078515451867e+03 6.684593963806585180e+02 8.489528179964673793e-01
1.400807911858021953e+03 6.676931879296315628e+02 8.489796025394877876e-01
1.400828745199660943e+03 6.667688272755556227e+02 8.515107725338957323e-01
1.400849578540835864e+03 6.691029086697567436e+02 8.522540792679227373e-01
1.400870411880611528e+03 6.680509844496783671e+02 8.490339062214030674e-01
1.400891245219922439e+03 6.678836718881470915e+02 8.487373524708079486e-01
1.400912078557836594e+03 6.682017352076120460e+02 8.488837640383222194e-01
1.400932911895284178e+03 6.664354175255557493e+02 8.504923474473823353e-01
1.400953745231802486e+03 6.693636626723965719e+02 8.500517647071454963e-01
1.400974578567388107e+03 6.668246724313657978e+02 8.495645445473037904e-01
1.400995411902506930e+03 6.693226928650898344e+02 8.520560977627830157e-01
1.401016245236231498e+03 6.675851775305117144e+02 8.512080443541721886e-01
1.401037078569488585e+03 6.686533252424871989e+02 8.516181087710607001e-01
1.401057911901813895e+03 6.682921400581129774e+02 8.512776449590743200e-01
1.401078745233209474e+03 6.678282640651582369e+02 8.518732186492632419e-01
1.401099578563673049e+03 6.686882377982002481e+02 8.501007062494646549e-01
1.401120411893669825e+03 6.689068393245318020e+02 8.505573114599465079e-01
1.401141245222271209e+03 6.682667111781408948e+02 8.495789621105682698e-01
1.401162078550406022e+03 6.682608866857711973e+02 8.490289920039866267e-01
1.401182911877609968e+03 6.683877565535565282e+02 8.492399969311945629e-01
1.401203745203883045e+03 6.692318257046858889e+02 8.491650702137364393e-01
1.401224578529223891e+03 6.688973368928269565e+02 8.494065316630190488e-01
1.401245411854099984e+03 6.676444024060725724e+02 8.484969299184436098e-01
1.401266245178044073e+03 6.685126445630534135e+02 8.493164609900486495e-01
1.401287078501055930e+03 6.692563568800255780e+02 8.488029072469958081e-01
1.401307911823138056e+03 6.681919179781195908e+02 8.490473148699537731e-01
1.401328745144287950e+03 6.686203642238544944e+02 8.484137178744526331e-01
1.401349578464506976e+03 6.682639655791733730e+02 8.493953391384461149e-01
1.401370411784260341e+03 6.672679484362415678e+02 8.481242562320964185e-01
1.401391245103081928e+03 6.680111126050586563e+02 8.485758842451741613e-01
1.401412078420973103e+03 6.679697294520470905e+02 8.495349369105883452e-01
1.401432911738398161e+03 6.675173029228407131e+02 8.484082731548597822e-01
1.401453745054425781e+03 6.687088764252548572e+02 8.488549050514254679e-01
1.401474578369988194e+03 6.676598539018334577e+02 8.480382664971441997e-01
1.401495411684618830e+03 6.678560261726189538e+02 8.480874999378376078e-01
1.401516244998319053e+03 6.675065802942375512e+02 8.494367753020796163e-01
1.401537078311553159e+03 6.686439629777167966e+02 8.486654014168432125e-01
1.401557911623855944e+03 6.679489638720677931e+02 8.494892605467002644e-01
1.401578744935226950e+03 6.689020424435246923e+02 8.494464586526649930e-01
1.401599578245667090e+03 6.680922017794151770e+02 8.483254388530563350e-01
1.401620411555175906e+03 6.677840847417903660e+02 8.481236588671994259e-01
1.401641244864219061e+03 6.689608145087170215e+02 8.487608432217589316e-01
1.401662078172330439e+03 6.681870271604437903e+02 8.482605849802142828e-01
1.401682911479510949e+03 6.684323673459607562e+02 8.488818331148377805e-01
1.401703744785760136e+03 6.671343876824921608e+02 8.481665977897273612e-01
1.401724578091543663e+03 6.696426450338037739e+02 8.492475067856704030e-01
1.401745411396396321e+03 6.683967439206979861e+02 8.490427868421605018e-01
1.401766244700316975e+03 6.693679050717890959e+02 8.488384037299561147e-01
1.401787078003771057e+03 6.681342550852566546e+02 8.485535473783620830e-01
1.401807911305830658e+03 6.682462744629925737e+02 8.490880660334725327e-01
1.401828744607423005e+03 6.683189940754845111e+02 8.484222185925984761e-01
1.401849577908084029e+03 6.695683500976290361e+02 8.489589262104109135e-01
1.401870411208279620e+03 6.695059334113117302e+02 8.495314288283863924e-01
1.401891244507542979e+03 6.694192208507931809e+02 8.524323666500025487e-01
1.401912077805876379e+03 6.678815052012168962e+02 8.483523837225740438e-01
1.401932911103278002e+03 6.701418062479675655e+02 8.504655404619905212e-01
1.401953744399748530e+03 6.687356030186183489e+02 8.488907153264991789e-01
1.401974577695753396e+03 6.700648087562008186e+02 8.492611577062116890e-01
1.401995410990827168e+03 6.690480686712113538e+02 8.493198296016403193e-01
1.402016244285433913e+03 6.697488603521046571e+02 8.494587030212712442e-01
1.402037077578644130e+03 6.697239295224495663e+02 8.492879325249231837e-01
1.402057910871388913e+03 6.701308587593621269e+02 8.511644535520200838e-01
1.402078744163202828e+03 6.693067998637278606e+02 8.493204261252171872e-01
1.402099577454550854e+03 6.687076126938626430e+02 8.484672850268498712e-01
1.402120410744968012e+03 6.678684279146900735e+02 8.488639630872644171e-01
1.402141244034453393e+03 6.690659835081437450e+02 8.487567350207434469e-01
1.402162077323007907e+03 6.696705372597788255e+02 8.491278325099190782e-01
1.402182910611095394e+03 6.690824985800098830e+02 8.503595657529260388e-01
1.402203743898252014e+03 6.688830176521418025e+02 8.488782521178406260e-01
1.402224577184478221e+03 6.689050055625424420e+02 8.495935197425014129e-01
1.402245410469773105e+03 6.688198423869110911e+02 8.491369578287325526e-01
1.402266243754601419e+03 6.695524103559574769e+02 8.514165140710461266e-01
1.402287077038499319e+03 6.706737536746156820e+02 8.496019735781238369e-01
1.402307910321931104e+03 6.676240607927842348e+02 8.489630685373877883e-01
1.402328743603965449e+03 6.680917493427378986e+02 8.493514798622221473e-01
1.402349576886000477e+03 6.680444543384974168e+02 8.484836881932049657e-01
1.402370410166638976e+03 6.681626689942988833e+02 8.491413449663323121e-01
1.402391243446811131e+03 6.688238714510749787e+02 8.487290304793071449e-01
1.402412076726051055e+03 6.680351621597350231e+02 8.488746359977002998e-01
1.402432910004361020e+03 6.690861829227301314e+02 8.487812434809841600e-01
1.402453743282204869e+03 6.685163966291153201e+02 8.501350968654118878e-01
1.402474576558651961e+03 6.688890153309183688e+02 8.490988765220770507e-01
1.402495409835099053e+03 6.689924873850022777e+02 8.493099342670688001e-01
1.402516243110148480e+03 6.692902102941912972e+02 8.494606677172803488e-01
1.402537076384733609e+03 6.687973187924525291e+02 8.486099152279960034e-01
1.402557909647210181e+03 6.672459390894010767e+02 8.486209074004017472e-01
1.402578742919932210e+03 6.701829445034563832e+02 8.507813887162528621e-01
1.402599576192186987e+03 6.675392444890012484e+02 8.488395974533365917e-01
1.402620409463511351e+03 6.670559633509695914e+02 8.477449502549873062e-01
1.402641242734371190e+03 6.695402868210732095e+02 8.490599510988594556e-01
1.402662076004298797e+03 6.679752916741005038e+02 8.482573175629027906e-01
1.402745409076092983e+03 6.678460252300532147e+02 8.481353952533997598e-01
1.402766242341829638e+03 6.695082870709046574e+02 8.491638418518140385e-01
1.402787075607100633e+03 6.687805623934345931e+02 8.494161451870736457e-01
1.402807908871441214e+03 6.683412917342917581e+02 8.489964521466499825e-01
1.402828742135315224e+03 6.678400763670790639e+02 8.494703858789254269e-01
1.402849575398257002e+03 6.685193068439081117e+02 8.483064680273586511e-01
1.402870408660269504e+03 6.683769500991264749e+02 8.501472612048458499e-01
1.402891241921814981e+03 6.695774766244993543e+02 8.486505820429963709e-01
1.402912075182428907e+03 6.694825302134565845e+02 8.496784050620614925e-01
1.402932908442112875e+03 6.688646654352179439e+02 8.485260118151347619e-01
1.402953741701329818e+03 6.675452354181858254e+02 8.487495017296026178e-01
1.402974574959615893e+03 6.695487717748521845e+02 8.489699489680382349e-01
1.402995408217435852e+03 6.688019909574030635e+02 8.488672281695063271e-01
1.403016241474324943e+03 6.688593712110891829e+02 8.487420576957149798e-01
1.403037074730283621e+03 6.688148370388126978e+02 8.483950651737524051e-01
1.403057907985310067e+03 6.693310751853775855e+02 8.489816034478361306e-01
1.403078741239870396e+03 6.690228430661837820e+02 8.490674625458094482e-01
1.403099574493501223e+03 6.689353258496259969e+02 8.489545732348591223e-01
1.403120407746665023e+03 6.695344767976124558e+02 8.492579292306757788e-01
1.403141240998897047e+03 6.682678052859563422e+02 8.499391814520368404e-01
1.403162074250663863e+03 6.696846269331263102e+02 8.493475148720264212e-01
1.403182907501032787e+03 6.676456603864551198e+02 8.484798596452737263e-01
1.403203740751403529e+03 6.686433252729744936e+02 8.491052995718771923e-01
1.403224574000376379e+03 6.685754175395485390e+02 8.493027056873826419e-01
1.403245407248883566e+03 6.678339508513752207e+02 8.487169862711519963e-01
1.403266240496460341e+03 6.681584850759612664e+02 8.485187414344067536e-01
1.403287073743571000e+03 6.683122120146018688e+02 8.495292538101461011e-01
1.403307906989749426e+03 6.682675902272759458e+02 8.485299806440299575e-01
1.403328740235462647e+03 6.686748488779321633e+02 8.492016043945695980e-01
1.403349573479778883e+03 6.687461592186457437e+02 8.512885676762244058e-01
1.403370406724096028e+03 6.688451025644369565e+02 8.494708419632027718e-01
1.403391239967014826e+03 6.701968561921210039e+02 8.494334071542614106e-01
1.403412073209468417e+03 6.691401026359692423e+02 8.512715183736808688e-01
1.403432906451457029e+03 6.686608283536461386e+02 8.490403999650768530e-01
1.403453739692513409e+03 6.678514211767485449e+02 8.484259771474338407e-01
1.403474572932638466e+03 6.674298548822678185e+02 8.486058062963203197e-01
1.403495406172298544e+03 6.687305068604601956e+02 8.487858080157482110e-01
1.403516239411026618e+03 6.687563328288616731e+02 8.503456170398505654e-01
1.403537072648824505e+03 6.682600236716656354e+02 8.485807659663887614e-01
1.403557905886156050e+03 6.694897729121478278e+02 8.494461078085565608e-01
1.403578739122555362e+03 6.666870418349332112e+02 8.480785390318481554e-01
1.403599572358491059e+03 6.682887908793965153e+02 8.488727050534524698e-01
1.403641238827564848e+03 6.681547405090267375e+02 8.492847743333379329e-01
1.403662072061171330e+03 6.675424293210890028e+02 8.485551980788913484e-01
1.403682905293846488e+03 6.697857135326652269e+02 8.495162035837616754e-01
1.403703738526055531e+03 6.674218150367690896e+02 8.486609415851098515e-01
1.403724571757334161e+03 6.673906011824800544e+02 8.490154075549969370e-01
1.403745404988146220e+03 6.695791667393333455e+02 8.499481227414860118e-01
1.403766238218026956e+03 6.685575096123519643e+02 8.497260353410466260e-01
1.403787071446976370e+03 6.672556473953632121e+02 8.487396699729026217e-01
1.403807904675460122e+03 6.693740343025353923e+02 8.490805547687926280e-01
1.403828737903013007e+03 6.683226401203321529e+02 8.488315222330307108e-01
1.403849571130099775e+03 6.690295139329537051e+02 8.493848482056458593e-01
1.403870404356255676e+03 6.670027895659939077e+02 8.488135458145793510e-01
1.403891237581945461e+03 6.698351582804741611e+02 8.503174034910964130e-01
1.403912070806703923e+03 6.688209605321136451e+02 8.493841815533635931e-01
1.403932904030531517e+03 6.664025601454139860e+02 8.479563098484881323e-01
1.403953737253892996e+03 6.691594536692065276e+02 8.501666116109337645e-01
1.403974570476323606e+03 6.689177555471316055e+02 8.490464724480066838e-01
1.403995403698289010e+03 6.671428176980116405e+02 8.484140691454845618e-01
1.404016236919322182e+03 6.676618594641749951e+02 8.489654556318897427e-01
1.404037070139888783e+03 6.662012827755047510e+02 8.496588330836229996e-01
1.404057903359524971e+03 6.677556214059209196e+02 8.489810066861906979e-01
1.404078736578230519e+03 6.670072928857759962e+02 8.485236937294933224e-01
1.404099569796470860e+03 6.692910356639679321e+02 8.490905931730056144e-01
1.404120403014243948e+03 6.686796889041164604e+02 8.493823921157029888e-01
1.404141236231086168e+03 6.681138894477412578e+02 8.490566516572310984e-01
1.404162069446997521e+03 6.674038595186270868e+02 8.492375755153593886e-01
1.404182902662443666e+03 6.692954047685969954e+02 8.492551920352816586e-01
1.404203735876957126e+03 6.684167210242710553e+02 8.493861464217465906e-01
1.404224569090540626e+03 6.691823643812305136e+02 8.502680538159694823e-01
1.404245402304122990e+03 6.676654906092076089e+02 8.494373717435305116e-01
1.404266235516308370e+03 6.670747887408136876e+02 8.489593123603901281e-01
1.404287068728028999e+03 6.680982388956448403e+02 8.497835528849950748e-01
1.404307901939283056e+03 6.684672656537118201e+02 8.492296795461939940e-01
1.404328735149606928e+03 6.680261411295990683e+02 8.494126717000606286e-01
1.404349568358998567e+03 6.677927215322957863e+02 8.489175018289463193e-01
1.404370401567924546e+03 6.677523423132456628e+02 8.487349647347585124e-01
1.404391234776385318e+03 6.690474206819070560e+02 8.522923692693978870e-01
1.404412067983914540e+03 6.675152491220026150e+02 8.491467147919035119e-01
1.404432901190512439e+03 6.675571208277289088e+02 8.488649812325368416e-01
1.404453734396644904e+03 6.660823379308054655e+02 8.489261730320007970e-01
1.404474567601846047e+03 6.681867619752071050e+02 8.491107749202293498e-01
1.404495400806581529e+03 6.669987875450428874e+02 8.492268369793223304e-01
1.404516234010384323e+03 6.683616066336901440e+02 8.500807934117828868e-01
1.404537067213722366e+03 6.697536841759724666e+02 8.503168076669300746e-01
1.404557900416130451e+03 6.670603155972916056e+02 8.491357645233843510e-01
1.404578733618071510e+03 6.686504789297057414e+02 8.490113005857689021e-01
1.404599566819081474e+03 6.677219416651327037e+02 8.486478428886884418e-01
1.404641233219238984e+03 6.680365410168229801e+02 8.489496234532815100e-01
1.404662066418386530e+03 6.682615758068694731e+02 8.495250440816036752e-01
1.404682899616603208e+03 6.674248331310482172e+02 8.511013917420582331e-01
1.404745399207526134e+03 6.675167428074892086e+02 8.490517024707479043e-01
1.404766232402947480e+03 6.677425317913130129e+02 8.492215729414722691e-01
1.404787065597904075e+03 6.681192415836527516e+02 8.494793671857798767e-01
1.404807898791928892e+03 6.687796546649103675e+02 8.498790795202653126e-01
1.404828731985488957e+03 6.666851994745529737e+02 8.487504848990087281e-01
1.404849565178116336e+03 6.689074580499201375e+02 8.490497017275979719e-01
1.404870398370279418e+03 6.682978174846633692e+02 8.492968806706381324e-01
1.404891231561511177e+03 6.693497938476875788e+02 8.498762391254308657e-01
1.404912064752275910e+03 6.671134648722893417e+02 8.496580614193210979e-01
1.404932897942110003e+03 6.662174405988503167e+02 8.499475617221686763e-01
1.404953731131478889e+03 6.672951620915479225e+02 8.497344177132728493e-01
1.404974564320381432e+03 6.681912455318016555e+02 8.494894008772321259e-01
1.404995397507887446e+03 6.681992118950605573e+02 8.506145625766909912e-01
1.405016230695393006e+03 6.689054131207772116e+02 8.503248687820303964e-01
1.405037063881967015e+03 6.675604939419738457e+02 8.495797689256142649e-01
1.405057897067611520e+03 6.681556262632875587e+02 8.496043588775235023e-01
1.405078730253253980e+03 6.682489187359467451e+02 8.505458888054046040e-01
1.405099563437499910e+03 6.664018937464279588e+02 8.493433744200301616e-01
1.405120396621281543e+03 6.673007163413138869e+02 8.504229278807450276e-01
1.405141229804595923e+03 6.690040492794787497e+02 8.518894162990795493e-01
1.405162062986979436e+03 6.684402380562946746e+02 8.503628250926006382e-01
1.405182896168897514e+03 6.665578137230284028e+02 8.518068155609415104e-01
1.405203729349883815e+03 6.677047915271720058e+02 8.502481098462489895e-01
1.405224562530404910e+03 6.664947468424859380e+02 8.499161089843492167e-01
1.405245395710460798e+03 6.692426543360282949e+02 8.514093033765065544e-01
1.405266228889584909e+03 6.667602352715980487e+02 8.496109184163423977e-01
1.405287062067778152e+03 6.678268090104332941e+02 8.506670452212246047e-01
1.405307895245970030e+03 6.675168502006763447e+02 8.499742097307947386e-01
1.405328728422766062e+03 6.676482427562123121e+02 8.510825178099563626e-01
1.405349561599560957e+03 6.688309528140653129e+02 8.506042268278042329e-01
1.405370394774959550e+03 6.682196079034731611e+02 8.508841936587914212e-01
1.405391227950359507e+03 6.689337749008815308e+02 8.519258336484447636e-01
1.405412061124826778e+03 6.667951714891225947e+02 8.499395320926107500e-01
1.405432894298828160e+03 6.687137594504572462e+02 8.511874571691752100e-01
1.405453727471898674e+03 6.674488871498912204e+02 8.507758890899095316e-01
1.405474560644037865e+03 6.684032493021367145e+02 8.502335634221559468e-01
1.405495393816177057e+03 6.684030457637517202e+02 8.514088483306277988e-01
1.405516226987384471e+03 6.675499331739665649e+02 8.502091318799915864e-01
1.405537060157661017e+03 6.660882564314409819e+02 8.498640007724529433e-01
1.405557893327472357e+03 6.674070154293924588e+02 8.508517247515366977e-01
1.405578726496817126e+03 6.665777712077492652e+02 8.498382610824808392e-01
1.405599559665230572e+03 6.677281729291776173e+02 8.496115147355418618e-01
1.405620392833179494e+03 6.686161433390852835e+02 8.506449384405667669e-01
1.405641226000661391e+03 6.674542788475890802e+02 8.497226683398031444e-01
1.405662059167212647e+03 6.672731227932872571e+02 8.511395585261407604e-01
1.405682892333298469e+03 6.667809688046160090e+02 8.490733944359265539e-01
1.405703725498452968e+03 6.676414984316581922e+02 8.501213197520496312e-01
1.405724558663141124e+03 6.671282168920557751e+02 8.492783175495475234e-01
1.405745391827364074e+03 6.684975628956467517e+02 8.506947917461767927e-01
1.405766224990655473e+03 6.669310622515070008e+02 8.490546509257437258e-01
1.405787058153482121e+03 6.674857886348017928e+02 8.501812292887250821e-01
1.405807891315376537e+03 6.675605035593930552e+02 8.503279179665176324e-01
1.405828724476804382e+03 6.679113876205518636e+02 8.501639474507334260e-01
1.405849557637768612e+03 6.656145101186100419e+02 8.503368551684035159e-01
1.405870390797801065e+03 6.675391159852447345e+02 8.501080332149536511e-01
1.405891223957366947e+03 6.677596596062656999e+02 8.514560317930945921e-01
1.405912057116467167e+03 6.649656901416947221e+02 8.502453407871058966e-01
1.405932890274636520e+03 6.683913293298662666e+02 8.506059786584887483e-01
1.405953723432341121e+03 6.673459422950033968e+02 8.496363142280808356e-01
1.405974556589578015e+03 6.671200084677052473e+02 8.495510388220528508e-01
1.405995389745884495e+03 6.667601647149324435e+02 8.498921241746330013e-01
1.406016222901726451e+03 6.673072329165125893e+02 8.513671580955883833e-01
1.409370355659877532e+03 6.680943450561062491e+02 1.402115827224516886e+00
