1.438578430175781250e+03 7.197296031252627699e+02 8.753313390903266766e-01
1.438599304199218750e+03 7.211322836349617091e+02 8.757849306136418210e-01
1.438620117187500000e+03 7.202551576983695441e+02 8.753246658716344886e-01
1.438640930175781250e+03 7.215132936972548805e+02 8.755977836588678676e-01
1.438661804199218750e+03 7.202945083656674115e+02 8.755960477934091601e-01
1.438682617187500000e+03 7.211776728809334145e+02 8.757172097468670646e-01
1.438703430175781250e+03 7.217284819688892412e+02 8.759438328917228400e-01
1.438724304199218750e+03 7.210929288679033107e+02 8.754485206915261220e-01
1.438745117187500000e+03 7.190028897178445959e+02 8.745224535105907693e-01
1.438765930175781250e+03 7.198105414563821114e+02 8.749598766391831761e-01
1.438786804199218750e+03 7.224128700057565311e+02 8.763347391030446021e-01
1.438807617187500000e+03 7.204226672601987502e+02 8.751925188533751232e-01
1.438828430175781250e+03 7.213424437474767501e+02 8.754230226022414740e-01
1.438849304199218750e+03 7.205590104830051814e+02 8.750286778791315223e-01
1.438870117187500000e+03 7.204748887983258783e+02 8.750845663894303295e-01
1.438890930175781250e+03 7.214111648485389878e+02 8.756239573699167167e-01
1.438911804199218750e+03 7.206163468199030149e+02 8.757132960693752022e-01
1.438932617187500000e+03 7.198700139086406580e+02 8.749720023989308038e-01
1.438953430175781250e+03 7.202936891838550082e+02 8.750781296862096825e-01
1.438974304199218750e+03 7.216025699343077804e+02 8.756948845344854071e-01
1.438995117187500000e+03 7.206725717353041318e+02 8.755030548329980622e-01
1.439015930175781250e+03 7.210678991296754248e+02 8.753535714365383580e-01
1.439036804199218750e+03 7.219519999162492923e+02 8.758004818522331369e-01
1.439057617187500000e+03 7.215874419152900145e+02 8.755581301873440747e-01
1.439078430175781250e+03 7.213064863090386325e+02 8.756111939544646283e-01
1.439099304199218750e+03 7.212361706907603320e+02 8.754597205520723291e-01
1.439120117187500000e+03 7.212856300685527913e+02 8.753188097398496570e-01
1.439140930175781250e+03 7.203127731174174642e+02 8.752851021730345682e-01
1.439161804199218750e+03 7.195502673026629736e+02 8.748471603422467435e-01
1.439182617187500000e+03 7.209102759134519829e+02 8.752908563849085555e-01
1.439203430175781250e+03 7.216487879532768375e+02 8.755158879043782871e-01
1.439224304199218750e+03 7.202647865613226941e+02 8.749100093886819085e-01
1.439245117187500000e+03 7.210931048096452969e+02 8.754290482524382799e-01
1.439265930175781250e+03 7.201424603545507352e+02 8.751036037689519098e-01
1.439286804199218750e+03 7.217886306680991311e+02 8.754714649327869358e-01
1.439307617187500000e+03 7.210728367502571245e+02 8.752303841971583731e-01
1.439328430175781250e+03 7.213906262828764966e+02 8.753793098641029502e-01
1.439349304199218750e+03 7.194718881556891574e+02 8.749579351395714299e-01
1.439370178222656250e+03 7.191814954227871795e+02 8.744638026245139528e-01
1.439390991210937500e+03 7.211886684828770058e+02 8.754644523649925958e-01
1.439411804199218750e+03 7.196483891720009751e+02 8.745204088044468138e-01
1.439432678222656250e+03 7.205413618293040372e+02 8.751912248648370252e-01
1.439453491210937500e+03 7.203925241270351307e+02 8.750753370277574161e-01
1.439474304199218750e+03 7.209854225808762749e+02 8.753849272774468782e-01
1.439495178222656250e+03 7.217640807110248033e+02 8.756633355886033199e-01
1.439515991210937500e+03 7.197307235953489908e+02 8.748847340547668550e-01
1.439536804199218750e+03 7.206137909171967522e+02 8.752662049389370313e-01
1.439557678222656250e+03 7.209802671325414849e+02 8.753487028393313052e-01
1.439578491210937500e+03 7.204474971293742556e+02 8.752112814721862977e-01
1.439599304199218750e+03 7.197868935600089344e+02 8.747892466547441126e-01
1.439620178222656250e+03 7.217703296723653921e+02 8.757505944065142600e-01
1.439640991210937500e+03 7.209828057105412427e+02 8.756461822866540290e-01
1.439661804199218750e+03 7.196774153560819514e+02 8.751866277848223685e-01
1.439682678222656250e+03 7.217348238371621392e+02 8.757298695229567276e-01
1.439703491210937500e+03 7.194001291369175988e+02 8.747890081786928729e-01
1.439724304199218750e+03 7.209466279474098656e+02 8.754490653689098734e-01
1.439745178222656250e+03 7.191815150560090615e+02 8.747502038524267443e-01
1.439765991210937500e+03 7.207380930148307243e+02 8.754128095410828037e-01
1.439786804199218750e+03 7.200460984842047765e+02 8.751697035117907975e-01
1.439807678222656250e+03 7.194839288585986878e+02 8.747708838085780370e-01
1.439828491210937500e+03 7.214081919082457262e+02 8.755182026027994446e-01
1.439849304199218750e+03 7.207011309464140822e+02 8.752817653937911002e-01
1.439870178222656250e+03 7.208827090365023196e+02 8.757195579449666978e-01
1.439890991210937500e+03 7.204311939491728936e+02 8.751571037398649944e-01
1.439911804199218750e+03 7.210138862830913240e+02 8.752564326956749907e-01
1.439932678222656250e+03 7.213038422025202863e+02 8.755398515446991548e-01
1.439953491210937500e+03 7.201984018979869688e+02 8.754994806019077425e-01
1.439974304199218750e+03 7.204802357111256015e+02 8.750794578986875738e-01
1.439995178222656250e+03 7.212616078952818270e+02 8.754772519609929082e-01
1.440015991210937500e+03 7.208100656819379992e+02 8.752979724881034818e-01
1.440036804199218750e+03 7.197796498848565534e+02 8.750313685107741213e-01
1.440057678222656250e+03 7.198633294417566049e+02 8.749101115785767879e-01
1.440078491210937500e+03 7.211915992708178464e+02 8.758447860552126540e-01
1.440099304199218750e+03 7.203217871081941439e+02 8.750127042120595666e-01
1.440120178222656250e+03 7.217878688437050414e+02 8.757419505902352963e-01
1.440140991210937500e+03 7.203771587691518334e+02 8.755199386225993585e-01
1.440161804199218750e+03 7.202258496915565047e+02 8.751743006807046754e-01
1.440182678222656250e+03 7.200248638089602764e+02 8.749069436862835225e-01
1.440203491210937500e+03 7.204942112864972614e+02 8.752934781138691500e-01
1.440224304199218750e+03 7.210677820108318201e+02 8.755607170780111970e-01
1.440245178222656250e+03 7.193827034109789338e+02 8.748043045823250541e-01
1.440265991210937500e+03 7.193007075861825115e+02 8.747097964646094459e-01
1.440286804199218750e+03 7.204527590676949558e+02 8.750456048797423669e-01
1.440307678222656250e+03 7.206365927467580832e+02 8.752498610560969228e-01
1.440328491210937500e+03 7.202525542216009171e+02 8.748938972992809093e-01
1.440349304199218750e+03 7.204178531104535068e+02 8.750936253730154935e-01
1.440370178222656250e+03 7.198494748803810808e+02 8.747764369919546201e-01
1.440390991210937500e+03 7.204045493753945948e+02 8.751157615924830546e-01
1.440411804199218750e+03 7.203160161856291097e+02 8.751509059476541008e-01
1.440432678222656250e+03 7.196000878639483744e+02 8.748511119600218544e-01
1.440453491210937500e+03 7.206319529835607227e+02 8.753380122581451150e-01
1.440474304199218750e+03 7.203751285896014451e+02 8.751113343933849542e-01
1.440495178222656250e+03 7.198455793146285941e+02 8.749831402380483514e-01
1.440515991210937500e+03 7.211738220611376846e+02 8.752566710443697717e-01
1.440536804199218750e+03 7.198569899165031529e+02 8.751574783302953353e-01
1.440557678222656250e+03 7.188968220781157470e+02 8.746927948219395121e-01
1.440578491210937500e+03 7.192326877920006609e+02 8.746763380073734329e-01
1.440599304199218750e+03 7.200979920452317629e+02 8.749318777541764680e-01
1.440620178222656250e+03 7.192332335134797177e+02 8.750394062977993048e-01
1.440640991210937500e+03 7.209917959577627471e+02 8.752447875803920363e-01
1.440661804199218750e+03 7.216930374878082830e+02 8.757625390673428045e-01
1.440682678222656250e+03 7.208918816352323802e+02 8.753685856112548569e-01
1.440703552246093750e+03 7.198063271584479708e+02 8.750030313166835549e-01
1.440724365234375000e+03 7.208401158938006574e+02 8.753618445850740448e-01
1.440745178222656250e+03 7.192915904655756094e+02 8.748603436871629224e-01
1.440766052246093750e+03 7.221004025315157833e+02 8.757423249305029689e-01
1.440786865234375000e+03 7.197085280187893659e+02 8.752413825466480723e-01
1.440807678222656250e+03 7.195339320057968280e+02 8.747561659986728966e-01
1.440828552246093750e+03 7.204401742032516722e+02 8.753954811080654208e-01
1.440849365234375000e+03 7.214126402677984515e+02 8.754792944324031323e-01
1.440870178222656250e+03 7.181884655598994414e+02 8.744862615052519939e-01
1.440891052246093750e+03 7.206638163363570584e+02 8.754840601804964040e-01
1.440911865234375000e+03 7.214484141856335100e+02 8.755750129149225680e-01
1.440932678222656250e+03 7.206337673759603604e+02 8.752372964886693252e-01
1.440953552246093750e+03 7.193205960539744410e+02 8.747892466547441126e-01
1.440974365234375000e+03 7.193848681385026111e+02 8.751771951820764839e-01
1.440995178222656250e+03 7.200466054734720274e+02 8.752958274487339096e-01
1.441016052246093750e+03 7.208654621574891053e+02 8.756023785802355963e-01
1.441057678222656250e+03 7.200963806935919820e+02 8.751169535268750188e-01
1.441078552246093750e+03 7.201913374872489157e+02 8.751685457024798165e-01
1.441099365234375000e+03 7.195772750997904268e+02 8.750377374413124132e-01
1.441120178222656250e+03 7.198403807921040425e+02 8.749328315022262270e-01
1.441141052246093750e+03 7.191293843905315271e+02 8.748345899911427193e-01
1.441161865234375000e+03 7.200934396608566885e+02 8.753601422975257895e-01
1.441182678222656250e+03 7.205411516651510055e+02 8.755320906648168533e-01
1.441203552246093750e+03 7.199705062346678233e+02 8.752953507726046745e-01
1.441224365234375000e+03 7.199128916736796100e+02 8.751967072768399580e-01
1.441245178222656250e+03 7.213026124503650180e+02 8.757900690184278192e-01
1.441266052246093750e+03 7.204919798545299727e+02 8.754474653781307847e-01
1.441286865234375000e+03 7.204270781647120430e+02 8.755099649717306143e-01
1.441307678222656250e+03 7.213370370037082466e+02 8.762979077508455950e-01
1.441328552246093750e+03 7.201418915783871171e+02 8.753951066194789465e-01
1.441349365234375000e+03 7.195267673634187986e+02 8.754694905261765081e-01
1.441370178222656250e+03 7.214747753114730813e+02 8.759998671409645610e-01
1.441391052246093750e+03 7.203750534600553692e+02 8.754863749630668046e-01
1.441411865234375000e+03 7.213926722391244084e+02 8.759144024180169907e-01
1.441432678222656250e+03 7.198593394571346380e+02 8.754888259026470942e-01
1.441453552246093750e+03 7.215063132484082189e+02 8.759209350478550649e-01
1.441474365234375000e+03 7.217141908758909494e+02 8.760607284546492179e-01
1.441495178222656250e+03 7.204283433954796010e+02 8.756581624059431856e-01
1.441516052246093750e+03 7.210166174833866535e+02 8.758328425160735176e-01
1.441536865234375000e+03 7.210740945220497906e+02 8.757863598418406115e-01
1.441557678222656250e+03 7.212555671924000080e+02 8.762747810875662902e-01
1.441578552246093750e+03 7.226521804565692264e+02 8.769445949895734449e-01
1.441599365234375000e+03 7.205743224310550659e+02 8.756411111072393005e-01
1.441620178222656250e+03 7.201914825897812307e+02 8.753806376196010541e-01
1.441641052246093750e+03 7.206082717308346446e+02 8.760057527405477051e-01
1.441661865234375000e+03 7.194511898655285904e+02 8.752869408010595098e-01
1.441682678222656250e+03 7.199370226789235403e+02 8.754070901747882383e-01
1.441703552246093750e+03 7.204293403574877175e+02 8.757057068883954409e-01
1.441724365234375000e+03 7.206578374867926868e+02 8.759615587461417885e-01
1.441745178222656250e+03 7.211590380917133416e+02 8.758330466805039904e-01
1.441766052246093750e+03 7.196810298984379415e+02 8.754527419323864246e-01
1.441786865234375000e+03 7.212758774327894571e+02 8.762453957408142813e-01
1.441807678222656250e+03 7.210394626962948905e+02 8.762492390192621050e-01
1.441828552246093750e+03 7.212629878699713117e+02 8.764990499723065431e-01
1.441849365234375000e+03 7.211087658034649621e+02 8.760780777472554348e-01
1.441870178222656250e+03 7.226066064957859680e+02 8.766875342748924327e-01
1.441891052246093750e+03 7.212984622277164135e+02 8.761146802257707700e-01
1.441911865234375000e+03 7.226875771408132323e+02 8.768168727997660561e-01
1.441932678222656250e+03 7.200906818332679222e+02 8.758385931293232174e-01
1.441953552246093750e+03 7.204044249431013895e+02 8.758699996585566083e-01
1.441974365234375000e+03 7.209321511710402319e+02 8.765985328489711570e-01
1.441995178222656250e+03 7.210798653559917284e+02 8.762982478442812306e-01
1.442016052246093750e+03 7.208343923324325715e+02 8.762378111684016035e-01
1.442036865234375000e+03 7.207426111092281644e+02 8.760735873750651326e-01
1.442057678222656250e+03 7.205510538225613573e+02 8.760455900657029282e-01
1.442078552246093750e+03 7.210366737912947883e+02 8.762725704186751230e-01
1.442099365234375000e+03 7.201093813689318495e+02 8.758448200821570273e-01
1.442120178222656250e+03 7.199473956444461464e+02 8.758694552429394653e-01
1.442141052246093750e+03 7.214718318711784377e+02 8.762602926022541316e-01
1.442161865234375000e+03 7.210432723817292526e+02 8.764192447117236107e-01
1.442182678222656250e+03 7.208199447947157523e+02 8.761503627685569562e-01
1.442203552246093750e+03 7.217829803869038869e+02 8.766638739677978798e-01
1.442224365234375000e+03 7.200398438134377557e+02 8.758971859830669837e-01
1.442245178222656250e+03 7.220287133227783443e+02 8.766709109361936481e-01
1.442266052246093750e+03 7.214196245538938683e+02 8.766407909551234834e-01
1.442286926269531250e+03 7.204990039403829769e+02 8.763420507755108613e-01
1.442307739257812500e+03 7.226646031904103893e+02 8.769137367289732143e-01
1.442328552246093750e+03 7.204693411348059726e+02 8.762323692822739929e-01
1.442349426269531250e+03 7.208630592672742523e+02 8.763123275966704373e-01
1.442370239257812500e+03 7.211859837392782993e+02 8.765588566505480017e-01
1.442391052246093750e+03 7.224483477506259987e+02 8.768663257216058327e-01
1.442411926269531250e+03 7.238629123392867086e+02 8.771828943015457236e-01
1.442432739257812500e+03 7.224075375271640951e+02 8.769110518730127701e-01
1.442453552246093750e+03 7.219975568377236641e+02 8.768241464628714343e-01
1.442474426269531250e+03 7.193276209298952608e+02 8.760478013073693671e-01
1.442495239257812500e+03 7.214280572103383520e+02 8.769996817619764018e-01
1.442516052246093750e+03 7.217160986972139654e+02 8.768659178738628102e-01
1.442536926269531250e+03 7.202427488542981564e+02 8.763767038725150949e-01
1.442557739257812500e+03 7.220153800248018570e+02 8.770555805941054883e-01
1.442578552246093750e+03 7.213977853977568202e+02 8.767256069917994665e-01
1.442599426269531250e+03 7.205635994176327586e+02 8.766136276919547221e-01
1.442620239257812500e+03 7.195014039214219110e+02 8.759841833559245394e-01
1.442641052246093750e+03 7.212695153979402676e+02 8.770191533097005943e-01
1.442661926269531250e+03 7.199360615348401780e+02 8.765014300772647760e-01
1.442682739257812500e+03 7.210559369998858301e+02 8.766515336404616665e-01
1.442703552246093750e+03 7.218025351131641401e+02 8.776691461763033164e-01
1.442724426269531250e+03 7.210375730078918650e+02 8.768554837045987593e-01
1.442745239257812500e+03 7.213706283179076308e+02 8.769631841885491275e-01
1.442766052246093750e+03 7.229827330561470262e+02 8.779527026799367473e-01
1.442786926269531250e+03 7.200292244536193493e+02 8.768977974003420162e-01
1.442807739257812500e+03 7.209746510579035430e+02 8.769140765835720108e-01
1.442828552246093750e+03 7.212582784729793275e+02 8.769568632254330920e-01
1.442849426269531250e+03 7.217838499484397516e+02 8.770771576096916267e-01
1.442870239257812500e+03 7.207475070919280142e+02 8.769680778061232918e-01
1.442891052246093750e+03 7.204393571914429231e+02 8.767605508518093727e-01
1.442911926269531250e+03 7.220493735774699644e+02 8.773805048403430229e-01
1.442932739257812500e+03 7.216212357921654075e+02 8.772268229260499206e-01
1.442953552246093750e+03 7.206773031035352233e+02 8.767144233027126532e-01
1.442974426269531250e+03 7.209103380234826091e+02 8.767556560759220963e-01
1.442995239257812500e+03 7.214915123023851038e+02 8.769421481186789880e-01
1.443016052246093750e+03 7.200108710100049620e+02 8.764074450216240431e-01
1.443036926269531250e+03 7.212760325651364610e+02 8.770764440475844470e-01
1.443057739257812500e+03 7.216749929532509213e+02 8.771357017039289605e-01
1.443078552246093750e+03 7.209505441744009886e+02 8.768410727910965763e-01
1.443099426269531250e+03 7.206383343116516471e+02 8.771286684644250542e-01
1.443120239257812500e+03 7.225475592949121619e+02 8.773703145653279911e-01
1.443141052246093750e+03 7.207892878804777865e+02 8.764140759909452294e-01
1.443161926269531250e+03 7.218840682595806584e+02 8.771030833058673926e-01
1.443182739257812500e+03 7.204450364361362062e+02 8.765761280870371097e-01
1.443203552246093750e+03 7.215691641158310858e+02 8.769411965559318345e-01
1.443224426269531250e+03 7.195309218497455959e+02 8.762914459504909104e-01
1.443245239257812500e+03 7.213076320316810097e+02 8.770418865592560786e-01
1.443266052246093750e+03 7.217417867742992712e+02 8.770773954635983083e-01
1.443286926269531250e+03 7.207011063228297871e+02 8.766179113162647640e-01
1.443307739257812500e+03 7.213792882648442628e+02 8.769410946027190734e-01
1.443328552246093750e+03 7.210647512077488273e+02 8.769951621262529473e-01
1.443349426269531250e+03 7.203665326057421225e+02 8.766440205737322522e-01
1.443370239257812500e+03 7.231170752077787256e+02 8.777437108574279723e-01
1.443391052246093750e+03 7.222977453878405640e+02 8.775581702489672065e-01
1.443411926269531250e+03 7.209626628830026220e+02 8.768089532755287685e-01
1.443432739257812500e+03 7.219830609022247927e+02 8.771116117749770957e-01
1.443453552246093750e+03 7.205015294234627845e+02 8.769746365701852620e-01
1.443474426269531250e+03 7.207754996915521133e+02 8.770353962596189046e-01
1.443495239257812500e+03 7.201294744239238526e+02 8.765242787560304505e-01
1.443516052246093750e+03 7.208988326892942951e+02 8.769149262194925187e-01
1.443536926269531250e+03 7.224113068314600241e+02 8.772549523979932262e-01
1.443557739257812500e+03 7.204816197465595451e+02 8.766066582584631783e-01
1.443578552246093750e+03 7.213720950802049856e+02 8.769239662947114766e-01
1.443599426269531250e+03 7.200304770492647322e+02 8.764171704261257689e-01
1.443620239257812500e+03 7.217573325812178382e+02 8.773266648814034285e-01
1.443641052246093750e+03 7.206905288485114625e+02 8.765970369494746617e-01
1.443661926269531250e+03 7.193605815735794522e+02 8.762075742607947637e-01
1.443682739257812500e+03 7.212312826371927486e+02 8.769822827357932615e-01
1.443703552246093750e+03 7.203478597342000285e+02 8.764235292861036752e-01
1.443724426269531250e+03 7.224701526659448518e+02 8.771599608509347279e-01
1.443745239257812500e+03 7.213205159381321891e+02 8.768068459222659872e-01
1.443766052246093750e+03 7.214218510052779720e+02 8.769733791943469248e-01
1.443786926269531250e+03 7.200769057507789057e+02 8.764978599174038099e-01
1.443807739257812500e+03 7.217008928919868822e+02 8.770181678490849286e-01
1.443828552246093750e+03 7.217676314193427061e+02 8.768800564849211776e-01
1.443849426269531250e+03 7.203055386775118905e+02 8.765948950889331792e-01
1.443870239257812500e+03 7.216386311568111296e+02 8.770210222836889447e-01
1.443891052246093750e+03 7.216130546414682385e+02 8.772068463764994828e-01
1.443911926269531250e+03 7.208138170908397342e+02 8.769478234893343105e-01
1.443932739257812500e+03 7.193829735588770973e+02 8.762215534332562505e-01
1.443953552246093750e+03 7.216424350725645809e+02 8.771922034126302670e-01
1.443974426269531250e+03 7.220159839509934727e+02 8.773738132397583822e-01
1.443995239257812500e+03 7.207936091946962733e+02 8.768708800085159849e-01
1.444016052246093750e+03 7.229885297583424517e+02 8.781242452054836001e-01
1.444057739257812500e+03 7.216037806693590255e+02 8.769793602092538221e-01
1.444078552246093750e+03 7.206406895490107445e+02 8.764075130318205176e-01
1.444099426269531250e+03 7.205182836019265551e+02 8.765752441241411175e-01
1.444120300292968750e+03 7.203273170561085408e+02 8.768523228405463721e-01
1.444141113281250000e+03 7.199433271509797123e+02 8.765212186996670374e-01
1.444161926269531250e+03 7.205057939534126490e+02 8.766646218608414864e-01
1.444182800292968750e+03 7.202349569089757324e+02 8.765626985546302041e-01
1.444203613281250000e+03 7.205416287564288496e+02 8.764200948273536129e-01
1.444224426269531250e+03 7.212033841500383460e+02 8.767436909531540756e-01
1.444245300292968750e+03 7.222181942788325841e+02 8.772617128492019578e-01
1.444266113281250000e+03 7.203433642680104185e+02 8.766531994248167869e-01
1.444286926269531250e+03 7.197695929434521531e+02 8.762008056762307096e-01
1.444307800292968750e+03 7.211412904227626086e+02 8.765728642196056741e-01
1.444328613281250000e+03 7.199957508828535993e+02 8.762317910798866905e-01
1.444349426269531250e+03 7.197135246446229075e+02 8.759661857815402852e-01
1.444370300292968750e+03 7.207872856955052612e+02 8.766176053437939597e-01
1.444391113281250000e+03 7.207457340097749920e+02 8.764390351897428655e-01
1.444411926269531250e+03 7.198371466062166064e+02 8.761875744729881177e-01
1.444432800292968750e+03 7.198253737299819477e+02 8.763870757303022785e-01
1.444453613281250000e+03 7.200631666109774187e+02 8.763479680843785369e-01
1.444474426269531250e+03 7.203388351560478213e+02 8.764281198782672977e-01
1.444495300292968750e+03 7.210459622267213717e+02 8.764858912753974440e-01
1.444516113281250000e+03 7.206235123606182924e+02 8.763615029280094060e-01
1.444536926269531250e+03 7.198516453533105732e+02 8.759951722412678832e-01
1.444557800292968750e+03 7.210887541014049020e+02 8.766031905196917107e-01
1.444578613281250000e+03 7.212273249894952869e+02 8.766015246403059402e-01
1.444599426269531250e+03 7.207934910167405178e+02 8.769685195896993468e-01
1.444620300292968750e+03 7.200366316012281231e+02 8.765491328180697872e-01
1.444641113281250000e+03 7.189652754488942037e+02 8.762259410107445801e-01
1.444661926269531250e+03 7.201440296598685791e+02 8.761463829954645455e-01
1.444682800292968750e+03 7.205594041274287065e+02 8.762455657977392676e-01
1.444703613281250000e+03 7.208663930763844974e+02 8.764970438788223239e-01
1.444724426269531250e+03 7.208522308474219926e+02 8.767377083305355479e-01
1.444745300292968750e+03 7.206257739669857756e+02 8.764797368816483747e-01
1.444766113281250000e+03 7.210295574379030086e+02 8.766086641010980562e-01
1.444786926269531250e+03 7.197476277160914151e+02 8.760714102166273776e-01
1.444807800292968750e+03 7.202597141569356154e+02 8.763441592464709107e-01
1.444828613281250000e+03 7.212146580948260635e+02 8.768705061500339237e-01
1.444849426269531250e+03 7.211003645641868616e+02 8.765474668359473087e-01
1.444870300292968750e+03 7.211193684455153061e+02 8.767359747220343502e-01
1.444891113281250000e+03 7.209501394790464701e+02 8.765820778141071301e-01
1.444911926269531250e+03 7.185417254133552660e+02 8.756225278766377462e-01
1.444932800292968750e+03 7.202872529748166244e+02 8.763863956122408538e-01
1.444953613281250000e+03 7.207516883486512143e+02 8.765665744408007720e-01
1.444974426269531250e+03 7.208555061876173795e+02 8.765112904432407204e-01
1.444995300292968750e+03 7.200323192681535147e+02 8.763665019254338606e-01
1.445016113281250000e+03 7.203229774847062572e+02 8.765345808672617700e-01
1.445036926269531250e+03 7.204856017512009885e+02 8.764548468484545385e-01
1.445057800292968750e+03 7.218004813698101998e+02 8.768213933544939387e-01
1.445078613281250000e+03 7.206634472043255073e+02 8.766593186054815190e-01
1.445099426269531250e+03 7.208143312288658535e+02 8.764845651942090310e-01
1.445120300292968750e+03 7.198506307454285889e+02 8.763757516958124993e-01
1.445141113281250000e+03 7.196597015756655082e+02 8.760240216619508136e-01
1.445161926269531250e+03 7.198693024471019726e+02 8.763070562182836420e-01
1.445182800292968750e+03 7.202860401214927606e+02 8.767258449410810783e-01
1.445203613281250000e+03 7.193433894423850461e+02 8.760623273253993482e-01
1.445224426269531250e+03 7.205392820825835543e+02 8.764584171835246851e-01
1.445245300292968750e+03 7.200674263989179735e+02 8.765454948530162493e-01
1.445266113281250000e+03 7.204556375095233989e+02 8.765306368389825797e-01
1.445286926269531250e+03 7.212556801060370617e+02 8.769018077491086416e-01
1.445307800292968750e+03 7.191760241045684552e+02 8.763738813457060406e-01
1.445328613281250000e+03 7.215415561776252389e+02 8.767724137716668142e-01
1.445349426269531250e+03 7.216865021315368267e+02 8.769668883876970966e-01
1.445370300292968750e+03 7.184979482712831214e+02 8.759955124522363912e-01
1.445391113281250000e+03 7.209553231130362292e+02 8.769028273263794748e-01
1.445411926269531250e+03 7.221148610601230757e+02 8.769887054633859202e-01
1.445432800292968750e+03 7.195175395526072180e+02 8.761166871947744239e-01
1.445453613281250000e+03 7.207665195268094749e+02 8.770769877140044413e-01
1.445474426269531250e+03 7.214769675542723917e+02 8.772009008870019775e-01
1.445495300292968750e+03 7.207158299967957191e+02 8.769226748611002042e-01
1.445516113281250000e+03 7.206615186076624013e+02 8.767013698195151861e-01
1.445536926269531250e+03 7.197811486786589512e+02 8.767877095632350404e-01
1.445557800292968750e+03 7.205553802549133025e+02 8.768119103594703700e-01
1.445578613281250000e+03 7.194792994898659799e+02 8.764255695522560341e-01
1.445599426269531250e+03 7.192075013943604063e+02 8.762101592340669765e-01
1.445620300292968750e+03 7.201523851013280364e+02 8.767532766611062511e-01
1.445641113281250000e+03 7.203188579710317754e+02 8.767149332004557927e-01
1.445661926269531250e+03 7.194609284949061703e+02 8.764929296727363983e-01
1.445682800292968750e+03 7.193363863688642823e+02 8.766474201594137705e-01
1.445703613281250000e+03 7.206794696788979309e+02 8.768054183575006988e-01
1.445724426269531250e+03 7.190774321556979203e+02 8.763089607199401332e-01
1.445745300292968750e+03 7.215388959230908767e+02 8.772720742436591612e-01
1.445766113281250000e+03 7.211285875816647604e+02 8.772484636747182041e-01
1.445786926269531250e+03 7.201505244429938557e+02 8.767354648365286440e-01
1.445807800292968750e+03 7.192084001563906668e+02 8.762677409380045246e-01
1.445828613281250000e+03 7.199397738871515458e+02 8.766743104175992451e-01
1.445849426269531250e+03 7.187143692031086175e+02 8.761891731122695148e-01
1.445870300292968750e+03 7.203754579627610610e+02 8.770267990871992714e-01
1.445891113281250000e+03 7.210145272603905369e+02 8.772771359951447856e-01
1.445911926269531250e+03 7.204669269446783346e+02 8.769554019210245022e-01
1.445932800292968750e+03 7.202716485689055617e+02 8.770823564018069840e-01
1.445953613281250000e+03 7.187769270105661690e+02 8.765834037477800988e-01
1.445974426269531250e+03 7.207156137851552558e+02 8.773856678678431109e-01
1.445995300292968750e+03 7.193473426015432324e+02 8.767584433822078749e-01
1.446016113281250000e+03 7.202674184095210421e+02 8.773049581211284087e-01
1.446036926269531250e+03 7.205668762298687398e+02 8.771649552979162712e-01
1.446057800292968750e+03 7.194276884537446222e+02 8.769134988306757084e-01
1.446078613281250000e+03 7.216126120909407291e+02 8.777911763302044257e-01
1.446099426269531250e+03 7.203760457201071858e+02 8.770410370463286309e-01
1.446120300292968750e+03 7.211603672416075597e+02 8.777139672358784672e-01
1.446141113281250000e+03 7.203147773429921017e+02 8.774975486460296903e-01
1.446161926269531250e+03 7.189969994004455884e+02 8.764126817913046041e-01
1.446182800292968750e+03 7.195201324681094093e+02 8.768152073263596469e-01
1.446203613281250000e+03 7.198730642686307419e+02 8.771698477898354218e-01
1.446224426269531250e+03 7.209258680688080858e+02 8.775094695273136791e-01
1.446245300292968750e+03 7.199911040254238515e+02 8.773100536530007432e-01
1.446266113281250000e+03 7.207890083859051629e+02 8.774931334637157132e-01
1.446286926269531250e+03 7.201425708866236164e+02 8.770750848800600297e-01
1.446307800292968750e+03 7.211024701963231109e+02 8.775429558089199444e-01
1.446328613281250000e+03 7.212253123329844584e+02 8.776026234297196194e-01
1.446349426269531250e+03 7.203074813398483229e+02 8.772535255624367423e-01
1.446370300292968750e+03 7.204917231316240986e+02 8.776338649595967212e-01
1.446391113281250000e+03 7.208400298213572341e+02 8.774161359048878728e-01
1.446411926269531250e+03 7.217372355855617343e+02 8.779581339028470488e-01
1.446432800292968750e+03 7.218326992517894496e+02 8.783607315830666007e-01
1.446453613281250000e+03 7.199445046501961087e+02 8.771292460755920617e-01
1.446474487304687500e+03 7.216372376640948687e+02 8.777349508544227685e-01
1.446495300292968750e+03 7.201800282346579252e+02 8.774968354257757230e-01
1.446516174316406250e+03 7.211107416560591901e+02 8.773707901141281074e-01
1.446536987304687500e+03 7.203195802496823035e+02 8.774996883033133743e-01
1.446557800292968750e+03 7.208941087918358335e+02 8.775811951722034543e-01
1.446578674316406250e+03 7.200333772884517884e+02 8.771668579369051866e-01
1.446599487304687500e+03 7.198187887942430052e+02 8.772529480330992779e-01
1.446620300292968750e+03 7.209254047795553788e+02 8.774758461130310883e-01
1.446641174316406250e+03 7.219462463623444819e+02 8.778827047877629797e-01
1.446661987304687500e+03 7.217147652435700138e+02 8.780018540234639790e-01
1.446682800292968750e+03 7.218822502347079535e+02 8.780333868274238229e-01
1.446703674316406250e+03 7.195183112613727872e+02 8.768533424753566230e-01
1.446724487304687500e+03 7.200370390935840987e+02 8.772850512929514233e-01
1.446745300292968750e+03 7.217665465176522730e+02 8.778697365732426316e-01
1.446766174316406250e+03 7.216225415248111403e+02 8.775293373029194877e-01
1.446786987304687500e+03 7.197864019885088283e+02 8.769963854885974852e-01
1.446807800292968750e+03 7.210819081065716318e+02 8.774948655763485927e-01
1.446828674316406250e+03 7.197661233686254718e+02 8.769612471240487706e-01
1.446849487304687500e+03 7.201938588112295747e+02 8.772754713955301931e-01
1.446870300292968750e+03 7.192673693376000301e+02 8.768863780016923348e-01
1.446891174316406250e+03 7.218055645588093512e+02 8.777927041461320856e-01
1.446911987304687500e+03 7.210573044222550152e+02 8.779653981109685201e-01
1.446932800292968750e+03 7.204790495494465858e+02 8.774579810273697156e-01
1.446953674316406250e+03 7.218552989417495382e+02 8.777726725706157529e-01
1.446974487304687500e+03 7.202636010075551667e+02 8.774811104700317443e-01
1.446995300292968750e+03 7.205422597580487718e+02 8.772959559424911014e-01
1.447016174316406250e+03 7.194543460070930223e+02 8.771116797305732460e-01
1.447057800292968750e+03 7.206066907751388726e+02 8.773495600058763833e-01
1.447078674316406250e+03 7.202463618739410549e+02 8.773940237558698341e-01
1.447099487304687500e+03 7.220036331878114879e+02 8.781490200463621942e-01
1.447120300292968750e+03 7.198170503687373412e+02 8.773982356367421298e-01
1.447141174316406250e+03 7.203299380895397235e+02 8.776407922786256810e-01
1.447161987304687500e+03 7.208179301741450899e+02 8.778675299208098526e-01
1.447182800292968750e+03 7.215761783849296762e+02 8.780737430912476382e-01
1.447203674316406250e+03 7.203452820157676797e+02 8.774187512835091018e-01
1.447224487304687500e+03 7.191013087132712371e+02 8.771155531908506608e-01
1.447245300292968750e+03 7.212210005247936806e+02 8.779132234686589653e-01
1.447266174316406250e+03 7.198221946112980731e+02 8.775708034674876146e-01
1.447286987304687500e+03 7.204624333686775799e+02 8.774791405853036297e-01
1.447307800292968750e+03 7.208048244666669007e+02 8.778605364933772526e-01
1.447328674316406250e+03 7.200067133486650164e+02 8.771934604748042874e-01
1.447349487304687500e+03 7.197708335906492039e+02 8.774021417985126137e-01
1.447370300292968750e+03 7.210521913650610486e+02 8.779902453217387492e-01
1.447391174316406250e+03 7.197973604240830809e+02 8.773790102740806063e-01
1.447411987304687500e+03 7.206769546216802382e+02 8.778157229175931331e-01
1.447432800292968750e+03 7.198768417421141521e+02 8.775075676311857586e-01
1.447453674316406250e+03 7.219003963838041500e+02 8.785061073720560332e-01
1.447474487304687500e+03 7.196887112509404005e+02 8.778087969790474565e-01
1.447495300292968750e+03 7.203524317961667975e+02 8.780627802190523745e-01
1.447516174316406250e+03 7.208593657417532086e+02 8.782837422201008604e-01
1.447536987304687500e+03 7.210003413591847448e+02 8.782272428674673392e-01
1.447557800292968750e+03 7.206621030897898663e+02 8.785417606304559701e-01
1.447578674316406250e+03 7.216363151483775482e+02 8.790100375460566662e-01
1.447599487304687500e+03 7.207541080064980861e+02 8.789285953648166005e-01
1.447620300292968750e+03 7.222058549152726528e+02 8.793874482966249628e-01
1.447641174316406250e+03 7.195043749427859439e+02 8.782681331527109059e-01
1.447661987304687500e+03 7.174661696170445566e+02 8.776125393401126296e-01
1.447682800292968750e+03 7.196263223346194309e+02 8.783192687805638776e-01
1.447703674316406250e+03 7.204989296947052253e+02 8.787056927207543833e-01
1.447724487304687500e+03 7.192610436368785258e+02 8.787870877336112496e-01
1.447745300292968750e+03 7.191018161163160585e+02 8.783444113518358298e-01
1.447766174316406250e+03 7.209343987734713437e+02 8.790866581878673536e-01
1.447786987304687500e+03 7.203399327860250878e+02 8.792344900308323163e-01
1.447807800292968750e+03 7.200487910461977208e+02 8.790345840008443323e-01
1.447828674316406250e+03 7.184276972777813626e+02 8.787934633578811106e-01
1.447849487304687500e+03 7.207980778913848781e+02 8.794975156917043124e-01
1.447870300292968750e+03 7.212059440292947556e+02 8.798080226260989178e-01
1.447891174316406250e+03 7.201575654264357809e+02 8.798219107192114530e-01
1.447911987304687500e+03 7.218601576899914107e+02 8.803001709529351126e-01
1.447932800292968750e+03 7.201636681237279163e+02 8.796780736496094821e-01
1.447953674316406250e+03 7.193746982264976850e+02 8.796033341305120601e-01
1.447974487304687500e+03 7.204917338920525935e+02 8.800033165045578754e-01
1.447995300292968750e+03 7.199478101968354622e+02 8.802499291036155471e-01
1.448016174316406250e+03 7.236090690819611382e+02 8.817760831643182140e-01
1.448036987304687500e+03 7.213365232952477299e+02 8.808629951487243481e-01
1.448057800292968750e+03 7.215345450283211903e+02 8.811351741896611411e-01
1.448078674316406250e+03 7.197162472769106216e+02 8.810715514970517415e-01
1.448099487304687500e+03 7.218648165157311496e+02 8.815429133065196821e-01
1.448120300292968750e+03 7.215343315253720675e+02 8.814286720468367253e-01
1.448141174316406250e+03 7.218622173278530454e+02 8.815060967133384606e-01
1.448161987304687500e+03 7.206816713052570549e+02 8.818060615353709997e-01
1.448182800292968750e+03 7.220744381223345272e+02 8.819224842137621811e-01
1.448203674316406250e+03 7.213108920030805393e+02 8.817785504193642598e-01
1.448224487304687500e+03 7.207817245375605353e+02 8.818270491683321000e-01
1.448245300292968750e+03 7.203781278114189490e+02 8.822233546690421147e-01
1.448266174316406250e+03 7.213812300160168434e+02 8.826393362711617563e-01
1.448286987304687500e+03 7.209491088060207176e+02 8.825620447885270670e-01
1.448307800292968750e+03 7.211294657573316726e+02 8.829367221092480067e-01
1.448328674316406250e+03 7.213591689476560305e+02 8.833246686498466005e-01
1.448349487304687500e+03 7.212120375622647543e+02 8.835875223414210167e-01
1.448370300292968750e+03 7.202500352314289103e+02 8.834360671731767978e-01
1.448391174316406250e+03 7.219380644597541732e+02 8.844259928098336943e-01
1.448411987304687500e+03 7.206486207439166947e+02 8.842598182967902343e-01
1.448432800292968750e+03 7.221617524229756100e+02 8.846027148497266346e-01
1.448453674316406250e+03 7.193703156613272540e+02 8.841255348362512256e-01
1.448474487304687500e+03 7.209804257548109945e+02 8.850044113523378719e-01
1.448495300292968750e+03 7.209555732048874006e+02 8.851455984122845733e-01
1.448516174316406250e+03 7.196708405030639142e+02 8.848401979256894645e-01
1.448536987304687500e+03 7.224946070297336291e+02 8.861336815476439366e-01
1.448557800292968750e+03 7.202204995710645790e+02 8.853452691107600581e-01
1.448578674316406250e+03 7.204592229955835592e+02 8.856249882086280056e-01
1.448599487304687500e+03 7.218132302690470397e+02 8.862516206261111806e-01
1.448620300292968750e+03 7.201212907938036096e+02 8.859300172412413188e-01
1.448641174316406250e+03 7.222023419564336564e+02 8.870234365087209527e-01
1.448661987304687500e+03 7.205442910796622300e+02 8.862952678940166917e-01
1.448682800292968750e+03 7.196251625738282200e+02 8.861389281020025654e-01
1.448703674316406250e+03 7.214585128802510781e+02 8.870256539820571273e-01
1.448724487304687500e+03 7.222288778623976668e+02 8.873139455028070666e-01
1.448745300292968750e+03 7.209742978014647861e+02 8.870244780499177972e-01
1.448766174316406250e+03 7.201405147879870583e+02 8.868246813445679333e-01
1.448786987304687500e+03 7.206257890344337511e+02 8.873032311459680965e-01
1.448807800292968750e+03 7.210283465877643039e+02 8.874235670998970038e-01
1.448828674316406250e+03 7.213879325388536472e+02 8.876076498695604222e-01
1.448849487304687500e+03 7.213958211069933668e+02 8.879546572432667206e-01
1.448870300292968750e+03 7.209877538584770491e+02 8.878183478941931162e-01
1.448891174316406250e+03 7.196284556539095547e+02 8.873088402454653023e-01
1.448911987304687500e+03 7.193820688207744070e+02 8.873671459103513737e-01
1.448932800292968750e+03 7.200821892793446750e+02 8.878400997180679877e-01
1.448953674316406250e+03 7.207953280298064556e+02 8.879842256549687063e-01
1.448974487304687500e+03 7.224641627202801146e+02 8.888899650832124966e-01
1.448995300292968750e+03 7.204549540437270707e+02 8.881849694726323685e-01
1.449016174316406250e+03 7.209275094438504539e+02 8.883669822742217281e-01
1.449036987304687500e+03 7.195952261091749733e+02 8.878694034159966275e-01
1.449057800292968750e+03 7.200788143363237168e+02 8.881511797660418539e-01
1.449078674316406250e+03 7.206326603386747820e+02 8.888054045242474999e-01
1.449099487304687500e+03 7.217193469068531613e+02 8.891044150932234658e-01
1.449120300292968750e+03 7.221101547192836279e+02 8.891925334534570569e-01
1.449141174316406250e+03 7.214942360379785669e+02 8.889373047544227857e-01
1.449161987304687500e+03 7.215855168834731330e+02 8.887386758031903256e-01
1.449182800292968750e+03 7.208472221291314099e+02 8.887992348426457800e-01
1.449203674316406250e+03 7.206489435729107527e+02 8.885720333144180305e-01
1.449224487304687500e+03 7.207704478630971607e+02 8.886185850157914956e-01
1.449245300292968750e+03 7.210542713123805925e+02 8.887092330961209319e-01
1.449266174316406250e+03 7.194962651819363373e+02 8.879377078232435494e-01
1.449286987304687500e+03 7.187692815384299365e+02 8.875706147590606276e-01
1.449307800292968750e+03 7.204615778266953612e+02 8.882123828183675629e-01
1.449328674316406250e+03 7.215755824099793472e+02 8.885518422649094639e-01
1.449349487304687500e+03 7.197401705310739999e+02 8.879965091778471153e-01
1.449370300292968750e+03 7.205607718157549471e+02 8.881878215737405435e-01
1.449391174316406250e+03 7.217970737199946143e+02 8.885686458115641395e-01
1.449411987304687500e+03 7.189279585868524691e+02 8.875623882554999344e-01
1.449432800292968750e+03 7.191462608622612152e+02 8.874699439748594543e-01
1.449453674316406250e+03 7.204003286435180371e+02 8.876996097943289366e-01
1.449474487304687500e+03 7.190898644151069448e+02 8.870503817939828783e-01
1.449495300292968750e+03 7.199675502911849208e+02 8.871945016550414342e-01
1.451932861328125000e+03 7.195253820698122809e+02 8.787309598962691481e-01
1.451953674316406250e+03 7.212777174090161907e+02 8.795324510765041293e-01
1.451974548339843750e+03 7.204684742940254409e+02 8.789484649692539397e-01
1.451995361328125000e+03 7.213353660704370895e+02 8.794786411964419237e-01
1.452016174316406250e+03 7.216939949446087894e+02 8.793817208906961058e-01
1.452037048339843750e+03 7.209583048661378371e+02 8.792696053382973442e-01
1.452057861328125000e+03 7.198018972439249410e+02 8.786283265551640964e-01
1.452078674316406250e+03 7.187196441756399281e+02 8.781231591690696892e-01
1.452099548339843750e+03 7.202879995303466103e+02 8.787506983118009707e-01
1.452120361328125000e+03 7.197673424931992940e+02 8.784620052408609325e-01
1.452141174316406250e+03 7.198695860115626601e+02 8.786743875479318122e-01
1.452162048339843750e+03 7.219684783634221503e+02 8.793118706487477176e-01
1.452182861328125000e+03 7.203525998932165066e+02 8.788071300987401191e-01
1.452203674316406250e+03 7.206280161462274236e+02 8.788584378271219189e-01
1.452224548339843750e+03 7.196388811392897651e+02 8.784644478783522059e-01
1.452245361328125000e+03 7.206557552478933530e+02 8.789060126410269680e-01
1.452266174316406250e+03 7.198574903279658201e+02 8.784246523964913678e-01
1.452287048339843750e+03 7.202902958020741835e+02 8.789930851743558149e-01
1.452307861328125000e+03 7.207720904900883170e+02 8.788076726944868966e-01
1.452328674316406250e+03 7.201565489965831830e+02 8.783737943355199862e-01
1.452349548339843750e+03 7.203278624507919403e+02 8.788515879269289677e-01
1.452370361328125000e+03 7.197363500084951511e+02 8.784724542536238578e-01
1.452391174316406250e+03 7.208841843531313316e+02 8.788269007149747125e-01
1.452412048339843750e+03 7.204118630771434937e+02 8.784798838331991933e-01
1.452432861328125000e+03 7.207925178933998041e+02 8.785269363781025298e-01
1.452453674316406250e+03 7.200543855818515340e+02 8.786104170636077626e-01
1.452474548339843750e+03 7.203895093188040164e+02 8.790953708202652317e-01
1.452495361328125000e+03 7.213001262175213242e+02 8.791073717367350326e-01
1.452516174316406250e+03 7.183203486767853292e+02 8.776203497385980379e-01
1.452537048339843750e+03 7.195930799837603900e+02 8.783090215342788110e-01
1.452557861328125000e+03 7.213981974389631660e+02 8.790948284020917436e-01
1.452578674316406250e+03 7.210471022149633882e+02 8.787615169459579434e-01
1.452599548339843750e+03 7.202599462127053584e+02 8.785209658991719461e-01
1.452620361328125000e+03 7.205521013128008008e+02 8.786510860072799245e-01
1.452641174316406250e+03 7.202230222433694280e+02 8.784709615451242737e-01
1.452662048339843750e+03 7.203337121005952213e+02 8.787220740730753432e-01
1.452682861328125000e+03 7.204122523723229961e+02 8.786297511581364628e-01
1.452703674316406250e+03 7.214897895543041386e+02 8.792227620192083481e-01
1.452724548339843750e+03 7.192432559177324265e+02 8.778293030306330014e-01
1.452745361328125000e+03 7.216467012623447772e+02 8.787548019473325756e-01
1.452766174316406250e+03 7.216424194204820424e+02 8.789318843917955926e-01
1.452787048339843750e+03 7.185420487731340700e+02 8.776379059023419194e-01
1.452807861328125000e+03 7.205155066389083913e+02 8.783583565162943474e-01
1.452828674316406250e+03 7.217241866987202457e+02 8.790172252529596664e-01
1.452849548339843750e+03 7.214670009610603074e+02 8.786632964986597072e-01
1.452870361328125000e+03 7.200256042372393495e+02 8.782503520509886696e-01
1.452891174316406250e+03 7.203443139828613084e+02 8.783249352528378351e-01
1.452912048339843750e+03 7.201873564865769595e+02 8.786089924292865838e-01
1.452932861328125000e+03 7.217033143442787377e+02 8.788814625953443871e-01
1.452953674316406250e+03 7.204446329631197159e+02 8.782588693793670354e-01
1.452974548339843750e+03 7.212644461812382133e+02 8.787895972933652544e-01
1.452995361328125000e+03 7.206081401843349568e+02 8.786996556236327249e-01
1.453016174316406250e+03 7.216461961478381681e+02 8.789913221089296069e-01
1.453037048339843750e+03 7.217931057011696794e+02 8.790190221705019846e-01
1.453057861328125000e+03 7.188373774067841850e+02 8.778278771286351922e-01
1.453078674316406250e+03 7.204552246892870926e+02 8.783739639803779253e-01
1.453099548339843750e+03 7.195974704585140671e+02 8.780392248541848410e-01
1.453120361328125000e+03 7.216782799343935721e+02 8.787939042238069876e-01
1.453141174316406250e+03 7.217406654169195690e+02 8.788293084268794519e-01
1.453162048339843750e+03 7.211505089319756507e+02 8.785814490450208902e-01
1.453182861328125000e+03 7.203470460004245979e+02 8.780611849909478739e-01
1.453203674316406250e+03 7.225410080419508176e+02 8.789970181537172245e-01
1.453224548339843750e+03 7.214002820857539291e+02 8.781660905231470915e-01
1.453245361328125000e+03 7.214120972451020180e+02 8.786391466960776775e-01
1.453266174316406250e+03 7.199585962625070579e+02 8.780842306644106587e-01
1.453287048339843750e+03 7.206562867625951867e+02 8.782846244634530120e-01
1.453307861328125000e+03 7.205018312214315301e+02 8.782170284824338813e-01
1.453328674316406250e+03 7.212408120876893918e+02 8.787199713078741592e-01
1.453349548339843750e+03 7.197534324704491837e+02 8.780722497049455733e-01
1.453370361328125000e+03 7.196241999527644566e+02 8.778651195710448496e-01
1.453391174316406250e+03 7.230569472465280114e+02 8.794497356635831986e-01
1.453412048339843750e+03 7.214366331233632081e+02 8.784124725152884228e-01
1.453432861328125000e+03 7.210671511978011949e+02 8.782434295399831337e-01
1.453453674316406250e+03 7.200951291436713291e+02 8.776973972926513934e-01
1.453474548339843750e+03 7.208245052636476657e+02 8.782531685472030336e-01
1.453495361328125000e+03 7.211251302947229078e+02 8.783948300480479698e-01
1.453516174316406250e+03 7.214505864866249567e+02 8.788059431693762136e-01
1.453537048339843750e+03 7.208122434412615576e+02 8.780248673117395652e-01
1.453557861328125000e+03 7.210061763457055122e+02 8.784310985048309206e-01
1.453578674316406250e+03 7.213212105940665424e+02 8.783177079494439710e-01
1.453599548339843750e+03 7.221777643747199136e+02 8.786167939698765750e-01
1.453620361328125000e+03 7.207117440272974136e+02 8.782526934761857307e-01
1.453641174316406250e+03 7.201896763493467688e+02 8.779263947184322570e-01
1.453662048339843750e+03 7.207370602002517899e+02 8.782379661471840793e-01
1.453682861328125000e+03 7.221500103290610468e+02 8.789573824101961641e-01
1.453703674316406250e+03 7.206723761066012912e+02 8.782064746242713715e-01
1.453724548339843750e+03 7.206242430468062139e+02 8.781732172641745215e-01
1.453745361328125000e+03 7.180459219295754565e+02 8.770965255023062124e-01
1.453766174316406250e+03 7.208674621898666146e+02 8.782278876253271083e-01
1.453787048339843750e+03 7.193547699893036906e+02 8.776802497884311771e-01
1.453807861328125000e+03 7.216369692522242758e+02 8.786916852352527618e-01
1.453828674316406250e+03 7.204161564774805129e+02 8.780509347327097869e-01
1.453849548339843750e+03 7.200962776149759748e+02 8.785656756590414229e-01
1.453870422363281250e+03 7.188043375753350119e+02 8.771658046908319406e-01
1.453891235351562500e+03 7.221622829036381290e+02 8.788547416004812707e-01
1.453912048339843750e+03 7.190603464989198983e+02 8.776883651836705491e-01
1.453932922363281250e+03 7.197752946220613239e+02 8.779008328084605406e-01
1.453953735351562500e+03 7.190581205220634047e+02 8.778293030306330014e-01
1.453974548339843750e+03 7.195172447532773958e+02 8.780064703066428056e-01
1.453995422363281250e+03 7.188400004818489606e+02 8.779246295108573683e-01
1.454016235351562500e+03 7.204163260315439175e+02 8.786022762649438045e-01
1.454037048339843750e+03 7.214663959917162401e+02 8.793234280102335543e-01
1.454057922363281250e+03 7.196635934894319462e+02 8.781542803678215048e-01
1.454078735351562500e+03 7.211989977272731949e+02 8.789856938379436713e-01
1.454099548339843750e+03 7.212333462884408846e+02 8.788308344380515447e-01
1.454120422363281250e+03 7.190288366897470951e+02 8.780047392032950260e-01
1.454141235351562500e+03 7.216067072302599854e+02 8.791189656868877433e-01
1.454162048339843750e+03 7.217569462455113580e+02 8.792276430603925830e-01
1.454182922363281250e+03 7.226048354285677533e+02 8.797904758925573221e-01
1.454203735351562500e+03 7.198028893739056002e+02 8.786887683942010696e-01
1.454224548339843750e+03 7.204441713851057330e+02 8.787291623896668069e-01
1.454245422363281250e+03 7.201573347346301261e+02 8.784107422120581710e-01
1.454266235351562500e+03 7.202220727176976425e+02 8.785137062849003309e-01
1.454287048339843750e+03 7.208701352524300319e+02 8.787194625736018949e-01
1.454307922363281250e+03 7.218808258499271915e+02 8.795480038227561081e-01
1.454328735351562500e+03 7.191503493883550391e+02 8.783467864563160310e-01
1.454349548339843750e+03 7.210953895334197341e+02 8.791040833663138487e-01
1.454370422363281250e+03 7.201417188738344066e+02 8.786316506251730107e-01
1.454391235351562500e+03 7.210164639637192749e+02 8.790796405573523264e-01
1.454412048339843750e+03 7.197789944940212763e+02 8.785610962358755271e-01
1.454432922363281250e+03 7.203415675278148456e+02 8.787459841944393890e-01
1.454453735351562500e+03 7.184022350994416684e+02 8.784102672262613654e-01
1.454474548339843750e+03 7.209246020091915170e+02 8.792864845912641281e-01
1.454495422363281250e+03 7.203082280008258067e+02 8.789272390614472075e-01
1.454516235351562500e+03 7.210156280360718029e+02 8.789864736607732043e-01
1.454537048339843750e+03 7.201101087570806385e+02 8.786371794076406339e-01
1.454557922363281250e+03 7.207405416141040178e+02 8.790033583506374759e-01
1.454578735351562500e+03 7.200102855701695717e+02 8.787416770291298640e-01
1.454620422363281250e+03 7.218729629911955499e+02 8.793931756652516585e-01
1.454641235351562500e+03 7.197631651895753748e+02 8.785710352499122022e-01
1.454662048339843750e+03 7.201257938344663216e+02 8.786336857638697984e-01
1.454682922363281250e+03 7.210602543282582246e+02 8.790534680306296700e-01
1.454703735351562500e+03 7.206447026756187597e+02 8.787509357127258891e-01
1.454724548339843750e+03 7.212382018239479748e+02 8.787919711946448054e-01
1.454745422363281250e+03 7.204662432418493836e+02 8.787459841944393890e-01
1.454766235351562500e+03 7.214846399650739386e+02 8.786599047125196460e-01
1.454787048339843750e+03 7.204652275737827267e+02 8.782522184049114111e-01
1.454807922363281250e+03 7.207341591650696273e+02 8.787443562919222684e-01
1.454828735351562500e+03 7.207667301283250936e+02 8.787092539102807631e-01
1.454849548339843750e+03 7.213581893946380887e+02 8.787779650843989820e-01
1.454870422363281250e+03 7.212733696701710642e+02 8.787180720317545601e-01
1.454891235351562500e+03 7.199138314236710130e+02 8.780641039167688122e-01
1.454912048339843750e+03 7.219485479790033651e+02 8.789595863265240450e-01
1.454932922363281250e+03 7.206107174540214828e+02 8.782599552479647409e-01
1.454953735351562500e+03 7.215711704025316067e+02 8.787639587509179506e-01
1.454974548339843750e+03 7.210734409784130321e+02 8.785480701905784562e-01
1.454995422363281250e+03 7.191358257891484982e+02 8.778714000460251521e-01
1.455016235351562500e+03 7.191683401043882213e+02 8.779648549946831304e-01
1.455037048339843750e+03 7.213968418065177275e+02 8.787200391390882492e-01
1.455057922363281250e+03 7.206608347759466824e+02 8.782609053818862810e-01
1.455078735351562500e+03 7.219643225136893534e+02 8.787647387705168622e-01
1.455099548339843750e+03 7.203812615248697284e+02 8.781665995779956990e-01
1.455120422363281250e+03 7.200561420758108397e+02 8.777791234668712583e-01
1.455141235351562500e+03 7.209248963192962947e+02 8.778297783307841273e-01
1.455162048339843750e+03 7.205979163709445174e+02 8.781744389854005961e-01
1.455182922363281250e+03 7.216574524395304024e+02 8.786967388090387576e-01
1.455203735351562500e+03 7.191381048901730537e+02 8.772535255624367423e-01
1.455224548339843750e+03 7.214428398707972292e+02 8.781898461016564017e-01
1.455245422363281250e+03 7.212339273496239684e+02 8.780134965146025872e-01
1.455266235351562500e+03 7.200865069264851854e+02 8.776530168258825926e-01
1.455287048339843750e+03 7.200509890385815197e+02 8.776308427297520032e-01
1.455307922363281250e+03 7.205188779137133679e+02 8.776076493161126812e-01
1.455328735351562500e+03 7.209140146914127172e+02 8.779071130279513246e-01
1.455349548339843750e+03 7.217910471835940598e+02 8.782817062705211564e-01
1.455370422363281250e+03 7.216402724935447850e+02 8.783325696636646862e-01
1.455391235351562500e+03 7.212742697314336056e+02 8.780040263950420476e-01
1.455412048339843750e+03 7.218613240038738468e+02 8.782230010276413923e-01
1.455432922363281250e+03 7.206315850874145781e+02 8.778725203422452772e-01
1.455453735351562500e+03 7.212516219868391545e+02 8.776403168761260920e-01
1.455474548339843750e+03 7.199687469748402009e+02 8.775258732103196069e-01
1.455495422363281250e+03 7.198303791172886577e+02 8.776496550923610362e-01
1.455516235351562500e+03 7.209757392876045969e+02 8.777117601918265066e-01
1.455537048339843750e+03 7.209850452414353867e+02 8.774125694669316911e-01
1.455557922363281250e+03 7.203873086358170212e+02 8.773637927272048831e-01
1.455578735351562500e+03 7.214660614474413478e+02 8.775390502739504051e-01
1.455599548339843750e+03 7.196751826823118563e+02 8.770995835515187355e-01
1.455620422363281250e+03 7.205831124024433620e+02 8.773292465573737653e-01
1.455641235351562500e+03 7.206016585025372478e+02 8.773445326410133083e-01
1.455662048339843750e+03 7.222769131575315669e+02 8.779042954215201533e-01
1.455682922363281250e+03 7.209771566930872950e+02 8.774262577165147237e-01
1.455703735351562500e+03 7.191654964859593520e+02 8.767035114199298595e-01
1.455724548339843750e+03 7.195700757245369914e+02 8.769663106695937405e-01
1.455745422363281250e+03 7.204040755691788718e+02 8.771210235749117290e-01
1.455766235351562500e+03 7.204972524478517926e+02 8.770486826330531338e-01
1.455787048339843750e+03 7.221715586083147400e+02 8.780412613660160126e-01
1.455807922363281250e+03 7.217932131050632734e+02 8.777200450669675469e-01
1.455828735351562500e+03 7.210632448723828247e+02 8.775146657582185705e-01
1.455849548339843750e+03 7.205047695743223812e+02 8.772430960034846015e-01
1.455870422363281250e+03 7.207434688464763894e+02 8.773243549543586761e-01
1.455891235351562500e+03 7.202851259508485100e+02 8.771255085848382871e-01
1.455912048339843750e+03 7.210376140284644180e+02 8.772062008681611456e-01
1.455932922363281250e+03 7.225012919505420541e+02 8.783524527510666591e-01
1.455953735351562500e+03 7.213380544294534502e+02 8.778216302925826442e-01
1.455974548339843750e+03 7.215364623110045841e+02 8.779182475769360394e-01
1.455995422363281250e+03 7.191056901412388243e+02 8.766394991043485740e-01
1.456016235351562500e+03 7.211560512647380392e+02 8.774809746160544544e-01
1.456037048339843750e+03 7.193031171411074638e+02 8.768668015437328656e-01
1.456057922363281250e+03 7.201412895720405913e+02 8.769421141343130000e-01
1.456078735351562500e+03 7.208640136034122179e+02 8.772336175671144876e-01
1.456099548339843750e+03 7.213510333474179106e+02 8.775625171833894012e-01
1.456120422363281250e+03 7.207808535650722206e+02 8.772284536447051417e-01
1.456141235351562500e+03 7.207947840814555320e+02 8.770310806934840109e-01
1.456162048339843750e+03 7.217475895162727966e+02 8.773106311447458339e-01
1.456182922363281250e+03 7.198615709252159149e+02 8.766182172886288759e-01
1.456203735351562500e+03 7.221565226784590550e+02 8.778520831984686357e-01
1.456224548339843750e+03 7.206867714060028902e+02 8.770072937273882818e-01
1.456245422363281250e+03 7.216531440069587688e+02 8.773255438881559787e-01
1.456266235351562500e+03 7.206876713842696063e+02 8.771100487948124691e-01
1.456287048339843750e+03 7.202133445908424392e+02 8.771442298558900230e-01
1.456307922363281250e+03 7.216179964615961353e+02 8.771948874080619518e-01
1.456328735351562500e+03 7.195319905663606050e+02 8.765359068727831549e-01
1.456349548339843750e+03 7.199346555338129292e+02 8.769546202920854849e-01
1.456370422363281250e+03 7.219668628552948348e+02 8.775864928566631251e-01
1.456391235351562500e+03 7.225374548064387454e+02 8.778886796074767407e-01
1.456412048339843750e+03 7.207683838455355954e+02 8.772614750452696342e-01
1.456432922363281250e+03 7.200744384004133281e+02 8.765250947692564409e-01
1.456453735351562500e+03 7.211779518786978542e+02 8.775585438144898331e-01
1.456474548339843750e+03 7.205599565519952421e+02 8.773509866852521322e-01
1.456495422363281250e+03 7.208048694887663714e+02 8.770303670938880414e-01
1.456516235351562500e+03 7.198035278320312500e+02 8.766796135822698677e-01
1.456537048339843750e+03 7.209730855556995266e+02 8.771771864765490756e-01
1.456557922363281250e+03 7.214872012759152540e+02 8.770942149691633993e-01
1.456578735351562500e+03 7.197312427783435851e+02 8.765637185263366327e-01
1.456599548339843750e+03 7.207283703397320096e+02 8.772354181381755156e-01
1.456620422363281250e+03 7.226530002091707274e+02 8.777794969383605483e-01
1.456641235351562500e+03 7.197483066856399319e+02 8.765868375666874268e-01
1.456662048339843750e+03 7.214076332855383953e+02 8.771968919056224445e-01
1.456682922363281250e+03 7.223686122390666924e+02 8.774288730649655310e-01
1.456703735351562500e+03 7.208411244199108978e+02 8.767767646017577965e-01
1.456724548339843750e+03 7.213833293204775146e+02 8.772773737948318384e-01
1.456745422363281250e+03 7.206959448151293373e+02 8.770439593673456935e-01
1.456766235351562500e+03 7.217363153735839205e+02 8.772769661381859541e-01
1.456787048339843750e+03 7.211111868497918067e+02 8.770361098551228141e-01
1.456807922363281250e+03 7.219493965171657237e+02 8.773144357867406207e-01
1.456828735351562500e+03 7.194858489576905640e+02 8.761486279978930591e-01
1.456849548339843750e+03 7.214009695797595896e+02 8.770894239913394896e-01
1.456870422363281250e+03 7.221310633176606188e+02 8.772624602325695964e-01
1.456891235351562500e+03 7.201176799062200189e+02 8.764772547106142175e-01
1.456912048339843750e+03 7.205302249277777946e+02 8.767822370995748127e-01
1.456932922363281250e+03 7.213859450229423373e+02 8.772079335473638162e-01
1.456953735351562500e+03 7.212590358775968298e+02 8.773333908108090773e-01
1.456974548339843750e+03 7.211252221365288051e+02 8.771681829866203595e-01
1.456995422363281250e+03 7.215422479260279260e+02 8.769874141251081667e-01
1.457016235351562500e+03 7.211553398976633389e+02 8.770024682926950144e-01
1.457037048339843750e+03 7.206040534763143341e+02 8.767540584695437955e-01
1.457057922363281250e+03 7.201306245291722234e+02 8.762503954006287676e-01
1.457078735351562500e+03 7.216042854896238623e+02 8.772094963531208434e-01
1.457099548339843750e+03 7.212987884652505954e+02 8.768383197358645686e-01
1.457120422363281250e+03 7.213461517771819445e+02 8.769893511318117563e-01
1.457141235351562500e+03 7.204357528711055920e+02 8.764118996783399895e-01
1.457162048339843750e+03 7.209226145136332207e+02 8.765956090430284675e-01
1.457182922363281250e+03 7.212910026017215159e+02 8.766419808159952032e-01
1.457203735351562500e+03 7.198085217013267538e+02 8.762086626715230864e-01
1.457224548339843750e+03 7.209404926116760635e+02 8.768641505314512807e-01
1.457245422363281250e+03 7.210851264139837440e+02 8.765689883612464151e-01
1.457266235351562500e+03 7.208588287138189798e+02 8.769111538297184039e-01
1.457287048339843750e+03 7.218499418161927679e+02 8.769731073290637502e-01
1.457307922363281250e+03 7.209002512775059586e+02 8.767161229607032258e-01
1.457328735351562500e+03 7.212998504835220501e+02 8.770345467404049300e-01
1.457349548339843750e+03 7.194590632966232988e+02 8.762854262304474728e-01
1.457370422363281250e+03 7.224435306209683176e+02 8.769479934100451457e-01
1.457391235351562500e+03 7.214821761207620057e+02 8.768077636412449083e-01
1.457412048339843750e+03 7.213665009067417486e+02 8.767576275861633794e-01
1.457432922363281250e+03 7.202704485881641858e+02 8.761811798866946388e-01
1.457453735351562500e+03 7.204999159844162477e+02 8.766223309067089353e-01
1.457474548339843750e+03 7.203325066008334261e+02 8.760939299377615841e-01
1.457495422363281250e+03 7.220114298345728230e+02 8.770440952890163899e-01
1.457516235351562500e+03 7.208294346651337037e+02 8.764324724175193149e-01
1.457537048339843750e+03 7.207570903581881794e+02 8.761072305887553924e-01
1.457557922363281250e+03 7.182991837791510079e+02 8.753791396388933554e-01
1.457578735351562500e+03 7.194033902592256027e+02 8.758754097703618235e-01
1.457620422363281250e+03 7.212320508123031004e+02 8.765031641496645598e-01
1.457641235351562500e+03 7.192417185716009271e+02 8.759496167991936977e-01
1.457662048339843750e+03 7.213787481866864937e+02 8.765928212189776358e-01
1.457682922363281250e+03 7.201609857486723740e+02 8.760858337904654514e-01
1.457703735351562500e+03 7.204013132133935642e+02 8.762292741944615049e-01
1.457724548339843750e+03 7.205924599162896129e+02 8.764358048157740999e-01
1.457745422363281250e+03 7.199152498730105663e+02 8.759009967646288475e-01
1.457766235351562500e+03 7.212077907445831215e+02 8.765405308763434267e-01
1.457787048339843750e+03 7.197889609090733529e+02 8.760940319895609285e-01
1.457807922363281250e+03 7.217952568533424937e+02 8.767257769555786284e-01
1.457828735351562500e+03 7.214016353134392148e+02 8.767540584695437955e-01
1.457849548339843750e+03 7.208986099765443214e+02 8.765477048335872379e-01
1.457870422363281250e+03 7.201171398516385125e+02 8.763010025962449934e-01
1.457891235351562500e+03 7.209968443464654229e+02 8.764482161875947197e-01
1.457912048339843750e+03 7.182150784561655428e+02 8.752759089749758692e-01
1.457932922363281250e+03 7.215601317586979349e+02 8.764109475398758065e-01
1.457953735351562500e+03 7.199548796049158454e+02 8.760415417780353931e-01
1.457974548339843750e+03 7.209544131225590036e+02 8.764596072919826897e-01
1.457995422363281250e+03 7.202668040025737355e+02 8.761628802276156813e-01
1.458016235351562500e+03 7.192683598295060392e+02 8.759858163878541104e-01
1.458037048339843750e+03 7.203724756508219116e+02 8.761731865881985382e-01
1.458057922363281250e+03 7.216627571105400420e+02 8.769812632508973138e-01
1.458078735351562500e+03 7.193453316925216541e+02 8.756948845344854071e-01
1.458099548339843750e+03 7.202738871093110902e+02 8.761054957326858128e-01
1.458120422363281250e+03 7.198512006772158429e+02 8.759989145546550615e-01
1.458141235351562500e+03 7.206500970537985040e+02 8.764526706370870945e-01
1.458162048339843750e+03 7.210283748076631127e+02 8.768576929038920387e-01
1.458182922363281250e+03 7.207394134071809049e+02 8.761183539960455402e-01
1.458203735351562500e+03 7.207225080259274819e+02 8.764291400065938875e-01
1.458224548339843750e+03 7.196890727932919845e+02 8.761003591779049637e-01
1.458245422363281250e+03 7.211052802104469492e+02 8.766524175264320817e-01
1.458266235351562500e+03 7.213026663167770494e+02 8.766673754615480485e-01
1.458287048339843750e+03 7.193636514866506104e+02 8.758671414727914328e-01
1.458307922363281250e+03 7.217214187529284573e+02 8.767797217942608912e-01
1.458328735351562500e+03 7.192361098593462430e+02 8.759435947300082681e-01
1.458349548339843750e+03 7.211402219995776477e+02 8.766249486536185076e-01
1.458370422363281250e+03 7.215612827557030187e+02 8.767033754454559569e-01
1.458391235351562500e+03 7.243051980107318286e+02 8.775519214930115330e-01
1.458412048339843750e+03 7.206918618301625656e+02 8.762506674901403558e-01
1.458432922363281250e+03 7.205014285567380057e+02 8.762249206458473383e-01
1.458453735351562500e+03 7.196162712749644470e+02 8.757214977560389135e-01
1.458474548339843750e+03 7.190776585162251422e+02 8.757603611356326034e-01
1.458495422363281250e+03 7.190659645396236783e+02 8.757858153742303919e-01
1.458516235351562500e+03 7.209434227903446981e+02 8.764888154473384763e-01
1.458537048339843750e+03 7.203652520975144853e+02 8.759574760475519195e-01
1.458557922363281250e+03 7.208628339994975249e+02 8.764680740169408235e-01
1.458578735351562500e+03 7.213318781083597742e+02 8.766720327665147305e-01
1.458599548339843750e+03 7.209295381764446802e+02 8.764075470369167009e-01
1.458620422363281250e+03 7.224243257536898000e+02 8.770648230972681869e-01
1.458641235351562500e+03 7.191714974128428821e+02 8.755482931254096046e-01
1.458662048339843750e+03 7.206763336749128257e+02 8.761710096772504786e-01
1.458682922363281250e+03 7.202435133216750955e+02 8.759318566795487593e-01
1.458703735351562500e+03 7.208387095429598048e+02 8.761772682816481028e-01
1.458724548339843750e+03 7.217647107455338755e+02 8.765844236953945767e-01
1.458745422363281250e+03 7.200508424365831388e+02 8.759206628559178531e-01
1.458766235351562500e+03 7.209038763478502005e+02 8.762701896920935818e-01
1.458787048339843750e+03 7.220635015254567861e+02 8.765388648778718039e-01
1.458807922363281250e+03 7.206979703978940961e+02 8.759704725719363871e-01
1.458828735351562500e+03 7.208971864670913874e+02 8.761229461872259705e-01
1.458849548339843750e+03 7.213289323377119899e+02 8.760016702479286321e-01
1.458870422363281250e+03 7.198865521265795451e+02 8.758562870871199335e-01
1.458891235351562500e+03 7.205891972516808437e+02 8.759872452882951910e-01
1.458912048339843750e+03 7.199170670987513176e+02 8.758368577411369538e-01
1.458932922363281250e+03 7.223115364252971631e+02 8.768397472470639276e-01
1.458953735351562500e+03 7.210202828096380472e+02 8.761418589579429428e-01
1.458974548339843750e+03 7.205347247351331816e+02 8.760105496450639739e-01
1.458995422363281250e+03 7.198760736165587559e+02 8.756992747507797992e-01
1.459016235351562500e+03 7.209932584863785223e+02 8.762012138335651956e-01
1.459037048339843750e+03 7.214618106505753303e+02 8.761952955336054227e-01
1.459057922363281250e+03 7.208924142792208158e+02 8.760395686562567619e-01
1.459078735351562500e+03 7.212286730685532348e+02 8.763781321356294285e-01
1.459099548339843750e+03 7.221244721072407629e+02 8.763966993442992015e-01
1.459120422363281250e+03 7.222175975915341724e+02 8.765528727664038122e-01
1.459141235351562500e+03 7.215680422225026405e+02 8.759906814440997502e-01
1.459162048339843750e+03 7.209391919915825611e+02 8.760629736765764841e-01
1.459182922363281250e+03 7.216786320616521380e+02 8.765668804310843276e-01
1.459203735351562500e+03 7.199875507292202883e+02 8.759802708712091102e-01
1.459224548339843750e+03 7.207129712722941122e+02 8.757859514911646714e-01
1.459245422363281250e+03 7.212257563071168533e+02 8.765950650780562903e-01
1.459266235351562500e+03 7.205211560629988981e+02 8.760446375291113252e-01
1.459287048339843750e+03 7.220812068994622450e+02 8.771347503511590649e-01
1.459307922363281250e+03 7.208527018755753488e+02 8.761765880007269525e-01
1.459328735351562500e+03 7.215989556410773957e+02 8.763716709267976857e-01
1.459349548339843750e+03 7.190940081209797654e+02 8.755327033683613092e-01
1.459370422363281250e+03 7.236640671125478548e+02 8.775590192612886531e-01
1.459391235351562500e+03 7.212731706167969605e+02 8.764371989786315931e-01
1.459412048339843750e+03 7.212045593622253818e+02 8.765333228601691617e-01
1.459432922363281250e+03 7.206990004281410620e+02 8.760806290848373035e-01
1.459453735351562500e+03 7.214343328413330028e+02 8.762458719001209317e-01
1.459474548339843750e+03 7.209616546221587896e+02 8.765081283379584365e-01
1.459495422363281250e+03 7.196591724462290358e+02 8.758738786100338514e-01
1.459516235351562500e+03 7.219092117950120837e+02 8.769372203718523995e-01
1.459537048339843750e+03 7.203627042450544877e+02 8.762614829797981120e-01
1.459557922363281250e+03 7.212415844248038184e+02 8.765786779750120994e-01
1.459578735351562500e+03 7.214808313813711038e+02 8.765081623391511867e-01
1.459599548339843750e+03 7.211709545534564541e+02 8.770404593770679824e-01
1.459620422363281250e+03 7.205869929409849419e+02 8.766803274673719004e-01
1.459641235351562500e+03 7.201413023816238592e+02 8.763892521045520967e-01
1.459662048339843750e+03 7.213592964373001450e+02 8.765607606051182277e-01
1.459682922363281250e+03 7.209504949025896394e+02 8.764985739505393170e-01
1.459703735351562500e+03 7.210742274279801904e+02 8.761740369425685682e-01
1.459724548339843750e+03 7.196865599779475815e+02 8.759643485792341089e-01
1.459745422363281250e+03 7.190938833656360885e+02 8.755910443972436674e-01
1.459766235351562500e+03 7.196813529280483408e+02 8.756759621100550506e-01
1.459787048339843750e+03 7.206170737239176560e+02 8.762860384072559405e-01
1.459807922363281250e+03 7.196765997983900434e+02 8.760306895532564697e-01
1.459828735351562500e+03 7.200795550845220987e+02 8.759700643070882364e-01
1.459849548339843750e+03 7.207991562994837977e+02 8.766047204061349074e-01
1.459870422363281250e+03 7.202797646692838498e+02 8.761830166343435033e-01
1.459891235351562500e+03 7.201322643290588985e+02 8.761088974080177838e-01
1.459912048339843750e+03 7.212838361281759489e+02 8.767001460455007278e-01
1.459932922363281250e+03 7.208542157241331552e+02 8.767713260607705728e-01
1.459953735351562500e+03 7.211334964410608563e+02 8.766828090634416482e-01
1.459974548339843750e+03 7.207378663997857302e+02 8.768547699620991009e-01
1.459995422363281250e+03 7.195865820041309462e+02 8.760288524862273052e-01
1.460016235351562500e+03 7.191477329764558135e+02 8.758956888857744039e-01
1.460037048339843750e+03 7.200106420680516521e+02 8.761455326142545408e-01
1.460057922363281250e+03 7.210841053196455732e+02 8.764408713970072151e-01
1.460078735351562500e+03 7.186454673105836264e+02 8.754884174131934982e-01
1.460099548339843750e+03 7.217623076233981010e+02 8.768088173174065636e-01
1.460120422363281250e+03 7.191288837593433527e+02 8.757941184685078539e-01
1.460141235351562500e+03 7.202807144627096250e+02 8.761386955193315451e-01
1.460162048339843750e+03 7.222663277644837763e+02 8.767467842249746512e-01
1.460182861328125000e+03 7.203061202773054674e+02 8.760558297686529272e-01
1.460203674316406250e+03 7.194455026851738921e+02 8.759397160872571808e-01
1.460224548339843750e+03 7.194473596218491593e+02 8.759841833559245394e-01
1.460245361328125000e+03 7.200973573778364880e+02 8.760791323010235221e-01
1.460266174316406250e+03 7.203571717203789149e+02 8.761598529237494271e-01
1.460287048339843750e+03 7.193580446470193692e+02 8.757397045452689488e-01
1.460307861328125000e+03 7.215513996687221834e+02 8.772247505500515574e-01
1.460328674316406250e+03 7.192899628404974237e+02 8.758301883741463900e-01
1.460349548339843750e+03 7.196661841656477918e+02 8.758839842187334801e-01
1.460370361328125000e+03 7.189453320409826347e+02 8.756450931767729706e-01
1.460391174316406250e+03 7.199076979566805221e+02 8.759180430041972887e-01
1.460412048339843750e+03 7.207538924293734226e+02 8.760076238766397738e-01
1.460432861328125000e+03 7.186793143371145334e+02 8.754954978700755230e-01
1.460453674316406250e+03 7.193630463203650152e+02 8.755722558788280319e-01
1.460474548339843750e+03 7.201100372542090327e+02 8.761175376039824769e-01
1.460495361328125000e+03 7.181038322479731733e+02 8.754480440985373813e-01
1.460516174316406250e+03 7.213010377992560507e+02 8.761443420791740211e-01
1.460537048339843750e+03 7.205602989832669891e+02 8.760874326153978986e-01
1.460557861328125000e+03 7.213502780760685482e+02 8.768123522217315946e-01
1.460578674316406250e+03 7.202736788236768462e+02 8.762668906745674224e-01
1.460620361328125000e+03 7.192903405701296151e+02 8.755358349575591559e-01
1.460641174316406250e+03 7.198382390107962010e+02 8.758283168589777734e-01
1.460662048339843750e+03 7.189776549419485718e+02 8.752417571010083774e-01
1.460682861328125000e+03 7.205449817133857096e+02 8.757047199497133283e-01
1.460703674316406250e+03 7.189288456526062419e+02 8.754463760210333678e-01
1.460724548339843750e+03 7.193438327801756031e+02 8.754679586559112048e-01
1.460745361328125000e+03 7.207053511668465262e+02 8.759879597376416527e-01
1.460766174316406250e+03 7.202140641955533056e+02 8.760867862822658836e-01
1.460787048339843750e+03 7.217898766983443011e+02 8.766353175743124559e-01
1.460807861328125000e+03 7.192547580463269696e+02 8.753295005555603581e-01
1.460828674316406250e+03 7.210031699445823961e+02 8.759156613140151038e-01
1.460849548339843750e+03 7.211505082106525606e+02 8.760746759522549665e-01
1.460870361328125000e+03 7.194315534461821926e+02 8.755169431352999299e-01
1.460891174316406250e+03 7.210493216101056078e+02 8.759846256357061156e-01
1.460912048339843750e+03 7.210265441303187117e+02 8.758672435510149734e-01
1.460932861328125000e+03 7.207904383208690433e+02 8.756850490087892958e-01
1.460953674316406250e+03 7.197969115582080804e+02 8.752434936691297906e-01
1.460974548339843750e+03 7.202450188892465803e+02 8.757364715916433617e-01
1.460995361328125000e+03 7.196359614818169348e+02 8.752806077327139889e-01
1.461016174316406250e+03 7.196959998586860365e+02 8.753733179168031731e-01
1.461037048339843750e+03 7.194950921325230411e+02 8.753194906874190995e-01
1.461057861328125000e+03 7.213769699667601571e+02 8.763374257246683285e-01
1.461078674316406250e+03 7.193719045818502309e+02 8.752050840636367290e-01
1.461099548339843750e+03 7.192773537577850220e+02 8.753288877097800125e-01
1.461120361328125000e+03 7.206298141966616413e+02 8.755467613930184578e-01
1.461141174316406250e+03 7.198934321113403030e+02 8.754448781528112455e-01
1.461162048339843750e+03 7.214355730238567048e+02 8.759236909864553944e-01
1.461182861328125000e+03 7.206722568509909479e+02 8.760052424300108775e-01
1.461203674316406250e+03 7.209766187809560734e+02 8.756294711078467241e-01
1.461224548339843750e+03 7.203767455163823570e+02 8.754242141182820847e-01
1.461245361328125000e+03 7.208941947605081850e+02 8.756563585916452563e-01
1.461266174316406250e+03 7.200405380589201059e+02 8.753271172640045839e-01
1.461287048339843750e+03 7.220463931698325268e+02 8.758993635745609962e-01
1.461307861328125000e+03 7.203992788059479153e+02 8.756109557022739853e-01
1.461328674316406250e+03 7.207981825750886173e+02 8.756435956484746042e-01
1.461349548339843750e+03 7.196931048818743193e+02 8.751841078936796192e-01
1.461370361328125000e+03 7.203514437187391195e+02 8.756725927865607328e-01
1.461391174316406250e+03 7.206158310485940319e+02 8.755959797201837702e-01
1.461412048339843750e+03 7.203335120642460652e+02 8.753618105393554671e-01
1.461432861328125000e+03 7.202529563428684014e+02 8.754006558430414975e-01
1.461453674316406250e+03 7.209608880883397433e+02 8.756955992223587337e-01
1.461474548339843750e+03 7.197420803891802734e+02 8.751211082569207989e-01
1.461495361328125000e+03 7.197506321485487888e+02 8.753682451566318079e-01
1.461516174316406250e+03 7.200463034320754332e+02 8.753716837422395036e-01
1.461537048339843750e+03 7.212873655913722359e+02 8.756484285715057103e-01
1.461557861328125000e+03 7.208382593677191608e+02 8.756450931767729706e-01
1.461578674316406250e+03 7.195267587511132206e+02 8.753391357967025277e-01
1.461599548339843750e+03 7.204949196603361088e+02 8.753192864032038889e-01
1.461620361328125000e+03 7.203618183142356202e+02 8.753699814738249430e-01
1.461641174316406250e+03 7.210527967615681746e+02 8.757608375586569682e-01
1.461662048339843750e+03 7.196918188218213572e+02 8.751702824158719141e-01
1.461682861328125000e+03 7.198230787776863053e+02 8.754566227326389116e-01
1.461703674316406250e+03 7.208247824341997330e+02 8.756732394254084229e-01
1.461724548339843750e+03 7.199973018441302202e+02 8.754226481254366865e-01
1.461745361328125000e+03 7.205333040194792602e+02 8.753727731922875677e-01
1.461766174316406250e+03 7.205334801964603457e+02 8.754294567695944940e-01
1.461787048339843750e+03 7.226755768852857500e+02 8.764048266250497043e-01
1.461807861328125000e+03 7.204166490394894709e+02 8.754987657539385904e-01
1.461828674316406250e+03 7.200204699381891942e+02 8.753070292630437121e-01
1.461849548339843750e+03 7.199446298506617268e+02 8.755993833749690092e-01
1.461870361328125000e+03 7.197708077821839652e+02 8.752053224263154352e-01
1.461891174316406250e+03 7.194182704091732603e+02 8.748099938223401484e-01
1.461912048339843750e+03 7.202504534275860806e+02 8.754769115486279452e-01
1.461932861328125000e+03 7.212104219932076603e+02 8.761489341341420767e-01
1.461953674316406250e+03 7.207954287886028624e+02 8.756919577113946307e-01
1.461974548339843750e+03 7.211707083416681598e+02 8.753762117601086024e-01
1.461995361328125000e+03 7.218208880232126603e+02 8.759190297025183369e-01
1.462016174316406250e+03 7.187319822079141431e+02 8.748852109546182421e-01
1.462037048339843750e+03 7.185749750173658867e+02 8.750625315529214632e-01
1.462057861328125000e+03 7.217165741766567635e+02 8.759762563035105032e-01
1.462078674316406250e+03 7.208938937138508436e+02 8.757422568686480391e-01
1.462099548339843750e+03 7.220504199859527716e+02 8.756779360511304233e-01
1.462120361328125000e+03 7.203359978235193921e+02 8.752414506474527345e-01
1.462141174316406250e+03 7.208861091463221555e+02 8.757097567285822004e-01
1.462162048339843750e+03 7.205575165639430679e+02 8.752704270590668800e-01
1.462182861328125000e+03 7.202538482484220594e+02 8.753765181664867612e-01
1.462203674316406250e+03 7.200572797290570861e+02 8.753895233160982059e-01
1.462224548339843750e+03 7.212225372806045698e+02 8.757957858836868947e-01
1.462245361328125000e+03 7.212348717917949443e+02 8.755058120870120586e-01
1.462266174316406250e+03 7.206524630565096459e+02 8.759378107827731075e-01
1.462287048339843750e+03 7.207076497650371039e+02 8.753012411094155398e-01
1.462307861328125000e+03 7.207689988948588962e+02 8.755118712073003406e-01
1.462328674316406250e+03 7.215143863361348622e+02 8.757305841822786707e-01
1.462349548339843750e+03 7.206272384366092183e+02 8.753716837422395036e-01
1.462370361328125000e+03 7.205545081651154078e+02 8.754218310845791606e-01
1.462391174316406250e+03 7.216181147569329823e+02 8.758188571392959698e-01
1.462412048339843750e+03 7.205822309295343757e+02 8.752271493621823772e-01
1.462432861328125000e+03 7.216170177848541698e+02 8.756614977508951903e-01
1.462453674316406250e+03 7.200337594740781242e+02 8.750929783058694067e-01
1.462474548339843750e+03 7.185614761296228608e+02 8.746923859607320662e-01
1.462495361328125000e+03 7.223288779262817343e+02 8.759493105932850687e-01
1.462516174316406250e+03 7.206393710249063815e+02 8.756095261877688829e-01
1.462537048339843750e+03 7.211734827710821492e+02 8.754812347758291757e-01
1.462557861328125000e+03 7.198405986178898956e+02 8.750812288455223076e-01
1.462578674316406250e+03 7.196692614849338270e+02 8.752589183288721486e-01
1.462599548339843750e+03 7.210675276011230608e+02 8.755360732301917803e-01
1.462620361328125000e+03 7.210666911709366786e+02 8.753008325324189709e-01
1.462641174316406250e+03 7.217105636171152128e+02 8.757218040416049343e-01
1.462662048339843750e+03 7.228573118931734598e+02 8.761464850411542216e-01
1.462682861328125000e+03 7.210919330637901794e+02 8.758210008976738958e-01
1.462703674316406250e+03 7.195792986134007378e+02 8.747790943310382872e-01
1.462724548339843750e+03 7.216238817143265578e+02 8.757705020840543808e-01
1.462745361328125000e+03 7.216246307978229879e+02 8.758693191389822497e-01
1.462766174316406250e+03 7.219876953986969284e+02 8.758907892767440195e-01
1.462787048339843750e+03 7.218066778464317395e+02 8.756963139096488602e-01
1.462807861328125000e+03 7.211926496317626061e+02 8.755585046062032140e-01
1.462828674316406250e+03 7.215534726577037645e+02 8.756756898419713053e-01
1.462849548339843750e+03 7.224848424075772755e+02 8.759316185145779032e-01
1.462870361328125000e+03 7.214251855555603470e+02 8.757463065398114477e-01
1.462891174316406250e+03 7.203149557904799849e+02 8.750967925895121180e-01
1.462912048339843750e+03 7.211095802972023421e+02 8.753575207682269266e-01
1.462932861328125000e+03 7.213758719646546069e+02 8.758368577411369538e-01
1.462953674316406250e+03 7.220811076995134954e+02 8.757554947998960060e-01
1.462974548339843750e+03 7.217632306213255333e+02 8.758558107160153705e-01
1.462995361328125000e+03 7.215593262743605010e+02 8.756359377932787513e-01
1.463016174316406250e+03 7.232587040714968225e+02 8.763247067089872111e-01
1.463037048339843750e+03 7.209700695082924540e+02 8.755350861002917373e-01
1.463057861328125000e+03 7.218996307223345639e+02 8.757925191081082916e-01
1.463078674316406250e+03 7.206958052333216074e+02 8.753886381549749185e-01
1.463099548339843750e+03 7.206707760833045313e+02 8.754310567932872544e-01
1.463120361328125000e+03 7.205253639597389110e+02 8.754174735204606206e-01
1.463141174316406250e+03 7.209707887830940081e+02 8.755360732301917803e-01
1.463162048339843750e+03 7.190250266426288590e+02 8.749261552440451561e-01
1.463182861328125000e+03 7.209188285220446915e+02 8.754814390222555032e-01
1.463203674316406250e+03 7.210220646625319887e+02 8.753832590796714053e-01
1.463224548339843750e+03 7.219254143733704723e+02 8.758433569223555981e-01
1.463245361328125000e+03 7.197471265907707902e+02 8.751147399331405952e-01
1.463266174316406250e+03 7.202186285297203767e+02 8.751907481317355852e-01
1.464266174316406250e+03 7.206791338183102198e+02 5.388436843596817738e+00
