1.655013570670218542e+03 4.362262151868578712e+02 7.860078131770292797e-01
1.655034404414231631e+03 4.351417500752257865e+02 7.839264989453722521e-01
1.655055238158244038e+03 4.352373211527955164e+02 7.841894545843529629e-01
1.655076071902023614e+03 4.366341134714842838e+02 7.843343123867454469e-01
1.655096905646035793e+03 4.356849657530264039e+02 7.840098271897466553e-01
1.655117739389816961e+03 4.359655381964901153e+02 7.831598588593876586e-01
1.655138573133596537e+03 4.346707766818674372e+02 7.824839955359844668e-01
1.655159406877374977e+03 4.355994155556563783e+02 7.817430085057724964e-01
1.655180240621155008e+03 4.371210304951928265e+02 7.795033958047890010e-01
1.655201074364935494e+03 4.375540243943733003e+02 7.762891814191903439e-01
1.655221908108482012e+03 4.357461662735008758e+02 7.733665587903438832e-01
1.655242741852028530e+03 4.371626207974150020e+02 7.724914544753205270e-01
1.655263575595576185e+03 4.342400090633404943e+02 7.668249497251413693e-01
1.655284409339123613e+03 4.356594414195492391e+02 7.649918098260609645e-01
1.655305243082436391e+03 4.363409784793263952e+02 7.618340429448631212e-01
1.655326076825750988e+03 4.347463867246827931e+02 7.587369805213508567e-01
1.655346910569065130e+03 4.353560918959515220e+02 7.571585281503427911e-01
1.655367744312146897e+03 4.334652096058589450e+02 7.549007359359495295e-01
1.655388578055227981e+03 4.361715219673288857e+02 7.553087540432231739e-01
1.655409411798309065e+03 4.344770229191969975e+02 7.546452275475520333e-01
1.655430245541157547e+03 4.356328364891730871e+02 7.545161967021088989e-01
1.655451079284006482e+03 4.348904916205054860e+02 7.541325679116679392e-01
1.655471913026854054e+03 4.358615713434815007e+02 7.552146823660021990e-01
1.655492746769469932e+03 4.350018805162790159e+02 7.557849699555420075e-01
1.655513580511852979e+03 4.359748377592742372e+02 7.586681215580139970e-01
1.655534414254469084e+03 4.350363756117296816e+02 7.582006345351293142e-01
1.655555247996618618e+03 4.356883790708048991e+02 7.599043143419876856e-01
1.655576081738767925e+03 4.349064445588466015e+02 7.609248792788402271e-01
1.655596915480918597e+03 4.338220387503338316e+02 7.598283442716758929e-01
1.655617749222835528e+03 4.354303913666626613e+02 7.608348706728836897e-01
1.655638582964752004e+03 4.357280462287239970e+02 7.599005885734743115e-01
1.655659416706437014e+03 4.343769639310210096e+02 7.569523284999259971e-01
1.655680250448121569e+03 4.366467763616199136e+02 7.567496170531943234e-01
1.655701084189573066e+03 4.350391684637108938e+02 7.546793082288250076e-01
1.655721917930791506e+03 4.352349905973147770e+02 7.530127651429497915e-01
1.655742751672009490e+03 4.335107221062780809e+02 7.512822316597578265e-01
1.655763585412995781e+03 4.360781626891240421e+02 7.520608800000235794e-01
1.655784419153981617e+03 4.366823307119677793e+02 7.523371124767034290e-01
1.655805252894734622e+03 4.359817008881764195e+02 7.490752797793147622e-01
1.655826086635253887e+03 4.353256752977696351e+02 7.475324410636001726e-01
1.655846920375773607e+03 4.352374464938071696e+02 7.454819092861385554e-01
1.655867754116061860e+03 4.359143095002825703e+02 7.432302678578343036e-01
1.655888587856349432e+03 4.363851026481029294e+02 7.411496183540449145e-01
1.655909421596403490e+03 4.342630816875295068e+02 7.367910048326092864e-01
1.655930255336224945e+03 4.352557853154678469e+02 7.340809659555593836e-01
1.655951089075814025e+03 4.344820245844899773e+02 7.305919522919644971e-01
1.655971922815403104e+03 4.353459314270564846e+02 7.294188926061677680e-01
1.655992756554758444e+03 4.354880232489355194e+02 7.256038042335715144e-01
1.656013590293880952e+03 4.350217964467333331e+02 7.230177104226481744e-01
1.656034424033005052e+03 4.361502367640363218e+02 7.213958471125274663e-01
1.656055257771895413e+03 4.340939743772929660e+02 7.189014109477875891e-01
1.656076091510552942e+03 4.338675548952036252e+02 7.188127739072184275e-01
1.656096925249209562e+03 4.346506205653956840e+02 7.191506803142154736e-01
1.656117758987401885e+03 4.353532887343917537e+02 7.195978554248925185e-01
1.656138592725595117e+03 4.349785802451380050e+02 7.189491244927253000e-01
1.656159426463553473e+03 4.348040528100522124e+02 7.191261053821138560e-01
1.656180260201511373e+03 4.355760813607652153e+02 7.197120696100594017e-01
1.656201093939006114e+03 4.352827574453464194e+02 7.188560988027994370e-01
1.656221927676499490e+03 4.352500777568295689e+02 7.178136282327809425e-01
1.656242761413759126e+03 4.345473514238610733e+02 7.165286526378162879e-01
1.656263595150786387e+03 4.356407704936802929e+02 7.154951619131966201e-01
1.656284428887813647e+03 4.348510000726566886e+02 7.133281044753525535e-01
1.656305262624376610e+03 4.349650934065598449e+02 7.100600392517477655e-01
1.656326096360938436e+03 4.333662520851636373e+02 7.067095620103963638e-01
1.656346930097267432e+03 4.355668416324555210e+02 7.059009009909293919e-01
1.656367763833363369e+03 4.337221255983876063e+02 7.040281217794187585e-01
1.656388597569226931e+03 4.340598124529097959e+02 7.022967864937897930e-01
1.656409431304858572e+03 4.357004787118673903e+02 7.025060684647915776e-01
1.656430265040488393e+03 4.347246112966172404e+02 7.026515002150574007e-01
1.656451098775886067e+03 4.340087367408216323e+02 7.010745987849275052e-01
1.656471932510818988e+03 4.331825245562871487e+02 7.010865863581143831e-01
1.656492766245751454e+03 4.347489513512985013e+02 7.029499471828701829e-01
1.656513599980450635e+03 4.353099964617083515e+02 7.052223713171144048e-01
1.656534433714916531e+03 4.345869396434471810e+02 7.055000669978142014e-01
1.656555267449382882e+03 4.351806250161475873e+02 7.074821678178920825e-01
1.656576101183383798e+03 4.354506885289366664e+02 7.099569916123581459e-01
1.656596934917152566e+03 4.342002714437295481e+02 7.099898593473917829e-01
1.656617768650919970e+03 4.337268141994526331e+02 7.101501884243720530e-01
1.656638602384221940e+03 4.352374390917967730e+02 7.110138736825257766e-01
1.656659436117524820e+03 4.332893672449939686e+02 7.101298764811264652e-01
1.656680269850594868e+03 4.345227952394275235e+02 7.095012199601054004e-01
1.656701103583431632e+03 4.341989598966889616e+02 7.093215014748451841e-01
1.656721937316035110e+03 4.342403661754935911e+02 7.080436329166014398e-01
1.656742771048405984e+03 4.341221852394111238e+02 7.076432756315641504e-01
1.656763604780544483e+03 4.347619599832748918e+02 7.077051818196541388e-01
1.656784438512449924e+03 4.344874614472415715e+02 7.075437511355503473e-01
1.656805272244121625e+03 4.341875955391042226e+02 7.073618921877755650e-01
1.656826105975560949e+03 4.349681091026358217e+02 7.072609796922442182e-01
1.656846939706768808e+03 4.341305208796413808e+02 7.061189909760521299e-01
1.656867773437743381e+03 4.348481079180306779e+02 7.060026621876415165e-01
1.656888607168483986e+03 4.349770903032380147e+02 7.053927197891582956e-01
1.656909440899224592e+03 4.359320610580278981e+02 7.032516577342077246e-01
1.656930274629499991e+03 4.352002920744108678e+02 7.008433940640080850e-01
1.656951108359543468e+03 4.345838001366412300e+02 6.987024031040200978e-01
1.656971942089586491e+03 4.343015239906426359e+02 6.959894934949184542e-01
1.656992775819162944e+03 4.349739792626107828e+02 6.948118872228474796e-01
1.657013609548507475e+03 4.343167446825951288e+02 6.924802122490842926e-01
1.657034443277852006e+03 4.338130458329694079e+02 6.916352447779656742e-01
1.657055277006730648e+03 4.333335653615235969e+02 6.894158631540684423e-01
1.657076110735376460e+03 4.345221360469735146e+02 6.893169279358376533e-01
1.657096944464020908e+03 4.337758733434478700e+02 6.895987381227679514e-01
1.657117778192201513e+03 4.353718125236699166e+02 6.911165093700550877e-01
1.657138611920149060e+03 4.340246781432964553e+02 6.898934792450565068e-01
1.657159445647864004e+03 4.345222987575681373e+02 6.907451723587926251e-01
1.657180279375577584e+03 4.344641431479991525e+02 6.912494848087316068e-01
1.657201113102825957e+03 4.356601919104709850e+02 6.930280296662658657e-01
1.657221946829843091e+03 4.355103714330383582e+02 6.922175286799627791e-01
1.657242780556626485e+03 4.344192406019046189e+02 6.917333098749729459e-01
1.657263614283175912e+03 4.352562922960680112e+02 6.907469628812973328e-01
1.657284448009493644e+03 4.338788827318195445e+02 6.885784317296724799e-01
1.657305281735577410e+03 4.345779983873551942e+02 6.871131111811151770e-01
1.657326115461429481e+03 4.352818313355449504e+02 6.853957267700929723e-01
1.657367782912434450e+03 4.350054868683411655e+02 6.818764177652054670e-01
1.657388616637354971e+03 4.347804303853214378e+02 6.806998332406034580e-01
1.657471951535406333e+03 4.348798038438118283e+02 6.804260100334237338e-01
1.657513618982686467e+03 4.345591753603388838e+02 6.831817039067294983e-01
1.657534452706209777e+03 4.344302434417742802e+02 6.835129826379423568e-01
1.657555286429268563e+03 4.346933646947210832e+02 6.855337679661490657e-01
1.657596953874684914e+03 4.354177383728680866e+02 6.884531436481301503e-01
1.657617787597044526e+03 4.352905356748554482e+02 6.893010174297027337e-01
1.657680288762492410e+03 4.351017723927557768e+02 6.900047062630412231e-01
1.657721956204882645e+03 4.355824556096013112e+02 6.887016848183367124e-01
1.657742789925611987e+03 4.357033535493289946e+02 6.882137581580520802e-01
1.657763623646108954e+03 4.344619735628769490e+02 6.873037318195659440e-01
1.657784457366372408e+03 4.355718587680946143e+02 6.884250053418229376e-01
1.657805291086403031e+03 4.354274310371249612e+02 6.880570669015997343e-01
1.657826124806202188e+03 4.361626284957461621e+02 6.885837985454257293e-01
1.657846958525767604e+03 4.354390544239894325e+02 6.878102426175584094e-01
1.657867792244866905e+03 4.347592121959336851e+02 6.871574588886264490e-01
1.657888625963966433e+03 4.343082785111020598e+02 6.873390702983454004e-01
1.657909459682599390e+03 4.343181896975299878e+02 6.856837339811561183e-01
1.657930293401001563e+03 4.352743690109582531e+02 6.849620313284879858e-01
1.657951127119170451e+03 4.335126754123639330e+02 6.829875110710348363e-01
1.657971960837105598e+03 4.352314612793777542e+02 6.826494288436611990e-01
1.657992794554807460e+03 4.343354693128623012e+02 6.805637455358781729e-01
1.658013628272044116e+03 4.348612391399493617e+02 6.797582436062067357e-01
1.658034461989282136e+03 4.352599355350037058e+02 6.797801206775158089e-01
1.658055295706053585e+03 4.359934277638823232e+02 6.792301524705576243e-01
1.658076129422824579e+03 4.343951322863293285e+02 6.790437609583741541e-01
1.658096963139130366e+03 4.345238234181069856e+02 6.789424364215492780e-01
1.658117796854970493e+03 4.346754748735468183e+02 6.789228369263603513e-01
1.658138630570810619e+03 4.349752110899742092e+02 6.795873020024272293e-01
1.658159464286417460e+03 4.362088483875353404e+02 6.820675188102068853e-01
1.658180298001559095e+03 4.361448418932926643e+02 6.813581039679642570e-01
1.658201131716700957e+03 4.344085039222613887e+02 6.811831669003296508e-01
1.658221965431376475e+03 4.349912714795154898e+02 6.821575227058257473e-01
1.658242799145819390e+03 4.341303515074641837e+02 6.834321621240289080e-01
1.658263632859797553e+03 4.341556076514273173e+02 6.816296508255432762e-01
1.658284466573773898e+03 4.353579036879519322e+02 6.810769535031780952e-01
1.658305300287285945e+03 4.351384258932924354e+02 6.798959390523189317e-01
1.658326134000797538e+03 4.352442652622073069e+02 6.785223390096607465e-01
1.658346967713843469e+03 4.347126083881366299e+02 6.767001216899029004e-01
1.658367801426657934e+03 4.354195112189743782e+02 6.754435318301317270e-01
1.658388635139237522e+03 4.352681032228582581e+02 6.743908508884437492e-01
1.658409468851351903e+03 4.351038265194767405e+02 6.734610843290327331e-01
1.658430302563466512e+03 4.358972132829594557e+02 6.732124058638299102e-01
1.658451136275115914e+03 4.355706781607230482e+02 6.739192071806014983e-01
1.658471969986532940e+03 4.363105636485082073e+02 6.741654809305571705e-01
1.658492803697715544e+03 4.351106030976981742e+02 6.735873248192699725e-01
1.658513637408432942e+03 4.346237194372578188e+02 6.742734239319172485e-01
1.658534471119150567e+03 4.349393768872345731e+02 6.753801026194786727e-01
1.658555304829403212e+03 4.361198379261725222e+02 6.773301383898067130e-01
1.658576138539423027e+03 4.347238522514011265e+02 6.793991222503378280e-01
1.658596972249209102e+03 4.359308947859211685e+02 6.787998058950476254e-01
1.658617805958761892e+03 4.348658412410400729e+02 6.798697698580984383e-01
1.658638639667849930e+03 4.358429881989611658e+02 6.799930236612814483e-01
1.658659473376938422e+03 4.353409663326616510e+02 6.800249730811753768e-01
1.658680307085561026e+03 4.343785720646906725e+02 6.783724372974221373e-01
1.658701140793949889e+03 4.340441122454784022e+02 6.788175211036624468e-01
1.658721974501873319e+03 4.355851682847512620e+02 6.782948927176264409e-01
1.658742808209797658e+03 4.355724299643022732e+02 6.782370909767574396e-01
1.658763641917255427e+03 4.343333711110669810e+02 6.774951171699044039e-01
1.658784475624480820e+03 4.349281407770560008e+02 6.777740818671608158e-01
1.658805309331473381e+03 4.352900658013319912e+02 6.774627624990396946e-01
1.658826143038233113e+03 4.344518748323657746e+02 6.771786304803135703e-01
1.658846976744526955e+03 4.350124424182087637e+02 6.777720372181864628e-01
1.658867810450587513e+03 4.346492720263066758e+02 6.791901577551490155e-01
1.658888644156415921e+03 4.353551718727294428e+02 6.770926083638630910e-01
1.658909477862012409e+03 4.350767163514897788e+02 6.765648152441711138e-01
1.658930311567374474e+03 4.339433192757070969e+02 6.744710315424852221e-01
1.658951145272270878e+03 4.360198671380636029e+02 6.753925021196780509e-01
1.658971978976934452e+03 4.355441529527729472e+02 6.736370313273951638e-01
1.658992812681366559e+03 4.356938771716417023e+02 6.727368792725487712e-01
1.659013646385566062e+03 4.357627213049538000e+02 6.716710823574958411e-01
1.659034480089298540e+03 4.357599626341963130e+02 6.706739158246494137e-01
1.659055313792797961e+03 4.343634574805126931e+02 6.708699404954122647e-01
1.659076147496064550e+03 4.358490801527364624e+02 6.698128080418056518e-01
1.659096981199098536e+03 4.353235681281331040e+02 6.696541253912946523e-01
1.659117814901901056e+03 4.344828353618613619e+02 6.688022655491466795e-01
1.659138648604237460e+03 4.366069494617428859e+02 6.698695348640191227e-01
1.659159482306340124e+03 4.364129093096883594e+02 6.700608134426840889e-01
1.659180316008209957e+03 4.355842167032018892e+02 6.705282375426073749e-01
1.659201149709614583e+03 4.358308583406399634e+02 6.707053093938520894e-01
1.659221983411019210e+03 4.362036374765895630e+02 6.724515038414978774e-01
1.659242817111958630e+03 4.346738466267458989e+02 6.699480324134429177e-01
1.659263650812663400e+03 4.355553356704137968e+02 6.705743709412641529e-01
1.659284484512904328e+03 4.353508950204726489e+02 6.709655550460075224e-01
1.659305318213144574e+03 4.350730503073349382e+02 6.688495873785247348e-01
1.659326151912918476e+03 4.359918046231681501e+02 6.683670328884304679e-01
1.659346985612460912e+03 4.351658480108065987e+02 6.670291382145643322e-01
1.659367819311770063e+03 4.356223752380784049e+02 6.665760937398660380e-01
1.659388653010613325e+03 4.367369840124876532e+02 6.664714875214442502e-01
1.659409486709223529e+03 4.355016219077461983e+02 6.653351201789626801e-01
1.659430320407600902e+03 4.354071600294278710e+02 6.647908648066963577e-01
1.659451154105746809e+03 4.355697683248769181e+02 6.647306110657588141e-01
1.659471987803426600e+03 4.360264844627096181e+02 6.648716876999389847e-01
1.659492821500871969e+03 4.356913940237042766e+02 6.651268003511429106e-01
1.659513655198085416e+03 4.357339759291944006e+02 6.655133946301029502e-01
1.659534488895066033e+03 4.358494109057681385e+02 6.670545378511558710e-01
1.659555322591580989e+03 4.363140442018615772e+02 6.672771509763071318e-01
1.659576156287863341e+03 4.362230275031942028e+02 6.689856746776340346e-01
1.659596989983912863e+03 4.346133942540668613e+02 6.676190448003280764e-01
1.659617823679729554e+03 4.363832699515751870e+02 6.692464331744523154e-01
1.659638657375080129e+03 4.358274747836491656e+02 6.689448892633811372e-01
1.659659491070197873e+03 4.354684081815125865e+02 6.687576810449159526e-01
1.659680324765083469e+03 4.359613207227270095e+02 6.690097527199362348e-01
1.659701158459502949e+03 4.351724819185323554e+02 6.685469729184313481e-01
1.659721992153923566e+03 4.360976966619294899e+02 6.693059241648370294e-01
1.659742825847876929e+03 4.353271543392764329e+02 6.671215283834421861e-01
1.659763659541365087e+03 4.357678020720192080e+02 6.676725210344839345e-01
1.659784493234852562e+03 4.348013479599261473e+02 6.669061697456716287e-01
1.659805326927875512e+03 4.357572724092508452e+02 6.680312768772246335e-01
1.659826160620666542e+03 4.363713336411465775e+02 6.690853891105520423e-01
1.659846994313222467e+03 4.355661222104155854e+02 6.679054587199813042e-01
1.659867828005313640e+03 4.351491275339005256e+02 6.679206518513217672e-01
1.659888661697171528e+03 4.353808303591598019e+02 6.682419246209916341e-01
1.659909495388797041e+03 4.361887006383935841e+02 6.670078035595866650e-01
1.659930329079958028e+03 4.351559079569896085e+02 6.663428478781401321e-01
1.659951162771118106e+03 4.356787447789873795e+02 6.653856671023081759e-01
1.659971996461812068e+03 4.348838128218131942e+02 6.640515270448539287e-01
1.659992830152041051e+03 4.359922107541285072e+02 6.640714308194264337e-01
1.660013663842269125e+03 4.359313895409553083e+02 6.620091725373754565e-01
1.660034497532031537e+03 4.358658372693022329e+02 6.611090786842107603e-01
1.660055331221562028e+03 4.367384206003211489e+02 6.624302269523478781e-01
1.660076164910627085e+03 4.360434699735957338e+02 6.595984139187414108e-01
1.660096998599691460e+03 4.351101309659219396e+02 6.583896904576233000e-01
1.660117832288289947e+03 4.364033750098475366e+02 6.592141375546465287e-01
1.660138665976422999e+03 4.353154682279683811e+02 6.580308637830295515e-01
1.660159499664555369e+03 4.356612186663441548e+02 6.578567680269359341e-01
1.660180333352222988e+03 4.357430362925727536e+02 6.575489132241355561e-01
1.660201167039658912e+03 4.359401447446151678e+02 6.582108675447574386e-01
1.660222000726627584e+03 4.360778309207745451e+02 6.579298363282125583e-01
1.660242834413596029e+03 4.359577065925888064e+02 6.581757763351073764e-01
1.660263668100099494e+03 4.365122809471134246e+02 6.588629972044534044e-01
1.660284501786136389e+03 4.356292735095407807e+02 6.590185123775323950e-01
1.660305335472175102e+03 4.356213755074879259e+02 6.579097467517187603e-01
1.660326169157747472e+03 4.369114598367828535e+02 6.574182556741764438e-01
1.660347002842853044e+03 4.364955748437314469e+02 6.580663250219533911e-01
1.660367836527959980e+03 4.366678622615624477e+02 6.560739326436679786e-01
1.660388670212599436e+03 4.361479989858799513e+02 6.554597001479697260e-01
1.660409503897007653e+03 4.347442959049187721e+02 6.542078213795901043e-01
1.660430337581183039e+03 4.362937625109709643e+02 6.545182494117477434e-01
1.660451171264892537e+03 4.368162078811825495e+02 6.557644001102803655e-01
1.660472004948368976e+03 4.363081373075757483e+02 6.553623008450802923e-01
1.660492838631612585e+03 4.365967948104214429e+02 6.549705794693944094e-01
1.660513672314390078e+03 4.363174513450034624e+02 6.553714184340319049e-01
1.660534505996935422e+03 4.357795169372411692e+02 6.561028906014456652e-01
1.660555339679247936e+03 4.369935860177549785e+02 6.564262471357278361e-01
1.660576173361095016e+03 4.358722029725965967e+02 6.568475455109984429e-01
1.660597007042941414e+03 4.369112708236235108e+02 6.576452862747186323e-01
1.660617840724089547e+03 4.364370485916385292e+02 6.593639879075493537e-01
1.660638674405237907e+03 4.344054821920591962e+02 6.579681112756937678e-01
1.660659508085920152e+03 4.355542863215587772e+02 6.593602816127730470e-01
1.660680341766370020e+03 4.360771872607674595e+02 6.593218388754417125e-01
1.660701175446587513e+03 4.358663568650598563e+02 6.580988181576726825e-01
1.660742842805856981e+03 4.360006777070572639e+02 6.585642110008248507e-01
1.660826177520904366e+03 4.365971249815267470e+02 6.583619647701104416e-01
1.660847011198791961e+03 4.355401500012560518e+02 6.579679300977553380e-01
1.660867844876447634e+03 4.354853638376540061e+02 6.589410872790072426e-01
1.660888678553870477e+03 4.359774938135658999e+02 6.586289429227127901e-01
1.660909512231060944e+03 4.365178886907860942e+02 6.578066392941027685e-01
1.660930345907785522e+03 4.354320132895480242e+02 6.566516691478445633e-01
1.660951179584277497e+03 4.372343445670992992e+02 6.563589595984338221e-01
1.660972013260302447e+03 4.364697836441824847e+02 6.551608402483507509e-01
1.660992846936095475e+03 4.357690588209898124e+02 6.538758246887524939e-01
1.661013680611656127e+03 4.352567322975464776e+02 6.516231279959133760e-01
1.661034514286983494e+03 4.352641037206619217e+02 6.510912812719191756e-01
1.661055347967199395e+03 4.364316278308757546e+02 6.508237753869220432e-01
1.661076181641597032e+03 4.362105798167971784e+02 6.502773197672540029e-01
1.661097015315993531e+03 4.358264516455452622e+02 6.491998534315817082e-01
1.661117848989923004e+03 4.357601585094139978e+02 6.509998435256113547e-01
1.661138682663620557e+03 4.357172570994538887e+02 6.482423465702129572e-01
1.661159516337085051e+03 4.359083387095903959e+02 6.486196606780738616e-01
1.661180350010084567e+03 4.371597406284301996e+02 6.497411148165361805e-01
1.661201183682851024e+03 4.353667451527634285e+02 6.473971604456129070e-01
1.661222017355152047e+03 4.357754169576372760e+02 6.470245685983203598e-01
1.661242851027452616e+03 4.366390176863104102e+02 6.473428609898544961e-01
1.661263684699287069e+03 4.358075655204382315e+02 6.479439063238914276e-01
1.661284518370656542e+03 4.364421165276730790e+02 6.476267606604166893e-01
1.661305352041792503e+03 4.361794944975047201e+02 6.461334889747800680e-01
1.661326185712695860e+03 4.360962534775504196e+02 6.461772361978498358e-01
1.661347019383367979e+03 4.357612688938760925e+02 6.467176172210143958e-01
1.661367853053573072e+03 4.357812905593289088e+02 6.441992627179611297e-01
1.661388686723545106e+03 4.361070347872362731e+02 6.436544754856550199e-01
1.661409520393284538e+03 4.358054274465495155e+02 6.431319102739966320e-01
1.661430354062557399e+03 4.356585835815504311e+02 6.441161003556586939e-01
1.661451187731599020e+03 4.351793814947570240e+02 6.428263222595010928e-01
1.661472021400174526e+03 4.352131083666402560e+02 6.427677883385624069e-01
1.661492855068750032e+03 4.374250510921501132e+02 6.445268341837959714e-01
1.661513688736626591e+03 4.361388557900076535e+02 6.438409750273674792e-01
1.661534522404502923e+03 4.371430891149805120e+02 6.443521424169763590e-01
1.661555356071914957e+03 4.361212761096790587e+02 6.446109375676407627e-01
1.661576189739092570e+03 4.364609634615560481e+02 6.456233857495640160e-01
1.661597023406038488e+03 4.364607897748807659e+02 6.464206629587740949e-01
1.661617857072518973e+03 4.356196230357136869e+02 6.467701721024190498e-01
1.661638690738765945e+03 4.360984542586780890e+02 6.473850533735442392e-01
1.661659524404547028e+03 4.365929836264115238e+02 6.488032401111003544e-01
1.661680358070095508e+03 4.372594471236026266e+02 6.488025740634147942e-01
1.661701191735410475e+03 4.351976112628948954e+02 6.472618521912500977e-01
1.661722025400260918e+03 4.378132724171355221e+02 6.493105239360753567e-01
1.661742859065111134e+03 4.372127064778825911e+02 6.489116589664993828e-01
1.661763692729263084e+03 4.355261513542958483e+02 6.478362685690647327e-01
1.661784526393414581e+03 4.359847857465397283e+02 6.472913655220102758e-01
1.661805360057099961e+03 4.360758232278465698e+02 6.471070117716161141e-01
1.661826193720320589e+03 4.346228099176011597e+02 6.461939778939024270e-01
1.661847027383540535e+03 4.353268167565300928e+02 6.467917596085080989e-01
1.661867861046294365e+03 4.358455250790774471e+02 6.469252083131882269e-01
1.661888694708584353e+03 4.368194385297313715e+02 6.487579932482977485e-01
1.661909528370873431e+03 4.368229480461681646e+02 6.472390371420450039e-01
1.661930362032696394e+03 4.365606202490562850e+02 6.478422259122877946e-01
1.661951195694053467e+03 4.358261211373492756e+02 6.461095270631453946e-01
1.661972029355177938e+03 4.347486457219698082e+02 6.449867488549679839e-01
1.661992863016070487e+03 4.362478139183676262e+02 6.454138752372307053e-01
1.662013696676729069e+03 4.359220446524783483e+02 6.437629513224742972e-01
1.662034530336923126e+03 4.367500296166185763e+02 6.437408918828964044e-01
1.662055363996883443e+03 4.364378222881945817e+02 6.428424094608358175e-01
1.662076197656378099e+03 4.372543915258870584e+02 6.423161677082938059e-01
1.662097031315640379e+03 4.360163286106714509e+02 6.414480737020756829e-01
1.662117864974669374e+03 4.361751438863140038e+02 6.413209437933538037e-01
1.662138698633232934e+03 4.354833686555810459e+02 6.403546344304322790e-01
1.662159532291564119e+03 4.363735430065258925e+02 6.398447216059163223e-01
1.662180365949662018e+03 4.369181322243057934e+02 6.415311638286048668e-01
1.662201199607294939e+03 4.358424785803318287e+02 6.408575147755015688e-01
1.662222033264693437e+03 4.372491555707883890e+02 6.404448697918908584e-01
1.662242866921860013e+03 4.368984930171431529e+02 6.403429526985472409e-01
1.662263700578561384e+03 4.359593249480769828e+02 6.419903696264810389e-01
1.662284534235029469e+03 4.366783272632211492e+02 6.400313999996677383e-01
1.662305367891031892e+03 4.358632879203899506e+02 6.400183387080992103e-01
1.662326201546802622e+03 4.358093508842540587e+02 6.385816924560139274e-01
1.662347035202338475e+03 4.358725756027805005e+02 6.376484595198872452e-01
1.662367868857410031e+03 4.367525904400833383e+02 6.391379845768312418e-01
1.662388702512248074e+03 4.355207085677851637e+02 6.368532097320404040e-01
1.662409536166853059e+03 4.361325653568599705e+02 6.366392916849039629e-01
1.662430369820993064e+03 4.358307586678833445e+02 6.360250801683448030e-01
1.662451203474900467e+03 4.356671658175317248e+02 6.370286245996055197e-01
1.662472037128341981e+03 4.356513152894661971e+02 6.356701788135967757e-01
1.662492870781783495e+03 4.358436277608740284e+02 6.352672062389791430e-01
1.662513704434525607e+03 4.357637224563961809e+02 6.360813296892169344e-01
1.662534538087269084e+03 4.366447884992213062e+02 6.382908749175696395e-01
1.662555371739545535e+03 4.357416748378754505e+02 6.371155888799948652e-01
1.662576205391357007e+03 4.350468962026887425e+02 6.374432473071790506e-01
1.662597039043168479e+03 4.360370712709484451e+02 6.392544996605243890e-01
1.662617872694514062e+03 4.370143233375709428e+02 6.401780360292398386e-01
1.662638706345395349e+03 4.360829018598814741e+02 6.401715883815474184e-01
1.662659539996042440e+03 4.352782212984591297e+02 6.407120808288381264e-01
1.662680373646456928e+03 4.358097347557563808e+02 6.407759186291053233e-01
1.662701207296405983e+03 4.363195714620435979e+02 6.410297650271807868e-01
1.662722040946121524e+03 4.356361114300316331e+02 6.405618217763177080e-01
1.662742874595604007e+03 4.356171797816612070e+02 6.406505626137419807e-01
1.662763708244621967e+03 4.368863759591268376e+02 6.414709088797485581e-01
1.662784541893407550e+03 4.363076101576537553e+02 6.416611781649336210e-01
1.662805375541727017e+03 4.377082449136113382e+02 6.427426345014436437e-01
1.662826209190045574e+03 4.361916151851673362e+02 6.412947108202455837e-01
1.662847042837665413e+03 4.352528998176649111e+02 6.409985453429952740e-01
1.662867876485285478e+03 4.364146675201067183e+02 6.418258530430074327e-01
1.662888710132440337e+03 4.354257409053386141e+02 6.409295218950885609e-01
1.662909543779130672e+03 4.363245021249379647e+02 6.416205137754791288e-01
1.662930377425587494e+03 4.350072275715747878e+02 6.401649078982915020e-01
1.662951211071810576e+03 4.351470318645985458e+02 6.399827622163480889e-01
1.662972044717569133e+03 4.371651610104047450e+02 6.404182286472006602e-01
1.662992878363093496e+03 4.359553463830525288e+02 6.392765740550240272e-01
1.663013712008385482e+03 4.358390567004690865e+02 6.385169118300931812e-01
1.663034545653211580e+03 4.360859881562003579e+02 6.382944000645133231e-01
1.663055379297806212e+03 4.368989957839373233e+02 6.373403124799562613e-01
1.663076212942168013e+03 4.355474946190759056e+02 6.371724671091411052e-01
1.663097046586062561e+03 4.356593195521222697e+02 6.364492068180054307e-01
1.663117880229492130e+03 4.362720048059470628e+02 6.359942005570824453e-01
1.663138713872921471e+03 4.357733681939956227e+02 6.352639223169715965e-01
1.663159547515651866e+03 4.356898828719749304e+02 6.362473316548871161e-01
1.663180381158383625e+03 4.366294835023610972e+02 6.356937841221624863e-01
1.663201214800648586e+03 4.361049844035600245e+02 6.354555576700648967e-01
1.663222048442681626e+03 4.353775058209528197e+02 6.353489704237516023e-01
1.663242882084249459e+03 4.372674148924704127e+02 6.377038882089310912e-01
1.663263715725583552e+03 4.352499778606421046e+02 6.348834588647170873e-01
1.663284549366451529e+03 4.364115213942033620e+02 6.364280645620148391e-01
1.663305383007319506e+03 4.359504800810465213e+02 6.352187901261024949e-01
1.663326216647488991e+03 4.360495969230471474e+02 6.353124991743891448e-01
1.663347050287659386e+03 4.348678199115322514e+02 6.344963793835398658e-01
1.663367883927363891e+03 4.368297283541147635e+02 6.342999907246865687e-01
1.663388717566602963e+03 4.361331979617152683e+02 6.331746513276271804e-01
1.663409551205608523e+03 4.358380790383457111e+02 6.321936277355598710e-01
1.663430384844381479e+03 4.363372211425000273e+02 6.321783066824545605e-01
1.663451218482689001e+03 4.366385449044086613e+02 6.326552537122152042e-01
1.663472052120763465e+03 4.353157547280831068e+02 6.312412015849406810e-01
1.663492885758371358e+03 4.360559522851423822e+02 6.311845679410987842e-01
1.663513719395980388e+03 4.365157101931858392e+02 6.330624310529868737e-01
1.663534553032891381e+03 4.348739780746823271e+02 6.310441540777886882e-01
1.663555386669801919e+03 4.365106096168992167e+02 6.327556301983283671e-01
1.663576220306013511e+03 4.356692760708206720e+02 6.337006070754598319e-01
1.663597053942225102e+03 4.361247678169949609e+02 6.332929694547599908e-01
1.663617887577971942e+03 4.362584531238082377e+02 6.348294035341841557e-01
1.663638721213251529e+03 4.353885102760172003e+02 6.338552901781250304e-01
1.663659554848532025e+03 4.358847582906042817e+02 6.342360414796671675e-01
1.663680388483114484e+03 4.357514394979648387e+02 6.347116770194114466e-01
1.663701222117696943e+03 4.357723589390069492e+02 6.344565240500952275e-01
1.663722055751813514e+03 4.352095473479782868e+02 6.351399418425236476e-01
1.663742889385463513e+03 4.361330982597227148e+02 6.346523712068224965e-01
1.663763723019113968e+03 4.358740636364240117e+02 6.358508414194908864e-01
1.663784556652067067e+03 4.356684680661962261e+02 6.351357657307131754e-01
1.663805390285018575e+03 4.357617504189968258e+02 6.339543954244513113e-01
1.663826223917272046e+03 4.348236238114264438e+02 6.331503401916765972e-01
1.663847057549525971e+03 4.352588517252894462e+02 6.336708605182866938e-01
1.663867891181314462e+03 4.366708596967656035e+02 6.339049387658041157e-01
1.663888724812869896e+03 4.352047137788930513e+02 6.327154532534275955e-01
1.663909558443959440e+03 4.367981331539008920e+02 6.335451570778706243e-01
1.663930392074815927e+03 4.373208182329451574e+02 6.331638726429428266e-01
1.663951225705206525e+03 4.349549848958479288e+02 6.317271591483556437e-01
1.663972059335364520e+03 4.364579900713089842e+02 6.315364216172708600e-01
1.663992892965057536e+03 4.358888148141722354e+02 6.314101280465244104e-01
1.664013726594517493e+03 4.352164606292900544e+02 6.313754825699705586e-01
1.664034560223745075e+03 4.359526129058683637e+02 6.295078314702325928e-01
1.664055393852506540e+03 4.362659424580596124e+02 6.289813547721676557e-01
1.664076227481034493e+03 4.353698415914176394e+02 6.277012861987067982e-01
1.664117894736926473e+03 4.367884321586340661e+02 6.277289418220992623e-01
1.664180395618554030e+03 4.346692267873325477e+02 6.259591610493858704e-01
1.664201229244986962e+03 4.365692044367829112e+02 6.270247801716168912e-01
1.664222062870954460e+03 4.366026809665146970e+02 6.266440702314397537e-01
1.664242896496921503e+03 4.352422632760711281e+02 6.254437540183261923e-01
1.664263730122423112e+03 4.361134218011474672e+02 6.261278466578631408e-01
1.664284563747458378e+03 4.369994211999798495e+02 6.258670038528059143e-01
1.664305397372261950e+03 4.354671884098490295e+02 6.246649559345995861e-01
1.664326230996832010e+03 4.354016120097729754e+02 6.252091534651661453e-01
1.664347064620937545e+03 4.356595798611174928e+02 6.252486687927839570e-01
1.664367898244576963e+03 4.355022472647954714e+02 6.235564249902625367e-01
1.664388731868215473e+03 4.349425011102449048e+02 6.238866426256293174e-01
1.664409565491155490e+03 4.348108081664900055e+02 6.218754629392194699e-01
1.664430399114096417e+03 4.346021324774744699e+02 6.213706736731533509e-01
1.664451232736338625e+03 4.348506345386686007e+02 6.206757440403450898e-01
1.664472066358579923e+03 4.341928076171910220e+02 6.206431403683065895e-01
1.664492899980355560e+03 4.353847834784055522e+02 6.208294000010305957e-01
1.664513733601666900e+03 4.347904321899194429e+02 6.200056561473522576e-01
1.664555400843590633e+03 4.352989554150284448e+02 6.195799655690235053e-01
1.664576234463969513e+03 4.343670727129085094e+02 6.190521225114821169e-01
1.664597068084116017e+03 4.359660295985036669e+02 6.195949247524848991e-01
1.664617901703796633e+03 4.354325321728757672e+02 6.191179770770864899e-01
1.664638735323244418e+03 4.351380643347771411e+02 6.182955440848080242e-01
1.664659568942226542e+03 4.346872587924454479e+02 6.178522754961000008e-01
1.664680402560976518e+03 4.350243771496391219e+02 6.178310515764058319e-01
1.664701236179261514e+03 4.353390040907737557e+02 6.177781333105670791e-01
1.664722069797312543e+03 4.353650474449187300e+02 6.165605088524198640e-01
1.664742903414897000e+03 4.346376270087769171e+02 6.159586926689545328e-01
1.664763737032249537e+03 4.348631691732042555e+02 6.153124562927509977e-01
1.664784570649135958e+03 4.340548758896620711e+02 6.144816319860820775e-01
1.664805404265790003e+03 4.354543262662133998e+02 6.146779041481865713e-01
1.664826237882211444e+03 4.340613517199646481e+02 6.131588273044540349e-01
1.664847071498167224e+03 4.361219189732123596e+02 6.142230001267119377e-01
1.664867905113658026e+03 4.359397487853666462e+02 6.134482721207860090e-01
1.664888738728914632e+03 4.374960956274712771e+02 6.143232107599730929e-01
1.664909572343939089e+03 4.344784441825279941e+02 6.120729388095992318e-01
1.664930405958497431e+03 4.353735806651831126e+02 6.139885292441761289e-01
1.664951239572822487e+03 4.346483764620697912e+02 6.117852302761229710e-01
1.664972073186683019e+03 4.347416809555863324e+02 6.119008169679631681e-01
1.664992906800077435e+03 4.342710541932605111e+02 6.119465731334944314e-01
1.665013740413238338e+03 4.354652633531610491e+02 6.119886005296736320e-01
1.665034574026167320e+03 4.356844463168670245e+02 6.111078810124814797e-01
1.665055407638631095e+03 4.360430961092978350e+02 6.124505412315874864e-01
1.665076241250861585e+03 4.342400649761628983e+02 6.117844508564208583e-01
1.665097074862625504e+03 4.346153781630592334e+02 6.099725385644294562e-01
1.665117908473924672e+03 4.341912721698098494e+02 6.104274366902034954e-01
1.665138742084991009e+03 4.344137147664485497e+02 6.106705709298578810e-01
1.665159575695824060e+03 4.356698167980881635e+02 6.110002412311683617e-01
1.665180409306190995e+03 4.341988477199175236e+02 6.100417915083388154e-01
1.665201242916093634e+03 4.347908074951430990e+02 6.100427441395206429e-01
1.665222076525762986e+03 4.350838575288071297e+02 6.107584825177309051e-01
1.665242910135199963e+03 4.354653563450793854e+02 6.105788395202893515e-01
1.665263743744169915e+03 4.347129967094490439e+02 6.126310704570113730e-01
1.665284577352675115e+03 4.351765904091467974e+02 6.105082074378306300e-01
1.665367911783434465e+03 4.353840359553447001e+02 6.105868198948974923e-01
1.665388745390309850e+03 4.340245662254855574e+02 6.112997517689306992e-01
1.665409578996720484e+03 4.344979947955577586e+02 6.101697727321593323e-01
1.665430412602896467e+03 4.352884559020572510e+02 6.120379047747807055e-01
1.665451246208607927e+03 4.352117940793183379e+02 6.116083739808294562e-01
1.665472079814085419e+03 4.351000242919268430e+02 6.113349743541641734e-01
1.665492913419097931e+03 4.355980160508072458e+02 6.106889936401354024e-01
1.665513747023645010e+03 4.347413043615244419e+02 6.103013651232990222e-01
1.665534580627958576e+03 4.348650492307112927e+02 6.106495366393889235e-01
1.665555414231807390e+03 4.360063291986508602e+02 6.114739192382114830e-01
1.665576247835423601e+03 4.352596659372956651e+02 6.105421821477341471e-01
1.665597081438573014e+03 4.344924249870434778e+02 6.099433937933305128e-01
1.665617915041490050e+03 4.341511302374914294e+02 6.098950441150678969e-01
1.665638748643708368e+03 4.345945282173071291e+02 6.100023903565395811e-01
1.665659582245926913e+03 4.351604263496947738e+02 6.111010291130053451e-01
1.665680415847680024e+03 4.339725033965317493e+02 6.106117853474223311e-01
1.665701249448966564e+03 4.356488102471692514e+02 6.104515787194049192e-01
1.665722083049788125e+03 4.342710907467647985e+02 6.129490626953983945e-01
1.665742916650377083e+03 4.354812610440040430e+02 6.109978511884898156e-01
1.665763750250733665e+03 4.357509502171230906e+02 6.110152641425062869e-01
1.665784583850391527e+03 4.338880399015150715e+02 6.102873013046126172e-01
1.665805417449815423e+03 4.349901652785043211e+02 6.104550937582858827e-01
1.665826251049006942e+03 4.338274877574165203e+02 6.104393491555877294e-01
1.665847084647732572e+03 4.346467061766873030e+02 6.108441859639079929e-01
1.665867918245992996e+03 4.349627651854332271e+02 6.106271106523408765e-01
1.665888751844021044e+03 4.350654587883513500e+02 6.104349552404971790e-01
1.665909585441349464e+03 4.356192747308534763e+02 6.113804560191484772e-01
1.665930419038678792e+03 4.352534549629530147e+02 6.108686286370760277e-01
1.665951252635310993e+03 4.353298418574991047e+02 6.106367009739297469e-01
1.665972086231708545e+03 4.359214589258676256e+02 6.109909492780692952e-01
1.665992919827639980e+03 4.349382847053948922e+02 6.103281977949784887e-01
1.666013753423339494e+03 4.355788550282008487e+02 6.109062420978064178e-01
1.666034587018571983e+03 4.346733671515826245e+02 6.104455005835813797e-01
1.666055420613340630e+03 4.340981209315259548e+02 6.098646495305907189e-01
1.666076254207642478e+03 4.353255787495241975e+02 6.116057670386852996e-01
1.666097087801711950e+03 4.347283448735479396e+02 6.108172539819036739e-01
1.666117921395315989e+03 4.352189596033873613e+02 6.110068503821483032e-01
1.666138754988454366e+03 4.355378267167463946e+02 6.106836742921172290e-01
1.666159588581359912e+03 4.347928248712696018e+02 6.104902674424861342e-01
1.666180422173799570e+03 4.350271917971074345e+02 6.123409960140470121e-01
1.666201255765773112e+03 4.356831602231544025e+02 6.108823375725670468e-01
1.666222089357282130e+03 4.353174815348930338e+02 6.109404629686706611e-01
1.666242922948557407e+03 4.344611115668731145e+02 6.101626660819229331e-01
1.666263756539133965e+03 4.341546075892305225e+02 6.113098921814283937e-01
1.666284590129478602e+03 4.359256153838384762e+02 6.116022586130260841e-01
1.666305423719357350e+03 4.359815460281885180e+02 6.109340238350319252e-01
1.666326257308770892e+03 4.350114656993923177e+02 6.121461410532939018e-01
1.666347090897950466e+03 4.344617102307057621e+02 6.108182054036753739e-01
1.666367924486664378e+03 4.342775201439724242e+02 6.111192193962446950e-01
1.666388758074680027e+03 4.358768672219097198e+02 6.108742390927047738e-01
1.666409591662462390e+03 4.354525948486229368e+02 6.107611662694544252e-01
1.666430425249780455e+03 4.348373910525009478e+02 6.101676236507841411e-01
1.666451258836631496e+03 4.346696447193653512e+02 6.108740683404676464e-01
1.666472092423017784e+03 4.360218472518278645e+02 6.110180687035460245e-01
1.666492926009172606e+03 4.349189780206952491e+02 6.104972482380254251e-01
1.666513759594627118e+03 4.351161763980134083e+02 6.123579814295733170e-01
1.666534593179615968e+03 4.357214769272186459e+02 6.115678554840364711e-01
1.666555426764371532e+03 4.358635574048098533e+02 6.108289392902215287e-01
1.666576260348429059e+03 4.346821742827657999e+02 6.105576800404963755e-01
1.666597093932254666e+03 4.347830713942134935e+02 6.108613105740333671e-01
1.666617927515380416e+03 4.350990489640715850e+02 6.111020532452124954e-01
1.666638761098040959e+03 4.347587885818375071e+02 6.102867641384454034e-01
1.666659594680236523e+03 4.355345762292806171e+02 6.108869234111438118e-01
1.666680428262199030e+03 4.361795568858835850e+02 6.113096484234857853e-01
1.666701261843463499e+03 4.353499768626090827e+02 6.110670610889513688e-01
1.666722095424261624e+03 4.364494729596328284e+02 6.118345265547878720e-01
1.666742929004360576e+03 4.348529279155831091e+02 6.107076353931605306e-01
1.666763762584227607e+03 4.361060672737860386e+02 6.111404325815407157e-01
1.666784596163395463e+03 4.354629194742094001e+02 6.115464621942366952e-01
1.666805429742098113e+03 4.354817592094122460e+02 6.113424817431731828e-01
1.666826263320334419e+03 4.349825451345918736e+02 6.110337983942879525e-01
1.666847096898105974e+03 4.353343667716856658e+02 6.105542876220109161e-01
1.666867930475179492e+03 4.348319974600111664e+02 6.108491380016460859e-01
1.666888764051787575e+03 4.363453293523062371e+02 6.130023006035103528e-01
1.667347102577655505e+03 4.350406183440074415e+02 6.114514991166037916e-01
1.669076284803418957e+03 4.371015910152067363e+02 7.692050145496089897e-01
1.669097118307149458e+03 4.364767412445669379e+02 7.670859197738393309e-01
1.669138785314147071e+03 4.369261166480463316e+02 7.636733579499268565e-01
1.669159618817644514e+03 4.350376670532222079e+02 7.612131641664863224e-01
1.669201285824642127e+03 4.361889535694682536e+02 7.604659904961321715e-01
1.669222119328139570e+03 4.373652274870679548e+02 7.595804964669284898e-01
1.669242952831638377e+03 4.363868433558020570e+02 7.582282272971014869e-01
1.669263786335137411e+03 4.363152565043804998e+02 7.569836281677804202e-01
1.669284619838402477e+03 4.350335504524853150e+02 7.531853426110313166e-01
1.669305453341901057e+03 4.340614939002463188e+02 7.509746973141052662e-01
1.669326286845166578e+03 4.364644082776585492e+02 7.497588405717553472e-01
1.669347120348431417e+03 4.357345099633463406e+02 7.476874700742526247e-01
1.669367953851463426e+03 4.353690119114174877e+02 7.464279704440259788e-01
1.669388787354728947e+03 4.361051718339889476e+02 7.464964813256806941e-01
1.669409620857762093e+03 4.350659267152634584e+02 7.460880379183542077e-01
1.669430454360794556e+03 4.354652788506359684e+02 7.463191226275326384e-01
1.669451287863595098e+03 4.364903772789569985e+02 7.464484525028888262e-01
1.669472121366395641e+03 4.369658181746831360e+02 7.478622726665794529e-01
1.669492954869195501e+03 4.378033049492289592e+02 7.499194896718480718e-01
1.669534621874561481e+03 4.355880337087539829e+02 7.501852680895484404e-01
1.669555455377128055e+03 4.360893840582654093e+02 7.508115351480292299e-01
1.669576288879462936e+03 4.363728784305599220e+02 7.503642945880290016e-01
1.669597122381796453e+03 4.370835426286674874e+02 7.495474642204001947e-01
1.669617955883897594e+03 4.353159464959552452e+02 7.467005394237465898e-01
1.669638789385999644e+03 4.353009875090607466e+02 7.446672873689369476e-01
1.669659622888101012e+03 4.364018870706246389e+02 7.441791113965909865e-01
1.669680456389970004e+03 4.354445957826153517e+02 7.387775589632207263e-01
1.669701289891605484e+03 4.362884078689329499e+02 7.363784732351402740e-01
1.669722123393240963e+03 4.364370511521196931e+02 7.349548485569841194e-01
1.669742956894644067e+03 4.360051715496238103e+02 7.319960513451391204e-01
1.669763790396046488e+03 4.362548136241071006e+02 7.313609666666232023e-01
1.669784623897448910e+03 4.372491276091823238e+02 7.312593312768512765e-01
1.669805457398386579e+03 4.357951690668321589e+02 7.324958865600283975e-01
1.669826290899555943e+03 4.366894371464743472e+02 7.317907029754294745e-01
1.669847124400261464e+03 4.351381794239232477e+02 7.319449944909297567e-01
1.669867957900966530e+03 4.359103232243849106e+02 7.328780724442993666e-01
1.669888791401437629e+03 4.370722388020718654e+02 7.310618884062933809e-01
1.669909624901908501e+03 4.354645552231670536e+02 7.280891131287754447e-01
1.669930458402146996e+03 4.353027915132554426e+02 7.247841513707278249e-01
1.669951291902153116e+03 4.342745759424468588e+02 7.204931516699106808e-01
1.669972125402158554e+03 4.351776062296596592e+02 7.175349455640619434e-01
1.669992958901931615e+03 4.343227123411609227e+02 7.132968111210525874e-01
1.670013792401472074e+03 4.341702140698050698e+02 7.131060549119345726e-01
1.670034625901012532e+03 4.364773010463234186e+02 7.090172037558116758e-01
1.670055459400086875e+03 4.350687884509114838e+02 7.067785918096441966e-01
1.670076292899394502e+03 4.345169524323945325e+02 7.062540577459655022e-01
1.670097126398236014e+03 4.353405199101072185e+02 7.055922770789551102e-01
1.670117959897078435e+03 4.350635742633315886e+02 7.049812609637314820e-01
1.670138793395454513e+03 4.341470747381952151e+02 7.044419141936898443e-01
1.670159626893830136e+03 4.355151579331059111e+02 7.050927284820667218e-01
1.670180460392205532e+03 4.333013609503911994e+02 7.045598542512223617e-01
1.670201293890115949e+03 4.356206160971106556e+02 7.042836497456742562e-01
1.670222127388026365e+03 4.362034837385531318e+02 7.034686838065009606e-01
1.670242960885703496e+03 4.359319041331550579e+02 7.021223336621293942e-01
1.670263794383149161e+03 4.347210973871386841e+02 6.998829164678981307e-01
1.670284627880361995e+03 4.364406403072551939e+02 6.989360429608237890e-01
1.670305461377573465e+03 4.353829106737725851e+02 6.967292453602444979e-01
1.670326294874319501e+03 4.359170473149897589e+02 6.961339748418458040e-01
1.670347128371065537e+03 4.351997914856046350e+02 6.945323424872440476e-01
1.670367961867578970e+03 4.365245412581131177e+02 6.941442426201915872e-01
1.670388795363859572e+03 4.360190882406236028e+02 6.936458371982515692e-01
1.670409628859907571e+03 4.353837088156934669e+02 6.953181577302295358e-01
1.670430462355722057e+03 4.349217161814079873e+02 6.932786061698843483e-01
1.670451295851303485e+03 4.363712882488115383e+02 6.937440047133922594e-01
1.670472129346886049e+03 4.340757824583067759e+02 6.934385227644513927e-01
1.670492962842003635e+03 4.352120761047308406e+02 6.951386309341763825e-01
1.670513796337119402e+03 4.350023428834097103e+02 6.963849102034760374e-01
1.670534629832003020e+03 4.348264902292020224e+02 6.973525348428808446e-01
1.670555463326420977e+03 4.354373628991708074e+02 6.997631873032653660e-01
1.670576296820838934e+03 4.352080193759677513e+02 6.998721431722244590e-01
1.670597130315024060e+03 4.355632214980092840e+02 7.016131359424565561e-01
1.670617963808975446e+03 4.369500587617927749e+02 7.025800924698845096e-01
1.670638797302694911e+03 4.346144933417709808e+02 7.005873344839230743e-01
1.670659630796182000e+03 4.357393720039316349e+02 7.011723425393419085e-01
1.670680464289436031e+03 4.360645327690962176e+02 7.002400233679229036e-01
1.670701297782457459e+03 4.351150468025917917e+02 6.989542284947786177e-01
1.670722131275245374e+03 4.346228911939061845e+02 6.982001018512076218e-01
1.670742964768033062e+03 4.375621669249076149e+02 6.985989812775814656e-01
1.670763798260355998e+03 4.354464679782643088e+02 6.978212595012741604e-01
1.670784631752445421e+03 4.341671849892334194e+02 6.980417884338208090e-01
1.670805465244302013e+03 4.352943701085862358e+02 6.978718662591316679e-01
1.670826298735926002e+03 4.350805432837412354e+02 6.986616248678091390e-01
1.670847132227549992e+03 4.345515959089686930e+02 6.985542720321378241e-01
1.670867965718708547e+03 4.349717858381523001e+02 6.989048087883188431e-01
1.670888799209634499e+03 4.348972305744291589e+02 6.983813593957084453e-01
1.670909632700326938e+03 4.355567504486418784e+02 6.976407108092811393e-01
1.670930466190787001e+03 4.343811819606984272e+02 6.959592618653061002e-01
1.670951299681013552e+03 4.358317291406917775e+02 6.943332548666421022e-01
1.670972133171007499e+03 4.348897912919856594e+02 6.919518166398643810e-01
1.670992966660768616e+03 4.355666607043024214e+02 6.902460396282423805e-01
1.671013800150296902e+03 4.353228459716959833e+02 6.881359150408050684e-01
1.671034633639593039e+03 4.348240921655584543e+02 6.866144632739034082e-01
1.671055467128422606e+03 4.362866249893619397e+02 6.862702425071399714e-01
1.671076300617252855e+03 4.348586879566972243e+02 6.850869573266747947e-01
1.671097134105850955e+03 4.355112292336096971e+02 6.860736659634701917e-01
1.671117967593982485e+03 4.352489658688954250e+02 6.864122759274261520e-01
1.671138801082114014e+03 4.345161163509225730e+02 6.877124414799884455e-01
1.671159634569779428e+03 4.347764992190165003e+02 6.866132696425106818e-01
1.671180468057445069e+03 4.360945707489563574e+02 6.880840075181828830e-01
1.671201301544645503e+03 4.344251396953631001e+02 6.867059977695998407e-01
1.671222135031612424e+03 4.345444201628853875e+02 6.868850602097903435e-01
1.671242968518346970e+03 4.353940686892933627e+02 6.859028427301482322e-01
1.671263802004848458e+03 4.354804376401232275e+02 6.846964851810100061e-01
1.671284635491117569e+03 4.359719081290272698e+02 6.835288970701670630e-01
1.671305468977154533e+03 4.345894805791767226e+02 6.812192822451699215e-01
1.671326302462724470e+03 4.356632099490626615e+02 6.818920426026514603e-01
1.671347135948294635e+03 4.358427720588215948e+02 6.795213211186781344e-01
1.671367969433400049e+03 4.368839377662597485e+02 6.783118302649433495e-01
1.671388802918271494e+03 4.352384784698674594e+02 6.773398622535441449e-01
1.671409636403142940e+03 4.359037989702868572e+02 6.776419804719654438e-01
1.671430469887548497e+03 4.356076404253115584e+02 6.771259930205321131e-01
1.671451303371722133e+03 4.352515824789981593e+02 6.764305171019279195e-01
1.671472136855430108e+03 4.361764954422051233e+02 6.769931268512164868e-01
1.671492970339138083e+03 4.360064126594962772e+02 6.766802590591332045e-01
1.671513803822380396e+03 4.345030828735072532e+02 6.770525534064796291e-01
1.671534637305622482e+03 4.348391897687153005e+02 6.778430246995837960e-01
1.671555470788398452e+03 4.356468967696215486e+02 6.798679287713336183e-01
1.671576304270942501e+03 4.352803003206455514e+02 6.800182458589477674e-01
1.671597137753253037e+03 4.359822852615859006e+02 6.806907703299031054e-01
1.671617971235097912e+03 4.352548104384055705e+02 6.799556597810927361e-01
1.671638804716943014e+03 4.361392678781040217e+02 6.804702898921251020e-01
1.671659638198322455e+03 4.354405266544463871e+02 6.801304743917523377e-01
1.671680471679469065e+03 4.355891533267916884e+02 6.797436438863440067e-01
1.671701305160383527e+03 4.351459268892436967e+02 6.798998183195059664e-01
1.671722138641064021e+03 4.347850997345296946e+02 6.784771633282800085e-01
1.671742972121512594e+03 4.360171250517829549e+02 6.799660911941106667e-01
1.671763805601494369e+03 4.354861554625849180e+02 6.818456040994489431e-01
1.671784639081477053e+03 4.356712284718942101e+02 6.806263851645590890e-01
1.671805472560993621e+03 4.359966783966470985e+02 6.821319427094975074e-01
1.671826306040276904e+03 4.338441512679738707e+02 6.818675453205114145e-01
1.671847139519095890e+03 4.358554745114087154e+02 6.832128062797323542e-01
1.671867972997913512e+03 4.339788366045316934e+02 6.829137198978300072e-01
1.671888806476266836e+03 4.357738384973075654e+02 6.839911259569104729e-01
1.671909639954387330e+03 4.354873358228591655e+02 6.841131362541547078e-01
1.671930473432274539e+03 4.342509918691166035e+02 6.824335552541413996e-01
1.671951306909928007e+03 4.352953344795470230e+02 6.813035585190967414e-01
1.671972140387116497e+03 4.357119266171478102e+02 6.803613807945295688e-01
1.671992973864304531e+03 4.357434693353821444e+02 6.790680967856033146e-01
1.672013807341028041e+03 4.354879028564691907e+02 6.775797027073388046e-01
1.672034640817517584e+03 4.338346867579936088e+02 6.753351139093457522e-01
1.672097141245124931e+03 4.363998936699293836e+02 6.744092784792559137e-01
1.672117974720451457e+03 4.347332137808704147e+02 6.735412429240300591e-01
1.672159641670170913e+03 4.352389227019561986e+02 6.736656988339249086e-01
1.672222142092889044e+03 4.366042654390309394e+02 6.747906210022570628e-01
1.672242975566351561e+03 4.368465257883744925e+02 6.737995749796916733e-01
1.672263809039814532e+03 4.365858155278713184e+02 6.733243524153890158e-01
1.672284642512813207e+03 4.356391306163762351e+02 6.725322037470236047e-01
1.672305475985578596e+03 4.361052849931641617e+02 6.708372885032615196e-01
1.672326309457876960e+03 4.361817849230368438e+02 6.697920070032310491e-01
1.672347142930175551e+03 4.361725680121562050e+02 6.697875797469382553e-01
1.672367976402008935e+03 4.352523213738251116e+02 6.677745068193717826e-01
1.672388809873609944e+03 4.361551165165842008e+02 6.680615009361418055e-01
1.672409643344744381e+03 4.358237643629586273e+02 6.673637684378731505e-01
1.672451310286548505e+03 4.351146022721513305e+02 6.674252803286502278e-01
1.672513810696926612e+03 4.344915977673188650e+02 6.691613732465477860e-01
1.672534644166431917e+03 4.357630813156334284e+02 6.709296650955437480e-01
1.672555477635471561e+03 4.352711340610754291e+02 6.720517170070376967e-01
1.672576311104510523e+03 4.355657973158096752e+02 6.729420461287639599e-01
1.672597144573084051e+03 4.350584608991715641e+02 6.735900015871596480e-01
1.672617978041424522e+03 4.353953094499340182e+02 6.735901785631741578e-01
1.672638811509532388e+03 4.350795502220266258e+02 6.747209466627507313e-01
1.672659644977175049e+03 4.359347055119458219e+02 6.735957754056455249e-01
1.672680478444817936e+03 4.354551195189538362e+02 6.737406798303741118e-01
1.672701311911994935e+03 4.365887520700610480e+02 6.741350221417659050e-01
1.672722145378706955e+03 4.356197483522132643e+02 6.746353400644705678e-01
1.672742978845184552e+03 4.360028448564025325e+02 6.752204331990406816e-01
1.672763812311430002e+03 4.351100340178239207e+02 6.747681404959936513e-01
1.672784645777441938e+03 4.356313234528279850e+02 6.743217760848712050e-01
1.672805479243221498e+03 4.357015885821372763e+02 6.758855617919194980e-01
1.672826312708536079e+03 4.356895049171616279e+02 6.767218774279788462e-01
1.672847146173616466e+03 4.345381698557515051e+02 6.761384582195666404e-01
1.672867979638233010e+03 4.356536308156076416e+02 6.786060279615562241e-01
1.672888813102848871e+03 4.354960837654660963e+02 6.774970966713269593e-01
1.672909646566998617e+03 4.344792404464549236e+02 6.769918282126944353e-01
1.672930480030683611e+03 4.349350017300872651e+02 6.769873599967148881e-01
1.672951313494367469e+03 4.360489988544028961e+02 6.765745280828656671e-01
1.672972146957586119e+03 4.349933410426389742e+02 6.748879542781132113e-01
1.672992980420571939e+03 4.359892452813429600e+02 6.742227034823072840e-01
1.673013813883091416e+03 4.361692922557818974e+02 6.738795606359413437e-01
1.673034647345611575e+03 4.348772057788612528e+02 6.722168385493263454e-01
1.673055480807666527e+03 4.352403639087065699e+02 6.707167066955226353e-01
1.673076314269256045e+03 4.365300269898671672e+02 6.710558488687997647e-01
1.673097147730612051e+03 4.358483955684433795e+02 6.690121805225451856e-01
1.673117981191734998e+03 4.357083647575954046e+02 6.689240835120882078e-01
1.673138814652625115e+03 4.373164641615612140e+02 6.702294936281935067e-01
1.673159648113049570e+03 4.345201542527175889e+02 6.686605251029577035e-01
1.673180481573474026e+03 4.350494120025527991e+02 6.686382842114413361e-01
1.673201315033199990e+03 4.356053193201825593e+02 6.694757293863011771e-01
1.673222148492926408e+03 4.363763557493537633e+02 6.695169721080297398e-01
1.673242981952186483e+03 4.357001169292802842e+02 6.687763975405973671e-01
1.673263815411215091e+03 4.357339695551855812e+02 6.682569317142426080e-01
1.673284648869777584e+03 4.352152692401369904e+02 6.675333980177328153e-01
1.673305482328106336e+03 4.354599067653176689e+02 6.662961307608519235e-01
1.673326315786202485e+03 4.358787384119603416e+02 6.659229471378883547e-01
1.673347149244066031e+03 4.366260102153548246e+02 6.649683664083170243e-01
1.673367982701463916e+03 4.362087843692020783e+02 6.645168096756981502e-01
1.673388816158628515e+03 4.351948146976813518e+02 6.632600985368265478e-01
1.673409649615327908e+03 4.360807892419518339e+02 6.624891829057417691e-01
1.673430483071794470e+03 4.356443066271516500e+02 6.624822551222198097e-01
1.673451316528028201e+03 4.359067613487131894e+02 6.623181714344896776e-01
1.673472149984030011e+03 4.358460993518090163e+02 6.661445515262141015e-01
1.673492983439565478e+03 4.355212060477152249e+02 6.635381086684271068e-01
1.673513816894866977e+03 4.363151284186446901e+02 6.646828614769386689e-01
1.673534650349703952e+03 4.358715090146927196e+02 6.652575790650178122e-01
1.673555483804540472e+03 4.357716792390494334e+02 6.662096428949442206e-01
1.673576317258911331e+03 4.357296317326502617e+02 6.672231517262601219e-01
1.673597150712816529e+03 4.366963689623698883e+02 6.686982526990522535e-01
1.673617984166488895e+03 4.354215652584434793e+02 6.698925579095565963e-01
1.673638817619929796e+03 4.351814111601490822e+02 6.706751600421940740e-01
1.673659651073137411e+03 4.354770725437047076e+02 6.700159346052101395e-01
1.673680484525878001e+03 4.346692305008521657e+02 6.711721514378350406e-01
1.673701317978386442e+03 4.356612264433367159e+02 6.718942506383221991e-01
1.673722151430428539e+03 4.365090288521710704e+02 6.720489232485137299e-01
1.673742984882238943e+03 4.365211079825173215e+02 6.722470517560233949e-01
1.673763818333815379e+03 4.355440289207803630e+02 6.717183573673553010e-01
1.673784651785159895e+03 4.356149827667812247e+02 6.719080229339692290e-01
1.673805485236038976e+03 4.341705584208461914e+02 6.707551406125922266e-01
1.673826318686684999e+03 4.356816374841421862e+02 6.738398675310058872e-01
1.673847152136865589e+03 4.351500047674918505e+02 6.718891940724512901e-01
1.673867985586812438e+03 4.349555964409736930e+02 6.719823574080489026e-01
1.673888819036526911e+03 4.354204353580404359e+02 6.717284286664232384e-01
1.673909652485775950e+03 4.358064722170570349e+02 6.716963064628572733e-01
1.673930485934791477e+03 4.351688940220221866e+02 6.703519191577612668e-01
1.673951319383573946e+03 4.356014302801827398e+02 6.694686958353208706e-01
1.673972152831891435e+03 4.359310239104361813e+02 6.687188649282851394e-01
1.673992986279975867e+03 4.360406401382779791e+02 6.678300456989624267e-01
1.674013819727828832e+03 4.354375854861513062e+02 6.677961293750128702e-01
1.674034653175215453e+03 4.349190326293837074e+02 6.655603681894322055e-01
1.674055486622367880e+03 4.370072780346605441e+02 6.648788371168139477e-01
1.674076320069056010e+03 4.354768223050301685e+02 6.636253488812415835e-01
1.674097153515510399e+03 4.366258564449632331e+02 6.638622879695978973e-01
1.674117986961732640e+03 4.357668926714292184e+02 6.632920451908919102e-01
1.674138820407721596e+03 4.361938991816298312e+02 6.623089244890368876e-01
1.674159653853244890e+03 4.370213264803836637e+02 6.644293725344917467e-01
1.674180487298302978e+03 4.355566026326887368e+02 6.619671694200892631e-01
1.674201320743361066e+03 4.349907344786097383e+02 6.620952413395153613e-01
1.674222154187953947e+03 4.362847769639192848e+02 6.625455696699987795e-01
1.674242987632080030e+03 4.361993661304144894e+02 6.626495813251422895e-01
1.674263821075973510e+03 4.352386113531032947e+02 6.621726126840342674e-01
1.674284654519634387e+03 4.369656457557052249e+02 6.634998855332000511e-01
1.674305487963062433e+03 4.365221822676551255e+02 6.602481574914277340e-01
1.674326321406024363e+03 4.367524033128322571e+02 6.594233535827036530e-01
1.674347154848753917e+03 4.361624818340857814e+02 6.580167331017274801e-01
1.674367988291018492e+03 4.361509914853014038e+02 6.569148283697249235e-01
1.674388821733050008e+03 4.354149851948426431e+02 6.562432107120088620e-01
1.674409655174848012e+03 4.363892549459818042e+02 6.559067918587210277e-01
1.674430488616179900e+03 4.346854778918482793e+02 6.543730506394288549e-01
1.674451322057280322e+03 4.364172829827831492e+02 6.559098361189589221e-01
1.674472155497914628e+03 4.366827569702657570e+02 6.562240686288740577e-01
1.674492988938548024e+03 4.359236535025469266e+02 6.564822694181073892e-01
1.674513822378483383e+03 4.361970633523878860e+02 6.575422959811061396e-01
1.674534655818418514e+03 4.356954413542184170e+02 6.583675779015186746e-01
1.674555489257889349e+03 4.364829771996184036e+02 6.596027062447310518e-01
1.674576322696894522e+03 4.351118414691079579e+02 6.599715837950381747e-01
1.674597156135665045e+03 4.344402569096490083e+02 6.611750038466895907e-01
1.674617989574203875e+03 4.360046057467624223e+02 6.633068946940130495e-01
1.674638823012509420e+03 4.369070629931310918e+02 6.641176313066508019e-01
1.674659656450349530e+03 4.347498633974051359e+02 6.636583107948056393e-01
1.674680489887956583e+03 4.351324275509472272e+02 6.642908489084521362e-01
1.674701323325097974e+03 4.354602414487802093e+02 6.645093648478818116e-01
1.674722156762006989e+03 4.365820605699500447e+02 6.649788088397843300e-01
1.674742990198450570e+03 4.354747771290077480e+02 6.642026865472077102e-01
1.674763823634893924e+03 4.350959021985116806e+02 6.637070770537563114e-01
1.674784657070638559e+03 4.368690511956229443e+02 6.647692341627514656e-01
1.674805490506382512e+03 4.349882005128099536e+02 6.635265880610125011e-01
1.674826323941661940e+03 4.363087838023400309e+02 6.654504520276858237e-01
1.674847157376474570e+03 4.352763230732732040e+02 6.646606219999516840e-01
1.674867990811288109e+03 4.359693043308191704e+02 6.653592631406649582e-01
1.674888824245402930e+03 4.354957242253149161e+02 6.644090982121932942e-01
1.674909657679517977e+03 4.349655010893337703e+02 6.633389064859809281e-01
1.674930491113168046e+03 4.358558047256437362e+02 6.631407230537385011e-01
1.674951324546583464e+03 4.358726407314795779e+02 6.621094425167622921e-01
1.674972157979534131e+03 4.351324289590313015e+02 6.608582776073269605e-01
1.674992991412252650e+03 4.363638050809748279e+02 6.601562500000000000e-01
1.675013824844504597e+03 4.354198460233847072e+02 6.586937363500646736e-01
1.675034658276523487e+03 4.367243127219976486e+02 6.588829220212488735e-01
1.675055491708309546e+03 4.360812118153193637e+02 6.570316609529894825e-01
1.675076325139629944e+03 4.355137385215617769e+02 6.563270614428327043e-01
1.675097158570718875e+03 4.360017745152197222e+02 6.564829957696276530e-01
1.675117992001574521e+03 4.361097150426192570e+02 6.550298428470981982e-01
1.675138825431964051e+03 4.354947536202917036e+02 6.542493660602697325e-01
1.675159658861887920e+03 4.353701533815213907e+02 6.544694359814059448e-01
1.675180492291811561e+03 4.354286578905157512e+02 6.542223759840650743e-01
1.675201325721269541e+03 4.359155880333728987e+02 6.540567897031567268e-01
1.675222159150261632e+03 4.370580208042240997e+02 6.553186665373538222e-01
1.675242992579021120e+03 4.355972044303323401e+02 6.537389169705390968e-01
1.675263826012206209e+03 4.359348457270986046e+02 6.533920180310474057e-01
1.675284659440500491e+03 4.355384160459654481e+02 6.528028825459580853e-01
1.675305492868327974e+03 4.359433572687763672e+02 6.528952774077457777e-01
1.675326326295690478e+03 4.350398007719094835e+02 6.511201175470757718e-01
1.675347159722819924e+03 4.360418066119070772e+02 6.504967863485838775e-01
1.675367993149718131e+03 4.367307661040792368e+02 6.511468929448341880e-01
1.675388826576148404e+03 4.375244003227900293e+02 6.508148230494086306e-01
1.675409660002346982e+03 4.367998417395716615e+02 6.500651831221719856e-01
1.675451326853581577e+03 4.359678491934728868e+02 6.495268988996965032e-01
1.675472160278848605e+03 4.363976546471870961e+02 6.502220003948186999e-01
1.675492993703649518e+03 4.364121424546380013e+02 6.506991871616063516e-01
1.675513827128218509e+03 4.357351593403721495e+02 6.510692183704644975e-01
1.675534660552555124e+03 4.366902881396698604e+02 6.530325901784259646e-01
1.675555493976424486e+03 4.368832693824472813e+02 6.528530759422386254e-01
1.675576327399829097e+03 4.365253338410472566e+02 6.537181059458835319e-01
1.675597160823001104e+03 4.353986410153985389e+02 6.544305010178976811e-01
1.675617994245940508e+03 4.363488122531172735e+02 6.558126854423217411e-01
1.675638827668414024e+03 4.364907848690141918e+02 6.561105216622384884e-01
1.675659661090654481e+03 4.353635446012898456e+02 6.556125224028891418e-01
1.675680494512661426e+03 4.366688062018016581e+02 6.563637271611221236e-01
1.675701327934204073e+03 4.367392693499116945e+02 6.564360763503858109e-01
1.675722161355512526e+03 4.363539327533929963e+02 6.558027787181971435e-01
1.675742994776355999e+03 4.362089760523765563e+02 6.558097088964427446e-01
1.675763828196966415e+03 4.358557940844350469e+02 6.559229444512649776e-01
1.675784661617111396e+03 4.356577152116722118e+02 6.551545173081699813e-01
1.675805495037024912e+03 4.356829645313434298e+02 6.561457460335455849e-01
1.675826328456703550e+03 4.350087272489152497e+02 6.563314205704936510e-01
1.675847161875916981e+03 4.361465490174793445e+02 6.567483553769618565e-01
1.675867995294897582e+03 4.356843120020309357e+02 6.572163596643740835e-01
1.675888828713412522e+03 4.358058034087437704e+02 6.576615547732975742e-01
1.675909662131695086e+03 4.368780754028571778e+02 6.566516691478445633e-01
1.675930495549744592e+03 4.368213434174862755e+02 6.562706853240476423e-01
1.675951328967328664e+03 4.356673329828192323e+02 6.548543576305482228e-01
1.675972162384447984e+03 4.366618682326349585e+02 6.549153379878325243e-01
1.675992995801565485e+03 4.356745551246751802e+02 6.529648844651753103e-01
1.676013829218218007e+03 4.353135024805099533e+02 6.519418952025020086e-01
1.676034662634404413e+03 4.363234506005453568e+02 6.509788075936852048e-01
1.676055496050357988e+03 4.360583833223349188e+02 6.509700405138639789e-01
1.676076329466079642e+03 4.370460673099613018e+02 6.501461176597257419e-01
1.676097162881334953e+03 4.351890395052764688e+02 6.495110460873523284e-01
1.676117996296125057e+03 4.369871664654125425e+02 6.488090737409184516e-01
1.676138829710915616e+03 4.362266209629307809e+02 6.480731859896129432e-01
1.676159663125239604e+03 4.364227201809434860e+02 6.484657419328059280e-01
1.676180496539097931e+03 4.366101433345956480e+02 6.477093802495057506e-01
1.676201329952723427e+03 4.355300072959293516e+02 6.470706505606171888e-01
1.676222163366116547e+03 4.366529715636235665e+02 6.471053998549411990e-01
1.676242996779044006e+03 4.354768058312782841e+02 6.470796546987038766e-01
1.676263830191738634e+03 4.361230874193205409e+02 6.471045708676591568e-01
1.676284663603968056e+03 4.360457510793309552e+02 6.477017422333879448e-01
1.676305497015963510e+03 4.362246336135000320e+02 6.457844890048992648e-01
1.676326330427493531e+03 4.358953229062094579e+02 6.447501764419273362e-01
1.676347163838790948e+03 4.369722570390867418e+02 6.451513832815974903e-01
1.676367997249855534e+03 4.363795109609214364e+02 6.442013907933018535e-01
1.676388830660454005e+03 4.361018967421784964e+02 6.433453602934898763e-01
1.676409664070819417e+03 4.349936473285643501e+02 6.433282433524241117e-01
1.676430497480720533e+03 4.363608071100381949e+02 6.431381660574380099e-01
1.676451330890389499e+03 4.361776174203283745e+02 6.429178099540718838e-01
1.676472164299590986e+03 4.364695176367429781e+02 6.438739314736009467e-01
1.676492997708559415e+03 4.364705231294158239e+02 6.438984162803613742e-01
1.676513831117296377e+03 4.364455077707107762e+02 6.439622158878426372e-01
1.676534664525566541e+03 4.364003626397661151e+02 6.443826446301736954e-01
1.676555497933603874e+03 4.362466133670861268e+02 6.451211022013684238e-01
1.676576331341176456e+03 4.357803457160369476e+02 6.455246869765715045e-01
1.676597164748515524e+03 4.357799433552247024e+02 6.463079989838841355e-01
1.676617998155390524e+03 4.362908301012112702e+02 6.474773928477240981e-01
1.676638831562030418e+03 4.366837444023071839e+02 6.499532426009150266e-01
1.676659664968438392e+03 4.361997230752391488e+02 6.486432541877173996e-01
1.676680498374380477e+03 4.364701083032783231e+02 6.488432935839795190e-01
1.676701331780089959e+03 4.358056306452407398e+02 6.486808595950557255e-01
1.676722165185334006e+03 4.380067795099081422e+02 6.496187504168093874e-01
1.676742998590344996e+03 4.355385799994052718e+02 6.484980037911426409e-01
1.676763831994891007e+03 4.358569293694826570e+02 6.483398042182663135e-01
1.676784665399203959e+03 4.364748148197438695e+02 6.488017931790507342e-01
1.676805498803050568e+03 4.368618133280614870e+02 6.496474226810120545e-01
1.676826332206664119e+03 4.370847863425392461e+02 6.487601982447039894e-01
1.676847165610044613e+03 4.360021512993148463e+02 6.489506954235533254e-01
1.676867999012959899e+03 4.354974333497539760e+02 6.486620916221247368e-01
1.676888832415643037e+03 4.361119070159481907e+02 6.496843736288014926e-01
1.676909665817860514e+03 4.366651602300411241e+02 6.494704372632064127e-01
1.676930499219844933e+03 4.350227958381016151e+02 6.484456119259754958e-01
1.676951332621363463e+03 4.358545668643302520e+02 6.484889963682659575e-01
1.676972166022648935e+03 4.362256364765461853e+02 6.482902267691451614e-01
1.676992999423702031e+03 4.360161861491471882e+02 6.471051004985451938e-01
1.677013832824289011e+03 4.351911571800657725e+02 6.459127013341874335e-01
1.677034666224410103e+03 4.367507666777069062e+02 6.463094976104772904e-01
1.677055499624532786e+03 4.358286163512985354e+02 6.450269931127696754e-01
1.677076333023956522e+03 4.358226891941185954e+02 6.451326050216789065e-01
1.677097166423378894e+03 4.355632672371011154e+02 6.447764537127973483e-01
1.677117999822103457e+03 4.346977411132432394e+02 6.435428786171166760e-01
1.677138833220827564e+03 4.370871043681436845e+02 6.443893970098468760e-01
1.677159666619086920e+03 4.363636326616269798e+02 6.442933076861757646e-01
1.677180500016879478e+03 4.363279374395884815e+02 6.446077937133464220e-01
1.677201333414439887e+03 4.356059472869659430e+02 6.446599889553713547e-01
1.677222166811767920e+03 4.350497103832361745e+02 6.437692009738171794e-01
1.677243000208630065e+03 4.360598710374218285e+02 6.437726729761252820e-01
1.677263833605259606e+03 4.369171463963248243e+02 6.441610486902947796e-01
1.677284667001422577e+03 4.362418562580722323e+02 6.437848248367452619e-01
1.677305500397352944e+03 4.364105851616785117e+02 6.433176347895821490e-01
1.677326333792817877e+03 4.351638630085812451e+02 6.424183748398774041e-01
1.677347167188049980e+03 4.359780368658201724e+02 6.418445655345448309e-01
1.677368000582816876e+03 4.349321460078651285e+02 6.404659259824154738e-01
1.677388833977350487e+03 4.356767003516596333e+02 6.401136497455200969e-01
1.677409667371651040e+03 4.357932448430229897e+02 6.401455410859326900e-01
1.677430500765486613e+03 4.358904333000354541e+02 6.392875993119355726e-01
1.677451334159088447e+03 4.366299868600864329e+02 6.395261225342214750e-01
1.677472167552225073e+03 4.368182236644133809e+02 6.400395719021541030e-01
1.677493000945128415e+03 4.366686477033999836e+02 6.414623835321088263e-01
1.677513834337567005e+03 4.363245618916637909e+02 6.404967295930200644e-01
1.677534667729772991e+03 4.358917446312867128e+02 6.412180737212479498e-01
1.677555501121512407e+03 4.358159597174829969e+02 6.419212206920353880e-01
1.677576334513018992e+03 4.362804288436062734e+02 6.422672853308022400e-01
1.677597167904061052e+03 4.358859407488171200e+02 6.430219375656075487e-01
1.677618001294868463e+03 4.364349393621245667e+02 6.443778809224948168e-01
1.677638834685443953e+03 4.366426459300708984e+02 6.446888355309710050e-01
1.677659668075554009e+03 4.357933411640387362e+02 6.448274798659585638e-01
1.677680501465431462e+03 4.361421884183661177e+02 6.453899789623854799e-01
1.677701334854843481e+03 4.361295145411096996e+02 6.463548006048994710e-01
1.677722168243788474e+03 4.359672945629892524e+02 6.468312234854778353e-01
1.677743001632733922e+03 4.366575681027658788e+02 6.456535971143781971e-01
1.677763835020980423e+03 4.363246677070900432e+02 6.455035187871334124e-01
1.677784668409227379e+03 4.354673711908420728e+02 6.449508688201245343e-01
1.677805501797010038e+03 4.362694855381101320e+02 6.460139703908184261e-01
1.677826335184326581e+03 4.356924691776108034e+02 6.452016176369615996e-01
1.677847168571408929e+03 4.361861129146047915e+02 6.450283561062426507e-01
1.677868001958026980e+03 4.357331155871723922e+02 6.444699807378425627e-01
1.677888835344411518e+03 4.356177101181079934e+02 6.447491595339317483e-01
1.677909668730562544e+03 4.360156292350393983e+02 6.447994714448432862e-01
1.677930502116248590e+03 4.347977550613611584e+02 6.439852627228969117e-01
1.677951335501702033e+03 4.360494156782411324e+02 6.443997566876819016e-01
1.677972168886690497e+03 4.363674218593666296e+02 6.442318538838397446e-01
1.677993002271445448e+03 4.365328253273923451e+02 6.444321296075222749e-01
1.678013835655734056e+03 4.363814669399649802e+02 6.436366490687700503e-01
1.678034669039789605e+03 4.363582672758633976e+02 6.422054752330886851e-01
1.678055502423379949e+03 4.367523096723951994e+02 6.425141647647703014e-01
1.678076335806737916e+03 4.358989657826799089e+02 6.418564985259056499e-01
1.678097169189630677e+03 4.357898700850851128e+02 6.407460586792773638e-01
1.678118002572289925e+03 4.350698192328239315e+02 6.403950999774785657e-01
1.678138835954483966e+03 4.359336825631566512e+02 6.405589604647969892e-01
1.678159669336444495e+03 4.359636249792956733e+02 6.416113401274688988e-01
1.678180502718171965e+03 4.365027869535605305e+02 6.404168558420345603e-01
1.678201336099434457e+03 4.360302854515757645e+02 6.402540761303244787e-01
1.678222169480230605e+03 4.363844531255645620e+02 6.414220317799403936e-01
1.678243002860795059e+03 4.354477665721098560e+02 6.398559699562595959e-01
1.678263836241126455e+03 4.351653757299069980e+02 6.388639808604632542e-01
1.678284669620991508e+03 4.352635524179433446e+02 6.390787397713575402e-01
1.678305503000623503e+03 4.358191371019325970e+02 6.392852684066629987e-01
1.678326336379790064e+03 4.361121226754447093e+02 6.378571332746305611e-01
1.678347169758724476e+03 4.360596394494845072e+02 6.374309044212561615e-01
1.678368003137192545e+03 4.366123771034352217e+02 6.367244837216073927e-01
1.678388836515428011e+03 4.353761841228813978e+02 6.358598403938334753e-01
1.678409669893198952e+03 4.357875434329531572e+02 6.355962160883095180e-01
1.678430503270735471e+03 4.353426229473537319e+02 6.360660085717210199e-01
1.678451336647807011e+03 4.361593311852376473e+02 6.353833054294838467e-01
1.678472170024645038e+03 4.354379120176959646e+02 6.345224472220595269e-01
1.678493003401017631e+03 4.361368404886919734e+02 6.363596927687831251e-01
1.678513836777158531e+03 4.360755369363092200e+02 6.359008497319765807e-01
1.678534670152833542e+03 4.357563714466951410e+02 6.367582063209772381e-01
1.678555503528274585e+03 4.356917394197938052e+02 6.359952080339168479e-01
1.678576336903482570e+03 4.355610775519555773e+02 6.364473806043371429e-01
1.678597170278225349e+03 4.357991181989844449e+02 6.369341620461753672e-01
1.678618003652502921e+03 4.354222581969045223e+02 6.377524661379467830e-01
1.678638837026547435e+03 4.368825575825975420e+02 6.389181612975052271e-01
1.678659670400359573e+03 4.351778960151142996e+02 6.369983550638851355e-01
1.678680503773706505e+03 4.357123413057208268e+02 6.375452306072870723e-01
1.678701337146586411e+03 4.358720973315790275e+02 6.382004517457104953e-01
1.678722170519233941e+03 4.356785405505633548e+02 6.370247649629260378e-01
1.678743003891648414e+03 4.359095035486388952e+02 6.372507833024811941e-01
1.678763837263596997e+03 4.345912087034321303e+02 6.362773090489870498e-01
1.678784670635081511e+03 4.358954988051676764e+02 6.365608066242299801e-01
1.678826337377350001e+03 4.359348229118834297e+02 6.358659333770698696e-01
1.678847170747901600e+03 4.355747001580635924e+02 6.354010116232893246e-01
1.678868004118220597e+03 4.364349009835905804e+02 6.359479486230371625e-01
1.678888837488073932e+03 4.349362595591493346e+02 6.347728318025384064e-01
1.678909670857461606e+03 4.361634665146993939e+02 6.355609313123199433e-01
1.678930504226617359e+03 4.350234521436702835e+02 6.344655193146460093e-01
1.678951337595540963e+03 4.365046948723500577e+02 6.354398697123873063e-01
1.678972170963996632e+03 4.354616469719811676e+02 6.339252484309335633e-01
1.678993004332220607e+03 4.367057181326558748e+02 6.339292444689917927e-01
1.679013837699978467e+03 4.356282779840930743e+02 6.330457893144774140e-01
1.679034671067269983e+03 4.361166581050392779e+02 6.324094030082327844e-01
1.679055504434330942e+03 4.354202452337369209e+02 6.314247833605608484e-01
1.679076337801158388e+03 4.356404616261499996e+02 6.323924142008566784e-01
1.679097171167519036e+03 4.370761567916222816e+02 6.317597568816738507e-01
1.679118004533646399e+03 4.344767264580656843e+02 6.300104765929186446e-01
1.679138837899309010e+03 4.349925570502890650e+02 6.292138620910930902e-01
1.679159671264506414e+03 4.359175594801060925e+02 6.302916390291293247e-01
1.679180504629470533e+03 4.365380858314613306e+02 6.296431921049333580e-01
1.679201337994201822e+03 4.348203961918537175e+02 6.279632417010599932e-01
1.679222171358468586e+03 4.348182205979210266e+02 6.276355962415325340e-01
1.679243004722501155e+03 4.353452250424078898e+02 6.270936232152434231e-01
1.679263838086068063e+03 4.355603772628591059e+02 6.267620282671813037e-01
1.679284671449169537e+03 4.339848123157549935e+02 6.246837292586500112e-01
1.679305504812037498e+03 4.362831642422944469e+02 6.256996292052802167e-01
1.679326338174441389e+03 4.357742976782932374e+02 6.243795175933074537e-01
1.679347171536612450e+03 4.353427660177958387e+02 6.238619695474738602e-01
1.679368004898549088e+03 4.361873597690686211e+02 6.229623001717702335e-01
1.679388838260020520e+03 4.350438883618862747e+02 6.221441587395712958e-01
1.679409671621026064e+03 4.344933128475653348e+02 6.210641194119280728e-01
1.679430504981799913e+03 4.352770727715418388e+02 6.207035686474529079e-01
1.679451338342107647e+03 4.360681584377351214e+02 6.207426266257281000e-01
1.679472171702182550e+03 4.352264282911452824e+02 6.218151964732475667e-01
1.679493005061792019e+03 4.358430713544312312e+02 6.205217138359615525e-01
1.679513838421167520e+03 4.354430987812888816e+02 6.192421333543300932e-01
1.679534671780078043e+03 4.356232954602060090e+02 6.198542720900704905e-01
1.679555505138755507e+03 4.352071595750759343e+02 6.182884585307628633e-01
1.679576338496968219e+03 4.346221803064094047e+02 6.175146081100009177e-01
1.679597171854948101e+03 4.350520894113682857e+02 6.179124702839297045e-01
1.679618005212461412e+03 4.359445466997490826e+02 6.178125041678027562e-01
1.679638838569509062e+03 4.347602230383557753e+02 6.178963851515525407e-01
1.679659671926323426e+03 4.344576059758118731e+02 6.177203618422905107e-01
1.679680505282905415e+03 4.344419349938700066e+02 6.172554606431370772e-01
1.679701338639023106e+03 4.340729013578218201e+02 6.165850149259679558e-01
1.679722171994674454e+03 4.348642140387528343e+02 6.164773646188003164e-01
1.679743005350092062e+03 4.351695446862086669e+02 6.167933255577271456e-01
1.679763838705044918e+03 4.350607500359018331e+02 6.167002335854921968e-01
1.679784672059764489e+03 4.350009123435652327e+02 6.167830820214413867e-01
1.679805505414017944e+03 4.350310373140793558e+02 6.170414136067403632e-01
1.679826338767806647e+03 4.356647799369063705e+02 6.171349853193033308e-01
1.679847172121362064e+03 4.342218109980564122e+02 6.163762229113572966e-01
1.679868005474685106e+03 4.351743328916309110e+02 6.174334265463248261e-01
1.679888838827309428e+03 4.358925516135373073e+02 6.174515509421358850e-01
1.679909672179933068e+03 4.346740907443977449e+02 6.170814519626426353e-01
1.679930505531858444e+03 4.356361680268817054e+02 6.175474010838138961e-01
1.679951338883784047e+03 4.350239357793209365e+02 6.169442530430433447e-01
1.679972172235012067e+03 4.348649146603604549e+02 6.167191285508402121e-01
1.679993005586006575e+03 4.356450540341281794e+02 6.182259382524103453e-01
1.680013838936534512e+03 4.349957554040647665e+02 6.176320418601264350e-01
1.680034672286830528e+03 4.354446642792011062e+02 6.185359950805091600e-01
1.680055505636660428e+03 4.349622457278745173e+02 6.169804817386205231e-01
1.680076338986258179e+03 4.361523412630614303e+02 6.184152391156192419e-01
1.680097172335390496e+03 4.353673157242308207e+02 6.175131119946036806e-01
1.680118005684056016e+03 4.339337513796286885e+02 6.170923183782128785e-01
1.680138839032488931e+03 4.347156757580879685e+02 6.172895950667138809e-01
1.680159672380456414e+03 4.355299008024873046e+02 6.175655703924327611e-01
1.680180505728191065e+03 4.360309620222492413e+02 6.174249071724697835e-01
1.680201339075460055e+03 4.350186814081692432e+02 6.167566751397979274e-01
1.680222172422264066e+03 4.357572819607830752e+02 6.174190666272909578e-01
1.680243005768835019e+03 4.343699914911620681e+02 6.169642756984379250e-01
1.680263839114939401e+03 4.346017723846768490e+02 6.165115179531320821e-01
1.680284672460810953e+03 4.343976284889208728e+02 6.168631896692374772e-01
1.680305505805984922e+03 4.350469385433763136e+02 6.172137194508584557e-01
1.680326339151159118e+03 4.355567160840326437e+02 6.179950838711328887e-01
1.680347172495633913e+03 4.355762714221397118e+02 6.174444557027514158e-01
1.680368005839875877e+03 4.359134665701495805e+02 6.172538431943307424e-01
1.680388839183651953e+03 4.356210647104806526e+02 6.170861124709776657e-01
1.680409672527196562e+03 4.352526577668570553e+02 6.169959869702502653e-01
1.680430505870275056e+03 4.345041083341553758e+02 6.174427904816949253e-01
1.680451339212887433e+03 4.348699299724011098e+02 6.169995613297520887e-01
1.680472172555033467e+03 4.365284205573379381e+02 6.176179037004916328e-01
1.680493005896947579e+03 4.356479829338211971e+02 6.178982179613865533e-01
1.680513839238396031e+03 4.351977001264658043e+02 6.175654497480561611e-01
1.680534672579611424e+03 4.355636078086417342e+02 6.172957506494244351e-01
1.680555505920361611e+03 4.342874568740700738e+02 6.173144101388222671e-01
1.680576339260646364e+03 4.345192886490935962e+02 6.171626556804236108e-01
1.680597172600464546e+03 4.342287777917713356e+02 6.173092202986513177e-01
1.680618005940049898e+03 4.348021649591445339e+02 6.170828283858653673e-01
1.680638839279169588e+03 4.350551000058464979e+02 6.167172197507048148e-01
1.680659672617823617e+03 4.341466883137493937e+02 6.171122879363303282e-01
1.680680505956012894e+03 4.346042732939068856e+02 6.167193701706893405e-01
1.680701339293969568e+03 4.344578475622034262e+02 6.164346279869097334e-01
1.680722172631458989e+03 4.350662842005807533e+02 6.178746321775656636e-01
1.680743005968483430e+03 4.354714920830402889e+02 6.175723023112977828e-01
1.680763839305041529e+03 4.351227165003745654e+02 6.176603413337056203e-01
1.680784672641135785e+03 4.348771928491012204e+02 6.166925981155653158e-01
1.680805505976996528e+03 4.350518172719563950e+02 6.165922892238393516e-01
1.680826339312390928e+03 4.362667720576551460e+02 6.181401493696193628e-01
1.680847172647319894e+03 4.350943223254381564e+02 6.170831906019925706e-01
1.680868005981783426e+03 4.348554422020505967e+02 6.172280841473302138e-01
1.680888839316012991e+03 4.344955095806027430e+02 6.172146127274461547e-01
1.680909672649545882e+03 4.345828146283889168e+02 6.170735314325028753e-01
1.680930505982845034e+03 4.357403410788472229e+02 6.177966576312003966e-01
1.680951339315678979e+03 4.345258960664781398e+02 6.167969010916590777e-01
1.680972172648046580e+03 4.350606866776748802e+02 6.175015049116815424e-01
1.680993005979948521e+03 4.349552048050545636e+02 6.174769386819242145e-01
1.681013839311385482e+03 4.351579232235075096e+02 6.179868615892689654e-01
1.681034672642356327e+03 4.352063241923007695e+02 6.176920651185423550e-01
1.681055505972861965e+03 4.350570404229819133e+02 6.180962981916912069e-01
1.681076339302901488e+03 4.352777145657692586e+02 6.170595253681732117e-01
1.681097172632475122e+03 4.351169497472882881e+02 6.173190447499092848e-01
1.681118005961583549e+03 4.348258592076622335e+02 6.173691783969619262e-01
1.681138839290226542e+03 4.356158935037999527e+02 6.177566656295695458e-01
1.681159672618403420e+03 4.361223246558953406e+02 6.179038851679266031e-01
1.681180505946114408e+03 4.345457168816612352e+02 6.173309207820026900e-01
1.681201339273359963e+03 4.349817790599115597e+02 6.179139654323863029e-01
1.681222172600140084e+03 4.349857665596413767e+02 6.167319342723979192e-01
1.681243005926221940e+03 4.342361067453017540e+02 6.172037726079931952e-01
1.681263839252070966e+03 4.352127980731784191e+02 6.169492527295684647e-01
1.681284672577220590e+03 4.348806157032588544e+02 6.170765740872042882e-01
1.681305505901904326e+03 4.352214539018552841e+02 6.173217241185714466e-01
1.681326339226123991e+03 4.344844966891814693e+02 6.179186196616809346e-01
1.681347172549644483e+03 4.357978121317927389e+02 6.172999026156468227e-01
1.681368005872931917e+03 4.355804918619384125e+02 6.154444260256416444e-01
1.681388839195288938e+03 4.342434050931937008e+02 6.147092000663482159e-01
1.681409672517411536e+03 4.346647754941958510e+02 6.146206898300546895e-01
1.681430505838835870e+03 4.351070939973645295e+02 6.156586410315705304e-01
1.681451339159794998e+03 4.346948799943210702e+02 6.151905589168621402e-01
1.681472172480056088e+03 4.355702071625125882e+02 6.174637622856722352e-01
1.681493005799618913e+03 4.348928339816051221e+02 6.164636592456586017e-01
1.681513839118715623e+03 4.356150091494467915e+02 6.170430799109971609e-01
1.681534672437345989e+03 4.356400354186496315e+02 6.175103851943141153e-01
1.681555505755045033e+03 4.357087078476359920e+02 6.183751184383576849e-01
1.681576339072511928e+03 4.356166264502780336e+02 6.174185356658986601e-01
1.681597172389048410e+03 4.358463891842519615e+02 6.177791463737094535e-01
1.681618005704885036e+03 4.353846584543104541e+02 6.173682129342620284e-01
1.681638839020256000e+03 4.357899982927445990e+02 6.175117606614519694e-01
1.681659672334696097e+03 4.355287385065248031e+02 6.176338272019803455e-01
1.681680505648670987e+03 4.346681140003221913e+02 6.177467757727148623e-01
1.681701338961714100e+03 4.346661636019293837e+02 6.171797498385406255e-01
1.681722172274290415e+03 4.352102983277843578e+02 6.177338945997943309e-01
1.681743005585936544e+03 4.362424926643317349e+02 6.177614416500891714e-01
1.681763838896883954e+03 4.350316291309496819e+02 6.171784943515120636e-01
1.681784672206900950e+03 4.342424148066042449e+02 6.179720804966278846e-01
1.681805505516219000e+03 4.348933722007295728e+02 6.177804971219816865e-01
1.681826338824604591e+03 4.345022107557811637e+02 6.169288189725237181e-01
1.681847172132291917e+03 4.356435219466758326e+02 6.181560835240510476e-01
1.681868005439049057e+03 4.355111401959912882e+02 6.184548753068054294e-01
1.681888838744874647e+03 4.360976544302027946e+02 6.181968933354453632e-01
1.681909672049768915e+03 4.367286592665784610e+02 6.187176146846304903e-01
1.681930505353731405e+03 4.361180681161392272e+02 6.188868294288198957e-01
1.681951338656762573e+03 4.354581338303821667e+02 6.180903434487893255e-01
1.681972171958629133e+03 4.364470396486710797e+02 6.183564668588215074e-01
1.681993005259565052e+03 4.356519993565688083e+02 6.186422755168047294e-01
1.682013838559337046e+03 4.352024002803123608e+02 6.173884873339070545e-01
1.682034671858177944e+03 4.352955145749300527e+02 6.176999294702144594e-01
1.682055505155620494e+03 4.348800352511248093e+02 6.179715982364262228e-01
1.682076338452131949e+03 4.351939845848335722e+02 6.178950105406092463e-01
1.682097171747247558e+03 4.349150498745231062e+02 6.199117245050441705e-01
1.682118005041198558e+03 4.340673542924618573e+02 6.179602650133426689e-01
1.682138838333753029e+03 4.361011479898286325e+02 6.187960511227067473e-01
1.682159671625142437e+03 4.359075345839415263e+02 6.189052483353842948e-01
1.682201338203731211e+03 4.362590095298771757e+02 6.197043178351907544e-01
1.682222171490930577e+03 4.355834172208235486e+02 6.195383569374712796e-01
1.682243004776498992e+03 4.347978148451118727e+02 6.193935948495532529e-01
1.682263838060670423e+03 4.357266105638571503e+02 6.199148974539754331e-01
1.682284671343445098e+03 4.350372298094091548e+02 6.202067633384623635e-01
1.682305504624590867e+03 4.366216567860874989e+02 6.213217262908445893e-01
1.682326337904106367e+03 4.354219810431469000e+02 6.202189444609234048e-01
1.682347171182224884e+03 4.350855554273978214e+02 6.225054789305868308e-01
