1.325327419091051979e+03 5.952394722498637520e+02 8.244010036783526729e-01
1.325348252445362050e+03 5.963780365061307975e+02 8.281375236284018726e-01
1.325369085799206005e+03 5.981854115166908059e+02 8.327396940717628482e-01
1.325389919153049050e+03 6.027942965734068821e+02 8.388094188263239825e-01
1.325410752506426888e+03 6.046255424462049177e+02 8.426189258867514686e-01
1.325431585859805637e+03 6.041293050471360857e+02 8.454970181331920021e-01
1.325452419212718496e+03 6.018328502326680791e+02 8.511343763476170166e-01
1.325473252565166604e+03 6.028528661720578157e+02 8.508741764150360432e-01
1.325494085917612438e+03 6.063466208963286590e+02 8.534589875238967061e-01
1.325514919270058954e+03 6.026721581523902387e+02 8.541970751552215857e-01
1.325535752622040491e+03 6.050556197062115871e+02 8.576790808364735952e-01
1.325556585974021345e+03 6.073406676854306170e+02 8.598627960186379093e-01
1.325577419326003110e+03 6.069851591537412787e+02 8.613325884437390556e-01
1.325598252677518985e+03 6.111845079086583610e+02 8.643985956906125034e-01
1.325619086029500068e+03 6.127019731914406293e+02 8.643410852692458013e-01
1.325639919380550054e+03 6.149648519755020288e+02 8.663555312725946811e-01
1.325660752732065475e+03 6.165278438344441838e+02 8.673212102958575143e-01
1.325681586083115917e+03 6.195114686730042877e+02 8.721498322835589123e-01
1.325702419434631565e+03 6.209482321729678915e+02 8.700496420454485458e-01
1.325723252785681098e+03 6.233105674294342862e+02 8.716508255850872189e-01
1.325744086136265651e+03 6.260437025140068954e+02 8.741508859810683818e-01
1.325764919487314955e+03 6.290297326970430731e+02 8.781008611870563252e-01
1.325785752837899508e+03 6.285769924545244294e+02 8.816342888952164447e-01
1.325806586188484061e+03 6.309791576513523523e+02 8.861010580445940477e-01
1.325827419539534048e+03 6.303567544573290888e+02 8.875983492663567231e-01
1.325848252889652485e+03 6.324880174434881610e+02 8.899600575088646437e-01
1.325869086240237039e+03 6.308249323953785961e+02 8.897612549385339742e-01
1.325889919590821592e+03 6.250801458426868749e+02 8.884697652855718664e-01
1.325910752940938892e+03 6.265830075887373596e+02 8.883278987985483433e-01
1.325931586291058466e+03 6.243973968468408202e+02 8.887724431741215181e-01
1.325952419641177585e+03 6.218768985575213719e+02 8.884133099011080059e-01
1.325973252991296022e+03 6.280883626688497543e+02 8.890761577180648079e-01
1.325994086341414459e+03 6.230686551626165510e+02 8.902535918949877614e-01
1.326014919691532441e+03 6.231956919179142460e+02 8.916415052042765410e-01
1.326035753041185444e+03 6.300849026749551740e+02 8.951843409659308026e-01
1.326056586390839584e+03 6.290468198588176847e+02 8.950034814905403202e-01
1.326077419740491905e+03 6.343013115895553256e+02 8.984930601770103609e-01
1.326098253090145590e+03 6.365848421466185982e+02 8.972993358611728310e-01
1.326119086439797456e+03 6.350224314400363710e+02 8.987305204803276437e-01
1.326139919789450005e+03 6.417724903829933965e+02 9.002696719405143266e-01
1.326160753138638029e+03 6.361737590206187178e+02 9.000257965205584743e-01
1.326181586487826053e+03 6.372971575713005450e+02 8.992307063947558854e-01
1.326202419837013622e+03 6.386433438120536721e+02 8.995657429485272027e-01
1.326223253186200509e+03 6.391992165985753900e+02 9.014396597016396395e-01
1.326244086534922189e+03 6.355844895235513832e+02 9.010972830893473340e-01
1.326264919884108622e+03 6.383600285917085557e+02 9.026455395185115638e-01
1.326285753232830530e+03 6.358169052776029275e+02 9.017335884751940256e-01
1.326306586581552892e+03 6.331886246939130842e+02 9.015982714982544444e-01
1.326327419929808912e+03 6.309169778158825466e+02 9.019053661709154346e-01
1.326348253278530592e+03 6.295459243779162080e+02 9.040939729594088536e-01
1.326369086626785474e+03 6.335338015198781250e+02 9.057863957007389333e-01
1.326389919975042631e+03 6.339947659743110080e+02 9.062605561266433574e-01
1.326410753323298650e+03 6.365055922043081864e+02 9.073456685009974043e-01
1.326431586671089008e+03 6.362332078629916623e+02 9.076994781260656620e-01
1.326452420018878911e+03 6.407376003075027029e+02 9.102105382355777374e-01
1.326473253366669041e+03 6.443456329460854022e+02 9.112290048469948722e-01
1.326494086714459627e+03 6.453541093090193499e+02 9.131613307568849924e-01
1.326514920061784096e+03 6.485124250976427902e+02 9.151076511989044704e-01
1.326535753409109475e+03 6.542287142644254345e+02 9.170281318875428411e-01
1.326556586756434172e+03 6.525808689827988474e+02 9.193602708457431216e-01
1.326577420103292980e+03 6.547609722308084201e+02 9.207859071684673102e-01
1.326598253450617449e+03 6.540029212373391374e+02 9.210608491853667923e-01
1.326619086797476029e+03 6.534316492678204895e+02 9.228144239592268594e-01
1.326639920143870086e+03 6.554678104930279687e+02 9.258378088047780619e-01
1.326660753490263460e+03 6.524037847572449209e+02 9.231652750928888151e-01
1.326681586836657061e+03 6.503694731618193146e+02 9.230183445625316230e-01
1.326702420183049981e+03 6.483911389537308878e+02 9.215444198392264141e-01
1.326723253528977466e+03 6.465255252306304783e+02 9.198655032240345975e-01
1.326744086874904951e+03 6.439936999216333788e+02 9.189130106487373162e-01
1.326764920220367458e+03 6.412753661422640334e+02 9.176986946410927715e-01
1.326785753566296080e+03 6.445036465142760562e+02 9.182437565957634051e-01
1.326806586911291561e+03 6.418006155270389854e+02 9.190527825748139312e-01
1.326827420256752930e+03 6.461243235433502150e+02 9.192471955946243112e-01
1.326848253601749548e+03 6.482186961073190332e+02 9.199108924939071175e-01
1.326869086946746393e+03 6.480283345707063063e+02 9.182225951797886587e-01
1.326889920291278031e+03 6.497923889466599121e+02 9.164755831586073320e-01
1.326910753635808533e+03 6.492002537621021929e+02 9.124731935195434795e-01
1.326931586980339034e+03 6.449835575686661286e+02 9.091327134729200177e-01
1.326952420324403647e+03 6.430490464453043842e+02 9.048777088768159560e-01
1.326973253668468033e+03 6.412706393153262070e+02 9.030233688984820040e-01
1.326994087012067894e+03 6.418846643971280628e+02 9.011624352696970819e-01
1.327014920355667982e+03 6.411107306128898244e+02 9.008663352358005083e-01
1.327035753698801500e+03 6.383307397283213049e+02 9.009408324752606889e-01
1.327056587041935018e+03 6.397217826213990293e+02 9.004242532867394733e-01
1.327077420385068990e+03 6.347024862817959274e+02 9.013452000276500620e-01
1.327098253727737074e+03 6.356637968870829809e+02 9.029576908879290986e-01
1.327119087070405385e+03 6.377447515577769082e+02 9.022105395259375493e-01
1.327139920413073469e+03 6.363217109206781288e+02 9.035917626876388553e-01
1.327160753754810003e+03 6.429272743111912405e+02 9.030326096422548465e-01
1.327181587097012653e+03 6.308564309187402159e+02 9.043660147747174527e-01
1.327202420438748959e+03 6.289966707763826435e+02 9.005582243858711866e-01
1.327223253780020968e+03 6.359367409944369456e+02 9.002596745457164262e-01
1.327244087121757957e+03 6.328898423893568861e+02 8.978957491663507318e-01
1.327264920462563623e+03 6.330982418021300191e+02 8.963758282405595024e-01
1.327285753803368152e+03 6.305627796727682153e+02 8.915428986318384430e-01
1.327306587144172909e+03 6.311386249277769593e+02 8.893208575841581309e-01
1.327327420484512913e+03 6.336458093678073737e+02 8.903780477702729623e-01
1.327348253824853600e+03 6.301871886972677430e+02 8.888471158132943417e-01
1.327369087164727489e+03 6.337529243652147670e+02 8.889499774114304476e-01
1.327389920504602060e+03 6.336764547106618011e+02 8.880106048144064124e-01
1.327410753844009832e+03 6.300176557914403475e+02 8.879042779197537927e-01
1.327431587183418515e+03 6.283154793865152214e+02 8.883778515361099304e-01
1.327452420522361081e+03 6.330086575735203951e+02 8.906241634431891763e-01
1.327473253861304556e+03 6.315767802764603402e+02 8.938482417285276149e-01
1.327494087199781916e+03 6.307056042765519805e+02 8.929532721405423201e-01
1.327514920538258593e+03 6.316605740039846069e+02 8.971617888111859118e-01
1.327535753876270064e+03 6.346477228364841494e+02 8.979272803426449068e-01
1.327556587213815419e+03 6.318031858040814086e+02 8.996218297429984245e-01
1.327577420551827345e+03 6.355412349302000621e+02 9.019985116514964707e-01
1.327598253888907948e+03 6.364696898005613548e+02 9.026883940993055688e-01
1.327619087225988096e+03 6.310412575372185984e+02 9.016781949230595616e-01
1.327639920563068017e+03 6.390242292309480945e+02 9.022173772396272495e-01
1.327660753899682504e+03 6.364272067619735935e+02 9.012194147621094276e-01
1.327681587235831103e+03 6.388321150874244267e+02 9.009839996818188590e-01
1.327702420571980383e+03 6.384766565066955764e+02 9.000191739477058084e-01
1.327723253907664457e+03 6.397556105007307679e+02 8.998317018084199814e-01
1.327744087243346485e+03 6.383066866191613826e+02 8.992734585847466100e-01
1.327764920578563988e+03 6.378716654852228203e+02 8.999858947814189936e-01
1.327785753913781491e+03 6.411118881372076430e+02 8.988327483813010055e-01
1.327806587248533106e+03 6.383674302042452382e+02 8.985217179341491445e-01
1.327827420583284947e+03 6.352653114234268514e+02 8.972549949351782406e-01
1.327869087251392557e+03 6.323342076124466757e+02 8.950821292211946778e-01
1.327889920585213076e+03 6.313024323825753754e+02 8.930710447763458015e-01
1.327910753918567480e+03 6.273726671681570224e+02 8.922950078590095035e-01
1.327931587251457586e+03 6.300053769253954670e+02 8.905069373330184446e-01
1.327952420584812899e+03 6.222683170404419570e+02 8.860660789338358212e-01
1.327973253917235979e+03 6.206570076143494816e+02 8.842954754879416290e-01
1.327994087249659515e+03 6.213321198962432845e+02 8.815846301590102296e-01
1.328014920581616934e+03 6.215296440543712606e+02 8.814364148195282800e-01
1.328035753913574808e+03 6.242378056157615447e+02 8.813771081795621631e-01
1.328056587245067021e+03 6.230149457046768475e+02 8.806412928030420417e-01
1.328077420576094028e+03 6.283987983559222812e+02 8.819001809140430970e-01
1.328098253907120579e+03 6.279902518922773424e+02 8.819299185216613601e-01
1.328119087237681470e+03 6.266392453129034266e+02 8.821321076675308070e-01
1.328139920568242360e+03 6.311165487671751180e+02 8.824137572058231571e-01
1.328160753898336907e+03 6.280911748089796447e+02 8.821813301954410935e-01
1.328181587227966929e+03 6.281134501074936907e+02 8.842509543295368202e-01
1.328202420557596952e+03 6.277998656152261674e+02 8.797076492305705431e-01
1.328223253886761086e+03 6.234242857039479304e+02 8.789349699626174406e-01
1.328244087215924992e+03 6.257915926813815304e+02 8.778442748617734104e-01
1.328264920544623010e+03 6.219243974309993064e+02 8.782889338701673765e-01
1.328285753872856503e+03 6.248342161572111308e+02 8.766791716531059375e-01
1.328306587201089542e+03 6.222814115892108475e+02 8.765910193279836671e-01
1.328327420528856010e+03 6.187200424543632380e+02 8.741298845139120477e-01
1.328348253856157498e+03 6.184561339527098198e+02 8.756178649894821309e-01
1.328369087183458532e+03 6.166822454299079936e+02 8.734664762054574760e-01
1.328389920510293905e+03 6.183872739072835429e+02 8.727866516765638849e-01
1.328410753836664526e+03 6.190079927452923130e+02 8.731770599726260684e-01
1.328431587163035147e+03 6.174251492812159086e+02 8.735352244838221480e-01
1.328452420488938515e+03 6.202736357840948358e+02 8.740625809583193462e-01
1.328473253814842565e+03 6.204027055400831614e+02 8.743212315112961486e-01
1.328494087140280953e+03 6.278842861197667844e+02 8.762525381032452154e-01
1.328514920465253908e+03 6.225579320562864041e+02 8.769195142392389730e-01
1.328535753790227091e+03 6.229644603271240157e+02 8.812976431987920023e-01
1.328556587114268950e+03 6.282031387037627610e+02 8.798683156841973219e-01
1.328577420438776471e+03 6.269395864472314770e+02 8.813018364236497870e-01
1.328598253762351987e+03 6.296345991959412913e+02 8.817077746359706092e-01
1.328619087085928641e+03 6.269955119189320385e+02 8.859705183816083407e-01
1.328639920409039405e+03 6.301624662142888837e+02 8.820647051728309762e-01
1.328660753732150170e+03 6.293728381308638973e+02 8.831386470077700057e-01
1.328681587054794363e+03 6.287503706345729597e+02 8.817543845417843418e-01
1.328702420376972896e+03 6.284237127249305104e+02 8.812246981837066340e-01
1.328723253699152110e+03 6.269519354840422238e+02 8.823048305017358039e-01
1.328744087020865436e+03 6.292129832453792915e+02 8.842588072023536139e-01
1.328764920342113555e+03 6.234130065350892664e+02 8.812033580043323600e-01
1.328785753662896013e+03 6.252437414282428563e+02 8.810514929917945270e-01
1.328806586983678017e+03 6.285636330607613900e+02 8.812646377646413676e-01
1.328827420303994131e+03 6.238348902493232799e+02 8.812764400546920784e-01
1.328848253624310473e+03 6.258333570037725622e+02 8.806682303155113356e-01
1.328869086943695493e+03 6.230391434596011777e+02 8.819209297596435349e-01
1.328889920263546628e+03 6.249505213167250304e+02 8.790298035986174874e-01
1.328910753582466441e+03 6.249727249046117095e+02 8.781974816868501899e-01
1.328931586901386027e+03 6.212910249060491878e+02 8.753506094260786741e-01
1.328952420219839041e+03 6.243015197598920167e+02 8.746329627662051687e-01
1.328973253537827077e+03 6.215745487163101188e+02 8.729265373297070418e-01
1.328994086855816022e+03 6.226192285782885847e+02 8.713691173546973534e-01
1.329014920173338396e+03 6.224855382823302534e+02 8.711736325983546747e-01
1.329035753490395109e+03 6.233195119574462524e+02 8.705578511256587548e-01
1.329056586806985933e+03 6.231994132436109339e+02 8.704178244724732894e-01
1.329077420123576985e+03 6.250751641065389776e+02 8.715620620961694875e-01
1.329098253439701921e+03 6.240218902768680209e+02 8.716980758050597577e-01
1.329119086755827993e+03 6.222691595917738141e+02 8.722338208124573722e-01
1.329139920071022971e+03 6.272852323259279501e+02 8.733660564649882163e-01
1.329160753386217038e+03 6.213883203283869534e+02 8.732800609657654922e-01
1.329181586701411106e+03 6.214929260353167138e+02 8.731333030573492637e-01
1.329202420015673397e+03 6.229471618924550285e+02 8.730672539502306595e-01
1.329223253329935915e+03 6.193106913723460138e+02 8.730970534683332174e-01
1.329244086643733908e+03 6.254744424964719656e+02 8.707803410433452296e-01
1.329264919957530992e+03 6.189346149724699444e+02 8.730235598051658830e-01
1.329285753270396526e+03 6.198344195954555289e+02 8.706917626386998510e-01
1.329306586583262515e+03 6.183085029148517151e+02 8.685528085429663481e-01
1.329327419895662388e+03 6.198593170196878646e+02 8.687389345630718296e-01
1.329348253208062943e+03 6.183615881823742484e+02 8.669518159084881326e-01
1.329369086519997836e+03 6.179031346878527984e+02 8.662785758497421051e-01
1.329389919831467068e+03 6.223757776290688071e+02 8.651940743250923216e-01
1.329410753142469503e+03 6.179554256048093066e+02 8.665432985849286229e-01
1.329431586453472391e+03 6.201688104635712762e+02 8.640812752806763530e-01
1.329452419764009846e+03 6.194741065527626915e+02 8.651060607693442650e-01
1.329473253074082550e+03 6.241171587488149726e+02 8.664745114733023446e-01
1.329494086383689137e+03 6.211184375795444339e+02 8.657282674729144256e-01
1.329514919693295042e+03 6.204595647964156342e+02 8.678232903748943627e-01
1.329535753002434831e+03 6.218280343220717441e+02 8.679039547252250797e-01
1.329556586311110095e+03 6.175355207032569069e+02 8.693175403685534652e-01
1.329577419619784905e+03 6.218658281116626085e+02 8.704276167998112879e-01
1.329598252927529074e+03 6.180444701912479104e+02 8.729599604344219221e-01
1.329619086235273471e+03 6.208958760033146973e+02 8.722883509380137124e-01
1.329639919543016504e+03 6.199232517070810218e+02 8.733488239183662127e-01
1.329660752849828896e+03 6.165357272572974807e+02 8.719091319851437483e-01
1.329681586156641060e+03 6.189126415934628085e+02 8.733308402843660279e-01
1.329702419462988018e+03 6.212076534163596762e+02 8.735781766171667462e-01
1.329723252768868861e+03 6.185999555541814061e+02 8.718418962763911928e-01
1.329744086074749930e+03 6.229487106533781571e+02 8.760341935778339639e-01
1.329764919379699450e+03 6.235940648080205619e+02 8.710074275058130588e-01
1.329785752684648969e+03 6.247513643359197886e+02 8.724935600239839273e-01
1.329806585989597806e+03 6.241438457718397785e+02 8.703643071149054222e-01
1.329827419293616458e+03 6.257400980842502349e+02 8.710605974260775541e-01
1.329848252597635565e+03 6.275391363072433251e+02 8.710827334951857237e-01
1.329869085901188100e+03 6.214301767196578794e+02 8.700990000663915147e-01
1.329889919204274520e+03 6.285845096306341020e+02 8.693775668404570833e-01
1.329910752507360939e+03 6.210676279490456864e+02 8.697328414364809968e-01
1.329931585809982607e+03 6.191209389346729495e+02 8.673455034257843144e-01
1.329952419112138614e+03 6.224790851588039686e+02 8.669737131342258873e-01
1.329973252413830096e+03 6.188338567827779571e+02 8.658705325269538955e-01
1.329994085715054098e+03 6.098419857575272545e+02 8.644273149901042785e-01
1.330014919016278100e+03 6.237493489139851590e+02 8.628869515544155266e-01
1.330035752317036440e+03 6.193273687384519235e+02 8.629441789937893903e-01
1.330056585617329802e+03 6.181997857967264736e+02 8.628324144518285665e-01
1.330077418917157502e+03 6.115791057650432094e+02 8.619689287728237170e-01
1.330098252216984974e+03 6.127270067009004606e+02 8.626352024533598950e-01
1.330119085516345876e+03 6.192822484086065060e+02 8.633642027342561809e-01
1.330139918815242027e+03 6.167466675983910136e+02 8.628873660093822062e-01
1.330160752113672061e+03 6.186020688937398972e+02 8.633293380117084137e-01
1.330181585412103004e+03 6.274370687030358340e+02 8.639228473406792563e-01
1.330202418710067832e+03 6.170549623228340579e+02 8.632261854190625971e-01
1.330223252007566998e+03 6.218485406927983377e+02 8.649997780639716582e-01
1.330244085304600958e+03 6.220056063740345280e+02 8.649499912359209786e-01
1.330264918601634008e+03 6.169122839130141074e+02 8.655466588234650427e-01
1.330285751897735963e+03 6.225087023796413632e+02 8.618184465162641583e-01
1.330306585193837918e+03 6.151233397733288939e+02 8.597726075488123509e-01
1.330327418489474894e+03 6.159310024658866496e+02 8.592518111280056381e-01
1.330369085079815932e+03 6.143283528357717387e+02 8.587629739816875496e-01
1.330389918374521130e+03 6.145619396807569501e+02 8.577742493375154487e-01
1.330410751668759985e+03 6.127766040718184968e+02 8.559922658802625595e-01
1.330431584962999978e+03 6.151423433100869715e+02 8.558024273881856825e-01
1.330452418256307965e+03 6.119288521506165353e+02 8.552348544383497897e-01
1.330473251549617089e+03 6.160495232412633868e+02 8.561658762239482412e-01
1.330494084842458960e+03 6.155527842865081993e+02 8.565001519108964567e-01
1.330514918134835625e+03 6.186034052243862789e+02 8.580099187868951427e-01
1.330535751426747083e+03 6.183645834538104964e+02 8.583183381397280209e-01
1.330556584718658996e+03 6.207157164585909186e+02 8.609087349020378976e-01
1.330577418009638450e+03 6.219261599235055655e+02 8.622075995010126670e-01
1.330598251300617903e+03 6.228325075578693486e+02 8.619837611941294497e-01
1.330619084591597129e+03 6.225957061587670296e+02 8.650699915710707844e-01
1.330639917881645943e+03 6.255582516453775952e+02 8.635916173559020637e-01
1.330660751171694528e+03 6.221464350331904143e+02 8.629336455618176194e-01
1.330681584461277907e+03 6.218054522614389725e+02 8.651260067002825016e-01
1.330702417750394943e+03 6.228095267536617712e+02 8.638735849211314211e-01
1.330723251039046545e+03 6.189826682580451234e+02 8.642361223333131504e-01
1.330744084327232031e+03 6.212596391468928232e+02 8.630494371798990150e-01
1.330764917615417517e+03 6.191062206230470792e+02 8.636096657614482641e-01
1.330785750903138478e+03 6.166686127223709946e+02 8.619777452777925841e-01
1.330806584190393096e+03 6.218962078007026548e+02 8.634588826942349860e-01
1.330827417477182053e+03 6.193185549282335387e+02 8.612637657981051520e-01
1.330848250763971009e+03 6.179229479468757518e+02 8.612952193637407605e-01
1.330869084049828416e+03 6.206669051653076394e+02 8.624479665125956984e-01
1.330889917335686505e+03 6.213084691960946202e+02 8.628339342151200020e-01
1.330910750621078478e+03 6.161293879096523369e+02 8.594581910528377167e-01
1.330931583906469996e+03 6.215598688605003872e+02 8.594211912745931548e-01
1.330952417190930646e+03 6.198974748411447990e+02 8.583669125059431027e-01
1.330973250475391069e+03 6.212429339092852842e+02 8.608704127154452879e-01
1.330994083759385376e+03 6.199293608711365096e+02 8.568452534148511823e-01
1.331014917042915386e+03 6.203064906432497310e+02 8.571336126964326230e-01
1.331035750325979961e+03 6.175369947823197663e+02 8.574549640362121306e-01
1.331056583609043173e+03 6.162176170845857541e+02 8.555511365263074319e-01
1.331077416891175062e+03 6.178520815142082938e+02 8.578832684006858500e-01
1.331098250173306951e+03 6.193723633301938207e+02 8.567966275646541341e-01
1.331119083454972952e+03 6.152850269644743548e+02 8.570935570072014675e-01
1.331139916736175110e+03 6.168374003821594442e+02 8.571162276445654093e-01
1.331160750017375904e+03 6.178692688604656951e+02 8.565828219497371165e-01
1.331181583298111946e+03 6.167222037407118478e+02 8.573195411597106519e-01
1.331202416577915528e+03 6.233633680819377787e+02 8.578724991290739288e-01
1.331223249857719111e+03 6.182864767991850385e+02 8.581636387627188389e-01
1.331244083137522921e+03 6.207951550609267315e+02 8.565508821987583010e-01
1.331264916416396545e+03 6.208006731177267739e+02 8.562004409147329076e-01
1.331285749695268805e+03 6.190261598466734085e+02 8.554556858685151699e-01
1.331306582973209970e+03 6.175885401035894802e+02 8.542753631157878891e-01
1.331327416251151590e+03 6.190937423741730754e+02 8.550409789052801912e-01
1.331348249529092527e+03 6.144387655687554570e+02 8.526974385641463705e-01
1.331369082806103052e+03 6.191958045366535544e+02 8.519177876821796280e-01
1.331389916082647460e+03 6.145084435358212431e+02 8.531333713330372381e-01
1.331410749359192096e+03 6.164796505361609888e+02 8.503534325529997773e-01
1.331431582635271070e+03 6.127492538986936097e+02 8.507508776018726238e-01
1.331452415910883474e+03 6.141481626062426358e+02 8.520186716057527310e-01
1.331473249186496105e+03 6.143163545063425772e+02 8.520659961817586003e-01
1.331494082461178095e+03 6.109645697933453903e+02 8.556812318613119528e-01
1.331514915735860541e+03 6.128853704061909866e+02 8.512467665197771538e-01
1.331535749009610527e+03 6.126411987872970712e+02 8.521534330513204081e-01
1.331556582283825946e+03 6.162656992495924442e+02 8.529052297598430643e-01
1.331577415556878350e+03 6.184399795488968721e+02 8.569149526106371040e-01
1.331598248829930981e+03 6.176959578792894945e+02 8.547304355360469952e-01
1.331619082102517496e+03 6.208859092050920481e+02 8.583036507100529899e-01
1.331639915374870498e+03 6.226111241858042149e+02 8.562691136475290010e-01
1.331660748646758066e+03 6.223665992817205961e+02 8.582732681133824482e-01
1.331681581918179972e+03 6.208897862351676622e+02 8.571805505752477794e-01
1.331702415189136445e+03 6.208790747568885990e+02 8.560545496382396813e-01
1.331723248459860542e+03 6.214058056122223661e+02 8.568387144768511154e-01
1.331744081730351354e+03 6.222372841855951719e+02 8.587253542588201283e-01
1.331764915000142992e+03 6.237429236033357256e+02 8.563041614193017681e-01
1.331785748269702935e+03 6.215151567811823270e+02 8.569030930180040473e-01
1.331806581539029594e+03 6.234170972191291185e+02 8.578219859670533909e-01
1.331827414807657533e+03 6.230785581845262868e+02 8.565150442411111342e-01
1.331848248076053096e+03 6.171781907769693589e+02 8.567575301013916622e-01
1.331869081344216056e+03 6.170313678489811764e+02 8.571164710377253693e-01
1.331889914611680069e+03 6.226921242070247899e+02 8.552243654434243947e-01
1.331910747879143855e+03 6.215176164703874520e+02 8.563128274296506470e-01
1.331931581145908922e+03 6.202033492782900339e+02 8.545941275688790917e-01
1.331952414412442067e+03 6.172159302486327306e+02 8.563756794824495255e-01
1.331973247678509551e+03 6.149309039541774382e+02 8.537036330783980276e-01
1.331994080944110920e+03 6.224030758455805881e+02 8.527551750690377519e-01
1.332014914209479457e+03 6.169009463838411875e+02 8.521574199586925413e-01
1.332035747474382106e+03 6.157717417729207909e+02 8.533442694055124456e-01
1.332056580739051469e+03 6.190853910550433739e+02 8.528124533681552544e-01
1.332077414003255853e+03 6.194412751649274469e+02 8.520984188196334408e-01
1.332098247266995941e+03 6.179455296862452087e+02 8.521129334087713669e-01
1.332119080530268548e+03 6.184392314850832690e+02 8.529155725665608090e-01
1.332139913793308551e+03 6.212771286299033591e+02 8.533998668395198495e-01
1.332160747055882439e+03 6.201205976553338814e+02 8.538386172413394704e-01
1.332181580318223951e+03 6.177663045482455573e+02 8.536174722133740289e-01
1.332202413580101620e+03 6.189558629911424532e+02 8.534203657332026793e-01
1.332223246841511809e+03 6.207438351357076272e+02 8.528640319977742745e-01
1.332244080102456110e+03 6.206267703609469208e+02 8.523839086203268689e-01
1.332264913363168034e+03 6.201286176050513177e+02 8.527039743090384372e-01
1.332285746623414070e+03 6.228288777463071710e+02 8.519711345184071138e-01
1.332306579882729466e+03 6.205444162723953241e+02 8.533681571890611162e-01
1.332327413142278147e+03 6.231372540304696486e+02 8.502762205437883747e-01
1.332348246401359575e+03 6.154684370910752023e+02 8.493338653394608695e-01
1.332369079660209081e+03 6.195264026466863925e+02 8.474904262935963883e-01
1.332389912918592472e+03 6.168394851659429605e+02 8.470079958041761836e-01
1.332410746176509974e+03 6.270852053864738309e+02 8.465077930796971462e-01
1.332431579433962952e+03 6.150632871760577700e+02 8.449584995326484549e-01
1.332452412691181962e+03 6.170512586156604584e+02 8.451110670354299303e-01
1.332473245947935993e+03 6.145915055828093045e+02 8.454851041279113355e-01
1.332494079204457194e+03 6.152808330164035624e+02 8.471631844245307574e-01
1.332514912460278993e+03 6.149101048992574761e+02 8.467099581436399180e-01
1.332535745715869098e+03 6.163498516159038445e+02 8.475226723330537837e-01
1.332556578971225917e+03 6.141083355227783613e+02 8.473945952165902185e-01
1.332577412226117985e+03 6.178305650465874805e+02 8.486070705851087581e-01
1.332598245480543028e+03 6.164631496943684397e+02 8.489610675853547228e-01
1.332619078734501954e+03 6.202255070659667808e+02 8.511213157171813037e-01
1.332639911988230097e+03 6.195360819288987386e+02 8.518332304758233775e-01
1.332660745241490986e+03 6.233270971521460524e+02 8.506730360248087042e-01
1.332681578494286896e+03 6.210109430784898450e+02 8.514111585610334432e-01
1.332702411746850430e+03 6.252990079633469804e+02 8.519634737683159376e-01
1.332723244998947393e+03 6.207144727242450699e+02 8.511235216822330418e-01
1.332744078250578923e+03 6.238791886336982770e+02 8.504121342235586578e-01
1.332764911501977167e+03 6.216133435752179821e+02 8.508796754061032086e-01
1.332785744752677601e+03 6.190630585755228594e+02 8.515995262565746460e-01
1.332806578003378945e+03 6.153544956729568867e+02 8.499513135318108592e-01
1.332827411253379978e+03 6.171075357197605626e+02 8.484830910813618843e-01
1.332869077752452085e+03 6.171137092885164748e+02 8.484312461215075540e-01
1.332889911001521796e+03 6.163428158742016194e+02 8.471166061969443994e-01
1.332910744249894378e+03 6.177513953241221998e+02 8.481344113709730070e-01
1.332931577498033448e+03 6.180312628901868948e+02 8.486026104468176179e-01
1.332952410745939915e+03 6.190920259908137950e+02 8.475464077286766207e-01
1.332973243993380947e+03 6.197235095718903040e+02 8.483062923695827706e-01
1.332994077240121896e+03 6.232466106151937311e+02 8.475117010811065166e-01
1.333014910486864437e+03 6.199700310515275987e+02 8.471832713743102650e-01
1.333035743732908941e+03 6.226378744365356397e+02 8.477451260290764790e-01
1.333056576978719477e+03 6.229842574139462386e+02 8.460915182406507640e-01
1.333077410224063897e+03 6.250578694374995621e+02 8.466928518431248163e-01
1.333098243469177078e+03 6.229413975987258709e+02 8.480277587760283176e-01
1.333119076713823006e+03 6.228975535553893224e+02 8.473536219260088265e-01
1.333139909958004409e+03 6.225011080098774983e+02 8.488879769470427661e-01
1.333160743201721061e+03 6.230786836357643779e+02 8.478477015711661791e-01
1.333181576445203063e+03 6.174687892694025777e+02 8.489254007017186243e-01
1.333202409688218950e+03 6.204300004544487592e+02 8.485925311503176305e-01
1.333223242930770084e+03 6.154473746336955173e+02 8.482510988951832420e-01
1.333244076173087933e+03 6.157300447750427566e+02 8.484908183786276092e-01
1.333264909414941485e+03 6.174272435580397769e+02 8.502449902726473274e-01
1.333285742656329148e+03 6.159122467055692596e+02 8.485553736851416673e-01
1.333306575897250013e+03 6.175106358975125431e+02 8.474753402115563494e-01
1.333327409137938957e+03 6.164777912057044205e+02 8.463317085612104274e-01
1.333348242378161103e+03 6.152608076792962493e+02 8.441757611434107522e-01
1.333369075618151555e+03 6.171264861239884567e+02 8.448168755912084382e-01
1.333389908857443970e+03 6.183276252764218270e+02 8.424847617879563932e-01
1.333410742096502418e+03 6.195453802428035033e+02 8.437758547742258974e-01
1.333431575335094976e+03 6.200389985237984547e+02 8.418276398385096115e-01
1.333452408573455614e+03 6.220885264830264987e+02 8.419006354514778634e-01
1.333473241811349453e+03 6.230059532508163329e+02 8.419228656418124013e-01
1.333494075048778996e+03 6.224649241300936637e+02 8.418388267737622055e-01
1.333514908285743104e+03 6.219488367048077180e+02 8.428734712254478678e-01
1.333535741522473018e+03 6.199671951528371210e+02 8.441879054451441045e-01
1.333556574758737497e+03 6.224598550656523912e+02 8.445549763073589844e-01
1.333577407994536998e+03 6.186918474144441689e+02 8.453984934277869456e-01
1.333598241230102531e+03 6.182965861658940412e+02 8.454542608787340985e-01
1.333619074464970481e+03 6.177502498037058558e+02 8.454978640916804844e-01
1.333639907699839114e+03 6.178234272109226595e+02 8.468017138200264471e-01
1.333660740934008118e+03 6.167925910549832906e+02 8.474563503558837363e-01
1.333681574167944063e+03 6.163375479947280837e+02 8.474262470460698360e-01
1.333702407401415485e+03 6.188955032980197757e+02 8.469581718002402448e-01
1.333723240634421018e+03 6.168384699594955691e+02 8.479588052149964472e-01
1.333744073866959980e+03 6.209744791190278193e+02 8.465692256689895112e-01
1.333764907099267475e+03 6.218978239049822605e+02 8.467233331995871470e-01
1.333785740331108173e+03 6.231918421833956927e+02 8.462447971200957042e-01
1.333806573562716039e+03 6.242183955502438266e+02 8.467507514037995175e-01
1.333827406793625414e+03 6.280759768332005706e+02 8.466681069326791320e-01
1.333848240024303095e+03 6.251796810725974183e+02 8.476864857708711343e-01
1.333869073254513978e+03 6.287143502542380702e+02 8.463557238442205310e-01
1.333889906484492940e+03 6.247492407801507852e+02 8.461301223390190751e-01
1.333910739713771818e+03 6.234985807403074887e+02 8.446359574782991153e-01
1.333931572942819002e+03 6.229507022371332141e+02 8.447518229153019309e-01
1.333952406171632902e+03 6.232562155915345556e+02 8.452321915193282686e-01
1.333973239399748991e+03 6.191994995961764516e+02 8.437883933480424536e-01
1.333994072627632022e+03 6.227497525500149322e+02 8.440927939431983607e-01
1.334014905855050074e+03 6.151875780152954576e+02 8.434252643863738852e-01
1.334035739082233476e+03 6.216386484360098166e+02 8.451312027596246113e-01
1.334056572308719069e+03 6.189508840385393569e+02 8.435375157997870854e-01
1.334077405534972513e+03 6.206823733448316034e+02 8.436787186641863112e-01
1.334098238760760069e+03 6.172628842706046726e+02 8.437558279895837066e-01
1.334119071986315021e+03 6.205233120610502056e+02 8.432181412791093233e-01
1.334139905211171026e+03 6.219836502014277357e+02 8.441532372375825100e-01
1.334160738435793974e+03 6.228844305750903914e+02 8.450199389503559866e-01
1.334181571660184090e+03 6.215467004350507523e+02 8.444270490505457749e-01
1.334202404883877080e+03 6.269004408506790469e+02 8.446434024162686738e-01
1.334223238107337011e+03 6.269567370182487593e+02 8.456202724124456394e-01
1.334244071330329916e+03 6.271186459964371807e+02 8.454026532002696381e-01
1.334264904552856933e+03 6.269722147217540851e+02 8.445802771411534682e-01
1.334285737775152938e+03 6.262423663041722648e+02 8.440005319015128071e-01
1.334306570996981463e+03 6.263069156063793343e+02 8.441957073607724293e-01
1.334327404218345464e+03 6.254242765336653065e+02 8.428202911118679586e-01
1.334348237439244031e+03 6.230273073545586158e+02 8.426531974444351203e-01
1.334369070659909084e+03 6.193482838545278355e+02 8.407108886972833872e-01
1.334389903880108022e+03 6.230730394234902860e+02 8.432838777194061608e-01
1.334410737099841981e+03 6.186599650677570708e+02 8.410909219460774855e-01
1.334431570319109596e+03 6.187069388550942222e+02 8.400793765234424448e-01
1.334452403538145063e+03 6.187138096687720008e+02 8.394410698310428298e-01
1.334473236756716005e+03 6.190339495453083600e+02 8.395712476922235767e-01
1.334494069974819922e+03 6.186123862648860268e+02 8.404779567948238439e-01
1.334514903192457950e+03 6.209628429615682990e+02 8.391345200983807429e-01
1.334535736409862920e+03 6.192110391074629661e+02 8.414825064868846072e-01
1.334556569626803594e+03 6.230287597289575388e+02 8.410730989894876775e-01
1.334577402843277923e+03 6.236910745837258219e+02 8.424571693694492547e-01
1.334598236059285910e+03 6.264771860503817607e+02 8.424339273618836055e-01
1.334619069275061975e+03 6.252608215135809360e+02 8.421406762972971638e-01
1.334639902490371469e+03 6.259951999960949252e+02 8.429089699125229540e-01
1.334660735705215984e+03 6.285603881419019672e+02 8.439923044482123826e-01
1.334681568919595520e+03 6.283228921666031965e+02 8.454305019973126223e-01
1.334702402133741998e+03 6.269282944145775218e+02 8.423058902565773165e-01
1.334723235347421905e+03 6.258192732519704577e+02 8.430916725737419570e-01
1.334744068560635924e+03 6.266267303461338543e+02 8.425539864808279100e-01
1.334764901773384963e+03 6.247875669705606470e+02 8.437351649357719419e-01
1.334785734985900490e+03 6.269991573829510116e+02 8.437260871606893087e-01
1.334806568197951492e+03 6.242076523683382447e+02 8.414221901123105640e-01
1.334827401409537060e+03 6.237684217316352715e+02 8.412918381397883616e-01
1.334848234620656058e+03 6.246615663937284353e+02 8.420761247074985967e-01
1.334869067831309621e+03 6.206592485955291068e+02 8.406829899068600787e-01
1.334889901041728990e+03 6.258112869211354337e+02 8.405632308331637548e-01
1.334910734251685426e+03 6.187140064310834759e+02 8.406131147941278137e-01
1.334931567461174836e+03 6.211156084381902929e+02 8.398207905314638566e-01
1.334952400670430961e+03 6.200913558259522915e+02 8.390189445457358897e-01
1.334973233879222107e+03 6.214475534113523736e+02 8.389909184502015727e-01
1.334994067087546910e+03 5.994904281630219884e+02 8.393394197945749369e-01
1.335014900295405823e+03 6.314533082903427612e+02 8.379835597430826954e-01
1.335035733502800440e+03 6.216210571453415241e+02 8.392124020811013718e-01
1.335056566709961999e+03 6.210906953493911260e+02 8.376411831409231734e-01
1.335077399916656987e+03 6.252029111628633018e+02 8.378666160718346578e-01
1.335098233122886086e+03 6.214984872210219464e+02 8.399951886992947925e-01
1.335119066328649978e+03 6.287370720047609893e+02 8.377560238440906470e-01
1.335139899533948892e+03 6.196223364127732793e+02 8.388127230459249128e-01
1.335160732739014975e+03 6.290448964720858385e+02 8.387901261875001513e-01
1.335181565943614942e+03 6.258421220784764500e+02 8.409971611664494029e-01
1.335202399147749020e+03 6.208162297225612747e+02 8.388577017730749485e-01
1.335223232351650950e+03 6.247076535047496009e+02 8.381157419260891750e-01
1.335244065554853023e+03 6.242835579868844889e+02 8.374714191741126079e-01
1.335264898757823630e+03 6.242008411662643539e+02 8.389207603036662464e-01
1.335285731960329031e+03 6.253630331642065130e+02 8.364482638337688014e-01
1.335306565162366951e+03 6.215364141941787466e+02 8.362693840825178304e-01
1.335327398364172041e+03 6.200284614388046975e+02 8.343811163517372842e-01
1.335369064766154906e+03 6.213703764150745883e+02 8.328236491475108361e-01
1.335389897966563922e+03 6.222071583238288213e+02 8.319423789258933999e-01
1.335410731166740106e+03 6.214984855670040815e+02 8.314725047444052608e-01
1.335431564366218026e+03 6.222536247360822017e+02 8.310286521195378029e-01
1.335452397565462888e+03 6.214996411745263458e+02 8.299084299200165660e-01
1.335473230764008349e+03 6.211144800505352350e+02 8.292213596024753386e-01
1.335494063962554037e+03 6.216897522232156916e+02 8.281725743861559907e-01
1.335514897160403052e+03 6.232588232264729413e+02 8.289658578047194304e-01
1.335535730357785951e+03 6.211117408921619472e+02 8.283909424628778106e-01
1.335556563554935110e+03 6.238499922174987660e+02 8.282047089416827435e-01
1.335577396751617925e+03 6.217771603720633493e+02 8.297146708319336206e-01
1.335598229947835989e+03 6.259687928507515835e+02 8.322230015114278068e-01
1.335619063143588392e+03 6.199276376725767932e+02 8.262509788357337293e-01
1.335639896338874905e+03 6.176834584156450774e+02 8.256761583278829919e-01
1.335660729533929498e+03 6.182248913455897537e+02 8.248515298934986362e-01
1.335681562728284916e+03 6.173205073193016688e+02 8.244962541484699425e-01
1.335702395922407050e+03 6.147966516266110375e+02 8.228708608570445282e-01
1.335723229116063067e+03 6.141485811796493408e+02 8.224274029912415074e-01
1.335744062309255469e+03 6.145005409191400076e+02 8.211238300247207800e-01
1.335764895502214586e+03 6.131711985507724876e+02 8.194003528830708927e-01
1.335785728694474074e+03 6.120165759511423857e+02 8.189204802911658199e-01
1.335806561886500504e+03 6.128426720183285852e+02 8.194685091016067346e-01
1.335827395078061954e+03 6.156185082550041443e+02 8.200025427011283785e-01
1.335848228269157971e+03 6.161213685848849764e+02 8.180737418020834761e-01
1.335869061459788099e+03 6.151868421560355955e+02 8.167283367370115066e-01
1.335889894649953021e+03 6.162990692616017441e+02 8.164505284909643335e-01
1.335910727839883975e+03 6.182727958602600893e+02 8.158609129465553833e-01
1.335931561029118029e+03 6.194444233286669714e+02 8.159909812087582370e-01
1.335952394218117433e+03 6.183423506225325355e+02 8.171144544000602528e-01
1.335973227406651858e+03 6.170204468681204162e+02 8.154513236276306198e-01
1.335994060594721986e+03 6.178863803677658098e+02 8.162025672134709531e-01
1.336014893782325089e+03 6.182611941118224195e+02 8.155781684964783507e-01
1.336035726969696043e+03 6.135993347278913461e+02 8.145441237734282192e-01
1.336056560156367595e+03 6.159917049571731695e+02 8.139246042210259713e-01
1.336077393342573032e+03 6.095322214432439978e+02 8.125629400670661973e-01
1.336098226528547457e+03 6.134373074514495556e+02 8.144384149554010355e-01
1.336119059714055993e+03 6.109451034906859377e+02 8.183169479115212086e-01
1.336139892899097504e+03 6.096346949390629106e+02 8.126688561674710876e-01
1.336160726083673580e+03 6.099241749571117452e+02 8.130563518448010729e-01
1.336181559267784451e+03 6.112426128279660134e+02 8.128448268118725339e-01
1.336202392451430114e+03 6.117907349989968679e+02 8.131104890084189796e-01
1.336223225634608980e+03 6.126113402242210668e+02 8.129874014634879131e-01
1.336244058817555924e+03 6.151715224611340318e+02 8.123452699488914464e-01
1.336264891999804604e+03 6.118842096266097315e+02 8.123471776585832194e-01
1.336285725181819998e+03 6.137675738409279802e+02 8.124209512257232202e-01
1.336306558363136446e+03 6.161516757457229687e+02 8.125887968985304743e-01
1.336327391544220518e+03 6.168264904415215142e+02 8.152450992187759704e-01
1.336348224724840065e+03 6.184084239943717876e+02 8.123313288574575131e-01
1.336369057904992587e+03 6.174961548276295389e+02 8.136330919916799909e-01
1.336389891084679903e+03 6.177019971233529532e+02 8.128655418327935811e-01
1.336410724263900647e+03 6.159460866423381731e+02 8.123218267659227942e-01
1.336431557442655958e+03 6.193570492041548050e+02 8.132772029662417301e-01
1.336452390620946517e+03 6.128928352233584747e+02 8.124400263439709446e-01
1.336473223798772096e+03 6.142937728815752507e+02 8.126696262824679717e-01
1.336494056976130196e+03 6.115939490680942754e+02 8.117488176286108414e-01
1.336514890153022407e+03 6.155989178789109246e+02 8.130704271210279499e-01
1.336535723329450093e+03 6.116758453428949451e+02 8.129645999976286008e-01
1.336556556505411891e+03 6.147431325704367282e+02 8.139369069633090037e-01
1.336577389681141540e+03 6.141339132381593799e+02 8.129275370864467165e-01
1.336598222856172470e+03 6.136853310130389900e+02 8.126225012350751786e-01
1.336619056030736374e+03 6.155939599793089201e+02 8.142004192765387449e-01
1.336639889204835981e+03 6.153678665311265377e+02 8.120686413052629060e-01
1.336660722378469472e+03 6.176223325802268391e+02 8.122137372371989184e-01
1.336681555551637075e+03 6.156048427365740281e+02 8.126016699929414777e-01
1.336702388724339926e+03 6.053713238095386941e+02 8.129066403381843831e-01
1.336723221896575978e+03 6.301388406012342784e+02 8.136370845101777993e-01
1.336744055068347052e+03 6.165270601699145345e+02 8.126944896031004228e-01
1.336764888239652464e+03 6.172153007793540382e+02 8.117964706441918032e-01
1.336785721410491533e+03 6.213967153095480853e+02 8.126347136692230189e-01
1.336806554580865395e+03 6.175418579965311210e+02 8.122856150738683167e-01
1.336827387750774051e+03 6.155604653193762488e+02 8.127583679805718830e-01
1.336848220919983987e+03 6.180985625019325198e+02 8.128961184387977212e-01
1.336869054088961093e+03 6.189957481152976015e+02 8.129440707996030691e-01
1.336889887257239025e+03 6.172469615558248961e+02 8.148091953518102892e-01
1.336910720425051068e+03 6.123674963832306730e+02 8.140223619519946219e-01
1.336931553592631644e+03 6.162293662569126127e+02 8.116581296635009268e-01
1.336952386759280898e+03 6.155571942066768543e+02 8.131152537859138718e-01
1.336973219925697094e+03 6.199397288898917395e+02 8.132336312167344206e-01
1.336994053091646492e+03 6.169093911431840525e+02 8.127402537268124671e-01
1.337014886256896943e+03 6.183758006274741774e+02 8.131930256682876612e-01
1.337035719421916838e+03 6.173450687301514108e+02 8.135005219263842235e-01
1.337056552586238013e+03 6.220452969677708097e+02 8.123734448980498568e-01
1.337077385750093072e+03 6.201705940376072022e+02 8.123906135285413610e-01
1.337098218913247820e+03 6.223801213402596204e+02 8.149614463065504300e-01
1.337119052075938043e+03 6.226361230286003092e+02 8.120711001523054362e-01
1.337139885238395891e+03 6.206767895176714092e+02 8.127216623623505498e-01
1.337160718399922644e+03 6.267239216242518296e+02 8.140403744551824028e-01
1.337181551561217020e+03 6.202572942455240081e+02 8.125239148655216681e-01
1.337202384721811541e+03 6.244827306443989983e+02 8.127003936132015660e-01
1.337223217881939945e+03 6.235412134405178222e+02 8.136949555140225998e-01
1.337244051041604052e+03 6.214011537934522948e+02 8.138730478499149879e-01
1.337264884200568986e+03 6.204960069680279275e+02 8.128728377940989125e-01
1.337285717359069622e+03 6.221281190886759305e+02 8.146076376005518815e-01
1.337306550516871084e+03 6.206223127011782026e+02 8.137947183911526938e-01
1.337327383674205976e+03 6.198424901785894008e+02 8.128281077551424705e-01
1.337348216831074978e+03 6.184631431928402208e+02 8.134453116066395761e-01
1.337369049987245944e+03 6.213844967183032395e+02 8.117957731240754704e-01
1.337389883142719100e+03 6.227679312702396146e+02 8.133485471235386566e-01
1.337410716297959425e+03 6.206898402883307426e+02 8.117933868665135888e-01
1.337431549452268428e+03 6.191405719618974217e+02 8.133284306834414057e-01
1.337452382606111087e+03 6.257376168393629996e+02 8.124328365442993194e-01
1.337473215759488085e+03 6.148297375101241187e+02 8.133641562588344032e-01
1.337494048912167045e+03 6.289600947228270797e+02 8.135194618298006164e-01
1.337514882064147969e+03 6.256810302692164214e+02 8.124190070058282531e-01
1.337535715215663458e+03 6.306573667275005164e+02 8.140288054948574548e-01
1.337556548366479092e+03 6.264247100186612442e+02 8.118706246273555971e-01
1.337577381516596006e+03 6.254667795776871344e+02 8.140647932082548666e-01
1.337598214666247941e+03 6.265043371987057981e+02 8.123173875267647448e-01
1.337619047814969008e+03 6.273378192664043809e+02 8.123958594265991984e-01
1.337639880963224641e+03 6.260868896661427243e+02 8.126671325741194885e-01
1.337660714111013476e+03 6.270044762634037170e+02 8.153199630284615473e-01
1.337681547257870989e+03 6.270709241616546024e+02 8.132255689045352343e-01
1.337702380404030919e+03 6.249639473335935236e+02 8.135688793468260904e-01
1.337723213549724960e+03 6.265611975869709340e+02 8.125587588851221899e-01
1.337744046694486997e+03 6.273890580127471139e+02 8.128671550158065306e-01
1.337764879838784509e+03 6.238437453387545020e+02 8.139748392481094275e-01
1.337785712982382847e+03 6.203298439743066410e+02 8.117036217756634642e-01
1.337806546125049408e+03 6.299796095591333369e+02 8.130808001504169491e-01
1.337827379267017932e+03 6.253174453599627896e+02 8.126120123313117505e-01
1.337869045548860413e+03 6.293003153209159564e+02 8.128494464905937633e-01
1.337889878688734370e+03 6.272346322843682174e+02 8.141556523598735273e-01
1.337910711827675641e+03 6.299511785721396109e+02 8.129848354140563060e-01
1.337931544965917965e+03 6.292051778929305783e+02 8.123248351621397134e-01
1.337952378103230103e+03 6.294154772707239545e+02 8.134627507057321516e-01
1.337973211239843977e+03 6.294225841005511484e+02 8.126665824903653856e-01
1.337994044375759586e+03 6.302766370031945371e+02 8.120030937723125009e-01
1.338014877510744100e+03 6.309950476027227069e+02 8.122273501181976885e-01
1.338035710644795927e+03 6.288264501495864351e+02 8.139493559775214937e-01
1.338056543777916431e+03 6.293533122483231637e+02 8.126974232780770357e-01
1.338077376910338444e+03 6.285957297567525757e+02 8.127982619174073387e-01
1.338098210041830043e+03 6.291591838956223910e+02 8.129631703024178258e-01
1.338119043172390548e+03 6.301071705001646706e+02 8.136075247574154901e-01
1.338139876302019957e+03 6.302729375374379970e+02 8.124358078467757149e-01
1.338160709430484076e+03 6.316906721941185197e+02 8.134066584892116758e-01
1.338181542558249475e+03 6.316474270486812657e+02 8.126293959652011178e-01
1.338202375685083098e+03 6.312281088655419126e+02 8.124456387454134232e-01
1.338223208810754386e+03 6.291960145497130270e+02 8.133905372149861090e-01
1.338244041935493897e+03 6.333585011091010983e+02 8.127152817960491271e-01
1.338264875059069027e+03 6.301391589603892953e+02 8.121781812238187959e-01
1.338285708181713062e+03 6.339201519033927070e+02 8.133024141487587011e-01
1.338306541303192944e+03 6.296006324183144898e+02 8.121533387923227654e-01
1.338327374423507081e+03 6.339109253136348343e+02 8.121988765540639754e-01
1.338348207542658656e+03 6.370731042168528120e+02 8.124749840039773296e-01
1.338369040660878909e+03 6.339891809032080801e+02 8.160586917774024229e-01
1.338389873777701951e+03 6.359112020605712132e+02 8.136457654231563641e-01
1.338410706893592987e+03 6.358226331600637877e+02 8.128415270252825620e-01
1.338431540008087950e+03 6.354753229434847981e+02 8.125013571507783139e-01
1.338452373121185929e+03 6.372013279585529517e+02 8.126142128118548635e-01
1.338473206233352357e+03 6.353473387194850375e+02 8.131251497730348499e-01
1.338494039343889654e+03 6.351441311147151509e+02 8.126752370982746054e-01
1.338514872453260978e+03 6.359441445975911620e+02 8.123863214049341641e-01
1.339681524073826495e+03 6.641877061806939082e+02 8.176609965105900990e-01
1.339702357101495636e+03 6.634247783771594413e+02 8.133099626938199433e-01
1.339723190128700026e+03 6.651958370196300621e+02 8.135256895547061662e-01
1.339744023155206378e+03 6.626826660616881099e+02 8.137371474743847477e-01
1.339764856181245932e+03 6.594756201506847901e+02 8.134547639378449935e-01
1.339785689206821189e+03 6.602467184984825508e+02 8.145474898378494144e-01
1.339806522231697045e+03 6.591479303726995340e+02 8.135108528374567216e-01
1.339827355256339615e+03 6.549467147749151081e+02 8.138180459046465698e-01
1.339848188280516524e+03 6.552743001734684185e+02 8.173134249058940926e-01
1.339869021303995851e+03 6.526811630473438299e+02 8.142119125931227552e-01
1.339889854327241437e+03 6.508563404616129446e+02 8.154736901020518403e-01
1.339910687350253511e+03 6.518445075834680438e+02 8.154292854719256134e-01
1.339931520372801060e+03 6.524223517966711370e+02 8.179296125286885655e-01
1.339952353395116461e+03 6.497357121939702438e+02 8.172598578837868555e-01
1.339973186416965518e+03 6.508838099756139854e+02 8.193732561199098541e-01
1.339994019438581063e+03 6.535612909362585015e+02 8.224243953126643136e-01
1.340014852459732083e+03 6.505395410361226141e+02 8.259471109605414085e-01
1.340035685480883103e+03 6.528203341639665496e+02 8.276080551360198712e-01
1.340056518501567552e+03 6.531884718584336724e+02 8.300925937962343459e-01
1.340077351522019853e+03 6.553722104352672204e+02 8.330390450278570835e-01
1.340098184542471927e+03 6.524989841114221463e+02 8.343869383454355360e-01
1.340119017562458566e+03 6.527098921336967123e+02 8.354120118034481512e-01
1.340139850582211466e+03 6.498288027948350418e+02 8.363999130604724552e-01
1.340160683601965047e+03 6.493411063681503492e+02 8.379850890078021086e-01
1.340181516621253650e+03 6.484581630383756874e+02 8.436530375397764958e-01
1.340202349640541570e+03 6.452388397220669276e+02 8.400743744485380526e-01
1.340223182659595977e+03 6.438582722602156991e+02 8.408436699966912453e-01
1.340244015678418009e+03 6.405218664714858505e+02 8.423884673960292391e-01
1.340264848697006983e+03 6.423536945999113641e+02 8.509804722711674652e-01
1.340285681715595956e+03 6.406424101096600907e+02 8.457950956098229112e-01
1.340306514733953009e+03 6.305411156571989295e+02 8.493936198974666452e-01
1.340327347752077458e+03 6.428621432654168757e+02 8.494149522739433689e-01
1.340348180770200543e+03 6.423333929087606293e+02 8.526455003292516821e-01
1.340369013788092161e+03 6.413157372333207604e+02 8.522366995854856464e-01
1.340389846805750494e+03 6.448617343999959530e+02 8.560830266719201553e-01
1.340410679823175087e+03 6.423792355746234080e+02 8.535049402890644288e-01
1.340431512840601044e+03 6.464597797442263527e+02 8.573162387433491682e-01
1.340452345858026547e+03 6.436502890142747901e+02 8.586340050463219242e-01
1.340473178874985479e+03 6.479490454362886567e+02 8.597052199805703676e-01
1.340494011891945092e+03 6.430103386593079904e+02 8.614489412237797961e-01
1.340514844908905161e+03 6.488760885981305364e+02 8.628755885031985651e-01
1.340535677925398886e+03 6.450079468054689187e+02 8.666019008963377068e-01
1.340556510942125442e+03 6.444959946270605542e+02 8.660385493581126415e-01
1.340577343958387019e+03 6.456242392421598879e+02 8.673783513284917257e-01
1.340598176974648595e+03 6.406967623393227313e+02 8.672208693673871815e-01
1.340619009990676432e+03 6.399275431832469394e+02 8.687661382150481115e-01
1.340639843006704496e+03 6.420577922487087790e+02 8.664954921211136529e-01
1.340660676022499501e+03 6.394747057643279504e+02 8.661500378244963994e-01
1.340681509038294507e+03 6.381385986589650656e+02 8.673066409636710494e-01
1.340702342053856455e+03 6.368294294362565324e+02 8.665128265681805164e-01
1.340723175069187164e+03 6.371646179149920499e+02 8.672466429741360061e-01
1.340744008084516963e+03 6.399461527585278873e+02 8.677117764762227736e-01
1.340764841099613932e+03 6.389855938967614293e+02 8.703293803853449084e-01
1.340785674114477388e+03 6.424449332389523306e+02 8.731120381796037000e-01
1.340806507129341981e+03 6.375002601342885100e+02 8.707897528249157748e-01
1.340827340143973515e+03 6.437975077398034500e+02 8.737081459837534592e-01
1.340848173158371992e+03 6.422569880034781136e+02 8.741033592125532214e-01
1.340869006172771151e+03 6.395783906454814769e+02 8.723400762399657893e-01
1.340889839186936570e+03 6.454055332601305963e+02 8.722039576323672438e-01
1.340910672200868930e+03 6.363974372039896252e+02 8.708563511071218954e-01
1.340931505214801518e+03 6.359260430116477210e+02 8.716578346434700197e-01
1.340952338228501958e+03 6.363764720166625466e+02 8.695917566022776102e-01
1.340973171241969567e+03 6.357290233048991013e+02 8.697117675509732360e-01
1.340994004255436039e+03 6.344147898207295384e+02 8.706431228274075229e-01
1.341014837268670817e+03 6.310023548802105324e+02 8.694620288259631291e-01
1.341035670281672537e+03 6.335431558101265637e+02 8.716132150408867352e-01
1.341056503294673348e+03 6.321317956110815430e+02 8.730514150753211355e-01
1.341077336307208952e+03 6.302005072002425550e+02 8.723995189683787510e-01
1.341098169319745011e+03 6.362687175762392826e+02 8.751439589195971758e-01
1.341119002332281525e+03 6.297303790846394804e+02 8.754958382752137114e-01
1.341139835344351468e+03 6.301579180162447074e+02 8.744232797552263792e-01
1.341160668356421866e+03 6.357835531236765974e+02 8.750758819374234720e-01
1.341181501368259433e+03 6.339084672715441684e+02 8.725603356581487224e-01
1.341202334379863942e+03 6.308940852192660032e+02 8.723924133841062245e-01
1.341223167391468905e+03 6.370320544149977877e+02 8.718426141227291204e-01
1.341244000402607981e+03 6.319191053059092837e+02 8.712859005967936721e-01
1.341264833413745919e+03 6.327898327436536192e+02 8.721690704027794672e-01
1.341285666424651936e+03 6.347524779692917036e+02 8.706492157886723815e-01
1.341306499435324895e+03 6.376193942158154186e+02 8.705139625542617221e-01
1.341327332445998991e+03 6.329552241644939841e+02 8.706299783163146122e-01
1.341348165456206061e+03 6.317956398862784226e+02 8.701939061997658875e-01
1.341368998466413814e+03 6.359008745210916231e+02 8.710632318872855162e-01
1.341389831476388963e+03 6.284532929930383034e+02 8.713569756595795912e-01
1.341410664486130372e+03 6.365073666784369379e+02 8.776971596067637549e-01
1.341431497495638951e+03 6.333234616687963126e+02 8.737881306417284444e-01
1.341452330504916063e+03 6.332074711406173719e+02 8.756015957434845065e-01
1.341473163514192493e+03 6.334890118285090921e+02 8.761287969440830770e-01
1.341493996523002352e+03 6.372651394842031323e+02 8.768603779232322371e-01
1.341514829531813120e+03 6.373856673636994401e+02 8.795098499724592900e-01
1.341535662540158455e+03 6.342524743842606085e+02 8.811860758004698146e-01
1.341556495548503108e+03 6.386900208532965735e+02 8.811579365358847005e-01
1.341577328556614930e+03 6.373014181785151777e+02 8.838736309245375233e-01
1.341598161564494148e+03 6.426690195671291121e+02 8.827180727530241633e-01
1.341618994572140991e+03 6.353949857320939145e+02 8.827439003006853913e-01
1.341639827579554549e+03 6.393148517068411820e+02 8.810908654103665194e-01
1.341660660586735048e+03 6.344222326237606921e+02 8.799946467280118645e-01
1.341681493593916457e+03 6.395681247563497891e+02 8.795626753334765402e-01
1.341702326600631068e+03 6.217937986427493797e+02 8.801287477768631184e-01
1.341723159607113075e+03 6.436651600630788153e+02 8.773012893198545159e-01
1.341743992613362934e+03 6.364344586124619809e+02 8.776137278834965638e-01
1.341764825619612566e+03 6.357042417202793558e+02 8.768770656439009992e-01
1.341785658625396081e+03 6.368211941331873049e+02 8.758646235395087798e-01
1.341806491630946994e+03 6.350585853992863576e+02 8.763034512573871782e-01
1.341827324636498361e+03 6.374953548967339430e+02 8.759715612772679405e-01
1.341848157641582930e+03 6.322041523436497528e+02 8.764239713441730473e-01
1.341868990646436032e+03 6.353554271012682193e+02 8.755077864117116748e-01
1.341889823651056076e+03 6.296692285166080865e+02 8.722619404695748369e-01
1.341910656655674984e+03 6.310304093396642884e+02 8.706105350297766998e-01
1.341931489659828912e+03 6.247575457316912662e+02 8.693100667655186964e-01
1.341952322663750010e+03 6.291854201101707531e+02 8.667586013437579284e-01
1.341973155667438959e+03 6.285929268578720439e+02 8.658542178085680829e-01
1.341993988670893941e+03 6.232096262672571356e+02 8.651602823123174524e-01
1.342014821674117002e+03 6.262477369129635463e+02 8.631981511921744676e-01
1.342035654677107004e+03 6.299274196027098469e+02 8.635186606833274992e-01
1.342056487679863494e+03 6.259767008670818313e+02 8.643905623904453162e-01
1.342077320682387381e+03 6.195368351733122836e+02 8.659914033123896626e-01
1.342098153684678891e+03 6.256610442079263521e+02 8.663464153188114025e-01
1.342118986686504968e+03 6.256205808050806354e+02 8.668682438615318286e-01
1.342139819688329908e+03 6.262823850948027484e+02 8.667673347462745426e-01
1.342160652689689869e+03 6.310885688245107303e+02 8.664038270274921905e-01
1.342223151692606962e+03 6.258884703455228191e+02 8.663269790970706818e-01
1.342243984693036055e+03 6.210520615582383925e+02 8.641407343125728779e-01
1.342264817693232544e+03 6.221458636125463499e+02 8.621510145176430884e-01
1.342285650692962008e+03 6.199742934795176552e+02 8.620613074373592033e-01
1.342306483692692836e+03 6.192217369119985051e+02 8.596103345988173050e-01
1.342327316691957549e+03 6.178438464562888157e+02 8.598670244541607444e-01
1.342348149691221352e+03 6.198923190285795499e+02 8.591349873466650466e-01
1.342368982690019948e+03 6.207422311437896951e+02 8.571128201330687757e-01
1.342389815688586168e+03 6.201891780951864348e+02 8.579253714812908882e-01
1.342410648686920013e+03 6.205262290792120439e+02 8.586993943008485175e-01
1.342431481684787059e+03 6.195010526394870567e+02 8.615377088984932374e-01
1.342452314682655015e+03 6.230193892090426289e+02 8.594522614860929943e-01
1.342473147680057082e+03 6.262493040989128303e+02 8.617751503382120593e-01
1.342493980677225409e+03 6.209355650298857654e+02 8.615489166373387908e-01
1.342514813674161815e+03 6.253206123577955395e+02 8.631011982259431115e-01
1.342535646670865390e+03 6.258276290764827081e+02 8.651274535374876562e-01
1.342556479667103076e+03 6.278822255935168641e+02 8.659031266239388680e-01
1.342577312663107477e+03 6.287229840286663602e+02 8.675524656717046312e-01
1.342598145659113015e+03 6.280276887516645274e+02 8.664011783984580939e-01
1.342618978654420062e+03 6.289942252474478437e+02 8.672172266358532111e-01
1.342639811649727108e+03 6.275048758985153654e+02 8.669512315165507355e-01
1.342660644644800868e+03 6.261257851710339537e+02 8.683595726846941032e-01
1.342681477639408968e+03 6.275385625220435486e+02 8.677777523986980324e-01
1.342702310633783554e+03 6.216936931638739452e+02 8.664614069092970716e-01
1.342723143627692934e+03 6.233769411583780311e+02 8.683308804770865086e-01
1.342743976621602542e+03 6.209254598515142334e+02 8.639819723341289892e-01
1.342764809615046488e+03 6.230318988387962236e+02 8.649214960317441747e-01
1.342785642608256921e+03 6.215029367739855388e+02 8.651832927151557051e-01
1.342806475601235434e+03 6.211110318486821598e+02 8.649558486585494643e-01
1.342827308593980888e+03 6.228788395353946044e+02 8.640248130043387542e-01
1.342848141586260454e+03 6.226951420205781460e+02 8.647961680099781612e-01
1.342868974578306506e+03 6.209700400569067824e+02 8.623487519597632378e-01
1.342889807570120865e+03 6.239883917741426558e+02 8.622276124821238730e-01
1.342910640561469563e+03 6.235987052648695226e+02 8.609148967565827260e-01
1.342931473552584976e+03 6.225727179538707787e+02 8.592140740660864084e-01
1.342952306543469149e+03 6.240986025394528269e+02 8.572000203485526937e-01
1.342973139534118445e+03 6.203271119465825905e+02 8.555253589311788698e-01
1.342993972524302535e+03 6.233210055675006060e+02 8.556782714109821830e-01
1.343014805514253567e+03 6.180120478646338142e+02 8.531797608067924754e-01
1.343035638503971995e+03 6.180398914172187688e+02 8.519988035945820215e-01
1.343056471493458503e+03 6.172266829181827461e+02 8.526467236753373369e-01
1.343077304482477984e+03 6.178914330632953806e+02 8.544059317514162144e-01
1.343098137471265090e+03 6.182262336134052703e+02 8.555460507379594182e-01
1.343118970459586990e+03 6.144483325639674831e+02 8.576175405614095970e-01
1.343139803447675604e+03 6.147977891313719283e+02 8.553171589633548066e-01
1.343160636435531615e+03 6.216433393989993874e+02 8.558665008457203571e-01
1.343181469423154567e+03 6.153592229994272884e+02 8.558985009558353063e-01
1.343202302410311859e+03 6.163902647678398807e+02 8.555535052393281603e-01
1.343223135397237002e+03 6.179382099411931222e+02 8.566689976674092266e-01
1.343243968383928859e+03 6.154151872982740770e+02 8.543530857761156838e-01
1.343264801370155510e+03 6.158704653334867771e+02 8.538140794267364830e-01
1.343285634356147966e+03 6.155959367628570362e+02 8.518737084315269881e-01
1.343306467341908956e+03 6.174025603583206703e+02 8.520007274539510567e-01
1.343327300327203375e+03 6.151089312876230224e+02 8.495678770958335901e-01
1.343348133312264963e+03 6.189481110675371838e+02 8.491014387280957365e-01
1.343368966297093948e+03 6.140383641035574556e+02 8.484164577846446953e-01
1.343389799281457499e+03 6.149278315553218590e+02 8.486822923781011108e-01
1.343410632265588902e+03 6.177189309661931702e+02 8.483323947161844902e-01
1.343431465249487019e+03 6.126368808622839879e+02 8.490325723652024648e-01
1.343452298232919020e+03 6.190448421737467015e+02 8.521081768477589691e-01
1.343473131216119100e+03 6.179106133659436182e+02 8.511860916750110251e-01
1.343493964198851927e+03 6.180482677494663903e+02 8.511497827317752174e-01
1.343514797181584981e+03 6.136282877672401810e+02 8.529501990910820508e-01
1.343535630163621136e+03 6.192164229447168964e+02 8.543596786207980909e-01
1.343556463145655925e+03 6.181709400665318981e+02 8.550718945955454453e-01
1.343577296127225054e+03 6.215250647102918720e+02 8.558028452741016645e-01
1.343598129108328976e+03 6.221786635033024595e+02 8.577665014389133091e-01
1.343618962089433808e+03 6.166124393725008304e+02 8.581648542424918924e-01
1.343639795070072068e+03 6.245737557367393720e+02 8.576526027274560260e-01
1.343660628050243986e+03 6.198431117091222404e+02 8.606862554864581627e-01
1.343681461030183982e+03 6.284447274867709439e+02 8.578723601698470258e-01
1.343702294009890920e+03 6.229916769760703801e+02 8.574173564400797698e-01
1.343723126989131515e+03 6.258136144017809102e+02 8.563459593192397357e-01
1.343743959968140189e+03 6.247481703447579093e+02 8.569945224066116696e-01
1.343764792946916032e+03 6.267152079930041282e+02 8.556701562416757501e-01
1.343785625925225531e+03 6.262915260825519681e+02 8.556725942834607634e-01
1.343806458903303337e+03 6.227340509038992877e+02 8.561014422443415928e-01
1.343827291880915482e+03 6.224246621716899881e+02 8.552772272744272319e-01
1.343848124858293431e+03 6.219799639477286064e+02 8.556380431001013864e-01
1.343868957835439005e+03 6.210432891397508683e+02 8.573360878122475714e-01
1.343889790812118918e+03 6.218462814600795809e+02 8.574708129542132351e-01
1.343910623788566454e+03 6.198198125674522316e+02 8.545949993952298707e-01
1.343931456764547420e+03 6.196587241566380726e+02 8.540210754867166854e-01
1.343952289740296010e+03 6.185385347246154879e+02 8.539924599004211636e-01
1.343973122715579848e+03 6.150494575818964904e+02 8.509666388009420324e-01
1.343993955690630628e+03 6.180782901134299436e+02 8.500931338168583595e-01
1.344014788665447441e+03 6.160018570663743276e+02 8.485028657971587229e-01
1.344035621639799956e+03 6.111423345321788929e+02 8.486165878096973980e-01
1.344056454613918959e+03 6.186145707191791416e+02 8.480806826297397905e-01
1.344077287587571391e+03 6.124222292756434172e+02 8.483643979778303645e-01
1.344098120560991902e+03 6.248773793740230076e+02 8.488454958265754247e-01
1.344118953533946978e+03 6.179615115613405578e+02 8.489786898428856032e-01
1.344139786506668997e+03 6.227350237345491450e+02 8.494454762887962973e-01
1.344160619479158413e+03 6.225467567026694269e+02 8.526483664516055772e-01
1.344181452451181940e+03 6.198452733061309345e+02 8.508851043114668000e-01
1.344202285422973091e+03 6.203220786473141288e+02 8.492859674293170569e-01
1.344223118394297444e+03 6.170781747241818493e+02 8.490218663382094189e-01
1.344243951365389876e+03 6.210326046655462733e+02 8.479089316375362229e-01
1.344264784336016419e+03 5.990301619174297230e+02 8.473226004860449079e-01
1.344285617306410131e+03 6.205736260345562414e+02 8.453848858934541743e-01
1.344306450276571468e+03 6.092847203686952753e+02 8.443289289463776770e-01
1.344327283246267143e+03 6.167663220243919113e+02 8.433357917488462085e-01
1.344348116215496475e+03 6.151951608190197476e+02 8.441206859544476693e-01
1.344368949184492521e+03 6.166373456761602938e+02 8.446624202300376805e-01
1.344389782153255965e+03 6.144330065619324159e+02 8.433306676334976215e-01
1.344410615121554429e+03 6.097901117810015421e+02 8.418579079437089607e-01
1.344431448089620062e+03 6.166175837370170711e+02 8.444366486786275550e-01
1.344452281057220034e+03 6.185694877099863334e+02 8.447663931744786581e-01
1.344473114024587176e+03 6.145760791935349516e+02 8.453895392718074886e-01
1.344493946991488428e+03 6.188486007900588675e+02 8.457323382047563509e-01
1.344514779958156396e+03 6.171382877376714760e+02 8.484135422388821013e-01
1.344535612924359157e+03 6.173374585651213238e+02 8.487796283320341306e-01
1.344556445890329542e+03 6.205522994525700824e+02 8.518543968032132874e-01
1.344577278856066641e+03 6.212726216187543287e+02 8.508363830245232462e-01
1.344598111821106158e+03 6.231690576265077652e+02 8.523924396709481321e-01
1.344618944786144539e+03 6.191203637732095331e+02 8.526737766516238048e-01
1.344639777750717030e+03 6.185691557419831952e+02 8.520374198674792732e-01
1.344660610714823633e+03 6.237147711357908975e+02 8.522862150107575197e-01
1.344723109605516584e+03 6.187400628052382672e+02 8.507643292498517917e-01
1.344743942568226885e+03 6.203975939152325054e+02 8.506531015500903292e-01
1.344764775530704355e+03 6.190832191300655722e+02 8.502974957281761448e-01
1.344785608492948995e+03 6.197514868474851255e+02 8.509993484664915009e-01
1.344806441454727064e+03 6.221649995099706985e+02 8.512741790676110476e-01
1.344827274416274122e+03 6.174335666205370217e+02 8.505092722069438338e-01
1.344848107377355518e+03 6.223489476327755483e+02 8.499379892730033470e-01
1.344868940337969434e+03 6.210289663926085950e+02 8.500381264831092798e-01
1.344889773298351884e+03 6.199656142931727345e+02 8.486492475843097072e-01
1.344910606258501048e+03 6.199408431863179203e+02 8.506691472623745254e-01
1.344931439218184096e+03 6.185524927914432283e+02 8.472070866328912375e-01
1.344952272177634995e+03 6.171670946321497695e+02 8.470521523409290099e-01
1.344973105136620461e+03 6.160885318557454866e+02 8.482913261935157712e-01
1.344993938095140038e+03 6.146827433429912162e+02 8.443537424095509669e-01
1.345014771053426102e+03 6.180680827188405146e+02 8.454133345561934965e-01
1.345035604011480018e+03 6.176717800761587114e+02 8.441721954867588140e-01
1.345056436969068500e+03 6.158851279653932806e+02 8.456429686966799864e-01
1.345077269926191093e+03 6.161583129907290868e+02 8.444131788069251243e-01
1.345098102883079946e+03 6.176844291247301726e+02 8.448134184709090722e-01
1.345118935839736878e+03 6.166257856783636271e+02 8.481772443384508753e-01
1.345139768795927921e+03 6.194541647856948430e+02 8.457128863399022700e-01
1.345160601751652393e+03 6.178552183777775326e+02 8.472339615416745184e-01
1.345181434707146309e+03 6.157053550350789237e+02 8.458178576727700682e-01
1.345202267662406484e+03 6.169885305453722140e+02 8.469788969714523441e-01
1.345223100616967486e+03 6.185998955551647214e+02 8.461529106104953568e-01
1.345243933571528942e+03 6.156549499985727607e+02 8.453496674494868079e-01
1.345264766525624509e+03 6.145055470350720270e+02 8.441946482814326469e-01
1.345285599479253960e+03 6.167880463256161647e+02 8.441092821169215998e-01
1.345306432432651491e+03 6.132903908633786614e+02 8.420707451849831493e-01
1.345327265385582905e+03 6.142195475463718140e+02 8.412054334061428440e-01
1.345348098338281488e+03 6.109562226301117107e+02 8.409387945861944713e-01
1.345368931290513956e+03 6.174688395776521475e+02 8.399262853475952806e-01
1.345389764242514957e+03 6.141143602855479458e+02 8.398504922285691121e-01
1.345410597194050069e+03 6.136519753523299414e+02 8.451993997045462725e-01
1.345431430145350987e+03 6.167456732039711369e+02 8.406012733826486727e-01
1.345452263096186471e+03 6.184488056700633933e+02 8.425330463459745900e-01
1.345473096046556975e+03 6.184851932513447537e+02 8.431270206842887971e-01
1.345493928996695104e+03 6.200522513784802641e+02 8.434280205017599119e-01
1.345514761946599947e+03 6.209776104887455404e+02 8.448033997974837561e-01
1.345535594896039129e+03 6.191866283174961154e+02 8.460092673211204728e-01
1.345556427845012422e+03 6.215453895476506432e+02 8.480122605283179071e-01
1.345577260793751975e+03 6.191550736790970859e+02 8.481477991018112617e-01
1.345598093742027004e+03 6.210760536309901454e+02 8.496659534075220455e-01
1.345618926690070111e+03 6.209952509876974318e+02 8.484133314761495015e-01
1.345639759637646421e+03 6.170389193932363696e+02 8.498460812614715421e-01
1.345660592584988990e+03 6.205220443204227649e+02 8.490052980565446772e-01
1.345681425531866807e+03 6.220069184747756026e+02 8.489435853827785872e-01
1.345702258478513158e+03 6.183823014921562162e+02 8.477064900078602472e-01
1.345723091424692484e+03 6.213375137517263056e+02 8.491233049114934595e-01
1.345743924370405466e+03 6.217405005836644705e+02 8.471452077836664207e-01
1.345764757315886072e+03 6.209956688767301785e+02 8.482422099858965003e-01
1.345785590261134985e+03 6.230950044753635666e+02 8.502839315452689339e-01
1.345806423205917554e+03 6.245373497175216926e+02 8.488732667831412337e-01
1.345827256150234007e+03 6.231551440254704630e+02 8.484399925462279279e-01
1.345848089094318539e+03 6.255209466618163106e+02 8.491465393079444812e-01
1.345868922037936045e+03 6.290068340713050929e+02 8.492688077405503577e-01
1.345889754981322312e+03 6.202210589505662028e+02 8.472454640235267398e-01
1.345910587924242463e+03 6.236862594333186962e+02 8.478113551119798030e-01
1.345931420866696044e+03 6.282013037137609217e+02 8.466873608585749889e-01
1.345952253808916566e+03 6.246706429374739855e+02 8.468912777620792864e-01
1.345973086750905622e+03 6.188495980184749214e+02 8.460088798246306885e-01
1.345993919692429472e+03 6.187522647780076568e+02 8.445709967280735642e-01
1.346014752633486069e+03 6.213438580008712506e+02 8.457911491836590523e-01
1.346035585574310062e+03 6.193536411233560557e+02 8.437324804677081014e-01
1.346056418514669076e+03 6.160081687822353160e+02 8.437062358102630499e-01
1.346077251454561974e+03 6.204731011537252243e+02 8.442596732893784539e-01
1.346098084394455100e+03 6.194534005864344408e+02 8.451454138488678769e-01
1.346118917333648824e+03 6.221730255724811514e+02 8.456723601844137184e-01
1.346139750272611082e+03 6.193766471397177611e+02 8.473106769773733893e-01
1.346160583211106996e+03 6.252690270893243678e+02 8.470657330917616967e-01
1.346181416149370989e+03 6.289088140591213687e+02 8.477674841960688434e-01
1.346202249087168639e+03 6.236151566862783966e+02 8.464080832498326323e-01
1.346223082024732548e+03 6.266461247543115860e+02 8.478225333959047427e-01
1.346243914961832161e+03 6.257098210357037260e+02 8.464984985919578042e-01
1.346264747898698488e+03 6.265000400850867663e+02 8.481059134239509190e-01
1.346285580835098926e+03 6.244694149482475041e+02 8.449863276983790028e-01
1.346306413771033476e+03 6.195893972838678110e+02 8.424801984888034001e-01
1.346327246706735878e+03 6.224298315085576405e+02 8.427509822041941989e-01
1.346348079641973072e+03 6.156087214350091017e+02 8.402013682644169368e-01
1.346368912576976072e+03 6.199963299466927538e+02 8.396931357952354125e-01
1.346389745511512956e+03 6.204102278858172212e+02 8.403151143048619431e-01
1.346410578445818373e+03 6.155448297555026329e+02 8.397658555923671608e-01
1.346431411379425981e+03 6.138534721062005701e+02 8.403651548481595457e-01
1.346452244313031997e+03 6.162144481732306076e+02 8.404539153986041455e-01
1.346473077246173034e+03 6.151089855949468301e+02 8.408297406420088826e-01
1.346493910178849092e+03 6.171278518133505031e+02 8.487025540648408528e-01
1.346514743111291409e+03 6.192702411965788087e+02 8.444759989546869461e-01
1.346535576043268065e+03 6.259028805886759983e+02 8.437216365426724041e-01
1.346556408974779515e+03 6.190615816811836112e+02 8.440093242414954400e-01
1.346577241906057452e+03 6.264190567938651384e+02 8.456143867858570973e-01
1.346598074836869955e+03 6.266336196082390870e+02 8.513463297155378084e-01
1.346618907767449855e+03 6.262690787436919209e+02 8.478162412353489330e-01
1.346639740697564093e+03 6.296925234869469250e+02 8.472218609029141811e-01
1.346660573627445046e+03 6.308018747297990103e+02 8.479286494490129167e-01
1.346681406556861930e+03 6.329780654302105631e+02 8.489636653116425791e-01
1.346702239485811560e+03 6.222060452978598732e+02 8.485726882829807138e-01
1.346723072414528815e+03 6.264832997525741121e+02 8.466865512873278377e-01
1.346743905342779954e+03 6.231060523978800347e+02 8.478131127135568601e-01
1.346764738270799171e+03 6.202390611613969895e+02 8.454172122427764391e-01
1.346785571198352045e+03 6.199577866190633131e+02 8.508023710405232531e-01
1.346806404125672088e+03 6.199066681273063750e+02 8.459101328881343251e-01
1.346827237052526925e+03 6.234175672172085569e+02 8.474737929059062980e-01
1.346848069978916101e+03 6.170821056358145142e+02 8.495428651230003680e-01
1.346868902905071536e+03 6.260285850134235943e+02 8.494408802141761861e-01
1.347806384194201428e+03 6.269116485422115375e+02 8.451185077879969088e-01
1.347827217103127623e+03 6.249436026746254811e+02 8.448154292466820703e-01
1.347848050011822124e+03 6.287153195521481166e+02 8.466320618431105727e-01
1.347868882920050510e+03 6.277877750348993686e+02 8.469872009724497275e-01
1.347889715827812552e+03 6.320266425654356226e+02 8.487995365839060558e-01
1.347910548735342672e+03 6.264297275047078983e+02 8.481203909223745674e-01
1.347931381642406905e+03 6.341258367152822757e+02 8.471992772717945597e-01
1.347952214549004566e+03 6.260341152786055545e+02 8.469757301699667451e-01
1.347973047455370306e+03 6.249625675761309367e+02 8.460453037189109571e-01
1.347993880361271067e+03 6.238265343633407838e+02 8.456310567476811313e-01
1.348014713266704348e+03 6.362782429798972998e+02 8.451575089549474562e-01
1.348035546171905935e+03 6.255314074268540026e+02 8.458642255531786391e-01
1.348056379076875146e+03 6.004083555417647631e+02 8.465563762410920345e-01
1.348077211981144956e+03 5.801785948494650711e+02 8.445240990885607424e-01
1.349535514348500556e+03 6.271785482290665641e+02 8.372912274812177591e-01
1.349556347225762693e+03 6.332044550942067644e+02 8.384059219584363287e-01
1.349577180102791999e+03 6.356542024774666970e+02 8.377314774330528735e-01
1.349598012979355190e+03 6.228267374717800067e+02 8.399605248462681528e-01
1.349618845855685549e+03 6.315757895218849853e+02 8.403299388161231676e-01
1.349639678731550703e+03 6.330438431818942036e+02 8.382434235612631346e-01
1.349660511606949967e+03 6.199457446060379198e+02 8.392778131002918141e-01
1.349723010230819455e+03 6.265249811810987239e+02 8.392679769154818281e-01
1.349743843104587995e+03 6.270587977829455895e+02 8.389218615654675526e-01
1.349764675978124615e+03 6.255646853470993847e+02 8.382804337326015265e-01
1.349785508851196028e+03 6.290030773592202422e+02 8.369806857392998456e-01
1.349806341724034610e+03 6.284185083766772095e+02 8.396589918731066637e-01
1.349827174596173109e+03 6.296415243113841598e+02 8.378628457183914247e-01
1.349848007468080596e+03 6.312138926141216189e+02 8.372363401422329154e-01
1.349868840339754570e+03 6.304160967097949424e+02 8.375405244844311703e-01
1.349889673210730052e+03 6.337052715843348096e+02 8.373324440123255386e-01
1.349910506081473159e+03 6.297555049146386636e+02 8.367715400405673076e-01
1.349931338951982980e+03 6.327468868140044833e+02 8.373283153320807415e-01
1.349952171821793399e+03 6.322196915472770797e+02 8.364457341278913605e-01
1.349973004691371898e+03 6.287068818895238564e+02 8.348931536013757260e-01
1.349993837560485190e+03 6.279786497225286439e+02 8.344111545459034218e-01
1.350014670429364969e+03 6.264780194090780014e+02 8.330900234426823481e-01
1.350035503297779087e+03 6.254026338369088762e+02 8.325501735563133332e-01
1.350056336165727998e+03 6.229649412492781266e+02 8.322857033361150680e-01
1.350077169033211021e+03 6.262649574289827115e+02 8.318594813457765857e-01
1.350098001900460986e+03 6.220376756132196761e+02 8.306014980323779273e-01
1.350118834767245062e+03 6.237883875062316292e+02 8.308860168346462460e-01
1.350139667633564386e+03 6.233050851763596256e+02 8.289213130635727511e-01
1.350160500499650880e+03 6.242168355519132774e+02 8.296233243961261827e-01
1.350181333365271030e+03 6.228338142818939787e+02 8.276578917369147304e-01
1.350202166230425973e+03 6.245982569148725361e+02 8.270101060007662985e-01
1.350222999095115483e+03 6.224585999799970750e+02 8.254339651778894726e-01
1.350243831959571025e+03 6.269841119337799000e+02 8.235484285573191343e-01
1.350264664823561361e+03 6.220495530641136384e+02 8.233215728169507308e-01
1.350285497687085808e+03 6.249463788532366380e+02 8.217128608232896481e-01
1.350306330550377879e+03 6.246895613000019694e+02 8.208362905252183372e-01
1.350327163413204516e+03 6.218294267134164102e+02 8.233668910522431439e-01
1.350347996275565492e+03 6.239471040996472766e+02 8.198351243039544434e-01
1.350368829137461034e+03 6.197245623562126866e+02 8.195572055310217374e-01
1.350389661999122836e+03 6.200628131903647500e+02 8.184088644208592500e-01
1.350410494860318977e+03 6.167733824163528880e+02 8.207987116436392672e-01
1.350431327721050366e+03 6.202852424137216758e+02 8.179025034780231795e-01
1.350452160581316093e+03 6.150247420147303501e+02 8.172429374139930092e-01
1.350472993441348081e+03 6.182188180074574575e+02 8.174795369261540490e-01
1.350493826300914861e+03 6.179991131073115866e+02 8.173083199632400486e-01
1.350514659160016890e+03 6.181808693923425153e+02 8.162121701784631478e-01
1.350535492018651439e+03 6.166101298834098543e+02 8.158435251094867668e-01
1.350556324877054067e+03 6.149472606280891114e+02 8.158635064787282953e-01
1.350577157734991033e+03 6.207121126809042835e+02 8.161641907387273687e-01
1.350597990592463020e+03 6.142932597054198141e+02 8.160781931321015037e-01
1.350618823449468437e+03 6.229040422654534268e+02 8.170245443927230955e-01
1.350639656306241704e+03 6.194633073401611227e+02 8.148524268356749367e-01
1.350660489162316480e+03 6.203973109391803291e+02 8.144372805876938237e-01
1.350681322018157061e+03 6.223019443905964181e+02 8.142964969485174676e-01
1.350702154873766176e+03 6.216146944570833739e+02 8.154243880231049069e-01
1.350722987728677026e+03 6.215883373708655881e+02 8.139568619087874657e-01
1.350743820583353454e+03 6.227939095667709353e+02 8.155181288583989163e-01
1.350764653437332072e+03 6.225663549809564756e+02 8.149551929841344355e-01
1.350785486291078996e+03 6.221340483274675535e+02 8.171067951094919124e-01
1.350806319144358895e+03 6.234504981382635833e+02 8.154016912531207861e-01
1.350827151997406418e+03 6.248981225198087941e+02 8.150621145367579201e-01
1.350847984849755903e+03 6.186180251472891314e+02 8.149260101783947219e-01
1.350868817701872558e+03 6.211986011469318782e+02 8.155866095032539009e-01
1.350889650553523097e+03 6.206838287989523906e+02 8.152856391175351547e-01
1.350910483404707520e+03 6.205471234053516127e+02 8.146380024847328372e-01
1.350931316255426509e+03 6.217447373732014739e+02 8.152218490976274046e-01
1.350952149105680519e+03 6.240992499622839205e+02 8.193704554637638582e-01
1.350972981955701016e+03 6.238491948537606504e+02 8.161124106750921037e-01
1.350993814805024158e+03 6.248257668331326613e+02 8.153698562326487931e-01
1.351014647654113105e+03 6.272990779771643020e+02 8.159376926195435198e-01
1.351035480502736391e+03 6.249358254670552242e+02 8.164442865737493449e-01
1.351056313350894470e+03 6.230091957271774845e+02 8.159044904982468704e-01
1.351077146198586888e+03 6.284003987717203472e+02 8.150693177074891382e-01
1.351097979045814100e+03 6.309139548069116472e+02 8.177172706909303646e-01
1.351118811892574968e+03 6.231011148684236787e+02 8.155345369646881393e-01
1.351139644738871084e+03 6.297065581154296297e+02 8.166216698401572716e-01
1.351160477584701084e+03 6.303374643657738261e+02 8.149043966749810464e-01
1.351181310430298026e+03 6.320344123738746021e+02 8.189894042278680342e-01
1.351202143275195567e+03 6.212464247922791856e+02 8.143371938623564787e-01
1.351222976119861414e+03 6.286090669290243795e+02 8.164676843918683424e-01
1.351243808963829451e+03 6.271994409235427383e+02 8.166459384220939866e-01
1.351264641807562839e+03 6.238732301895372530e+02 8.149883240758571956e-01
1.351285474650831929e+03 6.324740395797042538e+02 8.196221125791699480e-01
1.351306307493402528e+03 6.208389530315934053e+02 8.160352822324195010e-01
1.351327140335739387e+03 6.204382337349359204e+02 8.162241098290824448e-01
1.351347973177378663e+03 6.254024501713482778e+02 8.158392146219684005e-01
1.351368806018785108e+03 6.246765902442956531e+02 8.151872285846684107e-01
1.351389638859492152e+03 6.197002649503718885e+02 8.161565225303286653e-01
1.351410471699966365e+03 6.225382363097041889e+02 8.162055613059323589e-01
1.351431304539742996e+03 6.249060558940660712e+02 8.154505926867422483e-01
1.351452137379287024e+03 6.279738256848050924e+02 8.159710029610978133e-01
1.351472970218132104e+03 6.307605527626582216e+02 8.160328718511218327e-01
1.351493803056511297e+03 6.256255025660800584e+02 8.160754542059193151e-01
1.351514635894425510e+03 6.280990534066521604e+02 8.171392189482221680e-01
1.351535468731873152e+03 6.308606882866070009e+02 8.163711321272871801e-01
1.351556301568854451e+03 6.296001635450668346e+02 8.161748530801938850e-01
1.351577134405138622e+03 6.272521476934015254e+02 8.161772995567053712e-01
1.351597967240956905e+03 6.343363130537582038e+02 8.166603897463335926e-01
1.351618800076541902e+03 6.274000380409337367e+02 8.159020432037193959e-01
1.351639632911429089e+03 6.240619464602269773e+02 8.167055667318947609e-01
1.351660465745618012e+03 6.266131224933152453e+02 8.171802848657863105e-01
1.351681298579573649e+03 6.297075790262050532e+02 8.169453132564532538e-01
1.351702131412830113e+03 6.260446962635602404e+02 8.173833958704608271e-01
1.351722964245621370e+03 6.289767128213811702e+02 8.171325811017214891e-01
1.351743797077714589e+03 6.223246965222476774e+02 8.186200803223571132e-01
1.351764629909574069e+03 6.248706623417040191e+02 8.170970567649538108e-01
1.351785462740503135e+03 6.296968508567329081e+02 8.174984940097947961e-01
1.351806295571199371e+03 6.216361685038458518e+02 8.175023947397790369e-01
1.351827128401196433e+03 6.261715532703015015e+02 8.179467374067672658e-01
1.351847961230727833e+03 6.267339933448106422e+02 8.173720929936659774e-01
1.351868794059561878e+03 6.307967859127799102e+02 8.167270960800082635e-01
1.351889626887929353e+03 6.239176377890573804e+02 8.171263443946137350e-01
1.351910459715597881e+03 6.351817625957668270e+02 8.179857224941549099e-01
1.351931292542568826e+03 6.282966074478595147e+02 8.181046701794802978e-01
1.351952125369074110e+03 6.330386240287414239e+02 8.179106290001387780e-01
1.351972958195113051e+03 6.346046943387696047e+02 8.175126386242939081e-01
1.351993791020453955e+03 6.326491779018303987e+02 8.193177504220302554e-01
1.352014623845096594e+03 6.416975290371705114e+02 8.181397500686511393e-01
1.352035456669039831e+03 6.351592944614247926e+02 8.191274893839425308e-01
1.352056289492517863e+03 6.319377865057805366e+02 8.185510160618234554e-01
1.352077122315297856e+03 6.322261613314558417e+02 8.199090237857544761e-01
1.352097955137379813e+03 6.288380213172364392e+02 8.202220685249843601e-01
1.352118787958761914e+03 6.363848229287427785e+02 8.195542600472469630e-01
1.352139620779679035e+03 6.263671686240020335e+02 8.191722028809753642e-01
1.352160453599665061e+03 6.345047677135045205e+02 8.198879778335476098e-01
1.352222952055897167e+03 6.344066993163861525e+02 8.197690344226712389e-01
1.352243784873088998e+03 6.340897837104055270e+02 8.200625810933485083e-01
1.352264617689581428e+03 6.335876967934748336e+02 8.224878803624088297e-01
1.352285450505376502e+03 6.340139240130201870e+02 8.205066269555228997e-01
1.352306283320241164e+03 6.381509570027010341e+02 8.205702240582041229e-01
1.352327116134405514e+03 6.386668270939190961e+02 8.210070258454426062e-01
1.352347948947870918e+03 6.412799425761356815e+02 8.218788451478307167e-01
1.352368781760406364e+03 6.387113890579562394e+02 8.235688381664784119e-01
1.352389614572242863e+03 6.418974404342584421e+02 8.218344964899999550e-01
1.352410447383148949e+03 6.408127236834098994e+02 8.226661703266932024e-01
1.352431280193356088e+03 6.421204408984146994e+02 8.221768582741706410e-01
1.352452113002631904e+03 6.411844255200815041e+02 8.232080490980162590e-01
1.352472945810975489e+03 6.378434655111029770e+02 8.220143421249155313e-01
1.352493778618387978e+03 6.402033832011591130e+02 8.254605380560889882e-01
1.352514611424869599e+03 6.388097636643626629e+02 8.240480291363956322e-01
1.352535444230420126e+03 6.370110395111881871e+02 8.231423024391650856e-01
1.352556277035038875e+03 6.387583556860610088e+02 8.240375409995548406e-01
1.352577109838726983e+03 6.357092551708365136e+02 8.243285914987967811e-01
1.352597942641250029e+03 6.407574591759852183e+02 8.251761710751478462e-01
1.352618775442841979e+03 6.369204780869524711e+02 8.291752830773332361e-01
1.352639608243502607e+03 6.408473159234874856e+02 8.272071646387471056e-01
1.352660441042768070e+03 6.405374545658241914e+02 8.263573765200474819e-01
1.352681273841332541e+03 6.446616294596624357e+02 8.299982369070975086e-01
1.352702106638500027e+03 6.490257253938625581e+02 8.261419701180281461e-01
1.352722939434738009e+03 6.478427989105207416e+02 8.271526169924661165e-01
1.352743772229578553e+03 6.481020779709419912e+02 8.265822092745948035e-01
1.352764605023486638e+03 6.488781442002482436e+02 8.291963808368069122e-01
1.352785437815998193e+03 6.487402918609570861e+02 8.276433803774123632e-01
1.352806270607346050e+03 6.496028694379153876e+02 8.280150142543107883e-01
1.352827103397296924e+03 6.552447425921229751e+02 8.304163344772244049e-01
1.352847936186082961e+03 6.470281786513801308e+02 8.304525450940395404e-01
1.352868768973472470e+03 6.528464921451101191e+02 8.302481802484222850e-01
1.352889601759464995e+03 6.496139620229071170e+02 8.303572959430981504e-01
1.352910434544060081e+03 6.440119514766513475e+02 8.313325625841513355e-01
1.352931267327259320e+03 6.471657377528454163e+02 8.308587207441887612e-01
1.352952100109060893e+03 6.476279183165219138e+02 8.331329144433166078e-01
1.352972932889465028e+03 6.468686707374768048e+02 8.317667939325484872e-01
1.352993765668240030e+03 6.499073660871431457e+02 8.329874194959447919e-01
1.353014598445618049e+03 6.498356117195019124e+02 8.333197989954193030e-01
1.353035431221132967e+03 6.486183887353855653e+02 8.335456140665145064e-01
1.353056263995250447e+03 6.531015036244781413e+02 8.352375130152429605e-01
1.353077096767971852e+03 6.545685282603702717e+02 8.340627378861454888e-01
1.353097929538831067e+03 6.543258626114300114e+02 8.360112950917201191e-01
1.353118762308059559e+03 6.545122535849386622e+02 8.343657218045772428e-01
1.353139595075424950e+03 6.589019064696952910e+02 8.363733314152020926e-01
1.353160427841394949e+03 6.530795309001421174e+02 8.356007405699155122e-01
