1.383953749995690032e+03 8.394198211061019492e+02 9.357416511650356039e-01
1.383974583456577875e+03 8.444032143970969173e+02 9.374300930662183839e-01
1.383995416915603073e+03 8.589464226016769999e+02 9.439231183256565627e-01
1.384016250373697858e+03 8.733373202832756306e+02 9.491960499250878813e-01
1.384037083830860411e+03 8.992525760899197849e+02 9.605572886482294237e-01
1.384057917286161000e+03 8.922125471105908900e+02 9.562770752408503716e-01
1.384078750740529813e+03 8.802357095421201620e+02 9.519796525079002869e-01
1.384099584193967985e+03 8.685393732324215534e+02 9.465807139526130065e-01
1.384120417646009173e+03 8.594490675295958226e+02 9.431637073357396206e-01
1.384141251096653377e+03 8.447407981021774503e+02 9.375382733479789010e-01
1.384162084546365350e+03 8.422747357092069933e+02 9.366114220046755090e-01
1.384182917995145544e+03 8.343206563582471063e+02 9.338205612669044919e-01
1.384203751442529210e+03 8.289941589982996675e+02 9.319862668228959812e-01
1.384224584888516802e+03 8.261742946780467491e+02 9.301566535004288649e-01
1.384245418333573070e+03 8.195539172447400915e+02 9.281948191779489932e-01
1.384266251777697562e+03 8.198731685338419766e+02 9.274429024038289837e-01
1.384349585542088789e+03 8.039375667107225354e+02 9.224289022097070800e-01
1.384370418980625800e+03 8.012526577087882060e+02 9.234131088521077002e-01
1.384391252418230579e+03 8.019128707908785145e+02 9.227258021329717286e-01
1.384412085854438374e+03 8.032326919529879206e+02 9.227705016689172757e-01
1.384432919289250094e+03 8.053957595116648918e+02 9.238007039361664230e-01
1.384453752723595471e+03 8.053846273639296669e+02 9.240342408272165242e-01
1.384474586156543864e+03 8.025827800233220159e+02 9.229675543011924832e-01
1.384495419588561163e+03 7.982401857195301318e+02 9.211429987223231919e-01
1.384516253019181477e+03 7.985164358064901080e+02 9.210116983223693987e-01
1.384537086448870014e+03 8.000085285008656228e+02 9.214634380735347019e-01
1.384557919877628137e+03 8.017129275465798628e+02 9.231851610584470569e-01
1.384578753305454939e+03 8.011770535776304314e+02 9.215277324856329111e-01
1.384599586732349962e+03 8.007045783035471231e+02 9.221439292591646630e-01
1.384620420157848002e+03 8.014384842078130760e+02 9.224388531834488703e-01
1.384641253582880381e+03 8.003771283869151603e+02 9.216091613236365720e-01
1.384662087006514867e+03 7.968059845332919622e+02 9.210801658243434886e-01
1.384682920428754187e+03 7.996763464671819293e+02 9.217725470557835976e-01
1.384703753850527391e+03 8.003231890246738658e+02 9.230176342284969193e-01
1.384724587271368819e+03 8.006072100561680145e+02 9.213769504856139658e-01
1.384745420690814171e+03 8.007938260268266504e+02 9.227283536820971577e-01
1.384766254109326383e+03 8.054747992764665696e+02 9.211519929883457136e-01
1.384787087526908181e+03 7.964270669389210298e+02 9.205908802803152158e-01
1.384807920943558656e+03 7.997118145787618460e+02 9.220073087758391406e-01
1.384828754359276900e+03 7.999024341144120172e+02 9.218986637505098836e-01
1.384849587774065185e+03 8.036230201519828142e+02 9.220605437204276722e-01
1.384870421187921465e+03 8.037064760984122813e+02 9.224849881137012764e-01
1.384891254600845969e+03 8.060688459831832233e+02 9.234352163425356697e-01
1.384912088012375079e+03 8.058052745613192656e+02 9.230952834174032118e-01
1.384932921423438074e+03 8.086764193283477198e+02 9.244015871548532104e-01
1.384953754833104085e+03 8.102091305473919647e+02 9.250648076320082680e-01
1.384974588242303980e+03 8.124031129045680473e+02 9.254751866464749899e-01
1.384995421650106437e+03 8.141333656473577776e+02 9.270479574133358991e-01
1.385016255056978025e+03 8.143962330421047682e+02 9.265850778437436652e-01
1.385037088463383952e+03 8.151691660607790482e+02 9.265499866792112904e-01
1.385057921868393350e+03 8.243986695892189118e+02 9.269329263356825832e-01
1.385078755272470971e+03 8.252213989592657981e+02 9.271208009042291032e-01
1.385099588676083840e+03 8.260158047375156229e+02 9.261273087390240466e-01
1.385120422078298361e+03 8.275978404426039106e+02 9.264257577793938436e-01
1.385141255479582014e+03 8.288746553031432995e+02 9.261351926852566807e-01
1.385162088880400006e+03 8.295490234159506144e+02 9.285748659845802777e-01
1.385203755678776815e+03 8.269899616500557613e+02 9.259769216817188564e-01
1.385224589076336088e+03 8.256232359870448363e+02 9.251290450423262923e-01
1.385245422473427880e+03 8.230303256640575000e+02 9.252401130496408221e-01
1.385266255869124052e+03 8.242503075491277968e+02 9.251567166544210075e-01
1.385287089264354108e+03 8.275549498038063803e+02 9.256870849620807418e-01
1.385307922658652842e+03 8.232829151816425792e+02 9.248367513477847579e-01
1.385328756052021163e+03 8.232329039670376005e+02 9.262179218045152318e-01
1.385349589444456342e+03 8.272102487558928487e+02 9.254300702867814810e-01
1.385370422835961108e+03 8.279883197212533332e+02 9.260594718488661670e-01
1.385391256226535006e+03 8.281939492968546119e+02 9.261133749066577936e-01
1.385412089616177127e+03 8.322871519452863822e+02 9.283774626588652268e-01
1.385432923005354041e+03 8.318878338152990182e+02 9.267543394709027993e-01
1.385453756393133972e+03 8.299762423695041207e+02 9.268675921009690288e-01
1.385474589780447332e+03 8.322563275722924345e+02 9.292537093910810952e-01
1.385495423166364162e+03 8.331676203658590794e+02 9.291795577165712361e-01
1.385516256551814877e+03 8.341474660134115311e+02 9.291418060831524439e-01
1.385537089936336088e+03 8.373460487348213519e+02 9.303195631984741976e-01
1.385557923319925067e+03 8.323741307664297437e+02 9.282646831889149741e-01
1.385578756703047929e+03 8.306100540734279321e+02 9.268882989218731883e-01
1.385599590084773354e+03 8.271851287513612760e+02 9.247009799254488627e-01
1.385620423466033117e+03 8.254207946901007062e+02 9.258100931688318935e-01
1.385641256845896805e+03 8.242070132077491280e+02 9.253695574544607005e-01
1.385662090225294833e+03 8.237176973132520743e+02 9.253804751765855041e-01
1.385682923603761083e+03 8.246492349990467119e+02 9.239411234552036278e-01
1.385703756981762126e+03 8.222904616775033446e+02 9.238811259964030409e-01
1.385724590358365504e+03 8.227955507391034189e+02 9.240354986699789164e-01
1.385745423734502992e+03 8.223804385014816489e+02 9.237774115226181637e-01
1.385766257109709841e+03 8.216095599469998660e+02 9.228951903026599846e-01
1.385787090483986503e+03 8.246735356880369636e+02 9.251173189872883285e-01
1.385807923857331389e+03 8.211437446264443452e+02 9.249559739950832249e-01
1.385828757229743587e+03 8.224444440640634184e+02 9.242519833804273555e-01
1.385849590601690579e+03 8.195574709677415512e+02 9.239106736189358626e-01
1.385974590815212196e+03 8.088960734806015580e+02 9.228420357994550072e-01
1.385995424181106046e+03 8.091029216511723234e+02 9.229395264377073804e-01
1.386016257546534007e+03 8.114880462304213324e+02 9.244786365489603419e-01
1.386037090911031100e+03 8.122476924587942904e+02 9.238858678728468776e-01
1.386057924274596189e+03 8.114779685673117910e+02 9.241026778866857638e-01
1.386078757637229955e+03 8.097541089869295092e+02 9.232826800229587683e-01
1.386099590998931944e+03 8.101466900177756543e+02 9.242557882592552509e-01
1.386120424360169181e+03 8.109958187047645879e+02 9.241486330110263436e-01
1.386141257720475096e+03 8.114637843022118204e+02 9.241325409152119086e-01
1.386162091080315349e+03 8.182537955527011491e+02 9.266724622554353141e-01
1.386182924438759528e+03 8.232686863882864827e+02 9.286421019257556919e-01
1.386203757796736454e+03 8.244881699558816308e+02 9.291888911464625256e-01
1.386224591153782058e+03 8.257588911664471425e+02 9.305997588127212783e-01
1.386245424510362000e+03 8.249350782802661115e+02 9.290805406098771035e-01
1.386266257866011529e+03 8.278754335255882779e+02 9.302185208972020281e-01
1.386287091220729053e+03 8.311818622041113258e+02 9.327912332995532685e-01
1.386307924574516164e+03 8.342541422523788697e+02 9.349207365638404488e-01
1.386328757927836477e+03 8.401717985126251733e+02 9.365010979845053152e-01
1.386349591280225013e+03 8.416193950875073142e+02 9.376361430179475098e-01
1.386370424631683363e+03 8.478307124603238663e+02 9.398297607699882539e-01
1.386391257982676052e+03 8.457826273780310657e+02 9.400079876986449090e-01
1.386412091332272666e+03 8.381018405459000178e+02 9.345722896032835347e-01
1.386432924681867917e+03 8.380279945847402132e+02 9.379644832739629789e-01
1.386453758030066183e+03 8.366753356026393931e+02 9.341636737692737835e-01
1.386474591377798788e+03 8.393216194543560960e+02 9.356207131572360503e-01
1.386495424724600070e+03 8.428062180147527442e+02 9.367466442800399529e-01
1.386516258070936601e+03 8.414461373158001152e+02 9.360108310203218984e-01
1.386537091416340900e+03 8.457987135201391311e+02 9.378093526978704686e-01
1.386557924760813421e+03 8.495137408994499992e+02 9.390864300971430989e-01
1.386578758104355074e+03 8.495551119613666060e+02 9.391829326160896496e-01
1.386599591447431067e+03 8.519833933262859773e+02 9.428083812812054765e-01
1.386620424789577100e+03 8.566503656802840396e+02 9.420168467471050633e-01
1.386641258131257018e+03 8.564234811508991925e+02 9.431016463313791620e-01
1.386662091472005159e+03 8.633616951209721719e+02 9.446391395054783979e-01
1.386682924811821522e+03 8.760352162538130187e+02 9.503198210795831269e-01
1.386703758151171542e+03 8.807623963326900594e+02 9.520800130662403493e-01
1.386724591489125942e+03 8.827926085859862724e+02 9.534261884240259333e-01
1.386745424827080114e+03 8.810789067211580914e+02 9.517800268832996569e-01
1.386766258163636849e+03 8.855420164662314164e+02 9.543668130299893804e-01
1.386787091500194492e+03 8.799939077442393227e+02 9.514581457084557714e-01
1.386807924835354470e+03 8.774958211883092645e+02 9.516486631573344290e-01
1.386828758170047877e+03 8.756160278850893519e+02 9.498879856025699286e-01
1.386849591503811098e+03 8.800173604718040679e+02 9.531512334996826707e-01
1.386870424836642997e+03 8.815023452843132645e+02 9.535379297006690846e-01
1.386891258169009461e+03 8.850042416273913659e+02 9.530325672793369396e-01
1.386912091500909355e+03 8.822567762642472644e+02 9.524359166372287078e-01
1.386932924831412038e+03 8.793939870618761461e+02 9.521368877003817399e-01
1.386953758161450423e+03 8.789916185001651456e+02 9.533058370168415729e-01
1.386974591491023602e+03 8.799563611221896053e+02 9.516497279183471214e-01
1.386995424819664095e+03 8.830835586622326900e+02 9.534156231166091011e-01
1.387016258147374174e+03 8.851028799661635276e+02 9.546235920045406109e-01
1.387037091474151566e+03 8.886822594212302420e+02 9.551249611570852283e-01
1.387057924800462843e+03 8.930263398301751749e+02 9.568241751719335220e-01
1.387078758126309822e+03 9.027581372953446817e+02 9.608085049522767651e-01
1.387099591451226388e+03 9.042312934784588379e+02 9.605594294450122694e-01
1.387120424775211177e+03 9.083429544465500385e+02 9.621981283643428196e-01
1.387141258098264188e+03 9.201102716640417611e+02 9.674111004580362438e-01
1.387162091421316518e+03 9.225794628616416730e+02 9.700923663827674126e-01
1.387182924742971863e+03 9.252727925506782185e+02 9.703788906610563147e-01
1.387203758064162002e+03 9.353260415761848208e+02 9.742031129807270373e-01
1.387224591384421501e+03 9.362110613408667632e+02 9.738965074360030894e-01
1.387245424704215566e+03 9.464532490837300429e+02 9.792975919863157186e-01
1.387266258023077626e+03 9.402656614481492170e+02 9.752309342305075512e-01
1.387287091341007454e+03 9.557443338300349751e+02 9.815324583317293072e-01
1.387307924658472075e+03 9.613714914875491786e+02 9.827261542641990699e-01
1.387328757975471035e+03 9.707158534173703401e+02 9.866352773894956352e-01
1.387349591291539582e+03 9.641817586262613986e+02 9.843198669979510429e-01
1.387370424606676806e+03 9.561120005360639880e+02 9.817615208407580729e-01
1.387391257921347915e+03 9.639645835913478322e+02 9.852072512730344345e-01
1.387412091235087019e+03 9.554265424400196025e+02 9.819226371043831003e-01
1.387432924547894800e+03 9.379528364504427600e+02 9.739637969708658805e-01
1.387453757860237602e+03 9.313664343527910887e+02 9.720078110793114456e-01
1.387474591172114970e+03 9.390125603073611273e+02 9.764327916789534711e-01
1.387495424483061470e+03 9.309477473252326263e+02 9.717072296073061555e-01
1.387516257793075511e+03 9.264779238990338399e+02 9.696868550295072442e-01
1.387537091102622981e+03 9.347880609775838820e+02 9.730257305357852271e-01
1.387557924411240947e+03 9.369512304169035133e+02 9.752850531542077706e-01
1.387578757719393025e+03 9.369995588172049565e+02 9.745341484071983196e-01
1.387599591026614007e+03 9.357855474088975143e+02 9.746098642596466854e-01
1.387620424332902985e+03 9.316289492191317549e+02 9.716877845925193657e-01
1.387641257638726074e+03 9.268506520729728209e+02 9.702491850167644927e-01
1.387662090944083047e+03 9.265816849689915671e+02 9.726786476834953232e-01
1.387682924248510062e+03 9.167133213101921001e+02 9.667619486963867637e-01
1.387703757552005527e+03 9.145056307926396357e+02 9.658856345709813107e-01
1.387724590855035785e+03 9.160815435688920161e+02 9.654988524372347669e-01
1.387787090759466537e+03 9.047128255650702613e+02 9.610564615690424528e-01
1.387807924059703055e+03 9.054398363640417529e+02 9.613549791016353652e-01
1.387828757359006886e+03 9.073869466125646568e+02 9.627035396423283542e-01
1.387849590657845965e+03 9.075270756307996862e+02 9.622492327311691351e-01
1.387870423955752813e+03 9.013898482532772505e+02 9.597065492489014193e-01
1.387891257253194453e+03 9.026787043772404786e+02 9.617583018024684627e-01
1.387912090549704999e+03 8.960753235369894583e+02 9.577428546620058158e-01
1.387932923845748974e+03 9.051539758899668868e+02 9.616845801176430175e-01
1.387953757140861853e+03 9.077421136287015315e+02 9.625567308030956726e-01
1.387974590435043865e+03 8.990878489592416827e+02 9.601122095671262846e-01
1.387995423729225877e+03 8.867944754374472041e+02 9.551721070276179004e-01
1.388016257022010905e+03 8.821096857257364263e+02 9.530841005649154374e-01
1.388037090314329816e+03 8.832316930967698454e+02 9.536624081287772281e-01
1.388057923606183977e+03 8.773835222134980540e+02 9.512451895593427853e-01
1.388078756897107496e+03 8.682604298102280609e+02 9.484410180618925157e-01
1.388099590187098784e+03 8.592239513062323795e+02 9.435941668561786955e-01
1.388120423476623500e+03 8.555023551577647822e+02 9.436261607385435513e-01
1.388141256765682101e+03 8.501038612683116753e+02 9.408925661261843265e-01
1.388162090053811426e+03 8.500274360602234083e+02 9.424429602526472882e-01
1.388182923341475089e+03 8.534367958373584315e+02 9.426258149395808639e-01
1.388203756628206065e+03 8.520507962033399281e+02 9.421585053241641194e-01
1.388224589914006174e+03 8.467394919701492881e+02 9.395775662997278843e-01
1.388245423199340166e+03 8.444019977643189350e+02 9.383972960151031328e-01
1.388266256484208952e+03 8.419215546146448332e+02 9.378696030974098541e-01
1.388287089768145961e+03 8.435803826294635428e+02 9.376885860228076908e-01
1.388307923051617990e+03 8.442031868984199718e+02 9.381775315105643775e-01
1.388328756334158925e+03 8.412619233618216867e+02 9.368743398204714135e-01
1.388349589615768991e+03 8.422366404840325913e+02 9.370672816768557123e-01
1.388370422897377466e+03 8.443868763400804482e+02 9.380128411449070169e-01
1.388391256177589185e+03 8.440249905662365109e+02 9.388864755285973862e-01
1.388412089457335469e+03 8.470113932549122637e+02 9.401541966927340344e-01
1.388432922736617002e+03 8.467722578044082411e+02 9.393812378088060022e-01
1.388453756014966530e+03 8.458615846994332514e+02 9.393891056953497243e-01
1.388474589292849487e+03 8.424802932003907472e+02 9.385425492824817084e-01
1.388495422570267692e+03 8.463869330060214224e+02 9.391748408751912081e-01
1.388516255846289823e+03 8.443484630261996244e+02 9.399710831354001206e-01
1.388537089122311045e+03 8.423806672086277558e+02 9.377394370447971195e-01
1.388557922397400489e+03 8.387660600751833044e+02 9.361671191558459393e-01
1.388578755671559520e+03 8.418887624034009605e+02 9.382605011207758583e-01
1.388599588945252435e+03 8.427551906356821974e+02 9.383837031729042044e-01
1.388620422218479007e+03 8.421681377197626261e+02 9.380917588862842660e-01
1.388641255490775620e+03 8.439252427363238667e+02 9.376687533767521510e-01
1.388662088762141138e+03 8.503694199416783022e+02 9.406532029901313319e-01
1.388682922033040086e+03 8.498145136365327517e+02 9.410661898369183653e-01
1.388703755303472917e+03 8.491573110069233508e+02 9.403679214428151134e-01
1.388724588572974881e+03 8.506751335759489621e+02 9.407797980697266693e-01
1.388745421842011183e+03 8.484180522172433712e+02 9.404739258562430093e-01
1.388766255110580914e+03 8.501127040976348326e+02 9.412202136834728616e-01
1.388787088377755481e+03 8.511404183607311325e+02 9.415622439480650918e-01
1.388807921644930047e+03 8.536696011774671433e+02 9.428766883593243664e-01
1.388828754911171927e+03 8.513716894165731901e+02 9.411062498622648764e-01
1.388849588176482484e+03 8.490827896064816969e+02 9.401380298605755970e-01
1.388870421441793496e+03 8.498546854997917990e+02 9.405188592483116894e-01
1.388891254696394526e+03 8.501701931973092314e+02 9.416049098691408048e-01
1.388912087959843120e+03 8.472576203035782783e+02 9.398964135436900236e-01
1.388932921222826508e+03 8.457888342654604230e+02 9.392363363576365920e-01
1.388953754484878118e+03 8.464297478469901534e+02 9.402211751356008840e-01
1.388974587746462930e+03 8.454219752625151614e+02 9.403200650124773352e-01
1.388995421007117329e+03 8.481195162946866049e+02 9.395687484173108617e-01
1.389016254267306977e+03 8.460368317211382418e+02 9.393609650071654826e-01
1.389037087527030053e+03 8.455079488665930967e+02 9.389650341872857187e-01
1.389057920785820897e+03 8.452489597472938385e+02 9.385664596133699300e-01
1.389078754044146990e+03 8.398321867157812903e+02 9.383431140283762240e-01
1.389099587301542215e+03 8.437975249968386606e+02 9.398235138120095700e-01
1.389120420558470869e+03 8.440289156453425221e+02 9.385233380175319606e-01
1.389162087070467805e+03 8.414939990175976163e+02 9.375368428938111176e-01
1.389182920325533814e+03 8.387828863080610517e+02 9.369150880223893196e-01
1.389203753579668955e+03 8.396476975253794990e+02 9.375654515624989305e-01
1.389224586833338435e+03 8.421922067148346969e+02 9.382867690661734761e-01
1.389245420086077047e+03 8.419873127491520108e+02 9.390758303998891776e-01
1.389266253338349543e+03 8.423789276480265471e+02 9.386408857483936607e-01
1.389287086590156832e+03 8.406623131916171587e+02 9.413298263236827834e-01
1.389307919841032344e+03 8.405397838116688263e+02 9.391185140803393061e-01
1.389328753091442195e+03 8.403796378092655459e+02 9.370826427976767237e-01
1.389349586340921178e+03 8.424270051540570421e+02 9.394828807535904325e-01
1.389370419589933590e+03 8.443056893421314726e+02 9.390999175628895745e-01
1.389391252838481023e+03 8.440074932281983138e+02 9.393064261436862017e-01
1.389432919333247810e+03 8.452003862810715873e+02 9.397683675441987905e-01
1.389453752579467164e+03 8.454666632849439338e+02 9.399561179855170368e-01
1.389474585825219947e+03 8.440176183740910574e+02 9.391022976837954950e-01
1.389495419070507069e+03 8.462251836096539819e+02 9.400628345875169378e-01
1.389516252314864005e+03 8.434288345787024355e+02 9.392651788268402413e-01
1.389537085558754825e+03 8.452810398230717510e+02 9.405467434897363255e-01
1.389557918801714095e+03 8.466977269909920096e+02 9.427766757590989588e-01
1.389578752044208159e+03 8.460568818721174011e+02 9.403991694267008761e-01
1.389599585286236106e+03 8.448907359540963853e+02 9.412998440071964623e-01
1.389620418527332959e+03 8.472898776095029234e+02 9.415754743885546008e-01
1.389641251767965059e+03 8.484275307753880497e+02 9.411457698605967259e-01
1.389662085008129907e+03 8.438079974590950769e+02 9.400775444227422728e-01
1.389682918247363887e+03 8.425975521297392561e+02 9.389375473395209504e-01
1.389703751486132205e+03 8.422993043890181752e+02 9.413085506916877288e-01
1.389724584723969201e+03 8.422894446839800366e+02 9.395116522118691638e-01
1.389745417961340536e+03 8.418922012128683718e+02 9.394869728890555827e-01
1.389766251198247119e+03 8.491827736009398677e+02 9.420632250356658632e-01
1.389787084434221924e+03 8.506450481431633079e+02 9.426120617571323024e-01
1.389807917669730614e+03 8.558303316052931677e+02 9.452500440914827218e-01
1.389828750904307071e+03 8.609122175356351363e+02 9.481866507958583989e-01
1.389849584138884893e+03 8.685014693440282372e+02 9.504798706146619924e-01
1.389870417372066186e+03 8.788579582698207560e+02 9.548621684367173401e-01
1.389891250605247023e+03 8.921438821759816165e+02 9.596263655602758069e-01
1.389912083837496539e+03 9.010106863850892296e+02 9.633060201536972622e-01
1.389932917069279483e+03 9.136103969801514495e+02 9.687256348529947880e-01
1.389953750300131560e+03 9.213049429268486392e+02 9.707465670591489681e-01
1.389995416760439184e+03 9.155985601203209399e+02 9.699124775560717948e-01
1.390016249989428616e+03 9.142519305754739207e+02 9.676023268493075813e-01
1.390057916446010495e+03 9.202349207527702220e+02 9.706123969739178792e-01
1.390078749673138191e+03 9.225798945840303986e+02 9.710579421299865288e-01
1.390099582899798861e+03 9.296450447759468716e+02 9.735584900246854190e-01
1.390120416125995007e+03 9.333215594744611963e+02 9.756224112809297466e-01
1.390141249351259830e+03 9.300562992687141559e+02 9.745801718699853566e-01
1.390162082576057855e+03 9.230354470676479650e+02 9.715488671652757757e-01
1.390182915799925013e+03 9.179491294426189825e+02 9.692208161209816542e-01
1.390203749023792170e+03 9.170795831772753672e+02 9.694563843672858727e-01
1.390224582246728460e+03 9.084496371619676438e+02 9.665662085742270371e-01
1.390287081911346377e+03 8.930034682082492736e+02 9.600459359026910500e-01
1.390307915131953450e+03 8.884556540148741988e+02 9.586898755514704495e-01
1.390328748351630566e+03 8.840797465343833892e+02 9.570708908902002543e-01
1.390349581570841110e+03 8.776173617050519624e+02 9.546276816749643679e-01
1.390370414789586448e+03 8.764845937591363736e+02 9.537237819202777356e-01
1.390391248007400918e+03 8.721892308552154418e+02 9.521094681027734152e-01
1.390412081224748363e+03 8.736677408826769806e+02 9.538678573143015704e-01
1.390432914441631056e+03 8.743451258372130042e+02 9.543558209483807842e-01
1.390453747657581971e+03 8.748116441812389894e+02 9.531661790801062573e-01
1.390474580873533341e+03 8.756583621547143821e+02 9.537537173977421734e-01
1.390495414088086818e+03 8.758541230603376562e+02 9.536324072822788267e-01
1.390516247302642114e+03 8.756124961825274795e+02 9.552386252378199938e-01
1.390537080516264496e+03 8.771551340247912094e+02 9.549340761608795525e-01
1.390557913729421671e+03 8.760230284538680507e+02 9.554194677062024521e-01
1.390578746941646841e+03 8.773278661240326528e+02 9.546791912909784461e-01
1.390599580153873376e+03 8.804832943871027737e+02 9.587560253625402318e-01
1.390620413365169043e+03 8.876755536576387158e+02 9.598233657006267627e-01
1.390641246575531568e+03 8.845849246890052200e+02 9.579117753074202213e-01
1.390662079785894093e+03 8.812678445764080379e+02 9.577361333127494269e-01
1.390682912995326205e+03 8.839396490166169542e+02 9.586592237626180291e-01
1.390703746204292656e+03 8.825315634730260399e+02 9.576019142733269707e-01
1.390724579412327785e+03 8.829317972342325902e+02 9.578147016938685088e-01
1.390745412620362913e+03 8.866011257010309237e+02 9.599899023736938597e-01
1.390766245827466491e+03 8.978956558880106513e+02 9.650108100107752662e-01
1.390787079033638520e+03 9.057061768130193968e+02 9.671480716193261440e-01
1.390807912239811003e+03 9.115584653240730404e+02 9.711439639893921782e-01
1.390828745445051936e+03 9.074927630601265491e+02 9.690908939712753467e-01
1.390849578649827890e+03 9.101480918062434284e+02 9.694449792882930961e-01
1.390870411854137501e+03 9.040774540626899807e+02 9.674159370294963534e-01
1.390891245057515334e+03 9.064518343703747405e+02 9.690090571394563979e-01
1.390912078260427961e+03 9.074487153133425181e+02 9.686040153027143385e-01
1.390932911462874927e+03 9.049089424461802764e+02 9.677403633940653283e-01
1.390953744664856004e+03 9.097005780888713389e+02 9.694405832247152688e-01
1.390974577865906667e+03 9.253069612870962146e+02 9.759324749937239307e-01
1.390995411066491215e+03 9.428812441576937999e+02 9.821832871475679738e-01
1.391016244266610101e+03 9.491420622246636185e+02 9.849809870361421194e-01
1.391037077466261962e+03 9.553328728651522397e+02 9.876958749357269696e-01
1.391057910664984320e+03 9.402092809037500274e+02 9.821422019559978844e-01
1.391078743863241016e+03 9.407333792264981867e+02 9.825090858777056901e-01
1.391099577061031596e+03 9.199747103207877217e+02 9.748064350287538593e-01
1.391120410258355605e+03 9.198229515540243710e+02 9.742317767828627684e-01
1.391141243454748974e+03 9.334083629102536861e+02 9.796470451215794073e-01
1.391162076650677136e+03 9.318954772671214641e+02 9.801852663726546844e-01
1.391182909846139410e+03 9.262318890170714667e+02 9.783449918863533767e-01
1.391203743041136022e+03 9.241182354027534984e+02 9.768243362360847781e-01
1.391224576235666973e+03 9.175938363347224822e+02 9.744023043836239628e-01
1.391245409429265919e+03 9.046690349574583934e+02 9.693505056448282753e-01
1.391266242622399659e+03 8.984244540844146059e+02 9.666845082960413560e-01
1.391287075815067965e+03 8.938237908335339625e+02 9.653584269733879175e-01
1.391307909006805403e+03 8.915892779136576110e+02 9.640377245521780658e-01
1.391328742198541931e+03 8.881495033146487685e+02 9.636172634402547788e-01
1.391349575389348502e+03 8.850868238051672279e+02 9.625704157449126441e-01
1.391370408579687592e+03 8.832642838710928572e+02 9.612168006967740652e-01
1.391391241769561475e+03 8.815914743024317204e+02 9.617510507397902808e-01
1.391412074958970152e+03 8.821274830510462834e+02 9.611634709833328793e-01
1.391432908147447506e+03 8.813965340043994274e+02 9.606432270313812749e-01
1.391453741335459654e+03 8.835993754945219507e+02 9.607378744550855165e-01
1.391474574523005685e+03 8.825865589126445911e+02 9.604823577547405566e-01
1.391495407710085601e+03 8.823629333038850291e+02 9.604021457448754795e-01
1.391516240896699401e+03 8.826589444858796014e+02 9.622437507563238457e-01
1.391537074082382787e+03 8.871899574175524776e+02 9.636202943355196560e-01
1.391578740452819602e+03 8.785942881158699720e+02 9.596139119541093887e-01
1.391599573637106005e+03 8.771505285836399253e+02 9.586840934431767325e-01
1.391620406820925837e+03 8.710437031102469518e+02 9.561779967482278986e-01
1.391641240003814801e+03 8.684817571935508340e+02 9.553221408406192827e-01
1.391662073186704674e+03 8.684425187206819601e+02 9.566897658861232001e-01
1.391682906368662998e+03 8.638707700816958095e+02 9.547234249067335643e-01
1.391703739550155660e+03 8.635399901942280394e+02 9.533855832448919765e-01
1.391724572731647640e+03 8.602144711473915777e+02 9.524178617710624684e-01
1.391745405911742637e+03 8.609415699003063764e+02 9.528310979252309076e-01
1.391766239091838088e+03 8.627491684813624033e+02 9.524363859966028523e-01
1.391787072271467878e+03 8.618727129418184632e+02 9.533790812541932391e-01
1.391807905450165890e+03 8.670436807242733721e+02 9.538505794142057015e-01
1.391849571806631957e+03 8.676520044473974167e+02 9.550253262581865910e-01
1.391870404983932985e+03 8.694364895890322487e+02 9.548909758704381412e-01
1.391891238160769490e+03 8.684313331816821346e+02 9.550324099468665562e-01
1.391912071337139423e+03 8.707254271084832453e+02 9.549582002389653823e-01
1.391932904513043923e+03 8.722216144966430420e+02 9.622340255941581599e-01
1.391953737688017100e+03 8.738744207863184101e+02 9.585180761038702979e-01
1.391974570862989822e+03 8.759067732504580590e+02 9.570829416445001403e-01
1.391995404037030994e+03 8.768558322954437472e+02 9.570629503877703392e-01
1.392016237211073530e+03 8.768213841052469206e+02 9.572543448615828954e-01
1.392037070384184517e+03 8.714296138131340967e+02 9.548766502888452745e-01
1.392057903556829842e+03 8.660271385832802480e+02 9.532832655285904400e-01
1.392078736729009051e+03 8.664991428902972075e+02 9.543859864147791194e-01
1.392099569900721917e+03 8.667240400857072018e+02 9.539454009248691246e-01
1.392120403071969577e+03 8.696189143418547474e+02 9.539904495556941200e-01
1.392141236242751802e+03 8.715703657749123749e+02 9.550312241348019038e-01
1.392162069413068366e+03 8.719204429157869072e+02 9.549737104821771627e-01
1.392182902582919951e+03 8.739996837815008348e+02 9.558208674510654257e-01
1.392203735751839076e+03 8.751093685659438961e+02 9.576019142733269707e-01
1.392224568920757974e+03 8.731332108523641864e+02 9.547689050409429168e-01
1.392245402089211893e+03 8.758289469145743169e+02 9.559121576038299706e-01
1.392307901590850179e+03 8.787834176675303297e+02 9.568605543225975341e-01
1.392349567923100039e+03 8.835128104497289314e+02 9.586883212247111485e-01
1.392370401088294329e+03 8.811367818513502925e+02 9.576081697403902027e-01
1.392391234253489529e+03 8.828455067181628237e+02 9.575009497396276270e-01
1.392412067417752496e+03 8.820384342316416451e+02 9.576296122999696792e-01
1.392432900582015463e+03 8.804562842709217421e+02 9.566653427974388668e-01
1.392453733745346653e+03 8.793791249350742874e+02 9.561292484810960390e-01
1.392474566908212637e+03 8.788221535684448327e+02 9.564565996372998979e-01
1.392495400071079075e+03 8.782993848014610876e+02 9.561788382885615389e-01
1.392516233233014191e+03 8.754409232848238389e+02 9.554379649283123443e-01
1.392537066394948397e+03 8.726213498044780863e+02 9.542526078701987213e-01
1.392557899555952190e+03 8.725418727536281267e+02 9.530560515432816571e-01
1.392578732716955074e+03 8.737515704672798620e+02 9.544472200039745280e-01
1.392599565877027089e+03 8.716005966981450683e+02 9.529611415406070707e-01
1.392620399037099105e+03 8.710507487286711239e+02 9.522847082973890931e-01
1.392641232196705460e+03 8.738398485443619848e+02 9.535623078754543736e-01
1.392662065355380946e+03 8.727561481007569455e+02 9.532040422527551238e-01
1.392682898514055069e+03 8.730951969982746732e+02 9.550876109894460564e-01
1.392703731672264894e+03 8.728077901086192014e+02 9.528943392449851224e-01
1.392724564830009058e+03 8.726861755921873964e+02 9.521920062147227748e-01
1.392787064300912334e+03 8.665300372201627397e+02 9.495220249287203984e-01
1.392807897456792944e+03 8.646926668762727104e+02 9.487882980336689309e-01
1.392828730612673553e+03 8.645786302818910372e+02 9.488319268117084704e-01
1.392849563767623522e+03 8.621880084529398118e+02 9.480815087378792194e-01
1.392870396922573946e+03 8.624367577881639590e+02 9.481834762736296440e-01
1.392891230077058026e+03 8.583833727235492006e+02 9.474375146075298959e-01
1.392912063231076900e+03 8.582917801004416560e+02 9.460403225694651308e-01
1.392932896384630112e+03 8.567758809500636517e+02 9.457073175336577764e-01
1.392953729537715844e+03 8.556044450460236703e+02 9.454039222079092530e-01
1.392974562690803396e+03 8.561626203804144097e+02 9.462495998346447390e-01
1.392995395842960079e+03 8.551191530881106928e+02 9.456347712221846447e-01
1.393016228995115853e+03 8.565908572583482510e+02 9.453384143650650495e-01
1.393037062146806420e+03 8.569576313718399661e+02 9.456520101417464907e-01
1.393057895298496078e+03 8.572039006892970292e+02 9.456001663729074469e-01
1.393078728449254868e+03 8.567642775249088345e+02 9.447260527168745980e-01
1.393099561600013658e+03 8.553602918468009193e+02 9.440010684197247537e-01
1.393120394750307469e+03 8.537152158072109387e+02 9.431551757697177463e-01
1.393141227900135164e+03 8.531163405935724313e+02 9.433147348776669272e-01
1.393162061049496970e+03 8.511858032544365642e+02 9.425104716905634561e-01
1.393182894198859003e+03 8.492715085444675651e+02 9.418456449028573818e-01
1.393203727347754921e+03 8.503738432200899524e+02 9.418363103280051885e-01
1.393224560496185404e+03 8.545662343313856582e+02 9.441681548126784618e-01
1.393245393644151136e+03 8.539089459178264860e+02 9.442270841456379404e-01
1.393266226792115958e+03 8.523717246804088745e+02 9.424992780910327328e-01
1.393287059939614664e+03 8.486897738394117141e+02 9.416092776362453565e-01
1.393307893086647937e+03 8.507382295045116507e+02 9.417884968685988900e-01
1.393328726233682119e+03 8.518504183824321672e+02 9.427326402990431342e-01
1.393349559380249502e+03 8.512521290175994864e+02 9.418665287014030829e-01
1.393370392526352589e+03 8.489621519404319088e+02 9.419538875721337190e-01
1.393391225672454993e+03 8.509323422104959036e+02 9.414053635968985256e-01
1.393412058818090827e+03 8.554969865764170436e+02 9.441090955350462943e-01
1.393432891963727343e+03 8.567842680117837517e+02 9.437667883080800291e-01
1.393453725108899107e+03 8.583513406587138661e+02 9.444480600630671407e-01
1.393474558253604073e+03 8.571076165699379317e+02 9.439852200357294887e-01
1.393495391397844514e+03 8.549313671771390091e+02 9.431410511185442935e-01
1.393516224542549935e+03 8.518868201637509401e+02 9.419112058184964109e-01
1.393537057686322896e+03 8.578545902003502306e+02 9.444934670185509695e-01
1.393557890830096994e+03 8.532994028150026224e+02 9.415960793215849556e-01
1.393578723973404976e+03 8.552651764732903530e+02 9.438021866472559029e-01
1.393599557116713640e+03 8.557462103733994354e+02 9.445900165964784545e-01
1.393620390260022532e+03 8.602331549497201877e+02 9.460282256591205918e-01
1.393641223402865990e+03 8.598251426390577308e+02 9.456291929304574406e-01
1.393662056545242649e+03 8.721812868958351146e+02 9.511057617271275744e-01
1.393682889687618626e+03 8.762486418128838750e+02 9.529529791516948567e-01
1.393703722829530534e+03 8.747675445307298787e+02 9.546614910272692711e-01
1.393724555971441987e+03 8.731732169900311646e+02 9.555368394521965847e-01
1.396932860309005491e+03 8.466898674296046465e+02 9.355781565873773076e-01
1.396953693397790175e+03 8.520166272135725194e+02 9.382808929874653092e-01
1.396974526485178103e+03 8.592254079640958935e+02 9.400140115018302822e-01
1.396995359570237497e+03 8.594022216796875000e+02 9.395810236483067568e-01
1.397037025735234010e+03 8.570849100540914378e+02 9.391747774102811031e-01
1.397057858814705014e+03 8.607396549690751044e+02 9.408846474623349110e-01
1.397078691892780171e+03 8.589831363270279780e+02 9.417312187811187618e-01
1.397099524968992000e+03 8.594266579620046969e+02 9.400492975314636013e-01
1.397120358043341184e+03 8.604617061951936421e+02 9.414807681906538495e-01
1.397141191115827951e+03 8.617282237563732679e+02 9.421905795880498591e-01
1.397162024186452072e+03 8.658227800405695689e+02 9.426232540173631325e-01
1.397182857255213094e+03 8.672292023283141589e+02 9.430962110591137870e-01
1.397203690322577586e+03 8.710514383597998176e+02 9.456497410514644875e-01
1.397224523388544640e+03 8.697566439002757761e+02 9.441517726254288201e-01
1.397245356452183842e+03 8.674736572037541009e+02 9.432762851808749183e-01
1.397266189514426060e+03 8.655284743141506851e+02 9.443126782114091844e-01
1.397287022574805178e+03 8.614509987504399078e+02 9.409552795899343014e-01
1.397307855633788222e+03 8.634430495809745025e+02 9.416030108336455040e-01
1.397328688691373372e+03 8.614252443334474947e+02 9.402766751900060171e-01
1.397349521746630217e+03 8.568667525677118419e+02 9.394464631350010198e-01
1.397370354800957102e+03 8.591977100843479320e+02 9.411724955855254038e-01
1.397391187853419524e+03 8.627909288503058178e+02 9.410480118400302851e-01
1.397412020904020210e+03 8.628982474809248515e+02 9.417315035979068050e-01
1.397432853953223457e+03 8.641463584955747592e+02 9.416292171852254089e-01
1.397453687001030175e+03 8.653473855330728384e+02 9.420561703682083232e-01
1.397474520047439910e+03 8.653118389781991482e+02 9.419930556338979022e-01
1.397495353091986544e+03 8.683109506829067641e+02 9.434322858162805803e-01
1.397516186135136650e+03 8.722998171294935901e+02 9.452511160601040352e-01
1.397537019176889999e+03 8.785999185827830615e+02 9.476091843354397248e-01
1.397557852217246364e+03 8.839893214172589069e+02 9.507165089039051331e-01
1.397578685256205972e+03 8.885775199308332049e+02 9.520311801797054496e-01
1.397599518293302026e+03 8.850685567842322143e+02 9.509498916806430335e-01
1.397620351329001096e+03 8.823115260926042538e+02 9.493483780624687451e-01
1.397641184363304092e+03 8.813656140064515512e+02 9.484341051018929658e-01
1.397662017396675083e+03 8.840426725964052821e+02 9.504636599272565656e-01
1.397682850428182974e+03 8.803250999779223775e+02 9.481832248258701412e-01
1.397703683458295018e+03 8.788292199264082001e+02 9.476880891361982862e-01
1.397724516487009623e+03 8.765254155113558454e+02 9.470875995527031632e-01
1.397745349514326790e+03 8.738485478172824514e+02 9.453629724568947124e-01
1.397766182540712634e+03 8.699794907007390066e+02 9.444325031822108363e-01
1.397787015565235833e+03 8.697532231327553518e+02 9.441247524431354288e-01
1.397807848588829074e+03 8.663576130761014156e+02 9.421882705305754113e-01
1.397828681610558533e+03 8.681038246080300951e+02 9.430486510905307096e-01
1.397849514631356215e+03 8.706430518011661661e+02 9.454290775265109525e-01
1.397870347650758049e+03 8.730913985182368151e+02 9.457633464536026047e-01
1.397891180668761990e+03 8.737213282307944837e+02 9.469000041920980770e-01
1.397912013685835063e+03 8.749127405270354529e+02 9.463629757700883216e-01
1.397932846701046401e+03 8.780073372562441136e+02 9.472526942678167750e-01
1.397953679715325961e+03 8.797651819414595593e+02 9.478413513501371401e-01
1.397974512728672835e+03 8.895275532290123692e+02 9.535425866052914534e-01
1.397995345740157973e+03 8.966163206466558222e+02 9.542314954387153270e-01
1.398016178750710878e+03 8.990611354182527748e+02 9.550493232113135278e-01
1.398037011759869074e+03 8.971344051502460388e+02 9.543012958538199531e-01
1.398057844768094128e+03 8.973572718588454791e+02 9.549067680925996671e-01
1.398078677774922198e+03 8.972109971846865619e+02 9.544361351732342236e-01
1.398099510780354194e+03 8.965681276770357044e+02 9.548850147068208560e-01
1.398120343784853958e+03 8.955684673894787693e+02 9.534615407167753576e-01
1.398141176787957193e+03 8.951305677096069076e+02 9.565800440069540667e-01
1.398162009790128650e+03 8.954862077637100128e+02 9.540992822688175723e-01
1.398182842790903578e+03 8.954763342605859862e+02 9.541832099268904299e-01
1.398203675790282887e+03 8.980888913905097297e+02 9.558374861505340991e-01
1.398224508789194488e+03 9.008826507540961757e+02 9.558423189263555164e-01
1.398245341786243898e+03 9.033486014232324806e+02 9.579908892490979211e-01
1.398266174782363123e+03 9.069070634891207874e+02 9.591149204380265969e-01
1.398287007777548979e+03 9.118472941379782242e+02 9.598578924558933689e-01
1.398307840771339215e+03 9.157208938244576757e+02 9.619467792659512906e-01
1.398328673764196992e+03 9.214859355654700721e+02 9.643573847884446826e-01
1.398349506755659149e+03 9.240135344979345291e+02 9.658590064093961480e-01
1.398370339746189075e+03 9.218312042872521488e+02 9.661771695521037540e-01
1.398391172735789041e+03 9.237913440431146910e+02 9.654599897509191786e-01
1.398412005723991115e+03 9.259745813506665399e+02 9.653692937749236425e-01
1.398432838711261866e+03 9.186539687502277047e+02 9.632037970845098718e-01
1.398453671697601521e+03 9.125961906080607378e+02 9.603433090019771745e-01
1.398474504682543511e+03 9.084429927004997580e+02 9.629513487326033516e-01
1.398495337666554406e+03 9.010015133565239012e+02 9.554752702092851324e-01
1.398516170649168089e+03 8.951180681448374798e+02 9.557884398884205490e-01
1.398557836612068058e+03 8.893052725036203583e+02 9.519401752904437242e-01
1.398578669591423022e+03 8.872603763181851946e+02 9.525241208464066966e-01
1.398599502570312779e+03 8.846713961784554385e+02 9.495244103116783352e-01
1.398620335547804643e+03 8.823795568396686804e+02 9.483272306137514596e-01
1.398641168524365185e+03 8.779684116565479144e+02 9.468244960900511487e-01
1.398662001499993949e+03 8.790837100195772109e+02 9.475956607327958858e-01
1.398682834474225956e+03 8.808112955543548424e+02 9.473159933955122014e-01
1.398745333391801069e+03 8.723459299901422810e+02 9.468674599627434629e-01
1.398766166361842807e+03 8.718538642102055292e+02 9.447975647786739373e-01
1.398786999331417974e+03 8.708207153983079252e+02 9.439020905879014212e-01
1.398807832299596157e+03 8.670256469670331398e+02 9.425813614006776087e-01
1.398828665267310043e+03 8.643184280647659534e+02 9.413812087911279658e-01
1.398849498233625127e+03 8.558492410117876261e+02 9.384164145860897088e-01
1.398870331199010479e+03 8.553690076106399829e+02 9.389213278174454169e-01
1.398891164163464055e+03 8.532217387636092099e+02 9.361557223698022678e-01
1.398911997126519964e+03 8.502677672252615366e+02 9.361910901552480402e-01
1.398932830089111121e+03 8.475276641511046591e+02 9.346986560927369458e-01
1.398953663050770047e+03 8.489802354603434651e+02 9.350562670805746546e-01
1.398974496011031988e+03 8.493094844764991649e+02 9.363193389009285550e-01
1.398995328970829632e+03 8.512127320368304026e+02 9.360162755965357739e-01
1.399016161929230066e+03 8.506936833057296781e+02 9.356733009749605978e-01
1.399036994886697812e+03 8.503807531539276852e+02 9.363393911002998449e-01
1.399057827843700579e+03 8.526051768183962167e+02 9.382241948779785901e-01
1.399078660799305908e+03 8.530405164691295568e+02 9.384244811088342519e-01
1.399099493753980823e+03 8.584864785174358985e+02 9.416107019037468495e-01
1.399120326707723962e+03 8.589122345538040690e+02 9.420639842792389862e-01
1.399141159660536459e+03 8.570156916857672513e+02 9.386047212262091932e-01
1.399161992612417180e+03 8.554470740958507804e+02 9.391221952585607768e-01
1.399182825563366350e+03 8.574761190465600293e+02 9.394489375475152393e-01
1.399203658513849405e+03 8.557103457947533798e+02 9.401763543110717158e-01
1.399224491462935930e+03 8.563807058146808231e+02 9.442968350572435998e-01
1.399245324411092042e+03 8.536713963459599199e+02 9.377288856844645526e-01
1.399266157358315922e+03 8.532002214135195572e+02 9.385421364825755619e-01
1.399286990304608480e+03 8.535985008081623846e+02 9.376960867219289453e-01
1.399307823249968806e+03 8.540025750231488928e+02 9.384567782631874078e-01
1.399328656194400082e+03 8.527008220862761618e+02 9.384422335662511161e-01
1.399349489138363879e+03 8.533040786684068735e+02 9.379646103675615132e-01
1.399370322080932056e+03 8.524731492974108278e+02 9.397722998751560919e-01
1.399391155023034116e+03 8.538176706315367710e+02 9.385881466775282123e-01
1.399411987963738056e+03 8.558215289780844159e+02 9.391931185908100055e-01
1.399432820903976790e+03 8.564709147434300576e+02 9.422174021971971847e-01
1.399453653842819222e+03 8.604844731292914730e+02 9.406101136914798433e-01
1.399474486781195992e+03 8.572994483065896247e+02 9.391976562324536593e-01
1.399495319718640985e+03 8.568007761596090859e+02 9.393540169510040672e-01
1.399516152655154656e+03 8.513824440335433792e+02 9.364734751686878411e-01
1.399536985590736094e+03 8.463939859663133802e+02 9.349350810335564921e-01
1.399557818525388484e+03 8.419012122070369060e+02 9.328140769957945500e-01
1.399578651459108642e+03 8.449342725887721599e+02 9.337356651053518863e-01
1.399599484391897022e+03 8.471491262043819006e+02 9.347046503440465948e-01
1.399620317324219059e+03 8.446552271748522571e+02 9.348054627897539604e-01
1.399641150255144566e+03 8.474356972185904624e+02 9.359812832941702965e-01
1.399661983185605550e+03 8.537533785388020533e+02 9.373140786509895905e-01
1.399682816115134528e+03 8.536274949019059477e+02 9.369064677465234192e-01
1.399703649043732185e+03 8.513270753935969424e+02 9.356503996780985988e-01
1.399724481971397836e+03 8.533080339703772097e+02 9.367634741101950047e-01
1.399745314898599190e+03 8.538849576683375062e+02 9.372454297617478503e-01
1.399766147824403106e+03 8.590443390550267395e+02 9.400235860990325820e-01
1.399786980749740906e+03 8.639486725963623712e+02 9.407228704084186210e-01
1.399807813673681494e+03 8.733669221832567473e+02 9.447039387162622370e-01
1.399828646597155966e+03 8.778109868016385917e+02 9.470327504002477026e-01
1.399849479520165914e+03 8.851070776824899440e+02 9.501035357824745287e-01
1.399870312441778879e+03 8.907375160366352702e+02 9.518405827432292465e-01
1.399891145362926181e+03 8.943374280684479345e+02 9.524350092084497010e-01
1.399911978282675591e+03 9.019642434274246625e+02 9.552820218171819144e-01
1.399932811201960476e+03 9.053738012176590928e+02 9.577517541537231560e-01
1.399953644120314038e+03 9.035254687863555318e+02 9.572125010225264186e-01
1.399974477038201030e+03 9.035894014054379113e+02 9.559302400012144041e-01
1.399995309954691038e+03 8.984810887896105669e+02 9.545657728043298595e-01
1.400016142870716067e+03 8.992837454125791510e+02 9.537034077594165327e-01
1.400036975785809545e+03 8.954626736989735036e+02 9.526025559690000089e-01
1.400057808699972156e+03 8.932397701356595690e+02 9.545698627224689092e-01
1.400078641613667969e+03 8.913198452207532227e+02 9.513476011656101239e-01
1.400099474525967480e+03 8.881873958514173637e+02 9.502195568853464280e-01
1.400120307437801785e+03 8.856361656810785234e+02 9.485666052035810480e-01
1.400141140348704084e+03 8.852307730326006094e+02 9.492858737398826019e-01
1.400161973259139813e+03 8.818840845028723834e+02 9.469608091746465339e-01
1.400182806168180377e+03 8.753234766144953483e+02 9.464148407323089707e-01
1.400203639076754826e+03 8.703172558163797703e+02 9.435716157285765071e-01
1.400224471984397951e+03 8.642458452354312612e+02 9.404579546553303304e-01
1.400245304891574960e+03 8.579219418199913889e+02 9.374418240616646525e-01
1.400266137797355441e+03 8.544910216148067548e+02 9.359728136230729412e-01
1.400286970702669805e+03 8.514769571089494775e+02 9.352276283245786193e-01
1.400307803607053074e+03 8.480623476964914289e+02 9.336123923511359113e-01
1.400328636510970682e+03 8.491264292950561412e+02 9.338741440062543475e-01
1.400349469413956967e+03 8.459119415248231917e+02 9.325237127464599540e-01
1.400370302316011475e+03 8.433116893477393887e+02 9.316107787143809160e-01
1.400391135217134888e+03 8.416940972815763189e+02 9.309068265114887053e-01
1.400411968117327888e+03 8.406141874836827128e+02 9.312594611692175395e-01
1.400432801017054544e+03 8.396163593198264152e+02 9.299716995916991191e-01
1.400453633915849878e+03 8.373399843215167948e+02 9.290402507459532000e-01
1.400474466814179777e+03 8.365343763303534388e+02 9.289774386989348987e-01
1.400495299711577900e+03 8.351682269846495501e+02 9.278265335085547072e-01
1.400516132608045609e+03 8.357082057471527605e+02 9.284229814902279498e-01
1.400536965503580632e+03 8.378340135423393349e+02 9.291583246161666532e-01
1.400557798398650903e+03 8.400825232088703842e+02 9.309817689509876093e-01
1.400578631292789396e+03 8.401190594880312119e+02 9.311683785428662707e-01
1.400599464185997022e+03 8.412365861561352176e+02 9.299198469364049480e-01
1.400620297078273325e+03 8.377284389713026940e+02 9.302467779664007619e-01
1.400641129970083966e+03 8.406928358707456255e+02 9.296333233090235959e-01
1.400682795751376489e+03 8.429157579801585598e+02 9.309308049069101587e-01
1.400745294417493824e+03 8.424686258736180662e+02 9.306034416637648521e-01
1.400766127304647853e+03 8.424295578173286003e+02 9.314923438342672668e-01
1.400786960190871014e+03 8.441889723529786806e+02 9.317969105147124731e-01
1.400807793076626922e+03 8.441376659312822994e+02 9.331390358852298395e-01
1.400828625961452417e+03 8.420891886834410798e+02 9.305418240465584967e-01
1.400849458845348181e+03 8.433207331678017908e+02 9.316219751822552020e-01
1.400870291728776010e+03 8.457302935439723797e+02 9.321750411640681300e-01
1.400891124611272971e+03 8.460808874920865037e+02 9.330744875441215891e-01
1.400911957492839065e+03 8.472101223346766119e+02 9.335665200065119684e-01
1.400932790373939042e+03 8.488345157979193800e+02 9.341970752754399365e-01
1.400953623254108606e+03 8.515313001946680060e+02 9.357427977239680672e-01
1.400974456133345939e+03 8.500902735819549889e+02 9.336826808822185075e-01
1.400995289012118064e+03 8.480573828580129430e+02 9.336804784608689900e-01
1.401016121889958413e+03 8.488582798815248225e+02 9.347480437510022888e-01
1.401036954767334009e+03 8.469878421593832627e+02 9.326946765603363332e-01
1.401057787643776919e+03 8.458023307029817488e+02 9.327462471544218925e-01
1.401078620519290325e+03 8.425260634510677846e+02 9.315543784600425203e-01
1.401099453394336933e+03 8.432387434811126923e+02 9.333824652841614666e-01
1.401120286268451537e+03 8.453065699137094953e+02 9.317624634220570412e-01
1.401141119141635954e+03 8.455114616003406809e+02 9.319634987698811601e-01
1.401161952014354029e+03 8.480308726162738822e+02 9.332057833084815845e-01
1.401182784886140780e+03 8.493049459123698171e+02 9.333735569449386205e-01
1.401203617757462780e+03 8.504049166084039371e+02 9.337053750952931663e-01
1.401224450627853003e+03 8.498538547959740299e+02 9.338361672778215938e-01
1.401245283497312357e+03 8.489125093698343107e+02 9.339665901408511495e-01
1.401266116366305596e+03 8.501421174355116364e+02 9.341282292221774197e-01
1.401286949234367057e+03 8.473242358317905882e+02 9.333606891937340500e-01
1.401307782101962857e+03 8.483097625283675143e+02 9.343376228741226974e-01
1.401328614968627789e+03 8.492366813819604658e+02 9.343481168420031402e-01
1.401349447834827060e+03 8.471147242319423185e+02 9.336579432424413350e-01
1.401370280699628893e+03 8.458669093126799226e+02 9.340733848287252616e-01
1.401391113564431180e+03 8.414097815852953772e+02 9.321417910053522160e-01
1.401411946427836028e+03 8.397582626840198827e+02 9.328522550715213635e-01
1.401432779291240877e+03 8.360420144999254717e+02 9.302593363883117084e-01
1.401453612153250106e+03 8.366562999009544228e+02 9.302142277979724705e-01
1.401474445014791854e+03 8.344549609811399478e+02 9.294557683310236129e-01
1.401495277875404099e+03 8.322915841095539236e+02 9.282319671950489681e-01
1.401516110735548864e+03 8.297965919818311704e+02 9.276303202850870733e-01
1.401536943594763216e+03 8.314536713927341225e+02 9.281647657615945679e-01
1.401557776453511906e+03 8.297234046849965807e+02 9.260864398604067294e-01
1.401578609311328819e+03 8.298723064422736115e+02 9.266406870591821221e-01
1.401599442168680980e+03 8.320965394676818505e+02 9.276484720714583965e-01
1.401620275025100909e+03 8.295021393162335244e+02 9.257388205804856218e-01
1.401641107880589971e+03 8.295676292753852294e+02 9.268851157605514368e-01
1.401661940735613371e+03 8.312860667035018878e+02 9.262416354791412898e-01
1.401682773589704993e+03 8.363464588994316955e+02 9.286042321615008976e-01
1.401703606443331864e+03 8.340982214245906334e+02 9.278759978765779293e-01
1.401724439296026958e+03 8.315752624662978860e+02 9.257541765205850037e-01
1.401745272148256390e+03 8.345964234012726592e+02 9.268841833172860589e-01
1.401766104999554955e+03 8.324593697445891394e+02 9.261656980980264020e-01
1.401786937850386039e+03 8.296843757768785963e+02 9.249261053313860836e-01
1.401807770700288529e+03 8.296306836185544853e+02 9.250160950471856269e-01
1.401828603549257878e+03 8.281790994384228952e+02 9.258468862194545457e-01
1.401849436397762020e+03 8.269830852286065692e+02 9.245248308679372418e-01
1.401870269245334384e+03 8.245773256166525016e+02 9.229941283211798853e-01
1.401891102092441088e+03 8.230949575155902949e+02 9.223574975934504261e-01
1.401911934939083494e+03 8.231580508163077639e+02 9.224997197902843338e-01
1.401932767784327552e+03 8.243744440226801089e+02 9.242831313344990196e-01
1.401953600629572065e+03 8.268442072691103704e+02 9.243855961830014234e-01
1.401974433473420049e+03 8.282724618110688652e+02 9.240061163059940519e-01
1.401995266317268033e+03 8.276471122580403517e+02 9.245200277978387060e-01
1.402016099159718124e+03 8.301987906187549697e+02 9.246362937679989402e-01
1.402036932001702098e+03 8.321246949288587302e+02 9.254862641315269034e-01
1.402057764843221321e+03 8.284771487646273727e+02 9.242253810357698995e-01
1.402078597683810131e+03 8.305904244487323922e+02 9.260758200927972084e-01
1.402099430523931915e+03 8.329813366286028895e+02 9.268174629590464342e-01
1.402120263363122831e+03 8.334271124169017639e+02 9.274318161551234896e-01
1.402141096201382425e+03 8.324633347344547474e+02 9.259493389525041973e-01
1.402161929039176357e+03 8.345508614448216349e+02 9.276368099910965448e-01
1.402182761876504173e+03 8.351135664620821899e+02 9.270936379592215060e-01
1.402203594712901122e+03 8.331394186235279449e+02 9.269364629984933046e-01
1.402224427548831954e+03 8.321150980037798490e+02 9.278409555349480531e-01
1.402245260383832374e+03 8.323082460855914633e+02 9.260928116625181117e-01
1.402266093217901471e+03 8.346942327782014672e+02 9.270484396264899729e-01
1.402286926051504452e+03 8.345017599041144649e+02 9.277312268655467653e-01
1.402307758884641999e+03 8.341903565963463052e+02 9.271082321138088833e-01
1.402328591716847541e+03 8.350705288331911333e+02 9.270475394950661308e-01
1.402349424548121988e+03 8.408690279132977139e+02 9.305926492677421002e-01
1.402370257378931910e+03 8.431486541371077692e+02 9.299816019022683067e-01
1.402391090209274807e+03 8.397946083527157271e+02 9.285029069015857672e-01
1.402411923038686837e+03 8.417109073071711691e+02 9.291307401055111104e-01
1.402432755867167089e+03 8.393861548766330998e+02 9.287612532374166507e-01
1.402453588695647795e+03 8.398851971921553741e+02 9.287236450481165528e-01
1.402474421522732428e+03 8.422850325443671409e+02 9.311039496469863952e-01
1.402495254349350489e+03 8.393546732517480677e+02 9.313125512538010797e-01
1.402516087175502435e+03 8.386288463914885369e+02 9.282759521209912323e-01
1.402536920000723967e+03 8.340729616301318856e+02 9.259748618563500289e-01
1.402557752818028803e+03 8.333914890354227509e+02 9.259337931316434789e-01
1.402578585641852897e+03 8.319647154864815093e+02 9.249608392416157621e-01
1.402599418465210420e+03 8.318529326913885598e+02 9.258477553289571338e-01
1.402620251287637529e+03 8.317181931742550205e+02 9.256626809723155214e-01
1.402641084109599888e+03 8.339980489576689706e+02 9.266436780907089110e-01
1.402661916930630014e+03 8.321482860856656316e+02 9.271378376115551045e-01
1.402745248208231487e+03 8.306958488342894498e+02 9.248852800421011322e-01
1.402766081026001530e+03 8.345194372610477558e+02 9.267911915048945293e-01
1.402786913843306593e+03 8.358750418456044144e+02 9.267249789918633462e-01
1.402807746659680106e+03 8.348592884804415917e+02 9.263653099882308561e-01
1.402828579475587958e+03 8.362160694245982313e+02 9.268399394137811775e-01
1.402849412290564942e+03 8.370082428516753907e+02 9.280459874490334382e-01
1.402870245105076492e+03 8.379186881518434120e+02 9.280134564299669098e-01
1.402891077918655355e+03 8.360258658974203172e+02 9.277012226806820028e-01
1.402911910731769467e+03 8.361910611307412182e+02 9.266604662820412397e-01
1.402932743543953165e+03 8.372428067263413141e+02 9.270409492205170521e-01
1.402953576355669611e+03 8.388705073855336423e+02 9.283319094924920023e-01
1.402974409166455189e+03 8.352218592127600232e+02 9.268981698677745129e-01
1.402995241976775105e+03 8.368332440986596339e+02 9.277305522639169855e-01
1.403016074786628906e+03 8.362528912547925302e+02 9.273154828874065059e-01
1.403036907595552520e+03 8.342806775491927738e+02 9.277992306175092407e-01
1.403057740404009564e+03 8.361583200984173345e+02 9.266237055358943486e-01
1.403078573211535513e+03 8.347450847256097859e+02 9.268973982015242807e-01
1.403099406018595801e+03 8.334196119111082908e+02 9.255117676047087683e-01
1.403120238824725220e+03 8.334253477837827404e+02 9.263110676864979576e-01
1.403141071630388069e+03 8.343783224459782559e+02 9.282196703064644616e-01
1.403161904435586166e+03 8.314452435912709234e+02 9.257461927512324884e-01
1.403182737239852031e+03 8.325344667115622315e+02 9.253761274265716041e-01
1.403203570043653599e+03 8.322645107048184627e+02 9.254791797086954208e-01
1.403224402846522480e+03 8.315022641505267984e+02 9.260036989945586994e-01
1.403245235648926609e+03 8.307247183425753292e+02 9.249281997135759825e-01
1.403266068450399416e+03 8.281710173383253277e+02 9.232176685244923853e-01
1.403286901251406562e+03 8.297426902840668390e+02 9.240349503797545827e-01
1.403307734051947591e+03 8.282576703980687398e+02 9.247404275580745070e-01
1.403328566851557071e+03 8.295661316435232493e+02 9.239305112850926260e-01
1.403349399650700889e+03 8.298333269856786956e+02 9.239649923286041844e-01
1.403370232448914066e+03 8.296069727218294929e+02 9.240809088722266029e-01
1.403391065246661128e+03 8.288514980108404870e+02 9.255391379746463754e-01
1.403411898043942529e+03 8.290639269852422331e+02 9.231259861387488552e-01
1.403432730840293516e+03 8.312658041401706441e+02 9.246727145328866859e-01
1.403453563636177478e+03 8.304092907987260332e+02 9.260562214746352883e-01
1.403474396431130572e+03 8.319599551046916304e+02 9.249870338046671803e-01
1.403495229225618004e+03 8.333010569108482741e+02 9.266249598635998286e-01
1.403516062019174115e+03 8.308333166856132266e+02 9.244695779365824650e-01
1.403536894812265473e+03 8.325876466019101372e+02 9.265310092354325233e-01
1.403557727604890488e+03 8.331564462173013226e+02 9.258573154796405635e-01
1.403578560396583498e+03 8.330418636510711394e+02 9.251565878013351396e-01
1.403599393187811984e+03 8.306265719472271485e+02 9.246054800360075099e-01
1.403641058768404946e+03 8.332564781009684793e+02 9.271902958461675226e-01
1.403661891557770559e+03 8.323758944059926534e+02 9.250418047866132421e-01
1.403682724346204395e+03 8.327175859668301428e+02 9.273813961521646387e-01
1.403703557134172570e+03 8.337261445894459939e+02 9.260882098098351944e-01
1.403724389921675538e+03 8.319111170708084728e+02 9.276459661822600289e-01
1.403745222708247184e+03 8.316387018365353470e+02 9.252082564495569539e-01
1.403766055494352486e+03 8.297141718102315053e+02 9.257351183765253344e-01
1.403786888279526920e+03 8.316117455667884997e+02 9.251347147299181506e-01
1.403807721064235466e+03 8.316656785634462494e+02 9.254243380008044806e-01
1.403828553848478805e+03 8.305933692462767794e+02 9.241775916279062475e-01
1.403849386631789912e+03 8.321338946008628454e+02 9.252871711972067148e-01
1.403870219414636495e+03 8.327779688011879671e+02 9.261725520240500220e-01
1.403891052197016961e+03 8.335012176647551314e+02 9.257060153184284435e-01
1.403911884978465423e+03 8.338553378104643343e+02 9.251560079622266342e-01
1.403932717759450043e+03 8.338354652004456966e+02 9.257356978529052149e-01
1.403953550539501066e+03 8.341477188014849844e+02 9.252033280807946403e-01
1.403974383319088474e+03 8.360490176261422448e+02 9.261760594125839630e-01
1.403995216098208857e+03 8.345539873694917787e+02 9.258095781201255425e-01
1.404016048876399054e+03 8.371555349227246552e+02 9.273782468194680106e-01
1.404036881654121999e+03 8.376083140925273938e+02 9.270124336877911819e-01
1.404057714431380191e+03 8.391423708095378515e+02 9.278688353424046076e-01
1.404078547208172949e+03 8.423261819323744248e+02 9.291669847006032157e-01
1.404099379983569179e+03 8.418236079893690658e+02 9.289858438257089235e-01
1.404120212758964044e+03 8.410428147348762877e+02 9.285179282590345640e-01
1.404141045533428041e+03 8.417870781034561105e+02 9.291443079380914405e-01
1.404161878307427060e+03 8.437359587024167240e+02 9.315007902562817410e-01
1.404182711080959962e+03 8.456853008633687523e+02 9.304870885519986867e-01
1.404203543853560859e+03 8.472036922494382907e+02 9.320411700786385145e-01
1.404224376625697914e+03 8.480524297994898006e+02 9.323957410009772184e-01
1.404245209397367944e+03 8.542969984339604252e+02 9.335574538066486738e-01
1.404266042168106651e+03 8.577888669420671022e+02 9.361979980185751726e-01
1.404286874938380151e+03 8.605398362826090306e+02 9.364052420486125294e-01
1.404307707707721875e+03 8.627459856663269875e+02 9.364351583009949964e-01
1.404328540476598391e+03 8.629064831958216928e+02 9.382626927912560699e-01
1.404349373245008337e+03 8.633846353721148716e+02 9.371852346343937379e-01
1.404370206012953531e+03 8.647177449445248385e+02 9.379066856753639492e-01
1.404391038779967403e+03 8.679704486120793945e+02 9.386221845144916420e-01
1.404411871546515613e+03 8.697555738534696275e+02 9.390612952911723266e-01
1.404432704312597480e+03 8.718568810123238109e+02 9.408154988576546973e-01
1.404453537077748933e+03 8.700188843831348322e+02 9.395690656087607451e-01
1.404474369842434044e+03 8.670872416400278553e+02 9.407317725125670105e-01
1.404495202606653947e+03 8.637145411827203816e+02 9.370728155257960212e-01
1.404516035369942074e+03 8.612335355173478320e+02 9.363560691104333422e-01
1.404536868132764539e+03 8.589300574387987126e+02 9.350376853896076312e-01
1.404557700895122480e+03 8.593812798251786944e+02 9.352513684790704218e-01
1.404578533656547961e+03 8.566469339237963823e+02 9.371607166519527743e-01
1.404599366417507554e+03 8.613935438897965469e+02 9.360702102138811487e-01
1.404641031937565003e+03 8.592856987989263189e+02 9.351117549754215386e-01
1.404661864697128522e+03 8.610691308180745409e+02 9.366596270078342279e-01
1.404682697455295056e+03 8.656257598820411658e+02 9.375760047620982363e-01
1.404745195727465216e+03 8.745206869420629801e+02 9.417482126987105628e-01
1.404766028483768423e+03 8.745975323352696478e+02 9.439829469389162675e-01
1.404786861239139853e+03 8.767243422848320051e+02 9.421377228956738792e-01
1.404807693994512647e+03 8.760733872925468404e+02 9.420555376600252551e-01
1.404828526748488002e+03 8.774260161238729552e+02 9.424162389331678380e-01
1.404849359502462903e+03 8.799908511433596914e+02 9.439621099630688406e-01
1.404870192255507391e+03 8.793660288229575599e+02 9.443184220781428717e-01
1.404891025008086217e+03 8.844823460543100282e+02 9.455776315689028433e-01
1.404911857760198018e+03 8.914264711935193191e+02 9.489260249634670075e-01
1.404932690511845067e+03 8.893025942935686317e+02 9.474045169901418317e-01
1.404953523262560793e+03 8.865008960140510226e+02 9.465495440961930740e-01
1.404974356012810404e+03 8.945656017148752426e+02 9.503716896136950032e-01
1.404995188762595035e+03 8.935366561664141045e+02 9.501769014086216547e-01
1.405016021511447434e+03 8.901943294117310188e+02 9.483185255160549998e-01
1.405036854259834399e+03 8.865630669245889521e+02 9.469195490765838219e-01
1.405057687007757067e+03 8.851534640784780095e+02 9.459287983166770886e-01
1.405078519755212483e+03 8.834418507575144304e+02 9.461518966736430780e-01
1.405099352501736576e+03 8.832458002144429656e+02 9.456325651220452988e-01
1.405120185247796599e+03 8.848552037999811546e+02 9.464314671495254183e-01
1.405141017993389596e+03 8.850785751522554392e+02 9.462455054495131357e-01
1.405161850738516932e+03 8.794234057583792037e+02 9.441722582062018754e-01
1.405182683482713401e+03 8.815368780333899394e+02 9.448426395168121328e-01
1.405203516226444208e+03 8.796267292015174917e+02 9.437922714568508509e-01
1.405224348969708899e+03 8.794601986757039640e+02 9.439104891099161510e-01
1.405245181712508838e+03 8.740826335151383546e+02 9.446445659000807238e-01
1.405266014454842662e+03 8.675893001441677370e+02 9.397005956743899047e-01
1.405286847196245162e+03 8.649525491454701296e+02 9.384895506405649401e-01
1.405307679937181092e+03 8.598176964216668239e+02 9.367078613462868075e-01
1.405328512677652952e+03 8.606942186351017199e+02 9.371045232140775560e-01
1.405349345417192126e+03 8.594410751516552409e+02 9.374952316162913357e-01
1.405370178156731527e+03 8.608474861662217563e+02 9.368673097016188001e-01
1.405391010895340514e+03 8.619199246054166679e+02 9.377789400293380373e-01
1.405411843633483841e+03 8.641125218305953695e+02 9.389570357880318019e-01
1.405432676370694935e+03 8.644346853149230583e+02 9.378870800734593338e-01
1.405453509107906484e+03 8.654671072445305526e+02 9.385456929065800757e-01
1.405474341844187165e+03 8.661198982330745366e+02 9.385923062182124355e-01
1.405495174580000821e+03 8.716798743817078048e+02 9.404522188999199228e-01
1.405516007315349952e+03 8.762217705532145828e+02 9.428495684181168457e-01
1.405536840050232968e+03 8.787687659929076744e+02 9.437162936425080861e-01
1.405557672784185343e+03 8.813254713615442597e+02 9.481428351639061836e-01
1.405578505518136353e+03 8.837514268228984520e+02 9.460194048978101122e-01
1.405599338251156951e+03 8.832469697437101104e+02 9.449809099721496741e-01
1.405620170983712342e+03 8.817342666968976346e+02 9.446092306781697090e-01
1.405641003715801617e+03 8.832054196410650775e+02 9.458088163035529572e-01
1.405661836446958660e+03 8.849729378117999659e+02 9.462399622537214228e-01
1.405682669178117521e+03 8.870424716458639978e+02 9.466820246386459248e-01
1.405703501908344151e+03 8.872334980814512164e+02 9.477079951286481174e-01
1.405724334638105120e+03 8.844649350218893460e+02 9.470438904163357430e-01
1.405745167367399063e+03 8.813692068784204139e+02 9.440602607283793413e-01
1.405766000096229618e+03 8.790735702394292730e+02 9.441896185199375457e-01
1.405786832824128396e+03 8.734820042820606432e+02 9.414344561771453845e-01
1.405807665552026492e+03 8.695839181428000302e+02 9.404734505267984268e-01
1.405828498278992356e+03 8.678434368183155811e+02 9.389477994565073038e-01
1.405849331005494605e+03 8.630233701499414565e+02 9.406418288743696454e-01
1.405870163731530511e+03 8.555093400554594609e+02 9.348784031566951258e-01
1.405890996457099845e+03 8.559716799253953923e+02 9.338668679123408589e-01
1.405911829182204201e+03 8.529510430811633341e+02 9.343348159569598854e-01
1.405932661906377007e+03 8.513680959504620205e+02 9.323252915156150511e-01
1.405953494630550949e+03 8.529359872845367363e+02 9.329270092889352384e-01
1.405974327353791978e+03 8.511006685902112849e+02 9.326028712906425655e-01
1.405995160076567572e+03 8.506700524688959604e+02 9.339979246553484771e-01
1.406015992798878415e+03 8.476596878221324687e+02 9.306417104272464158e-01
1.406036825520724051e+03 8.497357553651231683e+02 9.316279252504268138e-01
1.409370056959068961e+03 7.653838708519588181e+02 2.478253386011179948e+00
