1.492183175227487936e+03 9.312011718750000000e+00 7.482175230979919434e-01
1.492204008851094841e+03 8.045654296875000000e+00 7.494167089462280273e-01
1.492224842473305443e+03 9.248229980468750000e+00 7.478885650634765625e-01
1.492245676094119062e+03 9.120178222656250000e+00 7.481505274772644043e-01
1.492266509713535015e+03 8.981689453125000000e+00 7.479125857353210449e-01
1.492287343332020100e+03 7.000915527343750000e+00 7.472505569458007812e-01
1.492308176948642540e+03 1.008679199218750000e+01 7.489352822303771973e-01
1.492329010564333430e+03 8.884887695312500000e+00 7.478325963020324707e-01
1.492349844178627563e+03 8.179931640625000000e+00 7.490383386611938477e-01
1.492370677791990147e+03 7.773864746093750000e+00 7.474769353866577148e-01
1.492391511403490085e+03 8.352783203125000000e+00 7.478729486465454102e-01
1.492412345014059156e+03 8.900329589843750000e+00 7.479627132415771484e-01
1.492433178623231470e+03 9.096069335937500000e+00 7.490726709365844727e-01
1.492454012231007027e+03 8.309875488281250000e+00 7.476632595062255859e-01
1.492474845837384464e+03 8.648925781250000000e+00 7.477589845657348633e-01
1.492495679442831033e+03 9.269165039062500000e+00 7.480891942977905273e-01
1.492516513046880391e+03 8.679687500000000000e+00 7.480518817901611328e-01
1.492537346649532992e+03 8.981811523437500000e+00 7.482776045799255371e-01
1.492558180250789519e+03 8.554199218750000000e+00 7.479224801063537598e-01
1.492579013851113586e+03 8.372924804687500000e+00 7.486103773117065430e-01
1.492599847449575009e+03 9.278686523437500000e+00 7.481196522712707520e-01
1.492620681047105563e+03 8.162658691406250000e+00 7.477371096611022949e-01
1.492641514643703886e+03 8.111022949218750000e+00 7.478743195533752441e-01
1.492662348238440472e+03 7.215820312500000000e+00 7.474563717842102051e-01
1.492683181832245509e+03 9.431762695312500000e+00 7.487612962722778320e-01
1.492704015424653562e+03 9.597045898437500000e+00 7.484381794929504395e-01
1.492724849015664404e+03 8.700439453125000000e+00 7.477298974990844727e-01
1.492745682605278489e+03 8.784973144531250000e+00 7.482432723045349121e-01
1.492766516193961024e+03 8.007507324218750000e+00 7.476763725280761719e-01
1.492787349781247030e+03 9.342712402343750000e+00 7.483624815940856934e-01
1.492808183367134916e+03 8.252258300781250000e+00 7.477699518203735352e-01
1.492829016952093070e+03 8.830444335937500000e+00 7.489352822303771973e-01
1.492849850535187443e+03 9.636962890625000000e+00 7.491409778594970703e-01
1.492870684117350947e+03 6.773437500000000000e+00 7.472550868988037109e-01
1.492891517698582902e+03 8.596069335937500000e+00 7.489438056945800781e-01
1.492912351277952439e+03 8.884216308593750000e+00 7.483592629432678223e-01
1.492933184856391563e+03 7.605224609375000000e+00 7.474796175956726074e-01
1.492954018433433021e+03 7.596252441406250000e+00 7.475242614746093750e-01
1.492974852009543156e+03 9.151489257812500000e+00 7.481235861778259277e-01
1.492995685584256080e+03 8.468261718750000000e+00 7.487258315086364746e-01
1.493016519157572020e+03 7.866699218750000000e+00 7.477660775184631348e-01
1.493037352729490522e+03 8.014343261718750000e+00 7.478286623954772949e-01
1.493058186300478155e+03 8.396484375000000000e+00 7.480401992797851562e-01
1.493079019870068578e+03 9.604858398437500000e+00 7.489007115364074707e-01
1.493099853438728132e+03 9.163574218750000000e+00 7.486255168914794922e-01
1.493120687005524587e+03 8.357849121093750000e+00 7.479423284530639648e-01
1.493141520571389492e+03 9.176208496093750000e+00 7.485391497611999512e-01
1.493162354136323529e+03 8.506958007812500000e+00 7.481384277343750000e-01
1.493183187699861037e+03 8.749023437500000000e+00 7.480685710906982422e-01
1.493204021262000424e+03 9.318359375000000000e+00 7.489880323410034180e-01
1.493224854822743509e+03 8.874206542968750000e+00 7.487950325012207031e-01
1.493245688382555045e+03 9.831176757812500000e+00 7.487670779228210449e-01
1.493266521940970051e+03 8.789428710937500000e+00 7.481812238693237305e-01
1.493287355498453053e+03 7.630554199218750000e+00 7.477793693542480469e-01
1.493308189054539980e+03 1.020318603515625000e+01 7.489575743675231934e-01
1.493329022609229014e+03 9.655761718750000000e+00 7.487533688545227051e-01
1.493349856162987180e+03 9.852539062500000000e+00 7.490242719650268555e-01
1.493370689715347908e+03 9.991638183593750000e+00 7.486060857772827148e-01
1.493391523266777995e+03 9.553161621093750000e+00 7.487069368362426758e-01
1.493412356816810416e+03 9.828430175781250000e+00 7.488948106765747070e-01
1.493433190365446990e+03 7.098632812500000000e+00 7.473595738410949707e-01
1.493454023913151104e+03 8.732360839843750000e+00 7.479336857795715332e-01
1.493474857459459599e+03 1.004956054687500000e+01 7.486327886581420898e-01
1.493495691004836090e+03 9.513000488281250000e+00 7.488290667533874512e-01
1.493516524548815141e+03 8.913452148437500000e+00 7.483292222023010254e-01
1.493537358091397891e+03 8.528503417968750000e+00 7.479903697967529297e-01
1.493558191633049091e+03 9.595825195312500000e+00 7.483557462692260742e-01
1.493579025173302853e+03 9.067443847656250000e+00 7.487044930458068848e-01
1.493599858712625519e+03 8.549926757812500000e+00 7.481540441513061523e-01
1.493620692250550974e+03 9.399780273437500000e+00 7.485197186470031738e-01
1.493641525787079445e+03 9.293945312500000000e+00 7.482778429985046387e-01
1.493662359322676821e+03 9.809936523437500000e+00 7.488943338394165039e-01
1.493683192857342874e+03 9.379638671875000000e+00 7.498294115066528320e-01
1.493704026390611943e+03 8.583007812500000000e+00 7.484833002090454102e-01
1.493724859922484029e+03 9.606628417968750000e+00 7.487588524818420410e-01
1.493745693453424565e+03 8.642456054687500000e+00 7.483352422714233398e-01
1.493766526983434005e+03 8.091552734375000000e+00 7.476484179496765137e-01
1.493787360511580573e+03 9.989501953125000000e+00 7.489938139915466309e-01
1.493808194039261480e+03 9.533569335937500000e+00 7.486594319343566895e-01
1.493829027565079969e+03 9.428283691406250000e+00 7.491735816001892090e-01
1.493849861090433023e+03 9.868896484375000000e+00 7.501900196075439453e-01
1.493870694613922979e+03 9.235595703125000000e+00 7.484890818595886230e-01
1.493891528136481611e+03 9.298583984375000000e+00 7.485358715057373047e-01
1.493912361658109148e+03 9.578247070312500000e+00 7.487913966178894043e-01
1.493933195178339474e+03 9.516906738281250000e+00 7.486145496368408203e-01
1.493954028697638478e+03 8.905273437500000000e+00 7.485711574554443359e-01
1.493974862215540952e+03 9.642272949218750000e+00 7.487984895706176758e-01
1.493995695732511422e+03 9.354125976562500000e+00 7.483690381050109863e-01
1.494016529248085590e+03 9.728576660156250000e+00 7.500712275505065918e-01
1.494037362762727980e+03 1.027270507812500000e+01 7.489194273948669434e-01
1.494058196275973387e+03 9.381164550781250000e+00 7.495542764663696289e-01
1.494079029788288153e+03 8.650756835937500000e+00 7.481431365013122559e-01
1.494099863299205481e+03 9.580871582031250000e+00 7.486417889595031738e-01
1.494120696809191941e+03 8.864807128906250000e+00 7.486563920974731445e-01
1.494141530317780962e+03 8.832763671875000000e+00 7.492772936820983887e-01
1.494162363825439115e+03 8.544921875000000000e+00 7.483510375022888184e-01
1.494183197331699375e+03 9.002319335937500000e+00 7.482942938804626465e-01
1.494204030837028995e+03 9.343139648437500000e+00 7.487983703613281250e-01
1.494224864340960949e+03 9.454467773437500000e+00 7.490846514701843262e-01
1.494245697843962034e+03 7.599426269531250000e+00 7.483013868331909180e-01
1.494266531346031570e+03 1.034033203125000000e+01 7.497690320014953613e-01
1.494287364846703895e+03 9.227539062500000000e+00 7.485128045082092285e-01
1.494308198346445579e+03 9.573608398437500000e+00 7.486964464187622070e-01
1.494329031844789824e+03 8.937072753906250000e+00 7.484107613563537598e-01
1.494349865341737541e+03 8.681762695312500000e+00 7.481031417846679688e-01
1.494370698838219141e+03 8.665649414062500000e+00 7.494506239891052246e-01
1.494391532332837869e+03 8.892089843750000000e+00 7.484090924263000488e-01
1.494412365826991845e+03 8.560791015625000000e+00 7.480717897415161133e-01
1.494433199319747928e+03 9.711120605468750000e+00 7.487167119979858398e-01
1.494454032811107481e+03 8.831787109375000000e+00 7.482281327247619629e-01
1.494474866301536622e+03 9.448059082031250000e+00 7.484216094017028809e-01
1.494495699791033076e+03 8.888122558593750000e+00 7.484205365180969238e-01
1.494516533279133000e+03 8.426147460937500000e+00 7.480334639549255371e-01
1.494537366766301602e+03 9.117919921875000000e+00 7.484668493270874023e-01
1.494558200252072993e+03 9.685852050781250000e+00 7.487912178039550781e-01
1.494579033736913516e+03 8.728027343750000000e+00 7.484446763992309570e-01
1.494599867220822034e+03 9.486816406250000000e+00 7.485920190811157227e-01
1.494620700703334023e+03 9.807617187500000000e+00 7.485296726226806641e-01
1.494641534184914462e+03 9.450744628906250000e+00 7.485232353210449219e-01
1.494662367665097918e+03 9.557495117187500000e+00 7.485395073890686035e-01
1.494683201144350505e+03 9.688049316406250000e+00 7.486627697944641113e-01
1.494704034622671543e+03 1.042358398437500000e+01 7.488679885864257812e-01
1.494724868099594914e+03 9.190795898437500000e+00 7.485391497611999512e-01
1.494745701575122439e+03 9.257263183593750000e+00 7.492126226425170898e-01
1.494766535050183847e+03 8.149780273437500000e+00 7.480608224868774414e-01
1.494787368523848045e+03 9.288330078125000000e+00 7.485889792442321777e-01
1.494829035467451376e+03 9.217224121093750000e+00 7.483125329017639160e-01
1.494849868937856172e+03 9.447753906250000000e+00 7.483640313148498535e-01
1.494870702406863984e+03 9.179748535156250000e+00 7.481987476348876953e-01
1.494891535874940018e+03 8.647644042968750000e+00 7.480834126472473145e-01
1.494912369342086095e+03 9.494689941406250000e+00 7.486540675163269043e-01
1.494933202807834959e+03 8.869934082031250000e+00 7.485131621360778809e-01
1.494954036272651592e+03 9.232666015625000000e+00 7.482028603553771973e-01
1.494974869736071014e+03 9.396728515625000000e+00 7.484406828880310059e-01
1.494995703198560022e+03 8.643737792968750000e+00 7.479149699211120605e-01
1.495016536660117026e+03 8.969360351562500000e+00 7.486239075660705566e-01
1.495037370120277046e+03 8.990356445312500000e+00 7.481023073196411133e-01
1.495058203579505971e+03 8.541442871093750000e+00 7.478817701339721680e-01
1.495079037037803573e+03 9.576477050781250000e+00 7.485926151275634766e-01
1.495099870494703964e+03 8.431884765625000000e+00 7.480692863464355469e-01
1.495120703950673033e+03 8.256469726562500000e+00 7.483438849449157715e-01
1.495141537405244890e+03 7.762329101562500000e+00 7.475923299789428711e-01
1.495162370858885879e+03 1.058239746093750000e+01 7.489584088325500488e-01
1.495183204311596000e+03 9.158081054687500000e+00 7.479727268218994141e-01
1.495204037762908456e+03 9.498962402343750000e+00 7.488270401954650879e-01
1.495224871213290044e+03 8.653015136718750000e+00 7.478184700012207031e-01
1.495245704662739627e+03 1.002441406250000000e+01 7.483254671096801758e-01
1.495266538110792453e+03 8.240783691406250000e+00 7.490890622138977051e-01
1.495287371557913957e+03 8.075317382812500000e+00 7.474113106727600098e-01
1.495308205004103911e+03 8.729553222656250000e+00 7.487441301345825195e-01
1.495329038448898018e+03 8.437683105468750000e+00 7.481707334518432617e-01
1.495349871892759893e+03 9.147888183593750000e+00 7.479958534240722656e-01
1.495370705335225011e+03 1.027929687500000000e+01 7.488009333610534668e-01
1.495391538777224014e+03 8.575683593750000000e+00 7.486492991447448730e-01
1.495412372217361053e+03 9.300170898437500000e+00 7.483621239662170410e-01
1.495433205657031976e+03 8.569824218750000000e+00 7.484989762306213379e-01
1.495454039095307053e+03 9.763427734375000000e+00 7.488089799880981445e-01
1.495474872532649442e+03 8.162597656250000000e+00 7.476023435592651367e-01
1.495495705968594848e+03 9.685729980468750000e+00 7.480424046516418457e-01
1.495516539404075502e+03 9.860168457031250000e+00 7.482233047485351562e-01
1.495537372837693056e+03 8.204040527343750000e+00 7.472870349884033203e-01
1.495558206270844494e+03 8.909545898437500000e+00 7.479904294013977051e-01
1.495579039702599403e+03 9.166442871093750000e+00 7.479256987571716309e-01
1.495599873133422989e+03 8.452941894531250000e+00 7.474346160888671875e-01
1.495620706562849136e+03 9.376342773437500000e+00 7.487969994544982910e-01
1.495641539991344416e+03 8.875366210937500000e+00 7.478136420249938965e-01
1.495662373418907919e+03 9.497802734375000000e+00 7.480571269989013672e-01
1.495683206845541008e+03 8.474243164062500000e+00 7.488830089569091797e-01
1.495704040270776431e+03 9.591918945312500000e+00 7.477979660034179688e-01
1.495724873695080987e+03 8.589965820312500000e+00 7.473110556602478027e-01
1.495745707117987877e+03 9.591247558593750000e+00 7.491986155509948730e-01
1.495766540539963898e+03 8.176391601562500000e+00 7.480251193046569824e-01
1.495787373961008598e+03 9.650085449218750000e+00 7.480858564376831055e-01
1.495808207380656086e+03 8.938842773437500000e+00 7.475007176399230957e-01
1.495829040799837912e+03 8.012207031250000000e+00 7.469485402107238770e-01
1.495849874217622983e+03 9.659240722656250000e+00 7.490293383598327637e-01
1.495870707634011069e+03 9.713745117187500000e+00 7.484787702560424805e-01
1.495891541049468060e+03 9.784484863281250000e+00 7.478483915328979492e-01
1.495912374463992819e+03 7.785644531250000000e+00 7.470431327819824219e-01
1.495933207877586938e+03 9.677124023437500000e+00 7.477892041206359863e-01
1.495954041289784072e+03 8.439636230468750000e+00 7.471456527709960938e-01
1.495974874701049885e+03 8.851135253906250000e+00 7.475722432136535645e-01
1.495995708111383919e+03 1.018969726562500000e+01 7.486497759819030762e-01
1.496016541520321425e+03 9.914062500000000000e+00 7.478311657905578613e-01
1.496037374928328063e+03 9.208251953125000000e+00 7.474089860916137695e-01
1.496058208335402469e+03 8.263610839843750000e+00 7.474134564399719238e-01
1.496079041741079891e+03 9.125244140625000000e+00 7.475193142890930176e-01
1.496099875145826445e+03 9.359985351562500000e+00 7.475504875183105469e-01
1.496120708549642131e+03 9.407653808593750000e+00 7.480733394622802734e-01
1.496141541952059924e+03 9.440673828125000000e+00 7.477284073829650879e-01
1.496162375354012511e+03 8.983520507812500000e+00 7.475070357322692871e-01
1.496183208754102452e+03 8.809326171875000000e+00 7.474749684333801270e-01
1.496204042153726505e+03 9.487670898437500000e+00 7.477014064788818359e-01
1.496224875551954028e+03 8.870239257812500000e+00 7.471273541450500488e-01
1.496245708949250002e+03 1.019085693359375000e+01 7.476993799209594727e-01
1.496266542345613971e+03 9.911865234375000000e+00 7.480883002281188965e-01
1.496287375740581865e+03 8.610229492187500000e+00 7.480250597000122070e-01
1.496308209134617982e+03 9.203491210937500000e+00 7.479600310325622559e-01
1.496329042527723004e+03 8.469299316406250000e+00 7.467572689056396484e-01
1.496349875919431042e+03 8.152099609375000000e+00 7.469001412391662598e-01
1.496370709310207985e+03 1.106292724609375000e+01 7.482999563217163086e-01
1.496391542700052923e+03 8.767456054687500000e+00 7.467211484909057617e-01
1.496412376088500878e+03 8.800109863281250000e+00 7.474651932716369629e-01
1.496433209476484535e+03 9.953979492187500000e+00 7.475965619087219238e-01
1.496454042862604638e+03 8.199279785156250000e+00 7.476060986518859863e-01
1.496474876248259079e+03 8.993530273437500000e+00 7.471427321434020996e-01
1.496495709632516082e+03 7.642578125000000000e+00 7.467620968818664551e-01
1.496516543015841989e+03 9.963317871093750000e+00 7.476736903190612793e-01
1.496537376398237029e+03 1.044042968750000000e+01 7.486318945884704590e-01
1.496558209779234858e+03 1.040075683593750000e+01 7.475540637969970703e-01
1.496579043159767025e+03 9.177978515625000000e+00 7.467413544654846191e-01
1.496599876538436092e+03 1.023406982421875000e+01 7.474445700645446777e-01
1.496620709916639953e+03 9.223510742187500000e+00 7.469719648361206055e-01
1.496641543293446830e+03 8.635803222656250000e+00 7.470344901084899902e-01
1.496662376669321930e+03 8.427062988281250000e+00 7.478506565093994141e-01
1.496683210044266616e+03 9.109313964843750000e+00 7.472378015518188477e-01
1.496704043417813409e+03 9.075012207031250000e+00 7.466485500335693359e-01
1.496724876790428880e+03 7.854370117187500000e+00 7.461602687835693359e-01
1.496745710162113937e+03 9.450134277343750000e+00 7.472603917121887207e-01
1.496766543532401101e+03 1.037854003906250000e+01 7.478700280189514160e-01
1.496787376901757398e+03 7.874816894531250000e+00 7.461388111114501953e-01
1.496808210270181917e+03 9.295532226562500000e+00 7.468671798706054688e-01
1.496829043637676023e+03 9.252380371093750000e+00 7.467952966690063477e-01
1.496849877003772463e+03 9.841857910156250000e+00 7.469829320907592773e-01
1.496870710368938035e+03 9.078247070312500000e+00 7.466429471969604492e-01
1.496891543732705941e+03 9.703125000000000000e+00 7.471966147422790527e-01
1.496912377096008413e+03 9.445068359375000000e+00 7.466396093368530273e-01
1.496933210457913901e+03 9.830749511718750000e+00 7.472798228263854980e-01
1.496954043818888522e+03 8.960693359375000000e+00 7.468850612640380859e-01
1.496974877178466159e+03 9.965087890625000000e+00 7.469088435173034668e-01
1.496995710537112018e+03 9.957946777343750000e+00 7.475665807723999023e-01
1.497016543894827009e+03 9.934631347656250000e+00 7.468284964561462402e-01
1.497037377251609996e+03 9.384765625000000000e+00 7.468128800392150879e-01
1.497058210606995999e+03 9.427551269531250000e+00 7.475453615188598633e-01
1.497079043961450907e+03 1.000549316406250000e+01 7.468588352203369141e-01
1.497099877314974947e+03 1.037475585937500000e+01 7.469907402992248535e-01
1.497120710667102003e+03 1.034246826171875000e+01 7.471734881401062012e-01
1.497141544018296827e+03 9.697631835937500000e+00 7.466648221015930176e-01
1.497162377368561465e+03 9.598754882812500000e+00 7.464913129806518555e-01
1.497183210717893871e+03 9.063293457031250000e+00 7.465824484825134277e-01
1.497204044065829976e+03 9.107971191406250000e+00 7.462490797042846680e-01
1.497224877412833848e+03 9.036804199218750000e+00 7.465494275093078613e-01
1.497245710758907535e+03 9.967529296875000000e+00 7.468057274818420410e-01
1.497266544103583556e+03 9.380676269531250000e+00 7.465060353279113770e-01
1.497287377447328481e+03 7.763793945312500000e+00 7.458449602127075195e-01
1.497308210790141857e+03 9.188232421875000000e+00 7.464318275451660156e-01
1.497329044132023910e+03 1.022058105468750000e+01 7.475046515464782715e-01
1.497349877472508979e+03 9.693664550781250000e+00 7.470647096633911133e-01
1.497370710812063862e+03 1.039367675781250000e+01 7.467141747474670410e-01
1.497391544150220398e+03 8.937561035156250000e+00 7.469130754470825195e-01
1.497412377487912181e+03 1.023779296875000000e+01 7.469946146011352539e-01
1.497433210824206071e+03 9.137451171875000000e+00 7.468330264091491699e-01
1.497454044159103432e+03 9.207519531250000000e+00 7.466791868209838867e-01
1.497474877493535132e+03 1.088732910156250000e+01 7.472496032714843750e-01
1.497495710826569848e+03 1.080566406250000000e+01 7.471451759338378906e-01
1.497516544158673014e+03 9.814453125000000000e+00 7.473228573799133301e-01
1.497537377489378969e+03 9.835998535156250000e+00 7.468904256820678711e-01
1.497558210819619944e+03 9.623901367187500000e+00 7.465416789054870605e-01
1.497579044148463481e+03 9.687133789062500000e+00 7.465299963951110840e-01
1.497599877475910489e+03 1.092846679687500000e+01 7.480558753013610840e-01
1.497620710802891608e+03 9.471801757812500000e+00 7.467256188392639160e-01
1.497641544128475516e+03 8.952087402343750000e+00 7.472351789474487305e-01
1.497662377453128101e+03 8.242919921875000000e+00 7.457463145256042480e-01
1.497683210776383930e+03 9.778320312500000000e+00 7.470974326133728027e-01
1.497704044098707982e+03 9.836791992187500000e+00 7.464265823364257812e-01
1.497724877420100938e+03 1.028381347656250000e+01 7.468346357345581055e-01
1.497745710740563027e+03 9.555358886718750000e+00 7.463148236274719238e-01
1.497766544050314451e+03 9.104003906250000000e+00 7.463371753692626953e-01
1.497787377368448006e+03 9.989257812500000000e+00 7.470210790634155273e-01
1.497808210685184577e+03 9.366394042968750000e+00 7.459467649459838867e-01
1.497829044001455486e+03 9.729125976562500000e+00 7.461802363395690918e-01
1.497849877316328957e+03 1.021984863281250000e+01 7.464718222618103027e-01
1.497870710630272015e+03 1.057983398437500000e+01 7.464163899421691895e-01
1.497891543942816952e+03 1.013635253906250000e+01 7.464265823364257812e-01
1.497912377254431476e+03 9.210815429687500000e+00 7.462047934532165527e-01
1.497954043874865874e+03 9.911621093750000000e+00 7.472239732742309570e-01
1.497974877183220542e+03 8.731811523437500000e+00 7.458394765853881836e-01
1.497995710490643887e+03 9.390502929687500000e+00 7.475236654281616211e-01
1.498016543797135455e+03 9.428283691406250000e+00 7.459770441055297852e-01
1.498037377102230039e+03 1.028295898437500000e+01 7.461427450180053711e-01
1.498058210406393073e+03 9.816589355468750000e+00 7.470765113830566406e-01
1.498079043709625012e+03 9.749084472656250000e+00 7.468878626823425293e-01
1.498099877011460421e+03 1.035632324218750000e+01 7.459203600883483887e-01
1.498120710312364508e+03 9.385742187500000000e+00 7.456269860267639160e-01
1.498141543612337045e+03 9.319702148437500000e+00 7.480025887489318848e-01
1.498162376911378487e+03 8.847595214843750000e+00 7.454347610473632812e-01
1.498183210209022945e+03 8.687255859375000000e+00 7.451611757278442383e-01
1.498204043505736081e+03 1.002954101562500000e+01 7.458527088165283203e-01
1.498224876801052005e+03 9.073303222656250000e+00 7.456399798393249512e-01
1.498245710095902041e+03 9.150207519531250000e+00 7.471080422401428223e-01
1.498266543389356002e+03 9.214965820312500000e+00 7.459522485733032227e-01
1.498287376681411843e+03 9.703247070312500000e+00 7.457627654075622559e-01
1.498308209972537043e+03 1.004571533203125000e+01 7.461965084075927734e-01
1.498329043262730920e+03 9.490539550781250000e+00 7.457178831100463867e-01
1.498349876551993930e+03 9.826538085937500000e+00 7.460260987281799316e-01
1.498370709840324935e+03 9.354858398437500000e+00 7.452657222747802734e-01
1.498391543127259411e+03 8.235839843750000000e+00 7.449885606765747070e-01
1.498412376412796448e+03 9.669433593750000000e+00 7.455878257751464844e-01
1.498433209697867824e+03 9.485900878906250000e+00 7.460696101188659668e-01
1.498454042981542443e+03 9.233154296875000000e+00 7.455757856369018555e-01
1.498474876264285967e+03 8.545166015625000000e+00 7.453706264495849609e-01
1.498495709545632053e+03 1.015380859375000000e+01 7.466368675231933594e-01
1.498516542826047043e+03 9.173400878906250000e+00 7.449671626091003418e-01
1.498537376105530484e+03 9.767333984375000000e+00 7.461130023002624512e-01
1.498558209383616941e+03 1.015863037109375000e+01 7.457033395767211914e-01
1.498579042660772529e+03 1.034863281250000000e+01 7.456790804862976074e-01
1.498599875936995886e+03 8.979736328125000000e+00 7.450951337814331055e-01
1.498620709212289057e+03 9.170166015625000000e+00 7.451829910278320312e-01
1.498641542486185017e+03 8.720458984375000000e+00 7.451206445693969727e-01
1.498662375759148972e+03 9.502624511718750000e+00 7.450842261314392090e-01
1.498683209030716171e+03 8.845397949218750000e+00 7.446632981300354004e-01
1.498704042301352047e+03 8.989379882812500000e+00 7.448996305465698242e-01
1.498724875571057055e+03 8.927490234375000000e+00 7.446494102478027344e-01
1.498745708839363488e+03 9.049499511718750000e+00 7.450315356254577637e-01
1.498766542107205169e+03 9.347290039062500000e+00 7.452347278594970703e-01
1.498787375373184432e+03 9.799377441406250000e+00 7.450576424598693848e-01
1.498808208638698488e+03 9.649291992187500000e+00 7.449288368225097656e-01
1.498829041902814879e+03 1.071618652343750000e+01 7.452958822250366211e-01
1.498849875166000402e+03 1.074340820312500000e+01 7.452558279037475586e-01
1.498870708427788941e+03 1.085308837890625000e+01 7.453748583793640137e-01
1.498891541688646157e+03 9.605529785156250000e+00 7.450730800628662109e-01
1.498912374948572051e+03 9.063659667968750000e+00 7.446027994155883789e-01
1.498933208207100961e+03 9.322082519531250000e+00 7.446644902229309082e-01
1.498954041464698093e+03 9.126342773437500000e+00 7.443903088569641113e-01
1.498974874721363904e+03 8.986267089843750000e+00 7.441579103469848633e-01
1.498995707976633412e+03 8.098571777343750000e+00 7.443024516105651855e-01
1.499016541230971143e+03 9.084838867187500000e+00 7.443456649780273438e-01
1.499037374484378006e+03 1.000439453125000000e+01 7.443554401397705078e-01
1.499058207736387430e+03 9.649353027343750000e+00 7.454518675804138184e-01
1.499079040987465987e+03 9.855529785156250000e+00 7.450962066650390625e-01
1.499099874237147105e+03 9.578796386718750000e+00 7.440534830093383789e-01
1.499120707485897128e+03 1.033386230468750000e+01 7.448485493659973145e-01
1.499141540733715829e+03 9.657287597656250000e+00 7.448449730873107910e-01
1.499162373980137090e+03 1.017163085937500000e+01 7.453939914703369141e-01
1.499183207225627484e+03 1.138293457031250000e+01 7.449704408645629883e-01
1.499204040470186555e+03 9.707641601562500000e+00 7.443044185638427734e-01
1.499224873713348416e+03 1.121032714843750000e+01 7.449195384979248047e-01
1.499245706955578953e+03 7.916564941406250000e+00 7.430195212364196777e-01
1.499266540196877941e+03 8.514953613281250000e+00 7.434830665588378906e-01
1.499287373436779944e+03 9.965393066406250000e+00 7.445468902587890625e-01
1.499308206675751080e+03 1.039129638671875000e+01 7.442778348922729492e-01
1.499329039913325005e+03 1.038018798828125000e+01 7.440752387046813965e-01
1.499349873149968062e+03 9.585205078125000000e+00 7.435046434402465820e-01
1.499370706385679114e+03 1.204241943359375000e+01 7.447842359542846680e-01
1.499391539619994091e+03 9.659362792968750000e+00 7.447563409805297852e-01
1.499412372853376837e+03 1.051025390625000000e+01 7.439485788345336914e-01
1.499433206085828942e+03 9.137145996093750000e+00 7.434621453285217285e-01
1.499454039316883609e+03 1.004852294921875000e+01 7.440449595451354980e-01
1.499474872546541519e+03 9.185546875000000000e+00 7.433210015296936035e-01
1.499495705775733541e+03 1.124658203125000000e+01 7.445276379585266113e-01
1.499516539003528578e+03 9.299133300781250000e+00 7.431521415710449219e-01
1.499537372229926859e+03 9.626098632812500000e+00 7.435328960418701172e-01
1.499558205455394045e+03 1.015832519531250000e+01 7.438242435455322266e-01
1.499579038679928999e+03 8.789184570312500000e+00 7.431337237358093262e-01
1.499599871903068106e+03 9.862548828125000000e+00 7.436454296112060547e-01
1.499620705125274981e+03 1.050463867187500000e+01 7.436360120773315430e-01
1.499641538346550988e+03 1.025366210937500000e+01 7.434863448143005371e-01
1.499662371566430011e+03 9.378662109375000000e+00 7.434372901916503906e-01
1.499683204784912050e+03 8.906188964843750000e+00 7.433620095252990723e-01
1.499704038002462084e+03 9.907165527343750000e+00 7.438253164291381836e-01
1.499724871219080569e+03 9.809936523437500000e+00 7.437309026718139648e-01
1.499745704434768413e+03 1.080096435546875000e+01 7.452587485313415527e-01
1.499766537649059501e+03 9.652648925781250000e+00 7.429493069648742676e-01
1.499787370861953150e+03 9.693664550781250000e+00 7.444451451301574707e-01
1.499808204073915931e+03 1.064324951171875000e+01 7.449746131896972656e-01
1.499829037284947390e+03 1.011340332031250000e+01 7.443720698356628418e-01
1.499849870494582092e+03 1.018676757812500000e+01 7.438119053840637207e-01
1.499870703703285017e+03 9.742858886718750000e+00 7.437714338302612305e-01
1.499891536910590958e+03 1.047015380859375000e+01 7.432764172554016113e-01
1.499912370116966031e+03 1.107812500000000000e+01 7.438725829124450684e-01
1.499933203322409099e+03 9.716979980468750000e+00 7.429118752479553223e-01
1.499954036526455639e+03 1.002819824218750000e+01 7.427111864089965820e-01
1.499974869729104967e+03 9.675354003906250000e+00 7.429428100585937500e-01
1.499995702930822972e+03 9.159667968750000000e+00 7.428638339042663574e-01
1.500016536131609882e+03 9.902221679687500000e+00 7.434252500534057617e-01
1.500037369331000036e+03 9.863098144531250000e+00 7.445605397224426270e-01
1.500058202529457503e+03 9.763244628906250000e+00 7.426595091819763184e-01
1.500079035726518441e+03 1.027276611328125000e+01 7.431457638740539551e-01
1.500099868922648511e+03 9.281494140625000000e+00 7.426139116287231445e-01
1.500120702117381825e+03 9.963317871093750000e+00 7.426820397377014160e-01
1.500141535311184043e+03 1.109423828125000000e+01 7.434071898460388184e-01
1.500162368503588823e+03 9.986938476562500000e+00 7.426915764808654785e-01
1.500183201695062053e+03 1.109838867187500000e+01 7.432000041007995605e-01
1.500204034885604415e+03 9.890686035156250000e+00 7.431945204734802246e-01
1.500224868074750020e+03 1.094622802734375000e+01 7.433477640151977539e-01
1.500245701262497960e+03 9.983276367187500000e+00 7.427167892456054688e-01
1.500266534449316168e+03 1.009802246093750000e+01 7.425155043601989746e-01
1.500287367634736029e+03 1.036584472656250000e+01 7.424954771995544434e-01
1.500308200819224112e+03 1.161364746093750000e+01 7.432023286819458008e-01
1.500329034002782009e+03 1.010546875000000000e+01 7.426064610481262207e-01
1.500349867184942013e+03 1.052478027343750000e+01 7.429348230361938477e-01
1.500370700365705488e+03 1.038677978515625000e+01 7.424952387809753418e-01
1.500391533545536959e+03 1.082031250000000000e+01 7.430245876312255859e-01
1.500412366723971445e+03 1.052575683593750000e+01 7.432678341865539551e-01
1.500433199901474836e+03 1.133642578125000000e+01 7.434265613555908203e-01
1.500454033078047587e+03 1.020123291015625000e+01 7.421583533287048340e-01
1.500474866252757010e+03 1.102813720703125000e+01 7.426026463508605957e-01
1.500495699427001455e+03 9.465637207031250000e+00 7.420440316200256348e-01
1.500516532599383027e+03 1.136352539062500000e+01 7.429229021072387695e-01
1.500537365771298937e+03 1.105975341796875000e+01 7.434237003326416016e-01
1.500558198941351975e+03 8.986572265625000000e+00 7.419335842132568359e-01
1.500579032110473463e+03 1.026379394531250000e+01 7.423740625381469727e-01
1.500599865278663856e+03 1.031604003906250000e+01 7.419714331626892090e-01
1.500620698445457947e+03 1.022186279296875000e+01 7.434658408164978027e-01
1.500641531610854145e+03 9.878417968750000000e+00 7.427101731300354004e-01
1.500662364775319475e+03 1.093347167968750000e+01 7.423486709594726562e-01
1.500683197938853027e+03 9.033813476562500000e+00 7.412439584732055664e-01
1.500704031100523480e+03 9.303405761718750000e+00 7.414572238922119141e-01
1.500724864261729181e+03 1.031567382812500000e+01 7.420129776000976562e-01
1.500745697421072009e+03 1.053820800781250000e+01 7.423208355903625488e-01
1.500766530579483515e+03 1.038891601562500000e+01 7.419415712356567383e-01
1.500787363736963925e+03 1.074993896484375000e+01 7.420575618743896484e-01
1.500808196892581464e+03 1.069189453125000000e+01 7.429420351982116699e-01
1.500829030047733568e+03 1.127709960937500000e+01 7.425792813301086426e-01
1.500849863201023027e+03 1.134503173828125000e+01 7.422159910202026367e-01
1.500870696353380936e+03 9.557983398437500000e+00 7.412384748458862305e-01
1.500891529504807977e+03 9.724487304687500000e+00 7.414998412132263184e-01
1.500912362654371464e+03 1.068463134765625000e+01 7.421735525131225586e-01
1.500933195803469971e+03 9.959228515625000000e+00 7.415025234222412109e-01
1.500954028950706061e+03 9.258666992187500000e+00 7.410773038864135742e-01
1.500974862097009463e+03 1.041162109375000000e+01 7.423538565635681152e-01
1.500995695241916565e+03 9.761352539062500000e+00 7.419778108596801758e-01
1.501016528385892570e+03 1.145483398437500000e+01 7.419165968894958496e-01
1.501037361528471592e+03 9.358032226562500000e+00 7.416349053382873535e-01
1.501079027809904574e+03 1.010089111328125000e+01 7.411855459213256836e-01
1.501099860948758987e+03 9.856567382812500000e+00 7.411350607872009277e-01
1.501120694086215508e+03 1.020214843750000000e+01 7.413979172706604004e-01
1.501141527222740933e+03 1.058532714843750000e+01 7.420784235000610352e-01
1.501162360357869602e+03 1.103308105468750000e+01 7.417522668838500977e-01
1.501183193491600832e+03 1.138574218750000000e+01 7.418206930160522461e-01
1.501204026624402104e+03 1.078601074218750000e+01 7.432079315185546875e-01
1.501224859755804573e+03 9.895996093750000000e+00 7.409698367118835449e-01
1.501245692885810058e+03 1.120812988281250000e+01 7.416737079620361328e-01
1.501266526014419469e+03 1.160968017578125000e+01 7.418766617774963379e-01
1.501287359142098012e+03 1.143316650390625000e+01 7.419494390487670898e-01
1.501308192268378434e+03 1.135961914062500000e+01 7.415475249290466309e-01
1.501329025393263009e+03 1.069586181640625000e+01 7.411644458770751953e-01
1.501349858517215580e+03 1.085717773437500000e+01 7.411701083183288574e-01
1.501370691639770939e+03 1.040319824218750000e+01 7.414661049842834473e-01
1.501391524760929997e+03 9.730957031250000000e+00 7.406792044639587402e-01
1.501412357880691616e+03 1.125183105468750000e+01 7.412796616554260254e-01
1.501433190999521912e+03 1.048815917968750000e+01 7.408800125122070312e-01
1.501454024116955452e+03 1.083764648437500000e+01 7.409259676933288574e-01
1.501474857232991326e+03 1.130493164062500000e+01 7.411730885505676270e-01
1.501495690347629989e+03 1.084155273437500000e+01 7.408685088157653809e-01
1.501516523461338011e+03 1.066442871093750000e+01 7.407825589179992676e-01
1.501537356573183843e+03 1.077056884765625000e+01 7.408612966537475586e-01
1.501558189684098124e+03 1.074499511718750000e+01 7.408727407455444336e-01
1.501579022793614968e+03 1.166723632812500000e+01 7.415843605995178223e-01
1.501599855902200943e+03 1.147473144531250000e+01 7.411016225814819336e-01
1.501620689008923819e+03 9.573364257812500000e+00 7.401213049888610840e-01
1.501641522114716054e+03 1.026525878906250000e+01 7.403072714805603027e-01
1.501662355219110850e+03 1.014257812500000000e+01 7.403250336647033691e-01
1.501683188322108890e+03 1.058233642578125000e+01 7.407315373420715332e-01
1.501704021423709037e+03 1.096246337890625000e+01 7.405942082405090332e-01
1.501724854523912427e+03 1.061798095703125000e+01 7.408550381660461426e-01
1.501745687622719515e+03 1.057202148437500000e+01 7.412959337234497070e-01
1.501766520720595054e+03 1.047802734375000000e+01 7.407806515693664551e-01
1.501787353817073836e+03 9.397521972656250000e+00 7.398064732551574707e-01
1.501808186911689972e+03 9.441162109375000000e+00 7.399302124977111816e-01
1.501829020005375014e+03 1.124121093750000000e+01 7.405218482017517090e-01
1.501849853097661935e+03 1.019482421875000000e+01 7.399803400039672852e-01
1.501870686188553009e+03 1.040161132812500000e+01 7.402638196945190430e-01
1.501891519278046871e+03 1.142767333984375000e+01 7.417001128196716309e-01
1.501912352366608502e+03 9.927551269531250000e+00 7.407090663909912109e-01
1.501933185453307942e+03 9.152648925781250000e+00 7.395269274711608887e-01
1.501954018538610399e+03 9.130554199218750000e+00 7.392763495445251465e-01
1.501974851622981987e+03 1.100610351562500000e+01 7.403423786163330078e-01
1.501995684705490930e+03 1.176550292968750000e+01 7.406766414642333984e-01
1.502016517787068551e+03 1.106561279296875000e+01 7.404524683952331543e-01
1.502037350866783072e+03 1.045269775390625000e+01 7.399109601974487305e-01
1.502058183945566952e+03 1.124926757812500000e+01 7.404828667640686035e-01
1.502079017022487960e+03 1.236633300781250000e+01 7.409115433692932129e-01
1.502099850098476963e+03 1.083874511718750000e+01 7.397907376289367676e-01
1.502120683172603549e+03 1.015606689453125000e+01 7.403269410133361816e-01
1.502141516245798584e+03 1.032153320312500000e+01 7.400825023651123047e-01
1.502162349317131429e+03 9.612121582031250000e+00 7.403599023818969727e-01
1.502183182387534089e+03 1.181481933593750000e+01 7.402901649475097656e-01
1.502204015456072966e+03 1.049389648437500000e+01 7.396944165229797363e-01
1.502224848523214860e+03 1.039495849609375000e+01 7.396590709686279297e-01
1.502245681589425431e+03 1.112713623046875000e+01 7.406554818153381348e-01
1.502266514653774038e+03 9.730834960937500000e+00 7.396852970123291016e-01
1.502287347716724980e+03 1.113513183593750000e+01 7.403062582015991211e-01
1.502308180778278029e+03 1.071313476562500000e+01 7.402917146682739258e-01
1.502329013838434548e+03 9.859985351562500000e+00 7.396858930587768555e-01
1.502349846897194993e+03 9.503601074218750000e+00 7.407190203666687012e-01
1.502370679954558000e+03 1.016815185546875000e+01 7.395194172859191895e-01
1.502391513010524022e+03 9.975646972656250000e+00 7.413130998611450195e-01
1.502412346065093061e+03 1.020037841796875000e+01 7.398366332054138184e-01
1.502433179117799455e+03 8.891479492187500000e+00 7.391147017478942871e-01
1.502454012169574980e+03 1.151116943359375000e+01 7.406150102615356445e-01
1.502474845219487634e+03 1.065356445312500000e+01 7.402159571647644043e-01
1.502495678268002393e+03 1.011688232421875000e+01 7.401466965675354004e-01
1.502516511315585831e+03 8.669250488281250000e+00 7.394049167633056641e-01
1.502537344361307532e+03 1.109942626953125000e+01 7.401295900344848633e-01
1.502558177405166134e+03 1.039074707031250000e+01 7.397181987762451172e-01
1.502579010448093868e+03 1.098760986328125000e+01 7.404405474662780762e-01
1.502599843489625073e+03 1.147766113281250000e+01 7.411374449729919434e-01
1.502620676529292950e+03 1.052673339843750000e+01 7.400551438331604004e-01
1.502641509568029051e+03 1.061535644531250000e+01 7.400965690612792969e-01
1.502662342604903415e+03 1.072973632812500000e+01 7.413825392723083496e-01
1.502683175640379886e+03 1.116650390625000000e+01 7.404608726501464844e-01
1.502704008674458919e+03 1.029870605468750000e+01 7.400955557823181152e-01
1.505391478705055988e+03 1.143676757812500000e+01 7.398570179939270020e-01
1.505412311850895094e+03 1.006292724609375000e+01 7.403892874717712402e-01
1.505433144995336079e+03 1.052899169921875000e+01 7.390134930610656738e-01
1.505453978138845969e+03 1.189086914062500000e+01 7.396455407142639160e-01
1.505474811280493441e+03 1.057147216796875000e+01 7.385067343711853027e-01
1.505495644421209818e+03 1.169720458984375000e+01 7.393611669540405273e-01
1.505516477560529438e+03 1.147357177734375000e+01 7.385586500167846680e-01
1.505537310698917963e+03 1.314807128906250000e+01 7.395745515823364258e-01
1.505558143835442479e+03 1.273840332031250000e+01 7.395596504211425781e-01
1.505578976971035900e+03 1.177801513671875000e+01 7.385743260383605957e-01
1.505599810105698907e+03 1.110906982421875000e+01 7.378135919570922852e-01
1.505620643238499497e+03 1.234765625000000000e+01 7.384243011474609375e-01
1.505641476370368537e+03 1.165380859375000000e+01 7.385083436965942383e-01
1.505662309500839456e+03 1.179461669921875000e+01 7.373560070991516113e-01
1.505683142630379962e+03 1.171026611328125000e+01 7.370749711990356445e-01
1.505703975758057823e+03 1.113299560546875000e+01 7.375046610832214355e-01
1.505724808884804133e+03 1.158569335937500000e+01 7.375528812408447266e-01
1.505745642010620031e+03 1.180645751953125000e+01 7.368632555007934570e-01
1.505766475134571465e+03 1.197802734375000000e+01 7.368111610412597656e-01
1.505787308257592031e+03 1.110626220703125000e+01 7.362308502197265625e-01
1.505808141379216977e+03 1.014550781250000000e+01 7.354179620742797852e-01
1.505828974499910146e+03 1.219171142578125000e+01 7.362928986549377441e-01
1.505849807619205876e+03 1.151135253906250000e+01 7.365772724151611328e-01
1.505870640737103940e+03 1.173461914062500000e+01 7.357399463653564453e-01
1.505891473854071592e+03 1.199700927734375000e+01 7.357557415962219238e-01
1.505912306969176370e+03 1.100097656250000000e+01 7.352385520935058594e-01
1.505933140083815942e+03 1.175555419921875000e+01 7.357721924781799316e-01
1.505953973196592869e+03 1.283850097656250000e+01 7.359113693237304688e-01
1.505974806308437564e+03 1.054949951171875000e+01 7.349725961685180664e-01
1.505995639418885503e+03 1.170812988281250000e+01 7.352892160415649414e-01
1.506016472528403483e+03 1.264471435546875000e+01 7.356116771697998047e-01
1.506037305636057908e+03 1.121868896484375000e+01 7.353658676147460938e-01
1.506058138743247127e+03 1.074780273437500000e+01 7.344577908515930176e-01
1.506078971848572564e+03 1.238940429687500000e+01 7.353932857513427734e-01
1.506099804952967133e+03 1.178039550781250000e+01 7.346038222312927246e-01
1.506120638055964946e+03 1.260827636718750000e+01 7.351521253585815430e-01
1.506141471158030981e+03 1.181787109375000000e+01 7.346568107604980469e-01
1.506162304258700942e+03 1.218005371093750000e+01 7.351158857345581055e-01
1.506183137358438444e+03 1.123797607421875000e+01 7.341027855873107910e-01
1.506203970456313527e+03 1.142968750000000000e+01 7.349036931991577148e-01
1.506224803553257971e+03 1.104687500000000000e+01 7.346603870391845703e-01
1.506245636649271091e+03 1.193524169921875000e+01 7.340217828750610352e-01
1.506266469743886091e+03 1.197991943359375000e+01 7.344430088996887207e-01
1.506287302837104562e+03 1.115148925781250000e+01 7.338818907737731934e-01
1.506308135929392392e+03 1.167230224609375000e+01 7.338752150535583496e-01
1.506328969020283012e+03 1.298937988281250000e+01 7.353349328041076660e-01
1.506349802110242535e+03 1.051428222656250000e+01 7.330024242401123047e-01
1.506370635198804393e+03 1.196252441406250000e+01 7.338533401489257812e-01
1.506391468285969040e+03 1.178863525390625000e+01 7.356384992599487305e-01
1.506412301372203046e+03 1.100817871093750000e+01 7.331230640411376953e-01
1.506433134457040069e+03 1.116662597656250000e+01 7.331432700157165527e-01
1.506453967540945996e+03 1.068237304687500000e+01 7.327576279640197754e-01
1.506474800623454485e+03 1.142694091796875000e+01 7.344592213630676270e-01
1.506495633705030968e+03 1.199078369140625000e+01 7.338022589683532715e-01
1.506516466785211833e+03 1.210736083984375000e+01 7.334358096122741699e-01
1.506537299863995031e+03 1.315087890625000000e+01 7.340134978294372559e-01
1.506558132941846452e+03 1.145471191406250000e+01 7.328152656555175781e-01
1.506578966018300889e+03 1.156561279296875000e+01 7.339077591896057129e-01
1.506599799093824913e+03 1.209808349609375000e+01 7.334070801734924316e-01
1.506620632167951953e+03 1.151513671875000000e+01 7.329462766647338867e-01
1.506641465241148126e+03 1.157940673828125000e+01 7.325469255447387695e-01
1.506662298312945495e+03 1.225537109375000000e+01 7.327550649642944336e-01
1.506683131383812452e+03 1.257116699218750000e+01 7.348194718360900879e-01
1.506703964453282424e+03 1.205627441406250000e+01 7.335619926452636719e-01
1.506724797521821984e+03 1.212823486328125000e+01 7.326567769050598145e-01
1.506745630588963650e+03 1.199700927734375000e+01 7.326077818870544434e-01
1.506766463655173084e+03 1.138623046875000000e+01 7.321075797080993652e-01
1.506787296719986898e+03 1.264550781250000000e+01 7.326430082321166992e-01
1.506808129783403501e+03 1.239862060546875000e+01 7.326664924621582031e-01
1.506828962845889009e+03 1.283435058593750000e+01 7.329644560813903809e-01
1.506849795907442513e+03 1.196990966796875000e+01 7.327322959899902344e-01
1.506870628967599032e+03 1.095385742187500000e+01 7.319561243057250977e-01
1.506891462026824456e+03 1.245050048828125000e+01 7.328621149063110352e-01
1.506912295084653579e+03 1.199542236328125000e+01 7.321143746376037598e-01
1.506933128141084580e+03 1.077764892578125000e+01 7.316893935203552246e-01
1.506953961196584487e+03 1.275970458984375000e+01 7.326717376708984375e-01
1.506974794251153526e+03 1.112072753906250000e+01 7.315636873245239258e-01
1.506995627304326035e+03 1.255078125000000000e+01 7.323310971260070801e-01
1.507016460356566540e+03 1.101123046875000000e+01 7.317448854446411133e-01
1.507037293407409834e+03 1.101043701171875000e+01 7.325053811073303223e-01
1.507058126457322487e+03 1.184558105468750000e+01 7.318498492240905762e-01
1.507078959505838156e+03 1.169104003906250000e+01 7.316847443580627441e-01
1.507099792553422049e+03 1.201928710937500000e+01 7.319123148918151855e-01
1.507120625600073936e+03 1.197497558593750000e+01 7.325962781906127930e-01
1.507141458645329521e+03 1.187310791015625000e+01 7.327213883399963379e-01
1.507162291689188578e+03 1.253857421875000000e+01 7.318789362907409668e-01
1.507183124732116084e+03 1.117138671875000000e+01 7.316515445709228516e-01
1.507203957774112041e+03 1.201110839843750000e+01 7.318878173828125000e-01
1.507224790814710559e+03 1.131988525390625000e+01 7.324496507644653320e-01
1.507245623854378437e+03 1.077331542968750000e+01 7.311773896217346191e-01
1.507266456892649558e+03 1.159338378906250000e+01 7.314990758895874023e-01
1.507287289929988447e+03 1.172863769531250000e+01 7.313615083694458008e-01
1.507308122965930579e+03 1.071405029296875000e+01 7.313619256019592285e-01
1.507328956000942071e+03 1.306561279296875000e+01 7.322907447814941406e-01
1.507349789035022013e+03 1.280133056640625000e+01 7.318233847618103027e-01
1.507370622067704517e+03 1.239593505859375000e+01 7.318104505538940430e-01
1.507391455099455470e+03 1.144366455078125000e+01 7.316206097602844238e-01
1.507412288129809895e+03 1.192346191406250000e+01 7.311738133430480957e-01
1.507433121159233451e+03 1.262731933593750000e+01 7.318433523178100586e-01
1.507453954187725003e+03 1.174987792968750000e+01 7.315639853477478027e-01
1.507474787214819571e+03 1.140106201171875000e+01 7.311478257179260254e-01
1.507495620240517837e+03 1.330603027343750000e+01 7.319396734237670898e-01
1.507516453265750442e+03 1.227850341796875000e+01 7.315688133239746094e-01
1.507537286289584927e+03 1.228466796875000000e+01 7.319049239158630371e-01
1.507558119312022882e+03 1.145745849609375000e+01 7.310090661048889160e-01
1.507578952333529969e+03 1.245977783203125000e+01 7.315918207168579102e-01
1.507599785354105961e+03 1.244781494140625000e+01 7.316027879714965820e-01
1.507620618373284515e+03 1.132952880859375000e+01 7.312573194503784180e-01
1.507641451391531064e+03 1.070520019531250000e+01 7.313185334205627441e-01
1.507662284408847427e+03 1.227691650390625000e+01 7.315506935119628906e-01
1.507683117424767033e+03 1.067974853515625000e+01 7.305817008018493652e-01
1.507703950439753953e+03 1.168969726562500000e+01 7.308945655822753906e-01
1.507724783453344571e+03 1.306896972656250000e+01 7.316745519638061523e-01
1.507745616466003867e+03 1.240112304687500000e+01 7.310243844985961914e-01
1.507766449477732522e+03 1.144689941406250000e+01 7.305572032928466797e-01
1.507787282488063056e+03 1.119653320312500000e+01 7.303555607795715332e-01
1.507808115497462495e+03 1.054943847656250000e+01 7.304627299308776855e-01
1.507828948505465632e+03 1.208526611328125000e+01 7.316194772720336914e-01
1.507849781513002426e+03 1.268591308593750000e+01 7.309870719909667969e-01
1.507891447523885063e+03 1.196911621093750000e+01 7.303448915481567383e-01
1.507912280527697021e+03 1.183239746093750000e+01 7.306136488914489746e-01
1.507933113530579021e+03 1.162719726562500000e+01 7.307075262069702148e-01
1.507953946532061536e+03 1.259411621093750000e+01 7.307407259941101074e-01
1.507974779532613411e+03 1.173193359375000000e+01 7.304558753967285156e-01
1.507995612532234418e+03 1.174877929687500000e+01 7.300853729248046875e-01
1.508016445530458896e+03 1.167694091796875000e+01 7.300763726234436035e-01
1.508037278527750914e+03 1.193322753906250000e+01 7.302155494689941406e-01
1.508058111524112064e+03 1.195629882812500000e+01 7.301406264305114746e-01
1.508078944519076458e+03 1.238909912109375000e+01 7.304208874702453613e-01
1.508099777513109075e+03 9.961608886718750000e+00 7.288774251937866211e-01
1.508120610506209914e+03 1.250854492187500000e+01 7.306447625160217285e-01
1.508141443497915134e+03 1.106274414062500000e+01 7.296281456947326660e-01
1.508162276488688576e+03 1.275445556640625000e+01 7.309140563011169434e-01
1.508183109478064580e+03 1.150817871093750000e+01 7.308765053749084473e-01
1.508203942466974468e+03 1.139178466796875000e+01 7.294490337371826172e-01
1.508224775454488508e+03 1.139294433593750000e+01 7.296348214149475098e-01
1.508245608440605565e+03 1.250073242187500000e+01 7.304762601852416992e-01
1.508266441426256051e+03 1.264880371093750000e+01 7.297647595405578613e-01
1.508287274410044120e+03 1.270031738281250000e+01 7.305009961128234863e-01
1.508308107393366981e+03 1.236767578125000000e+01 7.297624945640563965e-01
1.508328940375292404e+03 1.192077636718750000e+01 7.303060889244079590e-01
1.508349773356286505e+03 1.296594238281250000e+01 7.304170131683349609e-01
1.508370606336349965e+03 1.191839599609375000e+01 7.299379706382751465e-01
1.508391439315015987e+03 1.359948730468750000e+01 7.307246327400207520e-01
1.508412272292750458e+03 1.036193847656250000e+01 7.288883924484252930e-01
1.508433105269553835e+03 1.102728271484375000e+01 7.294780015945434570e-01
1.508453938245425888e+03 1.147094726562500000e+01 7.293444275856018066e-01
1.508474771219901413e+03 1.177062988281250000e+01 7.291842103004455566e-01
1.508495604192979499e+03 1.135614013671875000e+01 7.290151715278625488e-01
1.508516437165591014e+03 1.054968261718750000e+01 7.283947467803955078e-01
1.508537270136806910e+03 1.179205322265625000e+01 7.288461923599243164e-01
1.508558103107091029e+03 1.119256591796875000e+01 7.303152680397033691e-01
1.508578936075977936e+03 1.383538818359375000e+01 7.297532558441162109e-01
1.508599769044399636e+03 1.209753417968750000e+01 7.290580868721008301e-01
1.508620602011424580e+03 1.156652832031250000e+01 7.288629412651062012e-01
1.508641434977051631e+03 1.053405761718750000e+01 7.279655933380126953e-01
1.508662267941747587e+03 1.195697021484375000e+01 7.296153306961059570e-01
1.508683100905977881e+03 1.175500488281250000e+01 7.294672131538391113e-01
1.508703933868345530e+03 1.159271240234375000e+01 7.291684150695800781e-01
1.508724766830247518e+03 1.229187011718750000e+01 7.286984324455261230e-01
1.508745599790753431e+03 1.162207031250000000e+01 7.292400002479553223e-01
1.508766432750328022e+03 1.145404052734375000e+01 7.287464141845703125e-01
1.508787265708504492e+03 1.136413574218750000e+01 7.282236218452453613e-01
1.508808098666214846e+03 1.320104980468750000e+01 7.289630770683288574e-01
1.508828931622063919e+03 1.200231933593750000e+01 7.293006181716918945e-01
1.508849764577446422e+03 1.172106933593750000e+01 7.292019128799438477e-01
1.508870597531898056e+03 1.176745605468750000e+01 7.285459637641906738e-01
1.508891430484953162e+03 1.253564453125000000e+01 7.287107110023498535e-01
1.508912263436611966e+03 1.232824707031250000e+01 7.292624115943908691e-01
1.508933096387803516e+03 1.178625488281250000e+01 7.283939123153686523e-01
1.508953929337597856e+03 1.193115234375000000e+01 7.278518080711364746e-01
1.508974762286462010e+03 1.002075195312500000e+01 7.273590564727783203e-01
1.508995595234393932e+03 1.227209472656250000e+01 7.282406091690063477e-01
1.509016428180928870e+03 1.240405273437500000e+01 7.288005352020263672e-01
1.509037261126533849e+03 1.288903808593750000e+01 7.290044426918029785e-01
1.509058094071206597e+03 1.186999511718750000e+01 7.284006476402282715e-01
1.509078927014947112e+03 1.129223632812500000e+01 7.278113365173339844e-01
1.509099759957292008e+03 1.146954345703125000e+01 7.282398343086242676e-01
1.509120592898705581e+03 1.210192871093750000e+01 7.278944849967956543e-01
1.509141425839186923e+03 1.182958984375000000e+01 7.281373739242553711e-01
1.509162258778271507e+03 1.060998535156250000e+01 7.270783185958862305e-01
1.509183091716890885e+03 1.200543212890625000e+01 7.278899550437927246e-01
1.509203924653646936e+03 1.182958984375000000e+01 7.278479933738708496e-01
1.509224757589937553e+03 1.105603027343750000e+01 7.273687720298767090e-01
1.509245590525297985e+03 1.156994628906250000e+01 7.275263667106628418e-01
1.509266423459259386e+03 1.223095703125000000e+01 7.278537750244140625e-01
1.509287256391824940e+03 1.086669921875000000e+01 7.269486784934997559e-01
1.509308089323925060e+03 1.092590332031250000e+01 7.268292307853698730e-01
1.509328922254628424e+03 1.105017089843750000e+01 7.272096276283264160e-01
1.509349755184399328e+03 1.300164794921875000e+01 7.281221151351928711e-01
1.509370588113240046e+03 1.234729003906250000e+01 7.275013327598571777e-01
1.509391421041148988e+03 1.295605468750000000e+01 7.278804779052734375e-01
1.509412253967660490e+03 1.236193847656250000e+01 7.275831103324890137e-01
1.509433086893241125e+03 1.200616455078125000e+01 7.282196283340454102e-01
1.509453919817425003e+03 1.137158203125000000e+01 7.267389893531799316e-01
1.509474752741142538e+03 1.181890869140625000e+01 7.272836565971374512e-01
1.509495585663462862e+03 1.227575683593750000e+01 7.273933291435241699e-01
1.509516418584853454e+03 1.249340820312500000e+01 7.273638248443603516e-01
1.509537251505310905e+03 1.193365478515625000e+01 7.271530628204345703e-01
1.509558084424372510e+03 1.171899414062500000e+01 7.272928357124328613e-01
1.509578917342503019e+03 1.219165039062500000e+01 7.273459434509277344e-01
1.509599750259701523e+03 1.147717285156250000e+01 7.278188467025756836e-01
1.509620583175968022e+03 1.192803955078125000e+01 7.269008755683898926e-01
1.509641416090838902e+03 1.184643554687500000e+01 7.266956567764282227e-01
1.509662249004778459e+03 1.276104736328125000e+01 7.275866866111755371e-01
1.509683081917785330e+03 1.126770019531250000e+01 7.269774675369262695e-01
1.509703914829396126e+03 1.059924316406250000e+01 7.261795401573181152e-01
1.509724747740541943e+03 1.250866699218750000e+01 7.272740006446838379e-01
1.509745580650289412e+03 1.172558593750000000e+01 7.268273234367370605e-01
1.509766413559106013e+03 1.153479003906250000e+01 7.270109653472900391e-01
1.509787246466526085e+03 1.289477539062500000e+01 7.271571159362792969e-01
1.509808079373014607e+03 1.255322265625000000e+01 7.274022102355957031e-01
1.509828912279037013e+03 1.273681640625000000e+01 7.277829051017761230e-01
1.509849745183197456e+03 1.231909179687500000e+01 7.268424034118652344e-01
1.509870578086892010e+03 1.175097656250000000e+01 7.264369130134582520e-01
1.509891410989190035e+03 1.261535644531250000e+01 7.266542911529541016e-01
1.509912243890556510e+03 1.168365478515625000e+01 7.269042134284973145e-01
1.509933076790990981e+03 1.274121093750000000e+01 7.273116111755371094e-01
1.509953909690028468e+03 1.270361328125000000e+01 7.267458438873291016e-01
1.509974742588600975e+03 1.081140136718750000e+01 7.262336015701293945e-01
1.509995575478325463e+03 1.080761718750000000e+01 7.259756326675415039e-01
1.510016408374104003e+03 1.242163085937500000e+01 7.267847657203674316e-01
1.510037241269416427e+03 1.268981933593750000e+01 7.267496585845947266e-01
1.510058074163332094e+03 1.196502685546875000e+01 7.267605066299438477e-01
1.510078907056315984e+03 1.098443603515625000e+01 7.259748578071594238e-01
1.510099739948369461e+03 1.218170166015625000e+01 7.269760370254516602e-01
1.510120572839025499e+03 1.126367187500000000e+01 7.257857322692871094e-01
1.510141405729214966e+03 1.302819824218750000e+01 7.267642021179199219e-01
1.510162238618009042e+03 1.339477539062500000e+01 7.271069288253784180e-01
1.510183071505404996e+03 1.306842041015625000e+01 7.273503541946411133e-01
1.510203904392335517e+03 1.189459228515625000e+01 7.259637117385864258e-01
1.510224737277869508e+03 1.183093261718750000e+01 7.266880869865417480e-01
1.510245570162471495e+03 1.272473144531250000e+01 7.281998395919799805e-01
1.510266403046142386e+03 1.333038330078125000e+01 7.276955246925354004e-01
1.510287235928416976e+03 1.219061279296875000e+01 7.261793613433837891e-01
1.510308068810224995e+03 1.069592285156250000e+01 7.263241410255432129e-01
1.510328901690636030e+03 1.236682128906250000e+01 7.265191078186035156e-01
1.510349734569650991e+03 1.187878417968750000e+01 7.255597114562988281e-01
1.510370567448199381e+03 1.111883544921875000e+01 7.252397537231445312e-01
1.510391400325351015e+03 1.216107177734375000e+01 7.271028161048889160e-01
1.510412233201572008e+03 1.113336181640625000e+01 7.259927988052368164e-01
1.510433066076860996e+03 1.122247314453125000e+01 7.255153059959411621e-01
1.510453898950753000e+03 1.198767089843750000e+01 7.270634770393371582e-01
1.510474731824180026e+03 1.257366943359375000e+01 7.260406613349914551e-01
1.510495564696208930e+03 1.238159179687500000e+01 7.261198163032531738e-01
1.510516397566841079e+03 1.183392333984375000e+01 7.256653904914855957e-01
1.510537230437008930e+03 1.300598144531250000e+01 7.262437343597412109e-01
1.510558063305778433e+03 1.238354492187500000e+01 7.258470654487609863e-01
1.510578896173616613e+03 1.206585693359375000e+01 7.255039215087890625e-01
1.510599729040523471e+03 1.203356933593750000e+01 7.270070910453796387e-01
1.510620561906033572e+03 1.326770019531250000e+01 7.260740399360656738e-01
1.510641394771078467e+03 1.240869140625000000e+01 7.256242632865905762e-01
1.510662227634725468e+03 1.186633300781250000e+01 7.259027361869812012e-01
1.510683060496975941e+03 1.172338867187500000e+01 7.251049876213073730e-01
1.510703893358761434e+03 1.233288574218750000e+01 7.260017395019531250e-01
1.510724726219149488e+03 1.164953613281250000e+01 7.257839441299438477e-01
1.510745559078605993e+03 1.230627441406250000e+01 7.254635095596313477e-01
1.510766391937131630e+03 1.093243408203125000e+01 7.248369455337524414e-01
1.510787224794259600e+03 1.138928222656250000e+01 7.250292301177978516e-01
1.510808057650921910e+03 1.076074218750000000e+01 7.251014709472656250e-01
1.510828890506189055e+03 1.166076660156250000e+01 7.255505919456481934e-01
1.510849723360057396e+03 1.222998046875000000e+01 7.252355813980102539e-01
1.510870556213460077e+03 1.255108642578125000e+01 7.254549264907836914e-01
1.510891389065465546e+03 1.135229492187500000e+01 7.252373695373535156e-01
1.510912221916540148e+03 1.175115966796875000e+01 7.251923084259033203e-01
1.510933054766684563e+03 1.159594726562500000e+01 7.249071002006530762e-01
1.510953887615430631e+03 1.171087646484375000e+01 7.250934839248657227e-01
1.510974720463245376e+03 1.214202880859375000e+01 7.266950011253356934e-01
1.511016386156081353e+03 1.320373535156250000e+01 7.257102131843566895e-01
1.511037219000636924e+03 1.154364013671875000e+01 7.245145440101623535e-01
1.511058051844261627e+03 1.154791259765625000e+01 7.257052659988403320e-01
1.511078884686954552e+03 1.136920166015625000e+01 7.249697446823120117e-01
1.511099717528715928e+03 1.192944335937500000e+01 7.248454689979553223e-01
1.511120550369080092e+03 1.088403320312500000e+01 7.250055074691772461e-01
1.511141383208978368e+03 1.289624023437500000e+01 7.255762815475463867e-01
1.511162216047015136e+03 1.133740234375000000e+01 7.261266112327575684e-01
1.511183048884585332e+03 1.150231933593750000e+01 7.246165871620178223e-01
1.511203881720759000e+03 1.235528564453125000e+01 7.251525521278381348e-01
1.511224714556001572e+03 1.247351074218750000e+01 7.257732748985290527e-01
1.511245547390311913e+03 1.241687011718750000e+01 7.247954010963439941e-01
1.511266380223691613e+03 1.106781005859375000e+01 7.242473363876342773e-01
1.511287213055673874e+03 1.238647460937500000e+01 7.246852517127990723e-01
1.511308045886725040e+03 1.263623046875000000e+01 7.248713374137878418e-01
1.511328878716845566e+03 1.198840332031250000e+01 7.258202433586120605e-01
1.511349711545568425e+03 1.164276123046875000e+01 7.252303361892700195e-01
1.511370544373825396e+03 1.144927978515625000e+01 7.244760394096374512e-01
1.511391377200220631e+03 1.226141357421875000e+01 7.251365184783935547e-01
1.511412210026149069e+03 1.239392089843750000e+01 7.250151038169860840e-01
1.511433042851146638e+03 1.186791992187500000e+01 7.244063615798950195e-01
1.511453875674746996e+03 1.144079589843750000e+01 7.238972783088684082e-01
1.511474708497416486e+03 1.292413330078125000e+01 7.247906327247619629e-01
1.511495541318688993e+03 1.089019775390625000e+01 7.238304615020751953e-01
1.511516374139030631e+03 1.216265869140625000e+01 7.260704636573791504e-01
1.511537206958905017e+03 1.187322998046875000e+01 7.244158983230590820e-01
1.511558039776918577e+03 1.169409179687500000e+01 7.237961888313293457e-01
1.511578872594465565e+03 1.251342773437500000e+01 7.242727875709533691e-01
1.511599705410615115e+03 1.216076660156250000e+01 7.242780327796936035e-01
1.511620538225834025e+03 1.129931640625000000e+01 7.239234447479248047e-01
1.511641371040120930e+03 1.255084228515625000e+01 7.252999544143676758e-01
1.511662203853011988e+03 1.161254882812500000e+01 7.240464091300964355e-01
1.511683036664971496e+03 1.077453613281250000e+01 7.237112522125244141e-01
1.511703869475998999e+03 1.264044189453125000e+01 7.249113917350769043e-01
1.511724702286094953e+03 1.132690429687500000e+01 7.239401936531066895e-01
1.511745535094793922e+03 1.194299316406250000e+01 7.242265343666076660e-01
1.511766367902562934e+03 1.075775146484375000e+01 7.239165306091308594e-01
1.511787200708934051e+03 1.221423339843750000e+01 7.239847183227539062e-01
1.511808033514839963e+03 1.205908203125000000e+01 7.237162590026855469e-01
1.511828866319348435e+03 1.216009521484375000e+01 7.245227694511413574e-01
1.511849699122924903e+03 1.254516601562500000e+01 7.240322232246398926e-01
1.511870531925106434e+03 1.170587158203125000e+01 7.238328456878662109e-01
1.511891364726820939e+03 1.311578369140625000e+01 7.242410778999328613e-01
1.511912197527138005e+03 1.153173828125000000e+01 7.237425446510314941e-01
1.511933030326058542e+03 1.121826171875000000e+01 7.236568331718444824e-01
1.511953863124512964e+03 1.248510742187500000e+01 7.243439555168151855e-01
1.511974695921571993e+03 1.245214843750000000e+01 7.250319123268127441e-01
1.511995528717232446e+03 1.169909667968750000e+01 7.238051891326904297e-01
1.512016361512427466e+03 1.134490966796875000e+01 7.232813239097595215e-01
1.512037194306225501e+03 1.214965820312500000e+01 7.236870527267456055e-01
1.512058027099093124e+03 1.238330078125000000e+01 7.240751981735229492e-01
1.512078859890563081e+03 1.168969726562500000e+01 7.232229113578796387e-01
1.512099692681567376e+03 1.212896728515625000e+01 7.237372398376464844e-01
1.512120525471174460e+03 1.198895263671875000e+01 7.234518527984619141e-01
1.512141358259385015e+03 1.163891601562500000e+01 7.243367433547973633e-01
1.512162191047129454e+03 1.132275390625000000e+01 7.232936024665832520e-01
1.512183023833477819e+03 1.205664062500000000e+01 7.236819267272949219e-01
1.512203856618428517e+03 1.156884765625000000e+01 7.234513163566589355e-01
1.512224689402913100e+03 1.157025146484375000e+01 7.232034206390380859e-01
1.512245522186001381e+03 1.170568847656250000e+01 7.244044542312622070e-01
1.512266354968157884e+03 1.180529785156250000e+01 7.233166694641113281e-01
1.512287187748918086e+03 1.253137207031250000e+01 7.243700623512268066e-01
1.512308020528746511e+03 1.099554443359375000e+01 7.232928276062011719e-01
1.512328853307643385e+03 1.127990722656250000e+01 7.229905724525451660e-01
1.512349686085143503e+03 1.285388183593750000e+01 7.238047122955322266e-01
1.512370518862177960e+03 1.217401123046875000e+01 7.248941659927368164e-01
1.512391351637349999e+03 1.084649658203125000e+01 7.225080728530883789e-01
1.512412184412056376e+03 1.183288574218750000e+01 7.231822609901428223e-01
1.512433017185364861e+03 1.259191894531250000e+01 7.235606312751770020e-01
1.512453849957743387e+03 1.157312011718750000e+01 7.229537963867187500e-01
1.512474682728724019e+03 1.232043457031250000e+01 7.245015501976013184e-01
1.512495515498773329e+03 1.182922363281250000e+01 7.229757905006408691e-01
1.512516348267890862e+03 1.221301269531250000e+01 7.232284545898437500e-01
1.512537181036078891e+03 1.228265380859375000e+01 7.230432629585266113e-01
1.512558013802868572e+03 1.255310058593750000e+01 7.234618663787841797e-01
1.512578846568726931e+03 1.406494140625000000e+01 7.241321802139282227e-01
1.512599679333188533e+03 1.372546386718750000e+01 7.240972518920898438e-01
1.512620512096719040e+03 1.205834960937500000e+01 7.230231761932373047e-01
1.512641344859317542e+03 1.346984863281250000e+01 7.238268256187438965e-01
1.512662177620519515e+03 1.237054443359375000e+01 7.231928706169128418e-01
1.512683010380791075e+03 1.184204101562500000e+01 7.226225733757019043e-01
1.512703843140129948e+03 1.271704101562500000e+01 7.230621576309204102e-01
1.512724675898071837e+03 1.285852050781250000e+01 7.231323122978210449e-01
1.512745508655083995e+03 1.276391601562500000e+01 7.235034108161926270e-01
1.512766341411163467e+03 1.438562011718750000e+01 7.245904207229614258e-01
1.512787174165845954e+03 1.265856933593750000e+01 7.241517305374145508e-01
1.512808006919597119e+03 1.270489501953125000e+01 7.233533263206481934e-01
1.512828839672417871e+03 1.253808593750000000e+01 7.233193516731262207e-01
1.512849672423840502e+03 1.214605712890625000e+01 7.226656675338745117e-01
1.512870505174332493e+03 1.200073242187500000e+01 7.234464883804321289e-01
1.512891337923427500e+03 1.325000000000000000e+01 7.236825823783874512e-01
1.512912170671590502e+03 1.204357910156250000e+01 7.227770686149597168e-01
1.512933003418822409e+03 1.267498779296875000e+01 7.234392762184143066e-01
1.512953836164658014e+03 1.206762695312500000e+01 7.227028012275695801e-01
1.512974668909562070e+03 1.130059814453125000e+01 7.223873734474182129e-01
1.512995501653068914e+03 1.332720947265625000e+01 7.231424450874328613e-01
1.513016334395644435e+03 1.196423339843750000e+01 7.224850654602050781e-01
1.513037167137287952e+03 1.226995849609375000e+01 7.227758169174194336e-01
1.513057999877535622e+03 1.204785156250000000e+01 7.236328125000000000e-01
1.513078832616851514e+03 1.222735595703125000e+01 7.230130434036254883e-01
1.513099665354769968e+03 1.299298095703125000e+01 7.233673930168151855e-01
1.513120498091757554e+03 1.246649169921875000e+01 7.226625084877014160e-01
1.513141330827814045e+03 1.049194335937500000e+01 7.216428518295288086e-01
1.513162163562474007e+03 1.263928222656250000e+01 7.239006161689758301e-01
1.513182996296201509e+03 1.024090576171875000e+01 7.216053605079650879e-01
1.513203829028532027e+03 1.269372558593750000e+01 7.227707505226135254e-01
1.513224661759931678e+03 1.161401367187500000e+01 7.221370935440063477e-01
1.513245494490400006e+03 1.317724609375000000e+01 7.246602177619934082e-01
1.513266327219471350e+03 1.305578613281250000e+01 7.230097055435180664e-01
1.513287159947611144e+03 1.189477539062500000e+01 7.224584817886352539e-01
1.513307992674354409e+03 1.268493652343750000e+01 7.227166891098022461e-01
1.513328825400165897e+03 1.305682373046875000e+01 7.228764295578002930e-01
1.513349658124581083e+03 1.217889404296875000e+01 7.224410176277160645e-01
1.513370490848064492e+03 1.300073242187500000e+01 7.230547666549682617e-01
1.513391323570616578e+03 1.404492187500000000e+01 7.231926918029785156e-01
1.513412156291771453e+03 1.232946777343750000e+01 7.227530479431152344e-01
1.513432989011529571e+03 1.178051757812500000e+01 7.220861911773681641e-01
1.513453821730355912e+03 1.262713623046875000e+01 7.240374684333801270e-01
1.513474654448251385e+03 1.149841308593750000e+01 7.231101989746093750e-01
1.513495487164750102e+03 1.248974609375000000e+01 7.227467894554138184e-01
1.513516319880317042e+03 1.315856933593750000e+01 7.230408787727355957e-01
1.513537152594486997e+03 1.125592041015625000e+01 7.221202254295349121e-01
1.513557985307726085e+03 1.176940917968750000e+01 7.220315337181091309e-01
1.513578818019567507e+03 1.151605224609375000e+01 7.216904163360595703e-01
1.513599650730478061e+03 1.161669921875000000e+01 7.218672037124633789e-01
1.513620483439991858e+03 1.058331298828125000e+01 7.211073040962219238e-01
1.513641316148574333e+03 1.271325683593750000e+01 7.223727107048034668e-01
1.513662148855758915e+03 1.321905517578125000e+01 7.227565050125122070e-01
1.513682981562013538e+03 1.271789550781250000e+01 7.224471569061279297e-01
1.513703814267335929e+03 1.179925537109375000e+01 7.219396233558654785e-01
1.513724646970796584e+03 1.356622314453125000e+01 7.226481437683105469e-01
1.513745479673790442e+03 1.229742431640625000e+01 7.217615842819213867e-01
1.513766312374922109e+03 1.385058593750000000e+01 7.233687043190002441e-01
1.513787145075587887e+03 1.370324707031250000e+01 7.227562069892883301e-01
1.513807977774391475e+03 1.197033691406250000e+01 7.217179536819458008e-01
1.513828810472728946e+03 1.271276855468750000e+01 7.223021388053894043e-01
1.513849643169204001e+03 1.362792968750000000e+01 7.227897047996520996e-01
1.513870475864747505e+03 1.256848144531250000e+01 7.218930721282958984e-01
1.513891308559359459e+03 1.245422363281250000e+01 7.219064235687255859e-01
1.513912141252575111e+03 1.296215820312500000e+01 7.223747968673706055e-01
1.513932973944858986e+03 1.232287597656250000e+01 7.219059467315673828e-01
1.513953806635280444e+03 1.457214355468750000e+01 7.228508591651916504e-01
1.513974639325237149e+03 1.269921875000000000e+01 7.220426201820373535e-01
1.513995472013795506e+03 1.367016601562500000e+01 7.227473258972167969e-01
1.514016304700956880e+03 1.239306640625000000e+01 7.219021916389465332e-01
1.514037137387187613e+03 1.198461914062500000e+01 7.215847969055175781e-01
1.514057970072020908e+03 1.113073730468750000e+01 7.214793562889099121e-01
1.514078802755457673e+03 1.324029541015625000e+01 7.228753566741943359e-01
1.514099635437962434e+03 1.186883544921875000e+01 7.213554978370666504e-01
1.514141300799248029e+03 1.226684570312500000e+01 7.215777635574340820e-01
1.514162133478027499e+03 1.288397216796875000e+01 7.224308252334594727e-01
1.514182966155409986e+03 1.243402099609375000e+01 7.221946716308593750e-01
1.514203798831861604e+03 1.260540771484375000e+01 7.225637435913085938e-01
1.514224631506916012e+03 1.316748046875000000e+01 7.230619192123413086e-01
1.514245464181039551e+03 1.289642333984375000e+01 7.222430706024169922e-01
1.514266296853766107e+03 1.342370605468750000e+01 7.229262590408325195e-01
1.514287129525094542e+03 1.264068603515625000e+01 7.224035859107971191e-01
1.514307962195493019e+03 1.455120849609375000e+01 7.232299447059631348e-01
1.514328794864493375e+03 1.243560791015625000e+01 7.222052216529846191e-01
1.514349627532098111e+03 1.348211669921875000e+01 7.220982313156127930e-01
1.514370460198770616e+03 1.233386230468750000e+01 7.216365933418273926e-01
1.514391292864046136e+03 1.271783447265625000e+01 7.222306132316589355e-01
1.514412125527924672e+03 1.215130615234375000e+01 7.216932177543640137e-01
1.514432958190871886e+03 1.273394775390625000e+01 7.221877574920654297e-01
1.514453790852422571e+03 1.188122558593750000e+01 7.218331098556518555e-01
1.514474623512575818e+03 1.098559570312500000e+01 7.211797237396240234e-01
1.514495456171332535e+03 1.120410156250000000e+01 7.211747765541076660e-01
1.514516288829157020e+03 1.200128173828125000e+01 7.216086387634277344e-01
1.514537121485585430e+03 1.163659667968750000e+01 7.214990258216857910e-01
1.514557954140616403e+03 1.238299560546875000e+01 7.215036153793334961e-01
1.514578786794716507e+03 1.129028320312500000e+01 7.211559414863586426e-01
1.514599619447419173e+03 1.320629882812500000e+01 7.248494625091552734e-01
1.514620452098724400e+03 1.079473876953125000e+01 7.210609912872314453e-01
1.514641284748634007e+03 1.104815673828125000e+01 7.209708690643310547e-01
1.514662117397612064e+03 1.137750244140625000e+01 7.212907671928405762e-01
1.514682950045192456e+03 1.209332275390625000e+01 7.217158675193786621e-01
1.514703782691376091e+03 1.306311035156250000e+01 7.232606410980224609e-01
1.514724615336162515e+03 1.198052978515625000e+01 7.217037081718444824e-01
1.514745447979551955e+03 1.183819580078125000e+01 7.216165661811828613e-01
1.514766280622010072e+03 1.204602050781250000e+01 7.217242717742919922e-01
1.514787113263071433e+03 1.135986328125000000e+01 7.217884659767150879e-01
1.514807945902735582e+03 1.270495605468750000e+01 7.224285006523132324e-01
1.514828778541002976e+03 1.261114501953125000e+01 7.217919826507568359e-01
1.514849611177872930e+03 1.118151855468750000e+01 7.210829854011535645e-01
1.514870443813812471e+03 1.215405273437500000e+01 7.227172851562500000e-01
1.514891276448353892e+03 1.153576660156250000e+01 7.214840650558471680e-01
1.514912109081033577e+03 1.125085449218750000e+01 7.216925024986267090e-01
1.514932941712781940e+03 1.260900878906250000e+01 7.222186326980590820e-01
1.514953774343132409e+03 1.142602539062500000e+01 7.212549448013305664e-01
1.514974606972552465e+03 1.192663574218750000e+01 7.221799492835998535e-01
1.514995439600109421e+03 1.142480468750000000e+01 7.214293479919433594e-01
1.515016272226269393e+03 1.126220703125000000e+01 7.209467291831970215e-01
1.515037104851498498e+03 1.277154541015625000e+01 7.218951582908630371e-01
1.515057937474864502e+03 1.284655761718750000e+01 7.233760356903076172e-01
1.515078770097298957e+03 1.107183837890625000e+01 7.215266823768615723e-01
1.515099602717870539e+03 1.232421875000000000e+01 7.223855853080749512e-01
1.515120435337511481e+03 1.157849121093750000e+01 7.217499017715454102e-01
1.515141267955755666e+03 1.156958007812500000e+01 7.215897440910339355e-01
1.515162100572602412e+03 1.219500732421875000e+01 7.215813398361206055e-01
1.515182933188052630e+03 1.099658203125000000e+01 7.209004163742065430e-01
1.515203765801639520e+03 1.197021484375000000e+01 7.219669818878173828e-01
1.515224598414295542e+03 1.238909912109375000e+01 7.218008637428283691e-01
1.515245431025553899e+03 1.131207275390625000e+01 7.210270166397094727e-01
1.515266263635416635e+03 1.110839843750000000e+01 7.208864688873291016e-01
1.515287096243881024e+03 1.120495605468750000e+01 7.211379408836364746e-01
1.515307928850949338e+03 1.181665039062500000e+01 7.218307256698608398e-01
1.515328761456155007e+03 1.113818359375000000e+01 7.212494611740112305e-01
1.515349594060428444e+03 1.152032470703125000e+01 7.212523818016052246e-01
1.515370426663306034e+03 1.191827392578125000e+01 7.214655280113220215e-01
1.515391259264320070e+03 1.114160156250000000e+01 7.214416265487670898e-01
1.515412091864403010e+03 1.147735595703125000e+01 7.218307852745056152e-01
1.515432924463089421e+03 1.294989013671875000e+01 7.223183512687683105e-01
1.515453757059912050e+03 1.280487060546875000e+01 7.219818830490112305e-01
1.515474589655337923e+03 1.077032470703125000e+01 7.205989360809326172e-01
1.515495422249833609e+03 1.175103759765625000e+01 7.216380238533020020e-01
1.515516254842465969e+03 1.342272949218750000e+01 7.220035791397094727e-01
1.515537087433701572e+03 1.115667724609375000e+01 7.210802435874938965e-01
1.515557920023539964e+03 1.214135742187500000e+01 7.214699387550354004e-01
1.515578752611981599e+03 1.154180908203125000e+01 7.209540009498596191e-01
1.515599585198560362e+03 1.236096191406250000e+01 7.213875055313110352e-01
1.515620417784208030e+03 1.158752441406250000e+01 7.212067246437072754e-01
1.515641250367993507e+03 1.264892578125000000e+01 7.218221426010131836e-01
1.515662082950847434e+03 1.246026611328125000e+01 7.213293910026550293e-01
1.515682915531837580e+03 1.212377929687500000e+01 7.233883142471313477e-01
1.515703748111430968e+03 1.184002685546875000e+01 7.212882041931152344e-01
1.515724580689628510e+03 1.143505859375000000e+01 7.211764454841613770e-01
1.515745413266427931e+03 1.183380126953125000e+01 7.231344580650329590e-01
1.515766245841831505e+03 1.201672363281250000e+01 7.217993736267089844e-01
1.515787078415371980e+03 1.150848388671875000e+01 7.206312417984008789e-01
1.515807910987980904e+03 1.150708007812500000e+01 7.210192084312438965e-01
1.515828743558726956e+03 1.176641845703125000e+01 7.209946513175964355e-01
1.515849576128541912e+03 1.153552246093750000e+01 7.211161255836486816e-01
1.515870408696493996e+03 1.198962402343750000e+01 7.211447358131408691e-01
1.515891241263049551e+03 1.180419921875000000e+01 7.213168740272521973e-01
1.515912073828673329e+03 1.241009521484375000e+01 7.211793661117553711e-01
1.515932906392435143e+03 1.152447509765625000e+01 7.214908599853515625e-01
1.515953738954799519e+03 1.264758300781250000e+01 7.227400541305541992e-01
1.515974571516233027e+03 1.085833740234375000e+01 7.203492522239685059e-01
1.515995404075803435e+03 1.213079833984375000e+01 7.217968106269836426e-01
1.516016236634442976e+03 1.201361083984375000e+01 7.209665179252624512e-01
1.516037069191219416e+03 1.264477539062500000e+01 7.212319970130920410e-01
1.516057901747063624e+03 1.173425292968750000e+01 7.216458916664123535e-01
1.516078734301977420e+03 1.275756835937500000e+01 7.213338613510131836e-01
