1.325325074361054931e+03 6.908404358409089241e+01 7.947925209317463491e-01
1.325345908032014904e+03 6.956759984293245225e+01 7.998961977372694987e-01
1.325366741703556499e+03 6.847913649360032196e+01 8.019575458001552137e-01
1.325387575375678807e+03 6.697982076457142853e+01 8.037087497241068856e-01
1.325408409048267913e+03 6.839849496887859459e+01 8.059420019514375033e-01
1.325429242721439095e+03 6.762473346772321747e+01 8.070337847571066314e-01
1.325450076395076394e+03 6.679516410243961388e+01 8.093259509332277890e-01
1.325470910069179354e+03 6.831305862574109256e+01 8.114445139565577003e-01
1.325491743743747065e+03 6.749905696537324218e+01 8.138855710755801276e-01
1.325512577418664023e+03 6.869839565059210429e+01 8.166724323211904668e-01
1.325533411094163512e+03 6.861831027278068973e+01 8.204942774320281851e-01
1.325554244769895377e+03 6.748555998671213274e+01 8.220294604184992249e-01
1.325575078446210910e+03 6.892835571102556003e+01 8.275833877890217405e-01
1.325595912122757454e+03 6.855337674430624872e+01 8.301983555505686452e-01
1.325616745799653927e+03 6.788574929149187653e+01 8.311637690281797886e-01
1.325637579476899646e+03 6.775467264031954073e+01 8.321719699832992312e-01
1.325658413154493928e+03 6.950872579573133692e+01 8.333797004833780608e-01
1.325679246832439048e+03 6.987723513792285246e+01 8.340550198439318219e-01
1.325700080510615862e+03 6.793691250762532263e+01 8.355094312755340091e-01
1.325720914189025962e+03 6.832144807814111687e+01 8.383428958008702914e-01
1.325741747867668437e+03 7.019610995669906117e+01 8.419317150765346369e-01
1.325762581546659931e+03 7.051221297449818337e+01 8.462494105529986266e-01
1.325783415225768522e+03 6.997878612604822024e+01 8.504220868214701357e-01
1.325804248905225904e+03 7.014760154697283667e+01 8.544715748071862738e-01
1.325825082584799929e+03 6.897586508264252814e+01 8.574237171752883135e-01
1.325845916264607013e+03 7.062935806981822395e+01 8.612380553747408518e-01
1.325866749944530056e+03 7.122452525515635102e+01 8.620503483603584316e-01
1.325887583624686613e+03 6.921427401646162991e+01 8.609961391078855275e-01
1.325908417304957993e+03 6.873252912964797190e+01 8.610265986867581267e-01
1.325929250985463568e+03 7.070948355127887908e+01 8.619878755035399465e-01
1.325950084665969371e+03 6.956633829575508798e+01 8.631051690919293584e-01
1.325970918346708004e+03 6.929309001853756911e+01 8.665884199643992813e-01
1.325991752027562598e+03 6.841139565437774195e+01 8.667343949177658269e-01
1.326012585708415827e+03 6.966786466348790441e+01 8.706936794229032106e-01
1.326033419389503479e+03 6.977210303053065843e+01 8.770296534937115362e-01
1.326054253070592040e+03 6.949511672347871638e+01 8.768448114942384297e-01
1.326075086751795425e+03 7.007584405938952443e+01 8.806232211959341694e-01
1.326095920432999492e+03 6.917609219473582982e+01 8.815876726398961249e-01
1.326116754114319065e+03 6.855520869690928976e+01 8.826618910069171653e-01
1.326137587795755053e+03 6.826590248312363940e+01 8.850124932608828265e-01
1.326158421477075990e+03 6.964723278924054739e+01 8.873256001578538887e-01
1.326179255158629985e+03 6.906376638778331767e+01 8.872411928124026570e-01
1.326200088840066655e+03 6.914952342152045617e+01 8.889931569603072292e-01
1.326220922521619059e+03 6.939359304500398196e+01 8.901039406270379040e-01
1.326241756203055502e+03 7.077423450787162551e+01 8.915194988610837257e-01
1.326262589884608133e+03 6.895079594285245150e+01 8.907027963490979916e-01
1.326283423566161446e+03 6.889845996516805826e+01 8.909061389703449851e-01
1.326304257247715441e+03 7.060967314274427054e+01 8.941204010429057991e-01
1.326325090929268072e+03 6.951107932622578289e+01 8.952009534335577667e-01
1.326345924610820930e+03 6.834698587139034487e+01 8.955246186421380594e-01
1.326366758292257146e+03 6.931961843585112604e+01 8.987492227882558637e-01
1.326387591973810459e+03 6.999773172423725498e+01 9.006599139422315492e-01
1.326408425655247811e+03 6.936404418867253696e+01 9.026133477209434819e-01
1.326429259336568066e+03 6.994624215069789841e+01 9.051617303462091702e-01
1.326450093018004509e+03 6.797034139375480777e+01 9.060533573299576204e-01
1.326470926699324991e+03 6.851863344256612720e+01 9.082531330738162767e-01
1.326491760380645019e+03 6.817662562830130923e+01 9.104248436415823820e-01
1.326512594061847949e+03 6.856245603619822759e+01 9.134924325467731476e-01
1.326533427743052926e+03 6.837067906001109918e+01 9.159014209733375989e-01
1.326554261424139895e+03 6.764942267169456613e+01 9.184464855085523460e-01
1.326575095105110904e+03 6.867487875246092699e+01 9.205653699739104745e-01
1.326595928786081913e+03 6.748875026236946439e+01 9.212431277739517865e-01
1.326616762467052922e+03 6.892758411843979616e+01 9.227969521809097353e-01
1.326637596147791101e+03 6.860824233790422966e+01 9.238599646728983261e-01
1.326658429828529506e+03 6.846618994037038419e+01 9.236430976861293995e-01
1.326679263509151042e+03 6.862977114937828560e+01 9.226138500061358272e-01
1.326700097189772805e+03 6.735690035145455568e+01 9.205298550834101201e-01
1.326720930870277925e+03 6.873958231329497437e+01 9.195592534055835321e-01
1.326741764550550442e+03 6.859237945062541542e+01 9.183955073093886812e-01
1.326762598230823642e+03 7.059196024039789563e+01 9.179393682444613178e-01
1.326783431911096613e+03 6.846489330652052274e+01 9.169475312983365045e-01
1.326804265591135390e+03 6.996270936031096710e+01 9.178522888328781715e-01
1.326825099271057979e+03 6.744675898520753776e+01 9.186598104208160143e-01
1.326845932950865063e+03 6.839500924035959883e+01 9.183183369620763203e-01
1.326866766630672373e+03 6.872272585672546086e+01 9.174441847597627486e-01
1.326887600310246853e+03 6.924844802481079853e+01 9.157466208759835746e-01
1.326908433989821106e+03 7.041471748597375324e+01 9.108442726653339649e-01
1.326929267669162073e+03 6.745694732973034036e+01 9.046738829436193896e-01
1.326950101348385942e+03 6.871840392561544775e+01 9.006494245321173819e-01
1.326970935027494079e+03 6.926116865810597290e+01 8.981776317765458595e-01
1.326991768706486937e+03 6.926031894938768119e+01 8.947856491354295727e-01
1.327012602385362925e+03 6.867425832096830618e+01 8.931115224046918266e-01
1.327033436064121815e+03 6.832169268346142132e+01 8.934512219170833713e-01
1.327054269742764063e+03 6.768316592013628963e+01 8.941013685868957062e-01
1.327075103421173935e+03 6.917728939782607256e+01 8.962042210803646825e-01
1.327095937099466937e+03 6.779787048946096206e+01 8.955807588542100683e-01
1.327116770777644888e+03 6.821437826297751883e+01 8.964913561181410140e-01
1.327137604455705514e+03 6.810672318772076039e+01 8.971435516977789293e-01
1.327158438133533082e+03 6.888198314413823198e+01 8.978137961198032757e-01
1.327179271811361104e+03 6.894813406389503996e+01 8.973477596277734669e-01
1.327200105488956069e+03 6.833012521603188816e+01 8.940968020704613828e-01
1.327220939166317976e+03 6.925144811885799356e+01 8.922873259112288347e-01
1.327241772843681019e+03 6.889702713831583480e+01 8.906499290323655060e-01
1.327262606520810095e+03 6.935352533063517910e+01 8.893139207123398338e-01
1.327283440197706113e+03 6.939114732686090292e+01 8.843145841848546462e-01
1.327304273874601904e+03 6.877308640706161214e+01 8.826640181453687672e-01
1.327325107551266001e+03 6.996631512011877874e+01 8.826472034824727197e-01
1.327345941227697040e+03 6.867484267263448316e+01 8.810290661627367959e-01
1.327366774904011891e+03 6.948697472173850542e+01 8.813178989955700038e-01
1.327387608580210099e+03 7.012759517516136043e+01 8.800548931362258687e-01
1.327408442256175022e+03 6.964425369687917566e+01 8.812637246869041707e-01
1.327429275932023529e+03 6.924378656440664770e+01 8.819795916071097031e-01
1.327450109607755621e+03 6.938796388385650005e+01 8.828131414090417683e-01
1.327470943283255565e+03 6.929682303883468819e+01 8.837776309796769869e-01
1.327491776958523133e+03 7.018165239159979762e+01 8.863579776556608225e-01
1.327512610633672466e+03 7.017655103095428615e+01 8.898230170965238939e-01
1.327533444308706066e+03 6.781264279262988737e+01 8.903818635173937901e-01
1.327554277983506836e+03 6.841730658978246993e+01 8.931147592009492930e-01
1.327575111658075457e+03 6.980069629433120326e+01 8.974050145372362008e-01
1.327595945332528117e+03 7.055315076950522268e+01 8.981692701563781522e-01
1.327616779006862998e+03 6.854739736460844313e+01 8.977864435798509346e-01
1.327637612680849088e+03 7.065722270054553178e+01 8.981803194236395171e-01
1.327658446354834950e+03 6.879766196846389903e+01 8.972121465653295491e-01
1.327679280028587982e+03 7.063094030832108672e+01 8.959386822759559665e-01
1.327700113702108865e+03 7.016109641124573670e+01 8.981950183883156136e-01
1.327720947375397373e+03 6.959199474836218258e+01 8.943731842982257652e-01
1.327741781048567645e+03 7.264437283419586322e+01 8.953395340118467383e-01
1.327762614721621958e+03 6.964981817336708048e+01 8.940876023022954477e-01
1.327783448394443894e+03 7.073656734004381974e+01 8.929403892946147225e-01
1.327804282067033000e+03 6.957900117166138898e+01 8.926479721286469937e-01
1.327825115739389958e+03 7.028192415804684856e+01 8.915872562259273826e-01
1.327866783083753489e+03 7.121201332454481303e+01 8.888606950308612920e-01
1.327887616755527915e+03 6.986518448629038858e+01 8.851719611609376592e-01
1.327908450427185016e+03 7.016088680116315857e+01 8.820413918330241021e-01
1.327929284098726839e+03 7.044621857047016533e+01 8.794422126141127061e-01
1.327950117769919871e+03 7.029909802206972813e+01 8.773463329844441994e-01
1.327970951440994895e+03 6.947806028544164292e+01 8.731026172977514044e-01
1.327991785111837999e+03 6.818582822573867475e+01 8.716818017782237416e-01
1.328012618782564459e+03 6.853349455101957233e+01 8.685782681337923528e-01
1.328033452453058089e+03 6.901386762702638578e+01 8.695227993591351234e-01
1.328054286123318434e+03 6.978353414484510608e+01 8.682900713859823538e-01
1.328075119793463500e+03 6.787870323424461105e+01 8.688483957787224155e-01
1.328095953463258411e+03 6.995371186292551613e+01 8.691533119904436555e-01
1.328116787132936906e+03 7.164857912255104111e+01 8.696662941916406542e-01
1.328137620802499441e+03 7.035163811420642332e+01 8.731617350622591367e-01
1.328158454471712048e+03 7.002333194864699806e+01 8.690189576446117892e-01
1.328179288140808922e+03 7.063715980961195839e+01 8.684642774716495595e-01
1.328200121809674101e+03 7.012083815825666022e+01 8.682879090341253381e-01
1.328220955478304404e+03 6.925621986631726656e+01 8.645596596720747096e-01
1.328241789146818974e+03 6.862431836585327005e+01 8.637138767113922144e-01
1.328262622815100485e+03 6.944737288529896091e+01 8.626372062351277403e-01
1.328283456483150076e+03 6.974248149089393678e+01 8.622899642845197610e-01
1.328304290150966608e+03 6.777361304168815082e+01 8.586454936464220644e-01
1.328325123818550082e+03 6.938186058821581526e+01 8.585181386072323617e-01
1.328345957486016459e+03 6.805485383893672235e+01 8.567777399559651785e-01
1.328366791153250460e+03 6.896010694565792676e+01 8.561115723808850886e-01
1.328387624820251403e+03 6.801425646070981657e+01 8.553892473179594003e-01
1.328408458487020653e+03 6.681913293537745346e+01 8.558628097876149754e-01
1.328429292153556617e+03 6.810784371231066814e+01 8.557786423784652374e-01
1.328450125819974346e+03 6.944397162390063727e+01 8.572575926623847709e-01
1.328470959486161064e+03 6.834574806833447269e+01 8.561950457125074854e-01
1.328491793152114042e+03 6.849797535964881945e+01 8.578857348922537263e-01
1.328512626817833961e+03 6.817889061388368077e+01 8.586939106799171828e-01
1.328533460483323097e+03 6.792302357308786043e+01 8.606008975907063485e-01
1.328554294148694908e+03 6.965743616256706616e+01 8.630560671870266543e-01
1.328575127813717017e+03 6.944862821983846857e+01 8.643316722279671405e-01
1.328595961478622030e+03 6.723526572627751818e+01 8.649071963917335237e-01
1.328616795143294894e+03 6.766437697452026612e+01 8.659652481947139879e-01
1.328637628807735382e+03 6.983708156491522345e+01 8.651706508480313529e-01
1.328658462471943494e+03 6.906759926113382164e+01 8.648738411317954400e-01
1.328679296136034054e+03 6.809712008998465649e+01 8.648784241104765513e-01
1.328700129799775368e+03 6.973878779303083775e+01 8.638247336974586021e-01
1.328720963463400039e+03 6.771205677363703046e+01 8.641749110575041026e-01
1.328741797126675920e+03 6.751584909080251862e+01 8.635269436810143473e-01
1.328762630789835839e+03 6.848513451362308047e+01 8.638628213294732294e-01
1.328783464452763383e+03 6.625571717043834497e+01 8.627112047088846269e-01
1.328804298115456959e+03 6.744497227706861509e+01 8.634234004987052513e-01
1.328825131777917477e+03 6.786684605845553619e+01 8.631885185321314102e-01
1.328845965440262034e+03 6.764308210591941872e+01 8.625691441449425678e-01
1.328866799102257573e+03 6.837271496236282076e+01 8.604565143979449049e-01
1.328887632764136470e+03 6.863711107046927395e+01 8.587422208697420567e-01
1.328908466425667029e+03 6.831600929016711632e+01 8.569890974279378293e-01
1.328929300087080037e+03 6.890950159301455358e+01 8.561907991423292064e-01
1.328950133748260441e+03 6.856936586069762996e+01 8.525351123346881499e-01
1.328970967409090917e+03 6.850978755366044481e+01 8.507476547796279931e-01
1.328991801069807025e+03 6.771232439922754054e+01 8.483404395574631884e-01
1.329012634730288937e+03 6.751020507193589992e+01 8.475687008134336065e-01
1.329033468390538019e+03 6.779103055765600061e+01 8.466680717331448447e-01
1.329054302050554043e+03 6.833925400715853016e+01 8.467022145936279331e-01
1.329075135710454106e+03 6.713392278066956464e+01 8.480973743951774058e-01
1.329095969370004468e+03 6.775041113654313563e+01 8.475664152717835576e-01
1.329116803029322909e+03 6.770702606595901329e+01 8.472907689163808875e-01
1.329137636688524935e+03 6.789783964097196645e+01 8.479327616620705443e-01
1.329158470347376351e+03 6.955287767070784355e+01 8.484314568797899359e-01
1.329179304005996073e+03 6.803828726275065719e+01 8.488601362544574425e-01
1.329200137664498470e+03 6.669804365603400242e+01 8.470139421173504823e-01
1.329220971322768037e+03 6.876445969212832665e+01 8.487869667014357189e-01
1.329241804980689949e+03 6.743397945690925610e+01 8.467782743050943361e-01
1.329262638638494536e+03 6.808578922831527791e+01 8.471727530484501889e-01
1.329283472295949650e+03 6.799138373600753482e+01 8.458871971481021212e-01
1.329304305953287894e+03 6.737556367729061435e+01 8.424798093691273637e-01
1.329325139610393535e+03 6.905196539716946802e+01 8.422053998697486277e-01
1.329345973267267482e+03 6.745012449787314779e+01 8.393447458093784563e-01
1.329366806923791501e+03 6.757739112455772101e+01 8.386593295803869141e-01
1.329387640580199104e+03 6.824980636470715467e+01 8.382311575820000638e-01
1.329408474236373422e+03 6.767898957629684276e+01 8.376083432049837851e-01
1.329429307892314910e+03 6.881691962813435737e+01 8.385486641980854916e-01
1.329450141548023566e+03 6.586934262665215556e+01 8.374491419936334058e-01
1.329470975203500529e+03 6.571827475578999156e+01 8.382689504441017680e-01
1.329491808858627564e+03 6.667463433619593616e+01 8.383744983412807494e-01
1.329512642513637957e+03 6.792160597620649298e+01 8.396247045832493372e-01
1.329533476168414836e+03 6.654927289989369399e+01 8.397200027495657082e-01
1.329554309822960022e+03 6.812528494574355875e+01 8.421785060423555569e-01
1.329575143477271922e+03 6.681615233035986989e+01 8.433167793574156690e-01
1.329595977131351901e+03 6.751218493356751083e+01 8.453592566006105091e-01
1.329616810785199050e+03 6.678728860989920690e+01 8.444599414401748882e-01
1.329637644438695588e+03 6.724093335941515193e+01 8.445437547744255591e-01
1.329658478092075939e+03 6.757492693958053565e+01 8.449913712348755546e-01
1.329679311745223458e+03 6.827933508042468702e+01 8.436750096092344720e-01
1.329700145398138829e+03 6.558687617851462903e+01 8.427521491870617609e-01
1.329720979050821825e+03 6.691866242463693482e+01 8.440213296983728464e-01
1.329741812703153983e+03 6.740428533697742353e+01 8.436783654215601613e-01
1.329762646355370634e+03 6.752382967317051055e+01 8.427780699353965010e-01
1.329783480007354001e+03 6.683243808684795795e+01 8.428348947618305997e-01
1.329804313658988576e+03 6.895116729522584365e+01 8.429709122482441641e-01
1.329825147310506509e+03 6.676483326457073986e+01 8.409822066666640117e-01
1.329845980961792520e+03 6.779732085217047199e+01 8.414381639242368705e-01
1.329866814612727921e+03 6.735209454094339776e+01 8.399178405727274477e-01
1.329887648263547362e+03 6.723276479319197563e+01 8.386731883777414076e-01
1.329908481914018012e+03 6.717602294326886181e+01 8.368284878329959042e-01
1.329929315564254921e+03 6.629265536211684662e+01 8.348528161789083857e-01
1.329950149214376552e+03 6.687377759043801007e+01 8.345000126943250551e-01
1.329970982864148937e+03 6.774391534785884517e+01 8.323845986120606000e-01
1.329991816513687809e+03 6.868114758199662617e+01 8.319091707314976158e-01
1.330012650162994078e+03 6.718996713297902090e+01 8.301134169312828215e-01
1.330033483812183476e+03 6.726472810630134802e+01 8.292789336899304420e-01
1.330054317461024539e+03 6.683899584763182133e+01 8.294702076542878055e-01
1.330075151109632543e+03 6.701059939627697304e+01 8.304160114814660432e-01
1.330095984758007035e+03 6.768766377750863228e+01 8.312985413224541764e-01
1.330116818406148468e+03 6.702977020213644721e+01 8.302647638866188506e-01
1.330137652053941110e+03 6.662521885129861232e+01 8.297413580416562739e-01
1.330158485701616883e+03 6.697712759192722842e+01 8.294021546806125134e-01
1.330179319349061643e+03 6.805622116441699632e+01 8.307187110617597625e-01
1.330200152996156021e+03 6.815975531747365324e+01 8.310053415138266564e-01
1.330220986643133983e+03 6.729319114735541518e+01 8.307645226172635233e-01
1.330241820289762927e+03 6.735151081092216430e+01 8.301499997604986358e-01
1.330262653936274546e+03 6.858891752654487561e+01 8.286344292841201220e-01
1.330283487582436919e+03 6.722998401795129553e+01 8.273505422225100325e-01
1.330304321228368053e+03 6.724962252143042463e+01 8.262472636859962138e-01
1.330325154874064992e+03 6.812009015540867551e+01 8.250912933700242924e-01
1.330366822164761061e+03 6.598382474939703002e+01 8.216016902405681721e-01
1.330387655809759508e+03 6.588132457451158075e+01 8.224676251054618970e-01
1.330408489454524897e+03 6.633634968530505205e+01 8.208291379624507167e-01
1.330429323098941950e+03 6.724913312478066985e+01 8.214802740541584658e-01
1.330450156743243042e+03 6.803031326406195944e+01 8.212643142219148151e-01
1.330470990387194888e+03 6.717187895188625646e+01 8.207005990528306594e-01
1.330491824031028955e+03 6.858792173963232131e+01 8.217914872473844889e-01
1.330512657674514003e+03 6.621283041584372597e+01 8.212047265984718791e-01
1.330533491317766902e+03 6.839113135747565764e+01 8.237175524953379568e-01
1.330554324960786971e+03 6.695515786830748084e+01 8.233249029958324972e-01
1.330575158603573982e+03 6.683751662035436425e+01 8.241743464509061479e-01
1.330595992246127935e+03 6.644522045556159640e+01 8.269920516548912026e-01
1.330616825888332642e+03 6.661454497413973286e+01 8.259070943835081779e-01
1.330637659530420933e+03 6.675941546417257655e+01 8.263298947695022489e-01
1.330658493172159979e+03 6.719118901942050570e+01 8.262511952517084257e-01
1.330679326813667103e+03 6.792667345759780062e+01 8.268384476452056431e-01
1.330700160455056903e+03 6.590980634689692863e+01 8.255081937927396529e-01
1.330720994096097456e+03 6.652804074666765644e+01 8.264408259985137617e-01
1.330741827736904952e+03 6.731726621105839570e+01 8.259851772303804518e-01
1.330762661377363656e+03 6.704973413603592292e+01 8.250953026836291837e-01
1.330783495017706628e+03 6.602568970819393712e+01 8.254662785519267798e-01
1.330804328657699443e+03 6.634222032234494293e+01 8.241742741304709519e-01
1.330825162297576071e+03 6.661461450567855991e+01 8.242340809630157583e-01
1.330845995937103908e+03 6.721393919979786347e+01 8.253836693314939854e-01
1.330866829576398004e+03 6.755118716766205011e+01 8.242764565754768791e-01
1.330887663215459497e+03 6.652711996330785382e+01 8.226597219830431573e-01
1.330908496854288842e+03 6.662784819973917649e+01 8.218389205845840761e-01
1.330929330492884901e+03 6.690725839485050130e+01 8.208460934287803434e-01
1.330950164131130805e+03 6.695966299389930043e+01 8.200819508958541171e-01
1.330970997769145015e+03 6.763683133676144621e+01 8.201542656282738708e-01
1.330991831407041900e+03 6.554211582845435657e+01 8.205975355214043532e-01
1.331012665044590449e+03 6.661343468809130286e+01 8.187437770694377948e-01
1.331033498681790888e+03 6.721150719264116447e+01 8.171332375944374560e-01
1.331054332318873094e+03 6.754872371748065518e+01 8.181026666097682698e-01
1.331075165955722468e+03 6.835084428915811827e+01 8.182116900997115083e-01
1.331095999592222597e+03 6.719772104933856838e+01 8.180578946539082130e-01
1.331116833228489895e+03 6.646579103720377191e+01 8.167594255266075187e-01
1.331137666864525045e+03 6.718976038831553410e+01 8.173475178125076956e-01
1.331158500500328046e+03 6.673675769604072627e+01 8.171097494157880670e-01
1.331179334135897079e+03 6.638874390317468510e+01 8.178798390390653594e-01
1.331200167771233509e+03 6.630363639115925878e+01 8.171490297324932595e-01
1.331221001406220012e+03 6.659429931496406141e+01 8.172442137547496488e-01
1.331241835040975047e+03 6.641827112851781578e+01 8.186023870290274340e-01
1.331262668675497025e+03 6.846602763271224035e+01 8.174364443813810777e-01
1.331283502309785035e+03 6.764262952154294339e+01 8.161532726488412992e-01
1.331304335943839988e+03 6.764370720257981873e+01 8.156156955933685504e-01
1.331325169577547513e+03 6.511809128459826468e+01 8.130439991229796437e-01
1.331346003211137486e+03 6.644311368128454376e+01 8.120682376132458691e-01
1.331366836844378440e+03 6.688494456349276618e+01 8.127467807716580728e-01
1.331387670477387019e+03 6.692038935072646666e+01 8.111075794420331553e-01
1.331408504110044987e+03 6.676940708227286336e+01 8.100777980742345230e-01
1.331429337742587904e+03 6.643276062570728868e+01 8.100285354933158821e-01
1.331450171374780894e+03 6.529548351525639305e+01 8.097156720871627744e-01
1.331471005006741052e+03 6.646854718687696106e+01 8.096864108597656706e-01
1.331491838638469062e+03 6.686553180897824689e+01 8.096081548849275444e-01
1.331512672269964014e+03 6.657082683079661933e+01 8.098322280161300846e-01
1.331533505901225453e+03 6.606603903918805543e+01 8.120634666923900458e-01
1.331554339532138101e+03 6.576759329810413135e+01 8.121018901588287209e-01
1.331575173162817919e+03 6.778688628425484808e+01 8.134579513270925322e-01
1.331596006793264905e+03 6.551274862913356856e+01 8.137208862487604888e-01
1.331616840423479971e+03 6.628831989400042346e+01 8.140772036580913307e-01
1.331637674053344654e+03 6.668590829470473125e+01 8.182356201409493046e-01
1.331658507682976051e+03 6.498483198608521150e+01 8.151337412058502485e-01
1.331679341312375982e+03 6.717375763254216281e+01 8.160425498541450384e-01
1.331700174941541491e+03 6.561874015633985380e+01 8.187013699016056911e-01
1.331721008570475533e+03 6.719866870536094439e+01 8.161615251315961217e-01
1.331741842199060102e+03 6.612508832421070792e+01 8.157659693822828517e-01
1.331762675827410931e+03 6.734303069188787561e+01 8.159744727101415629e-01
1.331783509455530520e+03 6.620471344174964656e+01 8.147912729981369173e-01
1.331804343083415915e+03 6.665085261133917527e+01 8.149011052282264522e-01
1.331825176710952064e+03 6.651700145743534165e+01 8.150795190434146908e-01
1.331846010338372935e+03 6.706669295070052783e+01 8.156847526323388609e-01
1.331866843965444104e+03 6.566543742882072365e+01 8.155701293611846703e-01
1.331887677592166028e+03 6.647700696212551463e+01 8.139243112963241433e-01
1.331908511218770855e+03 6.574952897779843397e+01 8.134628606148349705e-01
1.331929344845026435e+03 6.728407181430658568e+01 8.135160182437956022e-01
1.331950178471050094e+03 6.540457544156630831e+01 8.158372054886486868e-01
1.331971012096840923e+03 6.645991488264584746e+01 8.126613016673810419e-01
1.331991845722398921e+03 6.650245926462628177e+01 8.124005917111697395e-01
1.332012679347606536e+03 6.803931759049044103e+01 8.132810506536438666e-01
1.332033512972582002e+03 6.696838699590739452e+01 8.119262356702406924e-01
1.332054346597324184e+03 6.614362416540448919e+01 8.117357474374944371e-01
1.332075180221717346e+03 6.729608030010787445e+01 8.126193105688876983e-01
1.332096013845879042e+03 6.549731021612157633e+01 8.111075059565314715e-01
1.332116847469806544e+03 6.688345360000164419e+01 8.127924319513801787e-01
1.332137681093500987e+03 6.492467140818392579e+01 8.120831373856139956e-01
1.332158514716963055e+03 6.558924643851685232e+01 8.137137443915625212e-01
1.332179348340074966e+03 6.553112247537504231e+01 8.120812657543445834e-01
1.332200181962956549e+03 6.588488472121102291e+01 8.136019203709131675e-01
1.332221015585487521e+03 6.686093082121512055e+01 8.134502942445299700e-01
1.332241849207900941e+03 6.584029378742349081e+01 8.131797954442673282e-01
1.332262682829965797e+03 6.640208137448344416e+01 8.142284568276826340e-01
1.332283516451798050e+03 6.593268604495526120e+01 8.117993341415468134e-01
1.332304350084807083e+03 6.483187112695611631e+01 8.112506430906970545e-01
1.332325183706057487e+03 6.630128931018482774e+01 8.096606821899351436e-01
1.332346017327074605e+03 6.504101254064214288e+01 8.120917248149617240e-01
1.332366850947858893e+03 6.564683691881175776e+01 8.077744096818109121e-01
1.332387684568294389e+03 6.643042457843029069e+01 8.071592571000636429e-01
1.332408518188495918e+03 6.463223366492466937e+01 8.068199789610909223e-01
1.332429351808465981e+03 6.619320535671862160e+01 8.068057207642319595e-01
1.332450185428087025e+03 6.577124208091878188e+01 8.055313278442681746e-01
1.332471019047590971e+03 6.600939600746420410e+01 8.068316143495366521e-01
1.332491852666745444e+03 6.638832283633489340e+01 8.063856188243907486e-01
1.332512686285550899e+03 6.766983995126631157e+01 8.082162832937772601e-01
1.332533519904123978e+03 6.660541412285360252e+01 8.083782922557670725e-01
1.332554353522463998e+03 6.540593852471809555e+01 8.085638952963423165e-01
1.332575187140570961e+03 6.612829099215468887e+01 8.097031211744816215e-01
1.332596020758444865e+03 6.625276176648756632e+01 8.105173128551087514e-01
1.332616854375969069e+03 6.785678561563123878e+01 8.120363820104479213e-01
1.332637687993144937e+03 6.587161374487062915e+01 8.115682761684854807e-01
1.332658521610205071e+03 6.512455663759980951e+01 8.124047003389834876e-01
1.332679355226915050e+03 6.754126067902578257e+01 8.132474835483234354e-01
1.332700188843392425e+03 6.575947739928425051e+01 8.130543724895397117e-01
1.332721022459520100e+03 6.481290943397200977e+01 8.117103407335175547e-01
1.332741856075414944e+03 6.528395769702714801e+01 8.123884124423447206e-01
1.332762689691076503e+03 6.760459629247290536e+01 8.122410728454793061e-01
1.332783523306390180e+03 6.577036892800929024e+01 8.117911107373798618e-01
1.332804356921587441e+03 6.741613722227684491e+01 8.119539112978074735e-01
1.332825190536318587e+03 6.758991245022387773e+01 8.115037165149473486e-01
1.332866857765197892e+03 6.597261211174340190e+01 8.105188571729511349e-01
1.332887691379230091e+03 6.568240414342783140e+01 8.097286644692599511e-01
1.332908524992913499e+03 6.574875930717259109e+01 8.096954653902811438e-01
1.332929358606364076e+03 6.497345547212522376e+01 8.088671088590549951e-01
1.332950192219580913e+03 6.561667180005856892e+01 8.112876356708257353e-01
1.332971025832450096e+03 6.542239546914973403e+01 8.089945808625229606e-01
1.332991859445085083e+03 6.628558330989952196e+01 8.096482040427758209e-01
1.333012693057487468e+03 6.735704953009386031e+01 8.087697597725261867e-01
1.333033526669541970e+03 6.406915166009565610e+01 8.079509299221384611e-01
1.333054360281362506e+03 6.548478167839222408e+01 8.085267412367143081e-01
1.333075193892833113e+03 6.674995014621329403e+01 8.084475251451008759e-01
1.333096027504188442e+03 6.711390868111698182e+01 8.086400778946991608e-01
1.333116861115077427e+03 6.594558914747213407e+01 8.089908233046665398e-01
1.333137694725850452e+03 6.681015938720565828e+01 8.095569494453704884e-01
1.333158528336274912e+03 6.600121756143283847e+01 8.104470800529453012e-01
1.333179361946465633e+03 6.551200015689252609e+01 8.095685086845668677e-01
1.333200195556306426e+03 6.557447802224494637e+01 8.100938381187221538e-01
1.333221029165914842e+03 6.627002786095374631e+01 8.108294626348095946e-01
1.333241862775174013e+03 6.592505199231941049e+01 8.116121943627008228e-01
1.333262696384201490e+03 6.708822228079517913e+01 8.106476135158544594e-01
1.333283529992995454e+03 6.525511144752152859e+01 8.093768395951622674e-01
1.333304363601439945e+03 6.535688300689280084e+01 8.089402787712639542e-01
1.333325197209652060e+03 6.483293006092804944e+01 8.070559413858776621e-01
1.333346030817629980e+03 6.684345270021148622e+01 8.071451895121888320e-01
1.333366864425260019e+03 6.496882971085385350e+01 8.056707208531680431e-01
1.333387698032541039e+03 6.567143426612345536e+01 8.047867500799500418e-01
1.333408531639704961e+03 6.512093568613430250e+01 8.046013869346405611e-01
1.333429365246518955e+03 6.625440907268141189e+01 8.034200593887083075e-01
1.333450198852985068e+03 6.584476184890209538e+01 8.034644229729819287e-01
1.333471032459216985e+03 6.613649886833376002e+01 8.043391760827188763e-01
1.333491866065217437e+03 6.570903486395177140e+01 8.034108970389286508e-01
1.333512699670869097e+03 6.687039337024181407e+01 8.044161663177028521e-01
1.333533533276169464e+03 6.666100523299095926e+01 8.057532798612749847e-01
1.333554366881354099e+03 6.652478351225920505e+01 8.062117870649231355e-01
1.333575200486189942e+03 6.772179806909818467e+01 8.070247003634802851e-01
1.333596034090675857e+03 6.543664304859724723e+01 8.069963386717300402e-01
1.333616867694930079e+03 6.416172112981516307e+01 8.070776912181489848e-01
1.333637701298951924e+03 6.580216713896439273e+01 8.079722499236768885e-01
1.333658534902623160e+03 6.421227557560628441e+01 8.091126771693044617e-01
1.333679368505944922e+03 6.565664720854736913e+01 8.094118927313084244e-01
1.333700202109034535e+03 6.590476476694955466e+01 8.111253259957679207e-01
1.333721035711891091e+03 6.574408966149161415e+01 8.086397830557107147e-01
1.333741869314399082e+03 6.633770999992199791e+01 8.095639807219972006e-01
1.333762702916674016e+03 6.601829421283257204e+01 8.083289998387325204e-01
1.333783536518714982e+03 6.606617298106513658e+01 8.076005078291937922e-01
1.333804370120290969e+03 6.574247370190664697e+01 8.082986929114015506e-01
1.333825203721750540e+03 6.542363621255015005e+01 8.077000272210784759e-01
1.333846037322861093e+03 6.630130276055034244e+01 8.087865627225314658e-01
1.333866870923622628e+03 6.643194186073537821e+01 8.066502679059104342e-01
1.333887704524151104e+03 6.602041944322712652e+01 8.066875453354014347e-01
1.333908538124445840e+03 6.560207122244565880e+01 8.055731704766431189e-01
1.333929371724276052e+03 6.746829361993448515e+01 8.075985151021228825e-01
1.333950205323988939e+03 6.560839446690731336e+01 8.051123747372459505e-01
1.333971038923353944e+03 6.492961111017019959e+01 8.049986524748333760e-01
1.333991872522369022e+03 6.616261392897405358e+01 8.047900088302465393e-01
1.334012706121151041e+03 6.661360619683635775e+01 8.041421838765835384e-01
1.334033539719700002e+03 6.663048923926191947e+01 8.048138195257203975e-01
1.334054373317899945e+03 6.669679070051783754e+01 8.042636977509426410e-01
1.334075206915750641e+03 6.677062241582808610e+01 8.041848029099361028e-01
1.334096040513368962e+03 6.637608039089339229e+01 8.039314644198551907e-01
1.334116874110753997e+03 6.571314083578039345e+01 8.045118936568743662e-01
1.334137707707674053e+03 6.518121650070521866e+01 8.036652896196341267e-01
1.334158541304476557e+03 6.736413409447906986e+01 8.050837976069826762e-01
1.334179374900930043e+03 6.289878245589481764e+01 8.038050433068760769e-01
1.334200208497035419e+03 6.468715624896255179e+01 8.042318665224336138e-01
1.334221042092907965e+03 6.458009199022767177e+01 8.060763327278378521e-01
1.334241875688429900e+03 6.575258036041292087e+01 8.041363282155125081e-01
1.334262709283603044e+03 6.696772808893318540e+01 8.042048886625602355e-01
1.334283542878542903e+03 6.743025741885853108e+01 8.041999228589623572e-01
1.334304376473250613e+03 6.574545348535075107e+01 8.031468874550123926e-01
1.334325210067609078e+03 6.632317923899377377e+01 8.028727317064133784e-01
1.334346043661618978e+03 6.523671578855829978e+01 8.026414060937319128e-01
1.334366877255395138e+03 6.521312337756189947e+01 8.002505893436968609e-01
1.334387710848820916e+03 6.641168625390729119e+01 8.000180212613692277e-01
1.334408544442015909e+03 6.570427890286315176e+01 7.986794778797252636e-01
1.334429378034859837e+03 6.513504590229968017e+01 7.984935180959922274e-01
1.334450211627472527e+03 6.644112971387720279e+01 7.996149641548869758e-01
1.334471045219735970e+03 6.690816325818175869e+01 7.981028727165345726e-01
1.334491878811649940e+03 6.693995926443790268e+01 7.982956806998301458e-01
1.334512712403330625e+03 6.656639400310929489e+01 7.985758861199941938e-01
1.334533545994662063e+03 6.598718647054451480e+01 7.981065695120030945e-01
1.334554379585644483e+03 6.672583543260253691e+01 7.988012258015961820e-01
1.334575213176394527e+03 6.543815315747001193e+01 7.998995881841767241e-01
1.334596046766793961e+03 6.525616859707042750e+01 7.987911150503606006e-01
1.334616880356961929e+03 6.633204799747412039e+01 7.987082095250477298e-01
1.334637713946779513e+03 6.566058721339226167e+01 7.993422068892643839e-01
1.334658547536364495e+03 6.579812479831620919e+01 8.005929492904891864e-01
1.334679381125485179e+03 6.516017609922890585e+01 7.988200292200361430e-01
1.334700214714488993e+03 6.511430597949996013e+01 7.987763777483107841e-01
1.334721048303026009e+03 6.607605462500472981e+01 7.982912007949430899e-01
1.334741881891329967e+03 6.479606801734684041e+01 7.976220313194660738e-01
1.334762715479286044e+03 6.675301384239823221e+01 7.981763946546827082e-01
1.334783549067008607e+03 6.712842191893415134e+01 7.967205645938369996e-01
1.334804382654382152e+03 6.632198507638840113e+01 7.973540866786548165e-01
1.334825216241406906e+03 6.578923180372071045e+01 7.952403337454202470e-01
1.334846049828081959e+03 6.671050283779629808e+01 7.971826969063344759e-01
1.334866883414524182e+03 6.711495104125424405e+01 7.955269724830573708e-01
1.334887717000616021e+03 6.651148822476879729e+01 7.951877533632591977e-01
1.334908550586477531e+03 6.606544210695894037e+01 7.933654920153421219e-01
1.334929384171988204e+03 6.697307090596676460e+01 7.938952365675160383e-01
1.334950217757148948e+03 6.543281628582109022e+01 7.926738923686993399e-01
1.334971051341962038e+03 6.601721868676455074e+01 7.930773956585878137e-01
1.334991884926540934e+03 6.672758606962835870e+01 7.921240305257303271e-01
1.335012718510770810e+03 6.602934884497491907e+01 7.918010438678525498e-01
1.335033552094652350e+03 6.561135536437612359e+01 7.916220895029134619e-01
1.335054385678301514e+03 6.456488656799747616e+01 7.905279846377304409e-01
1.335075219261483653e+03 6.632287380472101290e+01 7.926990820954341599e-01
1.335096052844548922e+03 6.645722804987865118e+01 7.926244881024743227e-01
1.335116886427149439e+03 6.635034074069369581e+01 7.912267332588440727e-01
1.335137720009516897e+03 6.715792752683093170e+01 7.911885390434189036e-01
1.335158553591419604e+03 6.558853881427218369e+01 7.907696376777796354e-01
1.335179387173089026e+03 6.590287112023167992e+01 7.897351862914921972e-01
1.335200220754524935e+03 6.523995588542358348e+01 7.885577031818318261e-01
1.335221054335496092e+03 6.673745321161642607e+01 7.889341873235992120e-01
1.335241887916233509e+03 6.701614533521980377e+01 7.910171320394594474e-01
1.335262721496622362e+03 6.668120333086287133e+01 7.876232731928419772e-01
1.335283555076661969e+03 6.459576969620565023e+01 7.874697482641173085e-01
1.335304388656467836e+03 6.526484368500489097e+01 7.859746359210055822e-01
1.335325222235808496e+03 6.646550038578138242e+01 7.851650180611752239e-01
1.335366889393675592e+03 6.710142425548633582e+01 7.837753298497738275e-01
1.335387722972084930e+03 6.463956948168473104e+01 7.823384903779926347e-01
1.335408556550261892e+03 6.445800883350847243e+01 7.818800102579545053e-01
1.335429390127972965e+03 6.530535499263591248e+01 7.808445832233591455e-01
1.335450223705450981e+03 6.582083713275952164e+01 7.809536944202737363e-01
1.335471057282580205e+03 6.503446499428672212e+01 7.802036526331197486e-01
1.335491890859359046e+03 6.522916515810589999e+01 7.802992567008727454e-01
1.335512724435790460e+03 6.538796680200429989e+01 7.803841179372024150e-01
1.335533558011871946e+03 6.612917912305880463e+01 7.794036792045719864e-01
1.335554391587604186e+03 6.575553908873789055e+01 7.811016323350429280e-01
1.335575225163102459e+03 6.557268247470757672e+01 7.801534968731933528e-01
1.335596058738135980e+03 6.589503115857522175e+01 7.860442496698037962e-01
1.335616892312936898e+03 6.736735716450110090e+01 7.791063654271728200e-01
1.335637725887387887e+03 6.557195276575340870e+01 7.772309878046410603e-01
1.335658559461490995e+03 6.641160192297324727e+01 7.784727323040598890e-01
1.335679393035243947e+03 6.607459412469422944e+01 7.791545231190739607e-01
1.335700226608646972e+03 6.432963253472674126e+01 7.762054082867347882e-01
1.335721060181700977e+03 6.633451946906401986e+01 7.790035757097831803e-01
1.335741893754406647e+03 6.749865238743292650e+01 7.774765437963800929e-01
1.335762727326763525e+03 6.698616137279182681e+01 7.779235977520634338e-01
1.335783560898769565e+03 6.541794301644080178e+01 7.769097501635175984e-01
1.335804394470543002e+03 6.640842468624531136e+01 7.773953521316745441e-01
1.335825228041851005e+03 6.615980634270556493e+01 7.776366405685828376e-01
1.335846061612809990e+03 6.615412743779290849e+01 7.762467968762540860e-01
1.335866895183536599e+03 6.583885778359817209e+01 7.760423280512575017e-01
1.335887728753797091e+03 6.619785619640812513e+01 7.776339578681328302e-01
1.335908562323824981e+03 6.675787804602053654e+01 7.775319700629097497e-01
1.335929395893386982e+03 6.452074411282677602e+01 7.756300011411346729e-01
1.335950229462599054e+03 6.553141019258217170e+01 7.765396406466549273e-01
1.335971063031462563e+03 6.499963992278726721e+01 7.783979618869143469e-01
1.335991896600093924e+03 6.655719876190404705e+01 7.769810966416246245e-01
1.336012730168258940e+03 6.644163799158607731e+01 7.767850315235063086e-01
1.336033563736074939e+03 6.668598378989234732e+01 7.769253242010574212e-01
1.336054397303541009e+03 6.621693977753388083e+01 7.764220404290724797e-01
1.336075230870658061e+03 6.609699999257287573e+01 7.755798570158747296e-01
1.336096064437426548e+03 6.592528047605179609e+01 7.789171484028839521e-01
1.336116898003846018e+03 6.622734590828592616e+01 7.760790404125219588e-01
1.336137731569798461e+03 6.556832086276368443e+01 7.763791641175270541e-01
1.336158565135518529e+03 6.772030549892231477e+01 7.761099527171810841e-01
1.336179398700890033e+03 6.594779849366015867e+01 7.759304137565044002e-01
1.336200232265794966e+03 6.678215520422395457e+01 7.772955184618878244e-01
1.336221065830351108e+03 6.603352722584500611e+01 7.763234252111784750e-01
1.336241899394558004e+03 6.582042120272460295e+01 7.757064598888548934e-01
1.336262732958416109e+03 6.599249809062713723e+01 7.760729346067298806e-01
1.336283566521808098e+03 6.579221773665365447e+01 7.770103237909651295e-01
1.336304400084966801e+03 6.527764211319023957e+01 7.760095696350800543e-01
1.336325233647660525e+03 6.710367179082716405e+01 7.766467472790986593e-01
1.336346067210005458e+03 6.680416514191492183e+01 7.766450204888905029e-01
1.336366900772000463e+03 6.542623268574467943e+01 7.783208485676871291e-01
1.336387734333645994e+03 6.563252389749121107e+01 7.769382511822979787e-01
1.336408567894825865e+03 6.522503450451193885e+01 7.758290855204016401e-01
1.336429401455656034e+03 6.617877440330124728e+01 7.761040775540445358e-01
1.336450235016138549e+03 6.709854917329393231e+01 7.774921831431058639e-01
1.336471068576271591e+03 6.634059383919094444e+01 7.786347676557235920e-01
1.336491902135937380e+03 6.633255746368628536e+01 7.766571463122825536e-01
1.336512735695254378e+03 6.462060093175477959e+01 7.755919610670735098e-01
1.336533569254223039e+03 6.644851333129616933e+01 7.771071644283035207e-01
1.336554402812725584e+03 6.648230636803172899e+01 7.761844827888367826e-01
1.336575236370879566e+03 6.604990524659319817e+01 7.760553849477749289e-01
1.336596069928567431e+03 6.651627358310160787e+01 7.762809273644754038e-01
1.336616903486021556e+03 6.603436808856230300e+01 7.766647824140402445e-01
1.336637737042894059e+03 6.587838033533942905e+01 7.770419277651852141e-01
1.336658570599533959e+03 6.655647958627776006e+01 7.764216182029913815e-01
1.336679404155709108e+03 6.596052891147847674e+01 7.764624195351297331e-01
1.336700237711534101e+03 6.619405684053349148e+01 7.759984322266619827e-01
1.336721071266892977e+03 6.720553228378530264e+01 7.762780096311159284e-01
1.336741904821903063e+03 6.554610958169419632e+01 7.764953507494846141e-01
1.336762738376447942e+03 6.474155004200993346e+01 7.768449189184859494e-01
1.336783571930642438e+03 6.532480116185951147e+01 7.756812562298556202e-01
1.336804405484372637e+03 6.519982580574803421e+01 7.763413910808640850e-01
1.336825239037752908e+03 6.571964334688472320e+01 7.757795305031335298e-01
1.336846072590667973e+03 6.685553878708641662e+01 7.770464534718106719e-01
1.336866906143233109e+03 6.640763235468357095e+01 7.765218712599826212e-01
1.336887739695332584e+03 6.654918086739176886e+01 7.766494333895688218e-01
1.336908573247081904e+03 6.491875177306283717e+01 7.765161527315664891e-01
1.336929406798367836e+03 6.601446348748844173e+01 7.757736528376120155e-01
1.336950240349188107e+03 6.497775878271706063e+01 7.760895622544407013e-01
1.336971073899657995e+03 6.655565347826326672e+01 7.767850315235063086e-01
1.336991907449661539e+03 6.567696432599346679e+01 7.766404924430001522e-01
1.337012740999316065e+03 6.619433017712715639e+01 7.786956992283732282e-01
1.337033574548505840e+03 6.606225437662482136e+01 7.763332143583926426e-01
1.337054408097229953e+03 6.614392772977076618e+01 7.767762456044347008e-01
1.337075241645487949e+03 6.485703975170049773e+01 7.763031555257100536e-01
1.337096075193396473e+03 6.471454302492469424e+01 7.764269152044709354e-01
1.337116908740839108e+03 6.556030886697477911e+01 7.769546685220261040e-01
1.337137742287932952e+03 6.687184517839642695e+01 7.797214814083559542e-01
1.337158575834445401e+03 6.638714880760039705e+01 7.766567625865948843e-01
1.337179409380609059e+03 6.689045918819577707e+01 7.763847301108661725e-01
1.337200242926305009e+03 6.597424597906960742e+01 7.771240383938071705e-01
1.337221076471535980e+03 6.641642624391312211e+01 7.803225543589314972e-01
1.337241910016417933e+03 6.554923430767732384e+01 7.761988811277460432e-01
1.337262743560718036e+03 6.618815135810494610e+01 7.762034117498121111e-01
1.337283577104668893e+03 6.642108310195675358e+01 7.779924762430677765e-01
1.337304410648038356e+03 6.754880862120580787e+01 7.769987404590938951e-01
1.337325244191057436e+03 6.610303374048247349e+01 7.783033113046721185e-01
1.337346077733609945e+03 6.622752399697738213e+01 7.761207813327071214e-01
1.337366911275697930e+03 6.482326550008153276e+01 7.753889722830504816e-01
1.337387744817320936e+03 6.614463172468350649e+01 7.762008776763223983e-01
1.337408578358478508e+03 6.612709811073273158e+01 7.764741643941858174e-01
1.337429411899169509e+03 6.600083240556921282e+01 7.769156575938180875e-01
1.337450245439393939e+03 6.529700507978579083e+01 7.761116806978747285e-01
1.337471078979154072e+03 6.649901665206074597e+01 7.778824133160362475e-01
1.337491912518448089e+03 6.464564682518687277e+01 7.766180820645093297e-01
1.337512746057277127e+03 6.541125779453676614e+01 7.770645560347305691e-01
1.337533579595524088e+03 6.533860511080609967e+01 7.760334185134217799e-01
1.337554413133420439e+03 6.527097811147783091e+01 7.762989326079545727e-01
1.337575246670734941e+03 6.596000528803359941e+01 7.767596710236558399e-01
1.337596080207701107e+03 6.645067491992014652e+01 7.769832446060397357e-01
1.337616913744084968e+03 6.531731858485198927e+01 7.769573152102120517e-01
1.337637747280003623e+03 6.587676865695385686e+01 7.772190626581755302e-01
1.337658580815339064e+03 6.673485741209542255e+01 7.782636786979557630e-01
1.337679414350325033e+03 6.583110297563804636e+01 7.765504248925615416e-01
1.337700247884730061e+03 6.473002677125732873e+01 7.765837745131736192e-01
1.337721081418668973e+03 6.567059126454302032e+01 7.764689828606191613e-01
1.337741914952142452e+03 6.605463850215475929e+01 7.782989077813665668e-01
1.337762748485034535e+03 6.537257721150987777e+01 7.759869874128652034e-01
1.337783582017460049e+03 6.531813755407276290e+01 7.767983828609302810e-01
1.337804415549418991e+03 6.660969520261768650e+01 7.771709000763056263e-01
1.337825249080796993e+03 6.542179996811904630e+01 7.773343186309528141e-01
1.337866916142156470e+03 6.533127281719906421e+01 7.766526183370882075e-01
1.337887749672021982e+03 6.428074045946982551e+01 7.765746025508600825e-01
1.337908583201420015e+03 6.487227256343824422e+01 7.770393580725724059e-01
1.337929416730235971e+03 6.611259422022862964e+01 7.782202528290429466e-01
1.337950250258586948e+03 6.536115662035504670e+01 7.765288946298771755e-01
1.337971083786472036e+03 6.484751050415790985e+01 7.758583944789063658e-01
1.337991917313776412e+03 6.550426930721243934e+01 7.762945177148299347e-01
1.338012750840614899e+03 6.540347228763698695e+01 7.768049049825627161e-01
1.338033584366869945e+03 6.583016890929479814e+01 7.771529150347539217e-01
1.338054417892659558e+03 6.621378283497372763e+01 7.795350516282584241e-01
1.338075251417867094e+03 6.513691760275497700e+01 7.764916278267409711e-01
1.338096084942608968e+03 6.346740494789672482e+01 7.758583560668412815e-01
1.338116918466769448e+03 6.628098117014852164e+01 7.776070153775490601e-01
1.338137751990464949e+03 6.612637590602123794e+01 7.772603205857296915e-01
1.338158585513694106e+03 6.626477871824140209e+01 7.771515345026370758e-01
1.338179419036339823e+03 6.433042293740095374e+01 7.784586440085762282e-01
1.338200252558520106e+03 6.514454511938436099e+01 7.762836915228051859e-01
1.338221086080119449e+03 6.492924880292419232e+01 7.764369333475945600e-01
1.338241919601254040e+03 6.622205591544393144e+01 7.772669922010211341e-01
1.338262753121920923e+03 6.419225610415590211e+01 7.764124443250831620e-01
1.338283586642007094e+03 6.516631868791604631e+01 7.781790457957097340e-01
1.338304420161626922e+03 6.525151389318662609e+01 7.763147876258327251e-01
1.338325253680663991e+03 6.554477319233220101e+01 7.775441587118691045e-01
1.338346087199352496e+03 6.598296155463420121e+01 7.771943682040017842e-01
1.338366920717460061e+03 6.581192570055942781e+01 7.770619480643793375e-01
1.338387754235101056e+03 6.557113148103026390e+01 7.772630045757777939e-01
1.338408587752391895e+03 6.681789943076563532e+01 7.782493951478366423e-01
1.338429421269102022e+03 6.415822610942070980e+01 7.779101891052994100e-01
1.338450254785346033e+03 6.569294607305346290e+01 7.779477327338403247e-01
1.338471088301124382e+03 6.625144034535482263e+01 7.784937494231601862e-01
1.338491921816553486e+03 6.612064980879473808e+01 7.776581784853516810e-01
1.338512755331516473e+03 6.543156062255940242e+01 7.765869597299738247e-01
1.339679432198840004e+03 6.669989438101787016e+01 7.771259558667039657e-01
1.339700265725814461e+03 6.723372632973976692e+01 7.778126438212769056e-01
1.339721099253489001e+03 6.744605747471796064e+01 7.772322148189759750e-01
1.339741932781511423e+03 6.628499174680086981e+01 7.783213846350049980e-01
1.339762766310116604e+03 6.717663260663363189e+01 7.772658419266080809e-01
1.339783599839186991e+03 6.622808063541577894e+01 7.778720306629146597e-01
1.339804433368723949e+03 6.597591463401506928e+01 7.777567011005900310e-01
1.339825266898725431e+03 6.630380704427857097e+01 7.784400761644759692e-01
1.339846100429192575e+03 6.602729736562405094e+01 7.786038407619784163e-01
1.339866933960010101e+03 6.613386077446986633e+01 7.791110321486931500e-01
1.339887767491291925e+03 6.811457444677112960e+01 7.818541670233786212e-01
1.339908601022922994e+03 6.478205103831268730e+01 7.820239239177091406e-01
1.339929434554903992e+03 6.567099247855071553e+01 7.845165246593162056e-01
1.339950268087351105e+03 6.720131619325967165e+01 7.870666265119740101e-01
1.339971101620030367e+03 6.616133017299246433e+01 7.886642357435943440e-01
1.339991935153175064e+03 6.537144546165320946e+01 7.892485673037730187e-01
1.340012768686553045e+03 6.414293865966067187e+01 7.904203459138422483e-01
1.340033602220164539e+03 6.542687563173234366e+01 7.917804552586081845e-01
1.340054435754124370e+03 6.486303234137800189e+01 7.931714480050835459e-01
1.340075269288433901e+03 6.556147212896918575e+01 8.129239810110739928e-01
1.340096102822860075e+03 6.643992446926613127e+01 7.972490143529110673e-01
1.340116936357634586e+03 6.595111738809708868e+01 7.974930404789917215e-01
1.340137769892641927e+03 6.532702821898334378e+01 7.985454329605782275e-01
1.340158603427883008e+03 6.356742279777530769e+01 7.991969742330106152e-01
1.340179436963240505e+03 6.522611428131364164e+01 8.028917738403403837e-01
1.340200270498829923e+03 6.570368648026408209e+01 8.040491924229882237e-01
1.340221104034651944e+03 6.424397715053768820e+01 8.054703543172523350e-01
1.340241937570591062e+03 6.420884450536554766e+01 8.090496160336667630e-01
1.340262771106762557e+03 6.635422120461304019e+01 8.096943979915419698e-01
1.340283604643050467e+03 6.445190206542534384e+01 8.114606004388664751e-01
1.340304438179456156e+03 6.482532649083297827e+01 8.135682199779219470e-01
1.340325271715977578e+03 6.435706974125832858e+01 8.152480237153684195e-01
1.340346105252614507e+03 6.542245813823573997e+01 8.176796578078826538e-01
1.340366938789368987e+03 6.449749193113012780e+01 8.181453233705157091e-01
1.340387772326239428e+03 6.634150899398547097e+01 8.210844857866516078e-01
1.340408605863109642e+03 6.405926393481414038e+01 8.205340494974813215e-01
1.340429439400097181e+03 6.548335987578049355e+01 8.240615550192375016e-01
1.340450272937200452e+03 6.469732636673317927e+01 8.252535285955162614e-01
1.340471106474303497e+03 6.627543287412534312e+01 8.280670577597635251e-01
1.340491940011522956e+03 6.504750512732853451e+01 8.310161361986836415e-01
1.340512773548743098e+03 6.469634873825059174e+01 8.332116435528043041e-01
1.340533607086078973e+03 6.648850180704231150e+01 8.387507223475795248e-01
1.340554440623298433e+03 6.472901264043645142e+01 8.375194234161403850e-01
1.340575274160634990e+03 6.665250323177893677e+01 8.395252067253271555e-01
1.340596107697971547e+03 6.595861477511834892e+01 8.417734023359727535e-01
1.340616941235306967e+03 6.481160831065979266e+01 8.412542873573731761e-01
1.340637774772643070e+03 6.480835580505342364e+01 8.403072408935037263e-01
1.340658608309862529e+03 6.596708983908436608e+01 8.413187957339939294e-01
1.340679441847197950e+03 6.517932178725689596e+01 8.406632085008556299e-01
1.340700275384533597e+03 6.592015784358495978e+01 8.422308420554051045e-01
1.340721108921753967e+03 6.631988959666716710e+01 8.427661174929245158e-01
1.340741942458973426e+03 6.633506572405264023e+01 8.445586109228510052e-01
1.340762775996076925e+03 6.554531171467893103e+01 8.458703913032507016e-01
1.340783609533295930e+03 6.552388889964775842e+01 8.483497489947263714e-01
1.340804443070399884e+03 6.517996266516058768e+01 8.512785901997517168e-01
1.340825276607386968e+03 6.650038101828310744e+01 8.527792540905737573e-01
1.340846110144373597e+03 6.487013280559867212e+01 8.540285084028667040e-01
1.340866943681243811e+03 6.637020053493971261e+01 8.533225812333939952e-01
1.340887777218114934e+03 6.553152219136011070e+01 8.538167321974478030e-01
1.340908610754752090e+03 6.537286629249764758e+01 8.528885272598570877e-01
1.340929444291505433e+03 6.591594714200965655e+01 8.521629106690136179e-01
1.340950277828027083e+03 6.589362688474938068e+01 8.520904094585655120e-01
1.340971111364548960e+03 6.481551101251149305e+01 8.503865513070993920e-01
1.340991944900953513e+03 6.566901220721048560e+01 8.503669956272981167e-01
1.341012778437242105e+03 6.479540635894707634e+01 8.507819842150613487e-01
1.341033611973530924e+03 6.455249621066920440e+01 8.526092884901810276e-01
1.341054445509586003e+03 6.568479309367418750e+01 8.546146675613438548e-01
1.341075279045524439e+03 6.477691584881748099e+01 8.568453925406493976e-01
1.341096112581464013e+03 6.529326773285841057e+01 8.592978702958710135e-01
1.341116946117170983e+03 6.544429633366038956e+01 8.579016800680450139e-01
1.341137779652876361e+03 6.507978387812399035e+01 8.582771571457794568e-01
1.341158613188350500e+03 6.489586100089267973e+01 8.574537127933670178e-01
1.341179446723824640e+03 6.267858439048660557e+01 8.541869572036033809e-01
1.341200280259064584e+03 6.508337957056163248e+01 8.555502308401840006e-01
1.341221113794189023e+03 6.536422583526362473e+01 8.552225185306656652e-01
1.341241947329197501e+03 6.634074718932191672e+01 8.541138252723118329e-01
1.341262780864087972e+03 6.653434333784097987e+01 8.546152255169005008e-01
1.341283614398746522e+03 6.559202761165433060e+01 8.538656673577544876e-01
1.341304447933404845e+03 6.360690195639516276e+01 8.521547969954152979e-01
1.341325281467831473e+03 6.476502224499222393e+01 8.527155078542931754e-01
1.341346115002140550e+03 6.374042003173843796e+01 8.526798931616594857e-01
1.341366948536217024e+03 6.448346843267347595e+01 8.538174651984279384e-01
1.341387782070177536e+03 6.490996231762139246e+01 8.546439248645911757e-01
1.341408615604020952e+03 6.453477140882787921e+01 8.571918500511054306e-01
1.341429449137747952e+03 6.459020917027821440e+01 8.574161051423532243e-01
1.341450282671242348e+03 6.687763688172583443e+01 8.610901103654892141e-01
1.341471116204621012e+03 6.461965325106746150e+01 8.620766913955707489e-01
1.341491949737765481e+03 6.582479085795183948e+01 8.634458013930039755e-01
1.341512783270794898e+03 6.440915316016963743e+01 8.650471504127890121e-01
1.341533616803591030e+03 6.584321346830247990e+01 8.682289056409516759e-01
1.341554450336270065e+03 6.581116571961852912e+01 8.712087991460153447e-01
1.341575283868832912e+03 6.469722037438602058e+01 8.731840909105380577e-01
1.341596117401163156e+03 6.519269556504193019e+01 8.713669626436864046e-01
1.341616950933261023e+03 6.367890712325939262e+01 8.716036753812014259e-01
1.341637784465241566e+03 6.294964141332124541e+01 8.708570013221812456e-01
1.341658617996989960e+03 6.452630171569295214e+01 8.691235144141755686e-01
1.341679451528622394e+03 6.492291071796292101e+01 8.662576587553115770e-01
1.341700285060021088e+03 6.575564628267645162e+01 8.655052708201399492e-01
1.341721118591302911e+03 6.399066511994081452e+01 8.634034497522391494e-01
1.341741952122352814e+03 6.414962968027107593e+01 8.624038725649242343e-01
1.341762785653170567e+03 6.412719755016382805e+01 8.629204526886035120e-01
1.341783619183870542e+03 6.470509029158401404e+01 8.625328652022046239e-01
1.341804452714337913e+03 6.310444416845150784e+01 8.622915195656357668e-01
1.341825286244690005e+03 6.447705269588762178e+01 8.634811100972690223e-01
1.341846119774691488e+03 6.583127360753199753e+01 8.639098420588494642e-01
1.341866953304577009e+03 6.381050386245084383e+01 8.626804246021583245e-01
1.341887786834346571e+03 6.549322966098311838e+01 8.597778763129986235e-01
1.341908620363882619e+03 6.358149532599040299e+01 8.561344082627704299e-01
1.341929453893185382e+03 6.398875716043134787e+01 8.560568821448311105e-01
1.341950287422257134e+03 6.453645931135400815e+01 8.517449559722141128e-01
1.341971120951094917e+03 6.452564058710720474e+01 8.491648947335705966e-01
1.341991954479815377e+03 6.326467234477880197e+01 8.471214611468699252e-01
1.342012788008305051e+03 6.371268896822272154e+01 8.448032234113239669e-01
1.342033621536560531e+03 6.262760494498384389e+01 8.447936632263698398e-01
1.342054455064699596e+03 6.458939288496621600e+01 8.478694594892690617e-01
1.342075288592489414e+03 6.425505794177105656e+01 8.483522080743054472e-01
1.342096122120162818e+03 6.396009800593358818e+01 8.499756472969827170e-01
1.342116955647604527e+03 6.421488650944601773e+01 8.526013538374007661e-01
1.342137789174928457e+03 6.429938801232603396e+01 8.516725941456102511e-01
1.342158622701903823e+03 6.342157465508772418e+01 8.508714444189987569e-01
1.342221123281666451e+03 6.341142167839826982e+01 8.490911196594616017e-01
1.342241956807827137e+03 6.436048557649314716e+01 8.478115660243614737e-01
1.342262790333870953e+03 6.230979718413722424e+01 8.454532738761810773e-01
1.342283623859565068e+03 6.499768914507734507e+01 8.466098144985200191e-01
1.342304457385027035e+03 6.454126421072120934e+01 8.454066014399640450e-01
1.342325290910373042e+03 6.462195481864287672e+01 8.416590743776839467e-01
1.342346124435368438e+03 6.207511624548622819e+01 8.393279154872584913e-01
1.342366957960248101e+03 6.368947924179511233e+01 8.389724470008712576e-01
1.342387791484894933e+03 6.448681778876454018e+01 8.399569412957405001e-01
1.342408625009309617e+03 6.284867995698739662e+01 8.407615437278039838e-01
1.342429458533490561e+03 6.359388646574763015e+01 8.420335122844512243e-01
1.342450292057439128e+03 6.285237900424775148e+01 8.430241182119428967e-01
1.342471125581154411e+03 6.405572058613361719e+01 8.448217084805679233e-01
1.342491959104637090e+03 6.304824981858040189e+01 8.462128545703030413e-01
1.342512792627886938e+03 6.665747031971898195e+01 8.491416608393647092e-01
1.342533626150904638e+03 6.511923167801343482e+01 8.513317670496565182e-01
1.342554459673805013e+03 6.469079006678261123e+01 8.527664632871578831e-01
1.342575293196355915e+03 6.443210508105887868e+01 8.544630296364512656e-01
1.342596126718674896e+03 6.489630105883308886e+01 8.542040529830623452e-01
1.342616960240878143e+03 6.331959371717432816e+01 8.540984374607855090e-01
1.342637793762731008e+03 6.430745025167854578e+01 8.551329907502731587e-01
1.342658627284351041e+03 6.329138371088176029e+01 8.531789923270207687e-01
1.342679460805855570e+03 6.504493641647869140e+01 8.530649702030929094e-01
1.342700294327009487e+03 6.376390685515846712e+01 8.526606696966575472e-01
1.342721127848046990e+03 6.430288461056051119e+01 8.507139545374597933e-01
1.342741961368736156e+03 6.394902446999860501e+01 8.494955403153064966e-01
1.342762794889192492e+03 6.405695690133049425e+01 8.510858444146444102e-01
1.342783628409531502e+03 6.405884174119508145e+01 8.486783944938026680e-01
1.342804461929521949e+03 6.202172056771092912e+01 8.471536156925334460e-01
1.342825295449279565e+03 6.226709947295299230e+01 8.471216722310181968e-01
1.342846128968803441e+03 6.305115750837218513e+01 8.468515118371644501e-01
1.342866962488094941e+03 6.414440866145166353e+01 8.470491265481298049e-01
1.342887796007270936e+03 6.437377882845672161e+01 8.456677788446571586e-01
1.342908629526097457e+03 6.419690962445592675e+01 8.442271261101511604e-01
1.342929463044691147e+03 6.251645749217090042e+01 8.415114766435903837e-01
1.342950296563052007e+03 6.392853574380207249e+01 8.387103572522051076e-01
1.342971130081063620e+03 6.246230478384720186e+01 8.372640690206649694e-01
1.342991963598957909e+03 6.394608742425432979e+01 8.336708497963515319e-01
1.343012797116619367e+03 6.406005818485516556e+01 8.326907700541210655e-01
1.343033630634049132e+03 6.254593918782966000e+01 8.330566463489463835e-01
1.343054464151129650e+03 6.284517730834915028e+01 8.316692585672215143e-01
1.343075297668092389e+03 6.369518642565012101e+01 8.322749251176646546e-01
1.343096131184707019e+03 6.340630360230223062e+01 8.334884777290995084e-01
1.343116964701088364e+03 6.686411280031197180e+01 8.358377058409866001e-01
1.343137798217353520e+03 6.433852288741096004e+01 8.348801601665667427e-01
1.343158631733268976e+03 6.309841288890706323e+01 8.356497795294134390e-01
1.343179465248952511e+03 6.378862134123565397e+01 8.362285071834111294e-01
1.343200298764402987e+03 6.544418605173068215e+01 8.362545945022794580e-01
1.343221132279619951e+03 6.499845070036795391e+01 8.357202479332623835e-01
1.343241965794488351e+03 6.378868738117039072e+01 8.337139611412117679e-01
1.343262799309240563e+03 6.265292924590788459e+01 8.313465793691816597e-01
1.343283632823642620e+03 6.340630111947511693e+01 8.302525236142522802e-01
1.343304466337928488e+03 6.162291984050024496e+01 8.276700263508904865e-01
1.343325299851865566e+03 6.352504392874473638e+01 8.280823894550505271e-01
1.343346133365568903e+03 6.405275869765812047e+01 8.273779900717689317e-01
1.343366966879039410e+03 6.266372954434105225e+01 8.256480763724070027e-01
1.343387800392161807e+03 6.291024122155256748e+01 8.259629510717301226e-01
1.343408633905168017e+03 6.300156974078191752e+01 8.253943208971877832e-01
1.343429467417940941e+03 6.368075260097606360e+01 8.259002744128048912e-01
1.343450300930363937e+03 6.438030456317086703e+01 8.295303152728997764e-01
1.343471134442555012e+03 6.317551558417694935e+01 8.294795851606799886e-01
1.343491967954512347e+03 6.394102789755906713e+01 8.297827700068483026e-01
1.343512801466236397e+03 6.374286175423611667e+01 8.300325268955734970e-01
1.343533634977728980e+03 6.450258022841219940e+01 8.313619939750027665e-01
1.343554468488872089e+03 6.374560055579654261e+01 8.333577430646893491e-01
1.343575301999897420e+03 6.488185063112477735e+01 8.338632607346343484e-01
1.343596135510575095e+03 6.382077617129282032e+01 8.347766338188339352e-01
1.343616969021019941e+03 6.388036804335055763e+01 8.361653525443721868e-01
1.343637802531231955e+03 6.431413538982486955e+01 8.363760038708197841e-01
1.343658636041093359e+03 6.378419938878163009e+01 8.357331926468440919e-01
1.343679469550840167e+03 6.344928045011191386e+01 8.353491522000787706e-01
1.343700303060236365e+03 6.407689150007574597e+01 8.351483764848252056e-01
1.343721136569399505e+03 6.209406337678422005e+01 8.328983284129116704e-01
1.343741970078331178e+03 6.339387232176180476e+01 8.329296008262380147e-01
1.343762803587028884e+03 6.235320201787432381e+01 8.319079885383301454e-01
1.343783637095493987e+03 6.417485836730710957e+01 8.333872102169361806e-01
1.343804470603610298e+03 6.360870531154003515e+01 8.314116772476504158e-01
1.343825304111494916e+03 6.302911779722909102e+01 8.336281294736066494e-01
1.343846137619144429e+03 6.306817985687158057e+01 8.336418216648042723e-01
1.343866971126561566e+03 6.315797783692477196e+01 8.315953648669677234e-01
1.343887804633629912e+03 6.322785793857724457e+01 8.325564379076551003e-01
1.343908638140582070e+03 6.245423910071751550e+01 8.301613799585896292e-01
1.343929471647184073e+03 6.276848507324130821e+01 8.298605600104281832e-01
1.343950305153553927e+03 6.358301864825452299e+01 8.283724145349575796e-01
1.343971138659575445e+03 6.208130482517626092e+01 8.250460698529269443e-01
1.343991972165479638e+03 6.468071450004688927e+01 8.241679099073248027e-01
1.344012805671033902e+03 6.427395197885520872e+01 8.234216532910593189e-01
1.344033639176356019e+03 6.424998041211330246e+01 8.221639538608134234e-01
1.344054472681445986e+03 6.270622875257238604e+01 8.206869451497564860e-01
1.344075306186301532e+03 6.279978793967549677e+01 8.214741791923668712e-01
1.344096139690809196e+03 6.285774718889352641e+01 8.226892462884815016e-01
1.344116973195083574e+03 6.332596336936587988e+01 8.225994021634508435e-01
1.344137806699125122e+03 6.366607764026444727e+01 8.232283585406183768e-01
1.344158640202934066e+03 6.326655411686152775e+01 8.229897180960199510e-01
1.344179473706393992e+03 6.294152811067726816e+01 8.226738503104861211e-01
1.344200307209620405e+03 6.515152826172621303e+01 8.228141060830511666e-01
1.344221140712613533e+03 6.362970629140701817e+01 8.224741836600848455e-01
1.344241974215375194e+03 6.377220279060766472e+01 8.214570190112165937e-01
1.344262807717786472e+03 6.328803591009824459e+01 8.189439165361380724e-01
1.344283641219965830e+03 6.384273505271671922e+01 8.180439051921302163e-01
1.344304474721911447e+03 6.367865036165891013e+01 8.156078029880433622e-01
1.344325308223625143e+03 6.467235478249280334e+01 8.151514366670264966e-01
1.344346141724988911e+03 6.381886083242672214e+01 8.151361176847438106e-01
1.344366975226119393e+03 6.398494089263309093e+01 8.130740558636732063e-01
1.344387808727018182e+03 6.317902141312535491e+01 8.126958464290934270e-01
1.344408642227683913e+03 6.225608399335283138e+01 8.122281573438674407e-01
1.344429475727999943e+03 6.264568429536529948e+01 8.138592061657746735e-01
1.344450309228083370e+03 6.276238065058116433e+01 8.149117109535056747e-01
1.344471142727933966e+03 6.200368058780547642e+01 8.153750464126360287e-01
1.344491976227551959e+03 6.358811958164302780e+01 8.165761962396018703e-01
1.344512809726820478e+03 6.155842391710757511e+01 8.171247760923538994e-01
1.344533643225855940e+03 6.282487527897878010e+01 8.196009865355988744e-01
1.344554476724659025e+03 6.497705053890193483e+01 8.211569662830282557e-01
1.344575310223112865e+03 6.179222333052959470e+01 8.221751908613674775e-01
1.344596143721334101e+03 6.140815204215439849e+01 8.212419602974573296e-01
1.344616977219322507e+03 6.325525342686977126e+01 8.225096569248036005e-01
1.344637810717076945e+03 6.418449958942663613e+01 8.229009932622919354e-01
1.344658644214481910e+03 6.391616208567964463e+01 8.233805367095561323e-01
1.344721144705187498e+03 6.392144705971362839e+01 8.209955187546309485e-01
1.344741978201545862e+03 6.312582774247341888e+01 8.210381341132406696e-01
1.344762811697670941e+03 6.387795732096751067e+01 8.197339879013895159e-01
1.344783645193562961e+03 6.327530766433451959e+01 8.201956892859758597e-01
1.344804478689105508e+03 6.367143222806997471e+01 8.213461766472194281e-01
1.344825312184416362e+03 6.283839114380563728e+01 8.195377505965558695e-01
1.344846145679495066e+03 6.266423435164554689e+01 8.186655132003926028e-01
1.344866979174222934e+03 6.329261889239161576e+01 8.193360102475012452e-01
1.344887812668718652e+03 6.363717242830520604e+01 8.196421836342109302e-01
1.344908646162981540e+03 6.232075292429435365e+01 8.174635688876830120e-01
1.344929479656894046e+03 6.273113423075992046e+01 8.163779221872163872e-01
1.344950313150574857e+03 6.071542390941426959e+01 8.137860390671024513e-01
1.344971146644023065e+03 6.282498067905100925e+01 8.137219117410579017e-01
1.344991980137122027e+03 6.279951050403809631e+01 8.141202909783530339e-01
1.345012813629987022e+03 6.223190082564411796e+01 8.118039230585520905e-01
1.345033647122620096e+03 6.150200233660062565e+01 8.112317236912091056e-01
1.345054480615021021e+03 6.339197100420304309e+01 8.114222935192900721e-01
1.345075314107071563e+03 6.322924923578671041e+01 8.118661462126314232e-01
1.345096147598889047e+03 6.285961458397069634e+01 8.128362473388754950e-01
1.345116981090357967e+03 6.253639175325545807e+01 8.130987968591681936e-01
1.345137814581594057e+03 6.310250970557419237e+01 8.132435257633748860e-01
1.345158648072596407e+03 6.157883268248879460e+01 8.132061457332784293e-01
1.345179481563367517e+03 6.315255265648684713e+01 8.163010378854236304e-01
1.345200315053788927e+03 6.324573464846955062e+01 8.138378939061056139e-01
1.345221148543976597e+03 6.164292459238636468e+01 8.139538595445869884e-01
1.345241982033815930e+03 6.394050195382345692e+01 8.124866484498695085e-01
1.345262815523537938e+03 6.277721907210093377e+01 8.118702942533428946e-01
1.345283649012795195e+03 6.305692331082676105e+01 8.098074976266150804e-01
1.345304482501935581e+03 6.303428417933842809e+01 8.084364659760258087e-01
1.345325315990727177e+03 6.189750181099975634e+01 8.082271979809023676e-01
1.345346149479285486e+03 6.353184001086680155e+01 8.063365372340099979e-01
1.345366982967493641e+03 6.286641673887706361e+01 8.054604382830731213e-01
1.345387816455470329e+03 6.250137604617775366e+01 8.054423819073029955e-01
1.345408649943215096e+03 6.239330571130180658e+01 8.051001592486936032e-01
1.345429483430608570e+03 6.255463214560339225e+01 8.065132613229926140e-01
1.345450316917768987e+03 6.283253562437603534e+01 8.074288938648196412e-01
1.345471150404698164e+03 6.336607636315621050e+01 8.071088194150547457e-01
1.345491983891277869e+03 6.470722577121945562e+01 8.097440489467566671e-01
1.345512817377624515e+03 6.260667596336433860e+01 8.092852966205066334e-01
1.345533650863737876e+03 6.219833052315466659e+01 8.109634615761089904e-01
1.345554484349502445e+03 6.366851865497088170e+01 8.109945141222228981e-01
1.345575317835033502e+03 6.266066890566712289e+01 8.124482798620886737e-01
1.345596151320331956e+03 6.368288664550492228e+01 8.132727322970634276e-01
1.345616984805282527e+03 6.221192918221568391e+01 8.128968516766190699e-01
1.345637818289882944e+03 6.295837168850846410e+01 8.159593518010909152e-01
1.345658651774366035e+03 6.285431726077152348e+01 8.137874673166636263e-01
1.345679485258501018e+03 6.336074483008346192e+01 8.134562294057167131e-01
1.345700318742286981e+03 6.126273603841436000e+01 8.117638701160613257e-01
1.345721152225955393e+03 6.340387206754164140e+01 8.123068946832240345e-01
1.345741985709158598e+03 6.323467074017118250e+01 8.135681833463005441e-01
1.345762819192244933e+03 6.338669352361065989e+01 8.121464400207019096e-01
1.345783652674983841e+03 6.419978921293702001e+01 8.122387612793140477e-01
1.345804486157488554e+03 6.131656639817910559e+01 8.112468225096557406e-01
1.345825319639644022e+03 6.254380816362807138e+01 8.111957939859032463e-01
1.345846153121566431e+03 6.234952640148389946e+01 8.120677972217257290e-01
1.345866986603139594e+03 6.368870313354828738e+01 8.122007112210148927e-01
1.345887820084597479e+03 6.306290551967578040e+01 8.120271700767034417e-01
1.345908653565589475e+03 6.296057960286599098e+01 8.108940759693396005e-01
1.345929487046463919e+03 6.170148302110771965e+01 8.086519819290667321e-01
1.345950320526988435e+03 6.191808154838403766e+01 8.086709248298854513e-01
1.345971154007165978e+03 6.291061184413779017e+01 8.087857889101335296e-01
1.345991987487110464e+03 6.268412550048911669e+01 8.074123948587558219e-01
1.346012820966820527e+03 6.437050459468031249e+01 8.077347103715549759e-01
1.346033654446182027e+03 6.329749896022266853e+01 8.081924990899922445e-01
1.346054487925310923e+03 6.328254231606230462e+01 8.100371814953732930e-01
1.346075321404206989e+03 6.151775420682942297e+01 8.069862567364787242e-01
1.346096154882753581e+03 6.205547925396254527e+01 8.077363338016867456e-01
1.346116988361067342e+03 6.362876165743678314e+01 8.090396701955561154e-01
1.346137821839032085e+03 6.351505265734095929e+01 8.108979349646110446e-01
1.346158655316763998e+03 6.268714627891435498e+01 8.098674454369797493e-01
1.346179488794146891e+03 6.373204120890871138e+01 8.099776509816315473e-01
1.346200322271296955e+03 6.237793437636636895e+01 8.094800063545198876e-01
1.346221155759737940e+03 6.340182162477186978e+01 8.109346128790880792e-01
1.346241989236305926e+03 6.196517595773703135e+01 8.084816232974351147e-01
1.346262822712641082e+03 6.286435779443462479e+01 8.092553201217117520e-01
1.346283656188626992e+03 6.294223730436794995e+01 8.070446415812100316e-01
1.346304489664378934e+03 6.222466016488566254e+01 8.073139105572817442e-01
1.346325323139899410e+03 6.228167811746939719e+01 8.047846392914664859e-01
1.346346156615071095e+03 6.278085161675686265e+01 8.043087188159914191e-01
1.346366990089891488e+03 6.274712399356666026e+01 8.036467849880738479e-01
1.346387823564479504e+03 6.374535862124623975e+01 8.033183032195498896e-01
1.346408657038835372e+03 6.281085804493572766e+01 8.029076976172895286e-01
1.346429490512842904e+03 6.196034519579207256e+01 8.021859107542326228e-01
1.346450323986616013e+03 6.257386459126036016e+01 8.046776113550662135e-01
1.346471157460040558e+03 6.329747692056911035e+01 8.039475529536024290e-01
1.346491990933232955e+03 6.265984521771470384e+01 8.055344355946001400e-01
1.346512824406191612e+03 6.326126112911805421e+01 8.067111891946904256e-01
1.346533657878801023e+03 6.284605203562810516e+01 8.064664047561278526e-01
1.346554491351061642e+03 6.280826477620003345e+01 8.078764530447999359e-01
1.346575324823088977e+03 6.329638908228271532e+01 8.091789008046275100e-01
1.346596158294883480e+03 6.216395012747295823e+01 8.100920354690128722e-01
1.346616991766329193e+03 6.190371118559448860e+01 8.101685157958289363e-01
1.346637825237541620e+03 6.286453884673628068e+01 8.115864900224102341e-01
1.346658658708405028e+03 6.300786991913302870e+01 8.109982623964785420e-01
1.346679492179036060e+03 6.330589581765447349e+01 8.118162212282132861e-01
1.346700325649316937e+03 6.303218170980873936e+01 8.125274360132659357e-01
1.346721159119364984e+03 6.320683581138725060e+01 8.099527778518038623e-01
1.346741992589064466e+03 6.200503927174818841e+01 8.094148751234474526e-01
1.346762826058531118e+03 6.264794073670556429e+01 8.110103523002887282e-01
1.346783659527764485e+03 6.211344976759316694e+01 8.097396323802574791e-01
1.346804492996649060e+03 6.212346506090605658e+01 8.102019529777234608e-01
1.346825326465183934e+03 6.182178963062537491e+01 8.094870014831745397e-01
1.346846159933486433e+03 6.143987986097464216e+01 8.091847199751486253e-01
1.346866993401554964e+03 6.355893059808967394e+01 8.103353201304215325e-01
1.346887826869275159e+03 6.093009907074100795e+01 8.096508910936620618e-01
1.346908660336647017e+03 6.324594407102965476e+01 8.110615762154285147e-01
1.346929493803784453e+03 6.329063674185017874e+01 8.100110960424076190e-01
1.346950327270690195e+03 6.369586297508887185e+01 8.108774269506371368e-01
1.346971160737246009e+03 6.178668032947433630e+01 8.093274975243668345e-01
1.346991994203453032e+03 6.357860685352228813e+01 8.086624853432787807e-01
1.347012827669426088e+03 6.050364309442485933e+01 8.066402555377104600e-01
1.347033661135166994e+03 6.365650152128550587e+01 8.086379771645609837e-01
1.347054494600560020e+03 6.370520984607620107e+01 8.080229287765601232e-01
1.347075328065718622e+03 6.292516061760687762e+01 8.075626451740026690e-01
1.349783675924397357e+03 6.198345591068967053e+01 7.857936719943022785e-01
1.349804509348230113e+03 6.178008668423939298e+01 7.870853694918379384e-01
1.349825342771711348e+03 6.320499952349224770e+01 7.863653182714840373e-01
1.349846176194728514e+03 6.278254360705349768e+01 7.855550028619016079e-01
1.349867009617513531e+03 6.262345467858351356e+01 7.850260080900747228e-01
1.349887843039948166e+03 6.274476782926608109e+01 7.843776277292925370e-01
1.349908676462034009e+03 6.324978164143733750e+01 7.849031866109282829e-01
1.349929509883654191e+03 6.221267864202731346e+01 7.834973246462387797e-01
1.349950343305040406e+03 6.291135929948478633e+01 7.842703988897429257e-01
1.349971176725961868e+03 6.173712306441365172e+01 7.832603528811526994e-01
1.349992010146650955e+03 6.114484286159192550e+01 7.816025510681907651e-01
1.350012843566873471e+03 6.217273781035221702e+01 7.810999917019223471e-01
1.350033676986863156e+03 6.140093833504735699e+01 7.817714095616530301e-01
1.350054510406388090e+03 6.161323394363100192e+01 7.804374665643473152e-01
1.350075343825564005e+03 6.210545541064358588e+01 7.801338615238138097e-01
1.350096177244389537e+03 6.204926785351457852e+01 7.797117348002551296e-01
1.350117010662866051e+03 6.263487432713496617e+01 7.831596685896383692e-01
1.350137844080994000e+03 6.182766593608988615e+01 7.787232546553386481e-01
1.350158677498772022e+03 6.253740889611188436e+01 7.788891024218145276e-01
1.350179510916201025e+03 6.167551046013878135e+01 7.785606252600710819e-01
1.350200344333164594e+03 6.205090174183389706e+01 7.787576975679285640e-01
1.350221177749895560e+03 6.333369705742937583e+01 7.778217245545770986e-01
1.350242011166159955e+03 6.291482147669118774e+01 7.788342701855747174e-01
1.350262844582075104e+03 6.221151655328048946e+01 7.799515806355120651e-01
1.350283677997641007e+03 6.333074810997204906e+01 7.776421975615029902e-01
1.350304511412859028e+03 6.298605933454592787e+01 7.776954660305802625e-01
1.350325344827609570e+03 6.162204721910251237e+01 7.779039061170085478e-01
1.350346178242012684e+03 6.220601200186716540e+01 7.791645061918555104e-01
1.350367011656065642e+03 6.240928222560150118e+01 7.772978572621092042e-01
1.350387845069768900e+03 6.338495518963804898e+01 7.776941631043653436e-01
1.350408678483122912e+03 6.163804005390203145e+01 7.774884266620596396e-01
1.350429511896128588e+03 6.168104946109011166e+01 7.778491193734623499e-01
1.350450345308668602e+03 6.212776274558633816e+01 7.770668188254434838e-01
1.350471178720858461e+03 6.186291894200321906e+01 7.769769541220549192e-01
1.350492012132583568e+03 6.383771474518840705e+01 7.783624692673686285e-01
1.350512845544075844e+03 6.397350742565899395e+01 7.781258104312460677e-01
1.350533678955101550e+03 6.257381380357021783e+01 7.775306285332703737e-01
1.350554512365778010e+03 6.335881713037105101e+01 7.783291192794961066e-01
1.350575345776106133e+03 6.201322984132630722e+01 7.777598431956641578e-01
1.350596179185968595e+03 6.129361045549704556e+01 7.768187930826447873e-01
1.350617012595480446e+03 6.151430393553347642e+01 7.781269594344014662e-01
1.350637846004528456e+03 6.428430000562394753e+01 7.786969622067642094e-01
1.350658679413342952e+03 6.260254938719567974e+01 7.776904842420927499e-01
1.350679512821690878e+03 6.252294740219113578e+01 7.781748330578391881e-01
1.350700346229573825e+03 6.357294766738078806e+01 7.820900787268567633e-01
1.350721179637108435e+03 6.400438351248340041e+01 7.780909565292080110e-01
1.350742013044292435e+03 6.435432422124368657e+01 7.789001984968579873e-01
1.350762846451127643e+03 6.278363563381665813e+01 7.781947859145060820e-01
1.350783679857497191e+03 6.275006725730015944e+01 7.783169046324978080e-01
1.350804513263401532e+03 6.244074895174301787e+01 7.788225991834343276e-01
1.350825346668955945e+03 6.222809288949608231e+01 7.786495799779326044e-01
1.350846180074161566e+03 6.369042861454954618e+01 7.791456491692190234e-01
1.350867013478901526e+03 6.168401657834671425e+01 7.776632754495419464e-01
1.350887846883292013e+03 6.125703165839983910e+01 7.774957479501717339e-01
1.350908680287216612e+03 6.192903702094568530e+01 7.777946736188445787e-01
1.350929513690792646e+03 6.233905187912665724e+01 7.786285287896818064e-01
1.350950347093902565e+03 6.306678249488588506e+01 7.785768935560458681e-01
1.350971180496663010e+03 6.172726530280058910e+01 7.781838329701524781e-01
1.350992013899075118e+03 6.207553625460647595e+01 7.781504370273617521e-01
1.351012847300904014e+03 6.134655905934067732e+01 7.773172191903880979e-01
1.351033680702384117e+03 6.347692313495781491e+01 7.785715346255048797e-01
1.351054514103514521e+03 6.208297108257460195e+01 7.791971702180624515e-01
1.351075347504180172e+03 6.171926870016766031e+01 7.784270209821128050e-01
1.351096180904380162e+03 6.239719307561919948e+01 7.802683193912632875e-01
1.351117014304229997e+03 6.232058789886919214e+01 7.783862843428355216e-01
1.351137847703614625e+03 6.292961466137676041e+01 7.785260205070064776e-01
1.351158681102650462e+03 6.271674999937312123e+01 7.786105774177388694e-01
1.351179514501220183e+03 6.112739323967571181e+01 7.798985426892945938e-01
1.351200347899323560e+03 6.173496441185029937e+01 7.797251506880739091e-01
1.351221181296962641e+03 6.156181498868419055e+01 7.790618389079398964e-01
1.351242014694252020e+03 6.226850219861995583e+01 7.787348506060136621e-01
1.351262848091074829e+03 6.127613758555889945e+01 7.791271741993711641e-01
1.351283681487549984e+03 6.082811195679455807e+01 7.786294856742221882e-01
1.351304514883442152e+03 6.227051365633056434e+01 7.796810417442947561e-01
1.351325348278984620e+03 6.017198787224050704e+01 7.775851311028350032e-01
1.351346181674062336e+03 6.236048865295097698e+01 7.792232545577506553e-01
1.351367015068790352e+03 6.174939596065948422e+01 7.785342507591445083e-01
1.351387848462935835e+03 6.083884448496674224e+01 7.781853265625511273e-01
1.351408681856732528e+03 6.175976781286574635e+01 7.784282461111746709e-01
1.351429515249947599e+03 6.233114832003879258e+01 7.801773718754321241e-01
1.351450348642813879e+03 6.169391406721489091e+01 7.796301260653207832e-01
1.351471182035213587e+03 6.324572568156048646e+01 7.793362638610398241e-01
1.351492015427264505e+03 6.042021941371545779e+01 7.796433140039588094e-01
1.351512848818732891e+03 6.198100543484223124e+01 7.788255073839346343e-01
1.351533682209735161e+03 5.989492349433056972e+01 7.795777161390907706e-01
1.351554515600271998e+03 6.217913060064203989e+01 7.803099889871437655e-01
1.351575348990460043e+03 6.075629181093482600e+01 7.786843706033347301e-01
1.351596182380066466e+03 6.120921517737707518e+01 7.784147695854432003e-01
1.351617015769321824e+03 6.266780311299238804e+01 7.794696740569870830e-01
1.351637849157997152e+03 6.146705438868396243e+01 7.784567298183197037e-01
1.351658682546205910e+03 6.177313910900080884e+01 7.785519359368319181e-01
1.351679515934065876e+03 6.278299102157257039e+01 7.804079476959248085e-01
1.351700349321343538e+03 6.139033772353069196e+01 7.793289598633764692e-01
1.351721182708155538e+03 6.231282029572405179e+01 7.795084807036756214e-01
1.351742016094501651e+03 6.410324791106349096e+01 7.810464975433716317e-01
1.351762849480382101e+03 6.269912472231334277e+01 7.812355803112623898e-01
1.351783682865796891e+03 6.122494028797683541e+01 7.794887526399906230e-01
1.351804516250630058e+03 6.078678363111633587e+01 7.783499488309573167e-01
1.351825349635113525e+03 6.109401552796526857e+01 7.791841659688757415e-01
1.351846183019014006e+03 6.211825938436119543e+01 7.794009261113303833e-01
1.351867016402451100e+03 6.133132297881172690e+01 7.792961483906583053e-01
1.351887849785304979e+03 6.093308263452340157e+01 7.787715891115666311e-01
1.351908683167809158e+03 6.198222687836074840e+01 7.796065401231582204e-01
1.351929516549731943e+03 6.112840776363282203e+01 7.794156091629119709e-01
1.351950349931189066e+03 6.139358722672432123e+01 7.797887487931880468e-01
1.351971183312062976e+03 6.147031237268208770e+01 7.805405256318377338e-01
1.351992016692472589e+03 6.203783990581102614e+01 7.801162122082651029e-01
1.352012850072416086e+03 6.255600667922587377e+01 7.813972715805179714e-01
1.352033683451777051e+03 6.253335761701882234e+01 7.813725566102659448e-01
1.352054516830673037e+03 6.379890289093485478e+01 7.812839119226795415e-01
1.352075350209102908e+03 5.995271118618295247e+01 7.794601154730829151e-01
1.352096183586951156e+03 6.178290934223326758e+01 7.817947395900131102e-01
1.352117016964332379e+03 6.316142199542889557e+01 7.813878509973253284e-01
1.352137850341133344e+03 6.245805604521770249e+01 7.805858077510307025e-01
1.352158683717467966e+03 6.097327440032232460e+01 7.796687336041192573e-01
1.352221183843211975e+03 6.082196628563340823e+01 7.802926873994354695e-01
1.352242017217451121e+03 6.208840439997531746e+01 7.809219434515982661e-01
1.352262850591107508e+03 6.094563349417046538e+01 7.824227876319838071e-01
1.352283683964299144e+03 6.371643251970529320e+01 7.821380908096715601e-01
1.352304517336909157e+03 6.104864846338993800e+01 7.802333702141283078e-01
1.352325350708935957e+03 6.187035136790714773e+01 7.815641153189993862e-01
1.352346184080497096e+03 6.001246914653900433e+01 7.814074929755137067e-01
1.352367017451476841e+03 6.022733176471498950e+01 7.807308379382941199e-01
1.352387850821990469e+03 6.312709625927367085e+01 7.820505618093684941e-01
1.352408684191922021e+03 6.150540731617580548e+01 7.807961099098770230e-01
1.352429517561388820e+03 6.193241483638867351e+01 7.820707968545588251e-01
1.352450350930273089e+03 6.223575749289150849e+01 7.814608861491169067e-01
1.352471184298573917e+03 6.276401431565649602e+01 7.818065949422156047e-01
1.352492017666409993e+03 6.246606500226606329e+01 7.824314339673275054e-01
1.352512851033663992e+03 6.194897457573496524e+01 7.837548726369952812e-01
1.352533684400453012e+03 6.088850565162546502e+01 7.819812404255631622e-01
1.352554517766659501e+03 6.166896205270620612e+01 7.833116032920872662e-01
1.352575351132400556e+03 6.204789797375829608e+01 7.826088722345134752e-01
1.352596184497559079e+03 6.172260015688782175e+01 7.838940700035658127e-01
1.352617017862251942e+03 6.129102350709671043e+01 7.833639916717362039e-01
1.352637851226479597e+03 6.164912791668318448e+01 7.848622924752893804e-01
1.352658684590126086e+03 6.137732908374294993e+01 7.830700463987790849e-01
1.352679517953304639e+03 5.958993588358320892e+01 7.830587810580585950e-01
1.352700351315902026e+03 6.219885634119368945e+01 7.847955359098645056e-01
1.352721184678034660e+03 6.203130431983072413e+01 7.833558502072311969e-01
1.352742018039700952e+03 6.174601879405329896e+01 7.840739899846680405e-01
1.352762851400901127e+03 6.161659577670857857e+01 7.849394845415760269e-01
1.352783684761635868e+03 6.089028817951839301e+01 7.838589403043018100e-01
1.352804518121905403e+03 6.268914390150470695e+01 7.846957322284745517e-01
1.352825351481826146e+03 6.104201140344339649e+01 7.842841927902983734e-01
1.352846184841162994e+03 6.169390403743891227e+01 7.868942458970720200e-01
1.352867018200151961e+03 6.185806531550564102e+01 7.858846142306518123e-01
1.352887851558675038e+03 6.129902605302756058e+01 7.856280678967623166e-01
1.352908684916847960e+03 6.190937134059173275e+01 7.848645327848675635e-01
1.352929518274674138e+03 6.312765041472009386e+01 7.855432799573341951e-01
1.352950351632149477e+03 6.196322660702551843e+01 7.859402438470407537e-01
1.352971184989158019e+03 6.219899674638209319e+01 7.856583768906020282e-01
1.352992018345934866e+03 6.065505857593299766e+01 7.851292999349036572e-01
1.353012851702479566e+03 6.280295836291927003e+01 7.868371686862822845e-01
1.353033685058674109e+03 6.120006171624604008e+01 7.877071940620562485e-01
1.353054518414635368e+03 6.084838202063276924e+01 7.865405808108686392e-01
1.353075351770248517e+03 6.153436252308661381e+01 7.873753933491490775e-01
1.353096185125862121e+03 6.219338739178942888e+01 7.868729986600141446e-01
1.353117018481124887e+03 6.212104359169057943e+01 7.871897919043371328e-01
1.353137851836271011e+03 6.257806744003801214e+01 7.901416990099388027e-01
1.353158685191419409e+03 6.066639066613615228e+01 7.861955131973334954e-01
