1.383762816226225823e+03 -9.392578125000000000e+00 7.100499272346496582e-01
1.383783649471629360e+03 -9.115753173828125000e+00 7.122471928596496582e-01
1.383804482716799612e+03 -8.664733886718750000e+00 7.097629308700561523e-01
1.383825315961737033e+03 -8.665588378906250000e+00 7.099476456642150879e-01
1.383846149206442078e+03 -8.944763183593750000e+00 7.098379135131835938e-01
1.383866982451031163e+03 -8.484252929687500000e+00 7.104251980781555176e-01
1.383887815695386962e+03 -8.593139648437500000e+00 7.102016806602478027e-01
1.383908648939509931e+03 -8.643463134765625000e+00 7.104799747467041016e-01
1.383929482183400069e+03 -9.270202636718750000e+00 7.124870419502258301e-01
1.383950315427173791e+03 -9.977264404296875000e+00 7.090578675270080566e-01
1.383971148670598041e+03 -9.896179199218750000e+00 7.111892700195312500e-01
1.383991981913905875e+03 -8.135528564453125000e+00 7.113834023475646973e-01
1.384012815156865145e+03 -8.787475585937500000e+00 7.099897861480712891e-01
1.384033648399707090e+03 -8.531402587890625000e+00 7.098076343536376953e-01
1.384054481642199789e+03 -8.912231445312500000e+00 7.111844420433044434e-01
1.384075314884576983e+03 -8.276916503906250000e+00 7.108048200607299805e-01
1.384096148126604930e+03 -8.286285400390625000e+00 7.101495862007141113e-01
1.384116981368400047e+03 -9.423461914062500000e+00 7.091081738471984863e-01
1.384137814610077839e+03 -8.773254394531250000e+00 7.095949649810791016e-01
1.384158647851407068e+03 -9.760009765625000000e+00 7.092026472091674805e-01
1.384179481092502101e+03 -9.261566162109375000e+00 7.099666595458984375e-01
1.384200314333364986e+03 -9.197265625000000000e+00 7.095202207565307617e-01
1.384221147573995950e+03 -8.639434814453125000e+00 7.115448713302612305e-01
1.384241980814278122e+03 -7.784423828125000000e+00 7.105601429939270020e-01
1.384262814054442515e+03 -9.518066406250000000e+00 7.100911736488342285e-01
1.384346147012307938e+03 -9.490631103515625000e+00 7.092523574829101562e-01
1.384366980251076484e+03 -9.401733398437500000e+00 7.094002962112426758e-01
1.384387813489611517e+03 -8.503845214843750000e+00 7.112796902656555176e-01
1.384408646727913037e+03 -9.242492675781250000e+00 7.089706063270568848e-01
1.384429479965982864e+03 -8.374053955078125000e+00 7.102628350257873535e-01
1.384450313203702535e+03 -8.500762939453125000e+00 7.092552185058593750e-01
1.384471146441189831e+03 -9.161407470703125000e+00 7.088760733604431152e-01
1.384491979678443840e+03 -8.066223144531250000e+00 7.097262740135192871e-01
1.384512812915349514e+03 -7.398040771484375000e+00 7.105724811553955078e-01
1.384533646152020992e+03 -9.104187011718750000e+00 7.095034122467041016e-01
1.384554479388461004e+03 -8.938110351562500000e+00 7.089728713035583496e-01
1.384575312624551998e+03 -8.651763916015625000e+00 7.091959118843078613e-01
1.384596145860410161e+03 -8.605163574218750000e+00 7.101112604141235352e-01
1.384616979096034811e+03 -8.616210937500000000e+00 7.089280486106872559e-01
1.384637812331309988e+03 -7.564819335937500000e+00 7.100366950035095215e-01
1.384658645566351879e+03 -8.666442871093750000e+00 7.092373967170715332e-01
1.384679478801162077e+03 -9.147003173828125000e+00 7.094983458518981934e-01
1.384700312035623028e+03 -7.953796386718750000e+00 7.094522118568420410e-01
1.384721145269735189e+03 -8.757843017578125000e+00 7.092849612236022949e-01
1.384741978503730024e+03 -1.056518554687500000e+01 7.093489170074462891e-01
1.384762811737374932e+03 -8.974029541015625000e+00 7.089549303054809570e-01
1.384783644970671048e+03 -9.689697265625000000e+00 7.088665962219238281e-01
1.384804478203734561e+03 -8.907409667968750000e+00 7.092235088348388672e-01
1.384825311436564789e+03 -9.010253906250000000e+00 7.096327543258666992e-01
1.384846144669045998e+03 -8.497955322265625000e+00 7.141468524932861328e-01
1.384866977901294376e+03 -9.769348144531250000e+00 7.089986801147460938e-01
1.384887811133194191e+03 -8.313995361328125000e+00 7.099123001098632812e-01
1.384908644364861175e+03 -6.910644531250000000e+00 7.101286053657531738e-01
1.384929477596178003e+03 -8.873168945312500000e+00 7.100562453269958496e-01
1.384950310827262911e+03 -8.449096679687500000e+00 7.102919816970825195e-01
1.384971144057999027e+03 -8.869964599609375000e+00 7.112738490104675293e-01
1.384991977288500493e+03 -9.569793701171875000e+00 7.100095748901367188e-01
1.385012810518770038e+03 -8.408386230468750000e+00 7.095352411270141602e-01
1.385033643748690338e+03 -8.530792236328125000e+00 7.094087600708007812e-01
1.385054476978261846e+03 -9.023803710937500000e+00 7.092614769935607910e-01
1.385075310207600069e+03 -9.577880859375000000e+00 7.098586559295654297e-01
1.385096143436705916e+03 -9.153198242187500000e+00 7.087082266807556152e-01
1.385116976665462062e+03 -8.343566894531250000e+00 7.097929716110229492e-01
1.385137809893868962e+03 -8.294403076171875000e+00 7.093635201454162598e-01
1.385158643122043031e+03 -8.097167968750000000e+00 7.097218632698059082e-01
1.385200309577577173e+03 -9.515747070312500000e+00 7.092113494873046875e-01
1.385221142804819920e+03 -9.210021972656250000e+00 7.087132930755615234e-01
1.385241976031829381e+03 -9.130493164062500000e+00 7.090641856193542480e-01
1.385262809258490051e+03 -1.005194091796875000e+01 7.087130546569824219e-01
1.385283642484917891e+03 -8.632812500000000000e+00 7.088271379470825195e-01
1.385304475711113810e+03 -7.878143310546875000e+00 7.099201679229736328e-01
1.385325308936843157e+03 -7.829986572265625000e+00 7.101563215255737305e-01
1.385346142162456090e+03 -9.007873535156250000e+00 7.093561887741088867e-01
1.385366975387602906e+03 -9.095764160156250000e+00 7.118571996688842773e-01
1.385387808612633989e+03 -7.526397705078125000e+00 7.117016911506652832e-01
1.385408641837199866e+03 -9.048828125000000000e+00 7.091332674026489258e-01
1.385429475061532003e+03 -8.894256591796875000e+00 7.093400955200195312e-01
1.385450308285631991e+03 -9.413452148437500000e+00 7.101179361343383789e-01
1.385471141509382051e+03 -8.051971435546875000e+00 7.097283005714416504e-01
1.385491974732783092e+03 -8.745483398437500000e+00 7.091414928436279297e-01
1.385512807955950848e+03 -1.005288696289062500e+01 7.103828787803649902e-01
1.385533641178771177e+03 -1.036157226562500000e+01 7.084286212921142578e-01
1.385554474401356856e+03 -9.032653808593750000e+00 7.092305421829223633e-01
1.385575307623594654e+03 -9.372863769531250000e+00 7.095558643341064453e-01
1.385596140845598484e+03 -9.044128417968750000e+00 7.103107571601867676e-01
1.385616974067253068e+03 -8.754913330078125000e+00 7.096785306930541992e-01
1.385637807288559088e+03 -9.340087890625000000e+00 7.092026472091674805e-01
1.385658640509631823e+03 -9.937713623046875000e+00 7.115177512168884277e-01
1.385679473730354857e+03 -9.503143310546875000e+00 7.115972042083740234e-01
1.385700306950846425e+03 -9.277618408203125000e+00 7.110477089881896973e-01
1.385721140170987383e+03 -8.263610839843750000e+00 7.108275890350341797e-01
1.385741973390895964e+03 -9.689392089843750000e+00 7.091629505157470703e-01
1.385762806610455527e+03 -9.377563476562500000e+00 7.090896964073181152e-01
1.385783639829666527e+03 -8.755340576171875000e+00 7.109749913215637207e-01
1.385804473048644923e+03 -9.410552978515625000e+00 7.093705534934997559e-01
1.385825306267272481e+03 -8.913360595703125000e+00 7.094345688819885254e-01
1.385846139485667663e+03 -8.808776855468750000e+00 7.102658152580261230e-01
1.385971138789403994e+03 -9.412475585937500000e+00 7.095495462417602539e-01
1.385991972005704156e+03 -8.372314453125000000e+00 7.096980810165405273e-01
1.386012805221538201e+03 -8.814697265625000000e+00 7.094338536262512207e-01
1.386033638437255831e+03 -8.051391601562500000e+00 7.097454071044921875e-01
1.386054471652507800e+03 -9.162445068359375000e+00 7.095943093299865723e-01
1.386075304867526938e+03 -7.796936035156250000e+00 7.101318836212158203e-01
1.386096138082312791e+03 -9.492553710937500000e+00 7.093933224678039551e-01
1.386116971296750535e+03 -8.724914550781250000e+00 7.096425890922546387e-01
1.386137804510839032e+03 -8.846252441406250000e+00 7.096629142761230469e-01
1.386158637724694927e+03 -8.594696044921875000e+00 7.095462679862976074e-01
1.386179470938202030e+03 -9.983367919921875000e+00 7.089462280273437500e-01
1.386200304151357614e+03 -8.837219238281250000e+00 7.100350856781005859e-01
1.386221137364280821e+03 -7.632781982421875000e+00 7.103439569473266602e-01
1.386241970576856147e+03 -9.596374511718750000e+00 7.091550827026367188e-01
1.386262803789198188e+03 -8.388916015625000000e+00 7.120850086212158203e-01
1.386283637001190073e+03 -8.446014404296875000e+00 7.103289961814880371e-01
1.386304470212834076e+03 -8.030822753906250000e+00 7.098293900489807129e-01
1.386325303424243884e+03 -7.995086669921875000e+00 7.098500728607177734e-01
1.386346136635304902e+03 -9.083007812500000000e+00 7.093623876571655273e-01
1.386366969846017128e+03 -7.964569091796875000e+00 7.101311087608337402e-01
1.386387803056496068e+03 -9.173858642578125000e+00 7.096829414367675781e-01
1.386408636266743542e+03 -8.733337402343750000e+00 7.101670503616333008e-01
1.386429469476523991e+03 -9.000762939453125000e+00 7.114471793174743652e-01
1.386450302686071154e+03 -8.660949707031250000e+00 7.097352147102355957e-01
1.386471135895385942e+03 -8.358703613281250000e+00 7.101269960403442383e-01
1.386491969104235977e+03 -8.662597656250000000e+00 7.099699378013610840e-01
1.386512802312969143e+03 -7.494873046875000000e+00 7.104775309562683105e-01
1.386533635521236192e+03 -7.494049072265625000e+00 7.108878493309020996e-01
1.386554468729269956e+03 -8.484649658203125000e+00 7.099378108978271484e-01
1.386575301936954929e+03 -7.842285156250000000e+00 7.109997868537902832e-01
1.386596135144407071e+03 -8.758422851562500000e+00 7.122431993484497070e-01
1.386616968351511332e+03 -8.709991455078125000e+00 7.111071944236755371e-01
1.386637801558265892e+03 -8.204772949218750000e+00 7.108998894691467285e-01
1.386658634764787166e+03 -9.214721679687500000e+00 7.110975384712219238e-01
1.386679467970958513e+03 -7.586303710937500000e+00 7.135809063911437988e-01
1.386700301176897028e+03 -9.074096679687500000e+00 7.104977369308471680e-01
1.386721134382486980e+03 -8.625610351562500000e+00 7.108771800994873047e-01
1.386741967587727004e+03 -9.616760253906250000e+00 7.099708318710327148e-01
1.386762800792735106e+03 -9.089691162109375000e+00 7.107350826263427734e-01
1.386783633997394645e+03 -8.885101318359375000e+00 7.107746005058288574e-01
1.386804467201703574e+03 -9.319580078125000000e+00 7.116976380348205566e-01
1.386825300405779217e+03 -9.142272949218750000e+00 7.124090194702148438e-01
1.386846133609506069e+03 -8.360412597656250000e+00 7.135607004165649414e-01
1.386866966812885039e+03 -9.915985107421875000e+00 7.103080153465270996e-01
1.386887800016029814e+03 -7.659179687500000000e+00 7.117357254028320312e-01
1.386908633218824434e+03 -7.839294433593750000e+00 7.124428749084472656e-01
1.386929466421387133e+03 -8.284942626953125000e+00 7.111648917198181152e-01
1.386950299623601495e+03 -8.796722412109375000e+00 7.120007276535034180e-01
1.386971132825467066e+03 -8.665435791015625000e+00 7.112984657287597656e-01
1.386991966026982027e+03 -7.443725585937500000e+00 7.119137048721313477e-01
1.387012799228265067e+03 -7.521728515625000000e+00 7.150788307189941406e-01
1.387033632429313457e+03 -8.008850097656250000e+00 7.116580605506896973e-01
1.387054465630013055e+03 -7.538208007812500000e+00 7.121500372886657715e-01
1.387075298830364545e+03 -6.562072753906250000e+00 7.140782475471496582e-01
1.387096132030367016e+03 -7.182586669921875000e+00 7.117267251014709473e-01
1.387116965230136884e+03 -8.662780761718750000e+00 7.106245160102844238e-01
1.387137798429556824e+03 -8.462158203125000000e+00 7.104344367980957031e-01
1.387158631628626608e+03 -7.820373535156250000e+00 7.120615839958190918e-01
1.387179464827464017e+03 -8.290710449218750000e+00 7.109898328781127930e-01
1.387200298026069049e+03 -8.764648437500000000e+00 7.106767892837524414e-01
1.387221131224208420e+03 -8.425598144531250000e+00 7.127324938774108887e-01
1.387241964422115871e+03 -8.786743164062500000e+00 7.133781313896179199e-01
1.387262797619673165e+03 -9.042755126953125000e+00 7.099985480308532715e-01
1.387283630816996492e+03 -8.217468261718750000e+00 7.106707692146301270e-01
1.387304464013971028e+03 -9.317382812500000000e+00 7.129645943641662598e-01
1.387325297210597000e+03 -8.865600585937500000e+00 7.131401300430297852e-01
1.387346130406990596e+03 -8.133850097656250000e+00 7.117448449134826660e-01
1.387366963603034947e+03 -8.193664550781250000e+00 7.118191719055175781e-01
1.387387796798730051e+03 -9.161926269531250000e+00 7.101430296897888184e-01
1.387408629994190960e+03 -8.083801269531250000e+00 7.106798291206359863e-01
1.387429463189303078e+03 -8.336730957031250000e+00 7.110085487365722656e-01
1.387450296384181911e+03 -8.398010253906250000e+00 7.128659486770629883e-01
1.387471129578596901e+03 -8.801788330078125000e+00 7.133650779724121094e-01
1.387491962772779061e+03 -8.254516601562500000e+00 7.109042406082153320e-01
1.387512795966726571e+03 -9.124725341796875000e+00 7.099241614341735840e-01
1.387533629160324836e+03 -9.317749023437500000e+00 7.105066180229187012e-01
1.387554462353573854e+03 -9.408386230468750000e+00 7.105837464332580566e-01
1.387575295546475900e+03 -8.295471191406250000e+00 7.126406431198120117e-01
1.387596128739144206e+03 -7.878326416015625000e+00 7.113278508186340332e-01
1.387616961931462811e+03 -8.306549072265625000e+00 7.115268707275390625e-01
1.387637795123547903e+03 -8.640350341796875000e+00 7.103826999664306641e-01
1.387658628315282840e+03 -1.048077392578125000e+01 7.101252675056457520e-01
1.387679461506671032e+03 -7.648437500000000000e+00 7.117866873741149902e-01
1.387700294697825484e+03 -8.688720703125000000e+00 7.112922072410583496e-01
1.387721127888632054e+03 -8.679809570312500000e+00 7.107125520706176758e-01
1.387783627459067020e+03 -8.958526611328125000e+00 7.139698863029479980e-01
1.387804460648591885e+03 -9.137603759765625000e+00 7.116376757621765137e-01
1.387825293837884146e+03 -8.862182617187500000e+00 7.107951641082763672e-01
1.387846127026825798e+03 -8.410064697265625000e+00 7.108699083328247070e-01
1.387866960215420022e+03 -8.609954833984375000e+00 7.106525897979736328e-01
1.387887793403780051e+03 -9.748901367187500000e+00 7.123158574104309082e-01
1.387908626591790835e+03 -7.432464599609375000e+00 7.110733985900878906e-01
1.387929459779452827e+03 -8.462432861328125000e+00 7.111865282058715820e-01
1.387950292966881989e+03 -8.927276611328125000e+00 7.134674787521362305e-01
1.387971126153961904e+03 -7.794097900390625000e+00 7.110806703567504883e-01
1.387991959340692574e+03 -8.693176269531250000e+00 7.125294208526611328e-01
1.388012792527189958e+03 -8.935546875000000000e+00 7.105809450149536133e-01
1.388033625713222136e+03 -7.879028320312500000e+00 7.110841274261474609e-01
1.388054458899137899e+03 -9.119445800781250000e+00 7.109104990959167480e-01
1.388075292084588455e+03 -7.386474609375000000e+00 7.124843597412109375e-01
1.388096125269807089e+03 -8.138183593750000000e+00 7.107307314872741699e-01
1.388116958454673977e+03 -8.618591308593750000e+00 7.107527256011962891e-01
1.388137791639308034e+03 -7.486389160156250000e+00 7.113585472106933594e-01
1.388158624823594437e+03 -9.028289794921875000e+00 7.108374834060668945e-01
1.388179458007532048e+03 -9.712127685546875000e+00 7.102265357971191406e-01
1.388200291191235920e+03 -9.087707519531250000e+00 7.105295658111572266e-01
1.388221124374590090e+03 -9.703521728515625000e+00 7.102238535881042480e-01
1.388241957557595924e+03 -8.538024902343750000e+00 7.113242149353027344e-01
1.388262790740252058e+03 -7.699859619140625000e+00 7.113007903099060059e-01
1.388283623922674906e+03 -8.567382812500000000e+00 7.107609510421752930e-01
1.388304457104748963e+03 -8.579406738281250000e+00 7.128584980964660645e-01
1.388325290286590644e+03 -8.072967529296875000e+00 7.127051353454589844e-01
1.388346123468083078e+03 -7.636474609375000000e+00 7.117419242858886719e-01
1.388366956649224903e+03 -8.270751953125000000e+00 7.108806371688842773e-01
1.388387789830017937e+03 -1.038311767578125000e+01 7.132223844528198242e-01
1.388408623010579504e+03 -8.493652343750000000e+00 7.110269069671630859e-01
1.388429456190790916e+03 -7.369232177734375000e+00 7.114818692207336426e-01
1.388450289370653081e+03 -9.367797851562500000e+00 7.127146720886230469e-01
1.388471122550281507e+03 -7.491790771484375000e+00 7.117534875869750977e-01
1.388491955729561596e+03 -8.173706054687500000e+00 7.118293642997741699e-01
1.388512788908492894e+03 -8.004150390625000000e+00 7.112305164337158203e-01
1.388533622087190906e+03 -8.065002441406250000e+00 7.112082242965698242e-01
1.388554455265540128e+03 -9.056243896484375000e+00 7.137952446937561035e-01
1.388575288443540103e+03 -9.575347900390625000e+00 7.103340029716491699e-01
1.388596121621306338e+03 -7.385009765625000000e+00 7.122894525527954102e-01
1.388616954798722873e+03 -8.099090576171875000e+00 7.111777067184448242e-01
1.388637787975791525e+03 -8.617156982421875000e+00 7.113289833068847656e-01
1.388658621152627802e+03 -8.541107177734375000e+00 7.111960053443908691e-01
1.388679454328997053e+03 -9.332824707031250000e+00 7.112685441970825195e-01
1.388700287505133929e+03 -7.953582763671875000e+00 7.119171023368835449e-01
1.388721120681037974e+03 -9.057556152343750000e+00 7.108952403068542480e-01
1.388741953856593000e+03 -8.590362548828125000e+00 7.111938595771789551e-01
1.388762787031797870e+03 -8.554626464843750000e+00 7.114124894142150879e-01
1.388783620206655542e+03 -8.643432617187500000e+00 7.113865613937377930e-01
1.388804453381279018e+03 -8.508148193359375000e+00 7.119059562683105469e-01
1.388825286555552793e+03 -8.246643066406250000e+00 7.126145958900451660e-01
1.388846119729477550e+03 -9.807128906250000000e+00 7.107064723968505859e-01
1.388866952903053516e+03 -8.531890869140625000e+00 7.110810875892639160e-01
1.388887786092462193e+03 -8.989990234375000000e+00 7.108281850814819336e-01
1.388908619265455854e+03 -9.499877929687500000e+00 7.105969190597534180e-01
1.388929452438100498e+03 -8.342529296875000000e+00 7.107821106910705566e-01
1.388950285610512992e+03 -9.505676269531250000e+00 7.117999196052551270e-01
1.388971118782574649e+03 -8.278869628906250000e+00 7.124404907226562500e-01
1.388991951954287515e+03 -8.548889160156250000e+00 7.118730545043945312e-01
1.389012785125768005e+03 -8.811309814453125000e+00 7.108310461044311523e-01
1.389033618296899022e+03 -1.010208129882812500e+01 7.106422185897827148e-01
1.389054451467680792e+03 -8.589111328125000000e+00 7.114282250404357910e-01
1.389075284638112862e+03 -8.594879150390625000e+00 7.130081057548522949e-01
1.389096117808313011e+03 -8.973693847656250000e+00 7.109813690185546875e-01
1.389116950978163004e+03 -8.135772705078125000e+00 7.120506167411804199e-01
1.389158617316933942e+03 -8.499145507812500000e+00 7.119771242141723633e-01
1.389179450485853067e+03 -9.205993652343750000e+00 7.108347415924072266e-01
1.389200283654422947e+03 -8.255828857421875000e+00 7.123612761497497559e-01
1.389221116822759541e+03 -8.682983398437500000e+00 7.115628123283386230e-01
1.389241949990630928e+03 -7.983062744140625000e+00 7.116936445236206055e-01
1.389262783158269940e+03 -8.921051025390625000e+00 7.112666964530944824e-01
1.389283616325676576e+03 -8.392028808593750000e+00 7.116621136665344238e-01
1.389304449492616186e+03 -9.407470703125000000e+00 7.110324501991271973e-01
1.389325282659323420e+03 -7.520019531250000000e+00 7.120224237442016602e-01
1.389346115825680954e+03 -8.714202880859375000e+00 7.131333947181701660e-01
1.389366948991690151e+03 -7.242492675781250000e+00 7.137792706489562988e-01
1.389387782157466518e+03 -9.072723388671875000e+00 7.116572260856628418e-01
1.389429448487971058e+03 -8.785552978515625000e+00 7.116204500198364258e-01
1.389450281652699005e+03 -8.105773925781250000e+00 7.125636935234069824e-01
1.389471114817194575e+03 -8.959442138671875000e+00 7.119674086570739746e-01
1.389491947981339990e+03 -8.790740966796875000e+00 7.145966291427612305e-01
1.389512781145137524e+03 -7.861480712890625000e+00 7.122346758842468262e-01
1.389533614308701999e+03 -9.323547363281250000e+00 7.116142511367797852e-01
1.389554447471917001e+03 -9.129760742187500000e+00 7.119152545928955078e-01
1.389575280634782530e+03 -7.517761230468750000e+00 7.126318216323852539e-01
1.389596113797299040e+03 -7.547058105468750000e+00 7.155303955078125000e-01
1.389616946959466532e+03 -8.360229492187500000e+00 7.122361660003662109e-01
1.389637780121401192e+03 -8.238189697265625000e+00 7.130142450332641602e-01
1.389658613282986153e+03 -8.486206054687500000e+00 7.152286171913146973e-01
1.389679446444221867e+03 -8.776184082031250000e+00 7.125375866889953613e-01
1.389700279605223841e+03 -9.577941894531250000e+00 7.123205065727233887e-01
1.389721112765877933e+03 -8.523071289062500000e+00 7.165367007255554199e-01
1.389741945926183007e+03 -9.409820556640625000e+00 7.120482325553894043e-01
1.389762779086138835e+03 -7.766174316406250000e+00 7.126954793930053711e-01
1.389783612245744962e+03 -7.552520751953125000e+00 7.148569822311401367e-01
1.389804445405118031e+03 -8.494781494140625000e+00 7.122815847396850586e-01
1.389825278564141172e+03 -8.819335937500000000e+00 7.121585607528686523e-01
1.389846111722816659e+03 -7.817138671875000000e+00 7.137137651443481445e-01
1.389866944881258860e+03 -8.935760498046875000e+00 7.123914957046508789e-01
1.389887778039351360e+03 -8.913238525390625000e+00 7.120636701583862305e-01
1.389908611197095524e+03 -8.083892822265625000e+00 7.124089002609252930e-01
1.389929444354488624e+03 -8.946929931640625000e+00 7.122304439544677734e-01
1.389950277511533386e+03 -8.774810791015625000e+00 7.121534347534179688e-01
1.389991943824808914e+03 -9.132965087890625000e+00 7.123697400093078613e-01
1.390012776980922354e+03 -8.377288818359375000e+00 7.126185894012451172e-01
1.390054443292101496e+03 -8.916656494140625000e+00 7.136992812156677246e-01
1.390075276447284068e+03 -8.175872802734375000e+00 7.146077156066894531e-01
1.390096109602116940e+03 -9.815185546875000000e+00 7.118335366249084473e-01
1.390116942756601475e+03 -8.985412597656250000e+00 7.127090692520141602e-01
1.390137775910853179e+03 -8.315948486328125000e+00 7.132033109664916992e-01
1.390158609064637858e+03 -9.752929687500000000e+00 7.122324109077453613e-01
1.390179442218190161e+03 -8.665832519531250000e+00 7.126333713531494141e-01
1.390200275371392991e+03 -9.226318359375000000e+00 7.133813500404357910e-01
1.390221108524247484e+03 -8.811523437500000000e+00 7.135288119316101074e-01
1.390283607980946954e+03 -1.062530517578125000e+01 7.149032950401306152e-01
1.390304441132520424e+03 -8.310363769531250000e+00 7.135777473449707031e-01
1.390325274283860836e+03 -7.550262451171875000e+00 7.155537605285644531e-01
1.390346107434736041e+03 -1.010198974609375000e+01 7.133993506431579590e-01
1.390366940585378416e+03 -7.941619873046875000e+00 7.165616154670715332e-01
1.390387773735671999e+03 -8.429016113281250000e+00 7.155352234840393066e-01
1.390408606885614972e+03 -8.960449218750000000e+00 7.140042185783386230e-01
1.390429440035209154e+03 -8.102050781250000000e+00 7.132779955863952637e-01
1.390450273184454545e+03 -8.103454589843750000e+00 7.156937718391418457e-01
1.390471106333467105e+03 -9.363098144531250000e+00 7.129409313201904297e-01
1.390491939482129965e+03 -7.787597656250000000e+00 7.166430354118347168e-01
1.390512772630444488e+03 -9.210693359375000000e+00 7.160401344299316406e-01
1.390533605778408401e+03 -9.050018310546875000e+00 7.134305834770202637e-01
1.390554438926023522e+03 -8.798370361328125000e+00 7.131160497665405273e-01
1.390575272073405813e+03 -7.871307373046875000e+00 7.136328816413879395e-01
1.390596105220323352e+03 -8.244384765625000000e+00 7.134358286857604980e-01
1.390616938367008061e+03 -7.951538085937500000e+00 7.149732112884521484e-01
1.390637771513343068e+03 -8.215026855468750000e+00 7.138906717300415039e-01
1.390658604659327921e+03 -9.790679931640625000e+00 7.137742638587951660e-01
1.390679437804963982e+03 -8.533416748046875000e+00 7.137610912322998047e-01
1.390700270950367667e+03 -8.402282714843750000e+00 7.136751413345336914e-01
1.390721104095422106e+03 -8.164398193359375000e+00 7.140973210334777832e-01
1.390741937240010884e+03 -8.707000732421875000e+00 7.137264609336853027e-01
1.390762770384366377e+03 -8.853332519531250000e+00 7.135580778121948242e-01
1.390783603528372623e+03 -8.148651123046875000e+00 7.135496139526367188e-01
1.390804436672146494e+03 -8.707244873046875000e+00 7.139332890510559082e-01
1.390825269815454931e+03 -7.480407714843750000e+00 7.160726785659790039e-01
1.390846102958530082e+03 -8.220825195312500000e+00 7.140466570854187012e-01
1.390866936101140027e+03 -9.498474121093750000e+00 7.128170132637023926e-01
1.390887769243516459e+03 -8.697052001953125000e+00 7.136072516441345215e-01
1.390908602385543418e+03 -8.865478515625000000e+00 7.136762142181396484e-01
1.390929435527221813e+03 -9.223449707031250000e+00 7.146420478820800781e-01
1.390950268668550962e+03 -9.372161865234375000e+00 7.143353223800659180e-01
1.390971101809647507e+03 -8.207489013671875000e+00 7.156577110290527344e-01
1.390991934950277937e+03 -8.929077148437500000e+00 7.138007283210754395e-01
1.391012768090674854e+03 -8.977294921875000000e+00 7.128907442092895508e-01
1.391033601230607019e+03 -8.478729248046875000e+00 7.139086127281188965e-01
1.391054434370306353e+03 -9.068725585937500000e+00 7.131032347679138184e-01
1.391075267509656896e+03 -8.293426513671875000e+00 7.133550047874450684e-01
1.391096100648657512e+03 -9.319763183593750000e+00 7.130162119865417480e-01
1.391116933787308426e+03 -9.552246093750000000e+00 7.130278348922729492e-01
1.391137766925726964e+03 -8.833435058593750000e+00 7.137459516525268555e-01
1.391158600063679842e+03 -8.976135253906250000e+00 7.130966186523437500e-01
1.391179433201400570e+03 -9.161926269531250000e+00 7.165200710296630859e-01
1.391200266338655183e+03 -8.599609375000000000e+00 7.134174108505249023e-01
1.391221099475676965e+03 -8.322143554687500000e+00 7.136677503585815430e-01
1.391241932612349046e+03 -8.845733642578125000e+00 7.130134105682373047e-01
1.391262765748671882e+03 -8.772644042968750000e+00 7.126892209053039551e-01
1.391283598884529965e+03 -8.421508789062500000e+00 7.136063575744628906e-01
1.391304432020270951e+03 -8.482330322265625000e+00 7.130678296089172363e-01
1.391325265155547186e+03 -7.604431152343750000e+00 7.138757109642028809e-01
1.391346098290473492e+03 -8.749084472656250000e+00 7.129593491554260254e-01
1.391366931425049643e+03 -8.684356689453125000e+00 7.128874063491821289e-01
1.391387764559277002e+03 -9.087524414062500000e+00 7.145450115203857422e-01
1.391408597693271986e+03 -8.929901123046875000e+00 7.126345038414001465e-01
1.391429430826801308e+03 -8.992187500000000000e+00 7.132382988929748535e-01
1.391450263960097800e+03 -8.530487060546875000e+00 7.128314971923828125e-01
1.391471097092929085e+03 -8.447937011718750000e+00 7.130725979804992676e-01
1.391491930225526630e+03 -8.063171386718750000e+00 7.141317129135131836e-01
1.391512763357774475e+03 -8.998260498046875000e+00 7.130596637725830078e-01
1.391533596489673982e+03 -8.499145507812500000e+00 7.129676938056945801e-01
1.391575262752309982e+03 -9.218902587890625000e+00 7.133568525314331055e-01
1.391596095883161979e+03 -8.287353515625000000e+00 7.142331600189208984e-01
1.391616929013664048e+03 -9.316284179687500000e+00 7.125951647758483887e-01
1.391637762143816872e+03 -9.352966308593750000e+00 7.133349180221557617e-01
1.391658595273620904e+03 -7.676696777343750000e+00 7.147886157035827637e-01
1.391679428403076145e+03 -9.114959716796875000e+00 7.127552628517150879e-01
1.391700261532181685e+03 -8.047119140625000000e+00 7.152301669120788574e-01
1.391721094660937524e+03 -8.966796875000000000e+00 7.126697897911071777e-01
1.391741927789344118e+03 -9.366302490234375000e+00 7.123157978057861328e-01
1.391762760917401920e+03 -9.131103515625000000e+00 7.134612798690795898e-01
1.391783594045110476e+03 -9.247375488281250000e+00 7.126904726028442383e-01
1.391804427172469786e+03 -7.212341308593750000e+00 7.164031267166137695e-01
1.391846093426141124e+03 -9.176635742187500000e+00 7.126260399818420410e-01
1.391866926552451787e+03 -1.009741210937500000e+01 7.126641869544982910e-01
1.391887759678414568e+03 -8.101867675781250000e+00 7.166599631309509277e-01
1.391908592804028103e+03 -9.316833496093750000e+00 7.155886888504028320e-01
1.391929425929291483e+03 -9.669616699218750000e+00 7.185076475143432617e-01
1.391950259054206072e+03 -7.730407714843750000e+00 7.142468094825744629e-01
1.391971092178770959e+03 -8.067352294921875000e+00 7.135281562805175781e-01
1.391991925302987056e+03 -8.878112792968750000e+00 7.131566405296325684e-01
1.392012758426853452e+03 -6.234252929687500000e+00 7.156143188476562500e-01
1.392033591550371966e+03 -7.960144042968750000e+00 7.133589982986450195e-01
1.392054424673540552e+03 -9.121673583984375000e+00 7.134262919425964355e-01
1.392075257796359892e+03 -8.840148925781250000e+00 7.135221362113952637e-01
1.392096090918712434e+03 -1.039993286132812500e+01 7.129532098770141602e-01
1.392116924040832600e+03 -9.669189453125000000e+00 7.141981124877929688e-01
1.392137757162488015e+03 -8.782867431640625000e+00 7.136564254760742188e-01
1.392158590283910598e+03 -8.974578857421875000e+00 7.131873965263366699e-01
1.392179423404867521e+03 -9.035949707031250000e+00 7.126622200012207031e-01
1.392200256525590476e+03 -1.009326171875000000e+01 7.115136384963989258e-01
1.392221089645847997e+03 -1.048937988281250000e+01 7.127625942230224609e-01
1.392241922765756954e+03 -8.909515380859375000e+00 7.130030989646911621e-01
1.392304422123389031e+03 -8.642089843750000000e+00 7.124999165534973145e-01
1.392346088360061913e+03 -7.978149414062500000e+00 7.124791145324707031e-01
1.392366921477758524e+03 -7.805297851562500000e+00 7.129837870597839355e-01
1.392387754595223669e+03 -8.742797851562500000e+00 7.124289274215698242e-01
1.392408587712222015e+03 -8.831054687500000000e+00 7.127804756164550781e-01
1.392429420828871571e+03 -9.328918457031250000e+00 7.127619981765747070e-01
1.392450253945170516e+03 -9.104827880859375000e+00 7.127857208251953125e-01
1.392471087061120670e+03 -8.371276855468750000e+00 7.154920101165771484e-01
1.392491920176722942e+03 -8.941070556640625000e+00 7.129787802696228027e-01
1.392512753291975059e+03 -9.665649414062500000e+00 7.119680643081665039e-01
1.392533586406761515e+03 -9.182739257812500000e+00 7.128412723541259766e-01
1.392554419521316049e+03 -8.924316406250000000e+00 7.126862406730651855e-01
1.392575252635403103e+03 -8.939880371093750000e+00 7.126765251159667969e-01
1.392596085749141366e+03 -9.245574951171875000e+00 7.132804989814758301e-01
1.392616918862530838e+03 -7.851745605468750000e+00 7.127776741981506348e-01
1.392637751975455558e+03 -8.782867431640625000e+00 7.125925421714782715e-01
1.392658585088146083e+03 -9.112182617187500000e+00 7.130327224731445312e-01
1.392679418200370947e+03 -6.980865478515625000e+00 7.137863039970397949e-01
1.392700251312247474e+03 -9.239990234375000000e+00 7.128404974937438965e-01
1.392721084423773846e+03 -9.118957519531250000e+00 7.129908204078674316e-01
1.392783583756027838e+03 -9.320770263671875000e+00 7.128191590309143066e-01
1.392804416866040810e+03 -7.698181152343750000e+00 7.128268480300903320e-01
1.392825249975704082e+03 -8.630126953125000000e+00 7.123148441314697266e-01
1.392846083085019018e+03 -9.397125244140625000e+00 7.140204906463623047e-01
1.392866916193869656e+03 -8.403076171875000000e+00 7.148398160934448242e-01
1.392887749302369002e+03 -9.408508300781250000e+00 7.140722870826721191e-01
1.392908582410520467e+03 -9.496002197265625000e+00 7.133445143699645996e-01
1.392929415518322003e+03 -8.489654541015625000e+00 7.125278115272521973e-01
1.392950248625656968e+03 -8.682800292968750000e+00 7.137558460235595703e-01
1.392971081732644507e+03 -9.020416259765625000e+00 7.124511003494262695e-01
1.392991914839282344e+03 -8.732757568359375000e+00 7.124104499816894531e-01
1.393012747945454066e+03 -8.643646240234375000e+00 7.125488519668579102e-01
1.393033581051276542e+03 -8.528594970703125000e+00 7.148747444152832031e-01
1.393054414156749999e+03 -8.567565917968750000e+00 7.138031125068664551e-01
1.393075247261873528e+03 -9.270050048828125000e+00 7.126981019973754883e-01
1.393096080366532078e+03 -8.364929199218750000e+00 7.136189341545104980e-01
1.393116913470842064e+03 -8.296386718750000000e+00 7.129258513450622559e-01
1.393137746574685480e+03 -8.963470458984375000e+00 7.124224901199340820e-01
1.393158579678296519e+03 -8.811492919921875000e+00 7.126875519752502441e-01
1.393179412781440988e+03 -9.366882324218750000e+00 7.133031487464904785e-01
1.393200245884119795e+03 -1.028140258789062500e+01 7.120294570922851562e-01
1.393221078986566681e+03 -9.036010742187500000e+00 7.124429345130920410e-01
1.393241912088548361e+03 -8.937042236328125000e+00 7.131043076515197754e-01
1.393262745190063015e+03 -8.724731445312500000e+00 7.127584218978881836e-01
1.393283578291228878e+03 -8.781738281250000000e+00 7.120773792266845703e-01
1.397033532702942921e+03 -8.314880371093750000e+00 7.104731202125549316e-01
1.397054365797082937e+03 -8.197509765625000000e+00 7.128709554672241211e-01
1.397075198891455784e+03 -8.719909667968750000e+00 7.109749913215637207e-01
1.397096031985711988e+03 -8.159606933593750000e+00 7.103789448738098145e-01
1.397116865080085063e+03 -9.503601074218750000e+00 7.097018361091613770e-01
1.397137698174573870e+03 -8.132598876953125000e+00 7.106870412826538086e-01
1.397158531268946490e+03 -8.899139404296875000e+00 7.119793295860290527e-01
1.397179364363435525e+03 -8.064086914062500000e+00 7.123584151268005371e-01
1.397200197457807917e+03 -9.292846679687500000e+00 7.103193402290344238e-01
1.397221030552297179e+03 -7.748168945312500000e+00 7.104563117027282715e-01
1.397241863646670026e+03 -8.161529541015625000e+00 7.107129693031311035e-01
1.397262696741042419e+03 -9.062316894531250000e+00 7.116004228591918945e-01
1.397283529835414811e+03 -9.190002441406250000e+00 7.098811268806457520e-01
1.397304362929672152e+03 -7.740692138671875000e+00 7.107347846031188965e-01
1.397325196023928129e+03 -9.154235839843750000e+00 7.100535631179809570e-01
1.397346029118068145e+03 -8.522613525390625000e+00 7.107920646667480469e-01
1.397366862212208162e+03 -8.618072509765625000e+00 7.098835706710815430e-01
1.397387695306231535e+03 -8.792175292968750000e+00 7.108358740806579590e-01
1.397408528400254909e+03 -9.450225830078125000e+00 7.094469666481018066e-01
1.397429361494044997e+03 -8.301208496093750000e+00 7.099843025207519531e-01
1.397450194587835540e+03 -8.463500976562500000e+00 7.105560898780822754e-01
1.397471027681509895e+03 -8.813507080078125000e+00 7.098609209060668945e-01
1.397491860775068062e+03 -8.810668945312500000e+00 7.101672887802124023e-01
1.397512693868625320e+03 -9.473693847656250000e+00 7.093288302421569824e-01
1.397533526961950884e+03 -8.502075195312500000e+00 7.102528214454650879e-01
1.397554360055160032e+03 -9.034942626953125000e+00 7.099338769912719727e-01
1.397575193148253220e+03 -8.133911132812500000e+00 7.102252840995788574e-01
1.397596026241111986e+03 -8.500732421875000000e+00 7.130774855613708496e-01
1.397616859333971206e+03 -8.854797363281250000e+00 7.109284996986389160e-01
1.397637692426597823e+03 -8.175476074218750000e+00 7.101190090179443359e-01
1.397658525519108025e+03 -8.559661865234375000e+00 7.126628160476684570e-01
1.397679358611500902e+03 -8.198272705078125000e+00 7.105187177658081055e-01
1.397700191703662540e+03 -8.802978515625000000e+00 7.098834514617919922e-01
1.397721024795706398e+03 -9.328491210937500000e+00 7.116046547889709473e-01
1.397741857887634524e+03 -9.305328369140625000e+00 7.093684673309326172e-01
1.397762690979329363e+03 -9.917785644531250000e+00 7.132009863853454590e-01
1.397783524070791827e+03 -8.272918701171875000e+00 7.110208868980407715e-01
1.397804357162137876e+03 -8.509277343750000000e+00 7.102838158607482910e-01
1.397825190253367509e+03 -9.088439941406250000e+00 7.098624110221862793e-01
1.397846023344363857e+03 -8.982208251953125000e+00 7.101216316223144531e-01
1.397866856435127829e+03 -9.778015136718750000e+00 7.096161842346191406e-01
1.397887689525775386e+03 -9.671844482421875000e+00 7.101799845695495605e-01
1.397908522616190112e+03 -8.649963378906250000e+00 7.107526659965515137e-01
1.397929355706372917e+03 -8.619384765625000000e+00 7.100996375083923340e-01
1.397950188796438397e+03 -1.016632080078125000e+01 7.095074653625488281e-01
1.397971021886271046e+03 -8.095092773437500000e+00 7.102108001708984375e-01
1.397991854975870410e+03 -8.861968994140625000e+00 7.096695303916931152e-01
1.398012688065236944e+03 -7.711090087890625000e+00 7.103404998779296875e-01
1.398033521154371556e+03 -8.539916992187500000e+00 7.094870805740356445e-01
1.398054354243389071e+03 -8.470031738281250000e+00 7.104272246360778809e-01
1.398075187332173527e+03 -8.238037109375000000e+00 7.122159600257873535e-01
1.398096020420725836e+03 -1.056091308593750000e+01 7.114201784133911133e-01
1.398116853509045086e+03 -8.890563964843750000e+00 7.091593146324157715e-01
1.398137686597131051e+03 -1.026165771484375000e+01 7.090247869491577148e-01
1.398158519684984640e+03 -8.617492675781250000e+00 7.127911448478698730e-01
1.398179352772721359e+03 -8.160400390625000000e+00 7.102835178375244141e-01
1.398200185860111105e+03 -8.925292968750000000e+00 7.109398245811462402e-01
1.398221018947265520e+03 -8.845764160156250000e+00 7.094892263412475586e-01
1.398241852034303975e+03 -8.711883544921875000e+00 7.098285555839538574e-01
1.398262685120993865e+03 -7.848968505859375000e+00 7.104768157005310059e-01
1.398283518207566431e+03 -8.649291992187500000e+00 7.105902433395385742e-01
1.398304351293790205e+03 -8.659423828125000000e+00 7.106233835220336914e-01
1.398325184379780467e+03 -8.737701416015625000e+00 7.112111449241638184e-01
1.398346017465655223e+03 -8.663238525390625000e+00 7.096337676048278809e-01
1.398366850551180050e+03 -8.375000000000000000e+00 7.101395130157470703e-01
1.398387683636472957e+03 -9.263610839843750000e+00 7.097603678703308105e-01
1.398408516721533033e+03 -9.793273925781250000e+00 7.113927006721496582e-01
1.398429349806359824e+03 -8.182922363281250000e+00 7.103353738784790039e-01
1.398450182890954011e+03 -8.877807617187500000e+00 7.103435993194580078e-01
1.398471015975198043e+03 -8.247863769531250000e+00 7.131894826889038086e-01
1.398491849059326341e+03 -9.072814941406250000e+00 7.119912505149841309e-01
1.398512682143104939e+03 -8.745635986328125000e+00 7.105612754821777344e-01
1.398554348310080968e+03 -7.651428222656250000e+00 7.113217711448669434e-01
1.398575181393045568e+03 -9.121154785156250000e+00 7.108981609344482422e-01
1.398596014475894208e+03 -9.584960937500000000e+00 7.111091017723083496e-01
1.398616847558509107e+03 -1.025701904296875000e+01 7.098130583763122559e-01
1.398637680640773851e+03 -8.731353759765625000e+00 7.109221816062927246e-01
1.398658513722807584e+03 -9.144073486328125000e+00 7.119215726852416992e-01
1.398679346804607121e+03 -8.927612304687500000e+00 7.107278108596801758e-01
1.398741846048378193e+03 -8.623229980468750000e+00 7.117360234260559082e-01
1.398762679129129992e+03 -8.551757812500000000e+00 7.104141116142272949e-01
1.398783512209649416e+03 -9.041809082031250000e+00 7.109326720237731934e-01
1.398804345289819139e+03 -8.989013671875000000e+00 7.105851173400878906e-01
1.398825178369756941e+03 -8.357116699218750000e+00 7.132816314697265625e-01
1.398846011449461002e+03 -8.129974365234375000e+00 7.109202146530151367e-01
1.398866844528932916e+03 -9.785858154296875000e+00 7.105480432510375977e-01
1.398887677608056038e+03 -7.926788330078125000e+00 7.116408348083496094e-01
1.398908510686945192e+03 -9.229736328125000000e+00 7.108389735221862793e-01
1.398929343765601971e+03 -8.060729980468750000e+00 7.123188972473144531e-01
1.398950176843909503e+03 -8.098571777343750000e+00 7.114626169204711914e-01
1.398971009921984205e+03 -9.100494384765625000e+00 7.113131880760192871e-01
1.398991842999826531e+03 -9.454162597656250000e+00 7.107187509536743164e-01
1.399012676077436481e+03 -8.078186035156250000e+00 7.127739787101745605e-01
1.399033509154695821e+03 -7.869018554687500000e+00 7.116063237190246582e-01
1.399054342231605915e+03 -9.673095703125000000e+00 7.102369070053100586e-01
1.399075175308400048e+03 -7.614044189453125000e+00 7.115411162376403809e-01
1.399096008384844936e+03 -9.239807128906250000e+00 7.116600275039672852e-01
1.399116841461056993e+03 -7.782348632812500000e+00 7.124968767166137695e-01
1.399137674536920485e+03 -9.467468261718750000e+00 7.111286520957946777e-01
1.399158507612551148e+03 -8.178863525390625000e+00 7.117221355438232422e-01
1.399179340687947388e+03 -8.551849365234375000e+00 7.114000916481018066e-01
1.399200173763112161e+03 -7.192687988281250000e+00 7.115901708602905273e-01
1.399221006837926780e+03 -8.724365234375000000e+00 7.109987735748291016e-01
1.399241839912393061e+03 -8.284545898437500000e+00 7.103611230850219727e-01
1.399262672986742928e+03 -7.145172119140625000e+00 7.117458581924438477e-01
1.399283506060626678e+03 -8.265014648437500000e+00 7.104101777076721191e-01
1.399304339134393103e+03 -9.279876708984375000e+00 7.101334929466247559e-01
1.399325172207812102e+03 -9.020538330078125000e+00 7.104399204254150391e-01
1.399346005280997815e+03 -8.759857177734375000e+00 7.108129858970642090e-01
1.399366838353833828e+03 -8.751434326171875000e+00 7.103287577629089355e-01
1.399387671426437464e+03 -8.748931884765625000e+00 7.102189064025878906e-01
1.399408504498807361e+03 -9.440063476562500000e+00 7.097086310386657715e-01
1.399429337570828011e+03 -9.393066406250000000e+00 7.102288007736206055e-01
1.399450170642617195e+03 -8.436340332031250000e+00 7.102864980697631836e-01
1.399471003714056224e+03 -9.218994140625000000e+00 7.105435132980346680e-01
1.399491836785262876e+03 -8.651672363281250000e+00 7.101850509643554688e-01
1.399512669856236016e+03 -9.342498779296875000e+00 7.102772593498229980e-01
1.399533502926859910e+03 -8.175231933593750000e+00 7.102264165878295898e-01
1.399554335997252110e+03 -8.284545898437500000e+00 7.099175453186035156e-01
1.399575169067294610e+03 -9.721710205078125000e+00 7.092847228050231934e-01
1.399596002137102914e+03 -9.754821777343750000e+00 7.089580893516540527e-01
1.399616835206679525e+03 -7.960388183593750000e+00 7.109388113021850586e-01
1.399637668275905980e+03 -8.367034912109375000e+00 7.098841667175292969e-01
1.399658501344901651e+03 -9.039550781250000000e+00 7.102324962615966797e-01
1.399679334413546940e+03 -9.176849365234375000e+00 7.098432183265686035e-01
1.399700167481958943e+03 -7.556091308593750000e+00 7.105475664138793945e-01
1.399721000550021927e+03 -9.468414306640625000e+00 7.100295424461364746e-01
1.399741833617852990e+03 -8.438262939453125000e+00 7.098436355590820312e-01
1.399762666685449858e+03 -7.539428710937500000e+00 7.098242640495300293e-01
1.399783499752698845e+03 -8.740173339843750000e+00 7.107693552970886230e-01
1.399804332819713636e+03 -7.516937255859375000e+00 7.104371786117553711e-01
1.399825165886379637e+03 -9.688079833984375000e+00 7.103999257087707520e-01
1.399845998952812806e+03 -8.955413818359375000e+00 7.103224396705627441e-01
1.399866832019014055e+03 -7.149963378906250000e+00 7.102369070053100586e-01
1.399887665084865148e+03 -8.475158691406250000e+00 7.103384137153625488e-01
1.399908498150366540e+03 -7.073944091796875000e+00 7.119424343109130859e-01
1.399929331215636012e+03 -9.206451416015625000e+00 7.097292542457580566e-01
1.399950164280673107e+03 -9.933105468750000000e+00 7.094478011131286621e-01
1.399970997345360047e+03 -8.955780029296875000e+00 7.116855978965759277e-01
1.399991830409814156e+03 -8.426910400390625000e+00 7.107095122337341309e-01
1.400012663473919019e+03 -8.911071777343750000e+00 7.095491290092468262e-01
1.400033496537791052e+03 -7.838104248046875000e+00 7.111564278602600098e-01
1.400054329601431164e+03 -8.526397705078125000e+00 7.105745673179626465e-01
1.400075162664720665e+03 -8.032348632812500000e+00 7.099653482437133789e-01
1.400095995727661375e+03 -9.493011474609375000e+00 7.096638679504394531e-01
1.400116828790370619e+03 -8.804046630859375000e+00 7.098900079727172852e-01
1.400137661852844985e+03 -7.971649169921875000e+00 7.109902501106262207e-01
1.400158494914971016e+03 -8.545349121093750000e+00 7.098065614700317383e-01
1.400179327976863988e+03 -8.847442626953125000e+00 7.102207541465759277e-01
1.400200161038408169e+03 -9.479888916015625000e+00 7.092493176460266113e-01
1.400220994099719064e+03 -8.942657470703125000e+00 7.106805443763732910e-01
1.400241827160681169e+03 -9.053070068359375000e+00 7.100556492805480957e-01
1.400262660221410442e+03 -1.037326049804687500e+01 7.088838219642639160e-01
1.400283493281790015e+03 -6.974609375000000000e+00 7.105854153633117676e-01
1.400304326341936985e+03 -8.491973876953125000e+00 7.116925120353698730e-01
1.400325159401851579e+03 -7.799194335937500000e+00 7.122784852981567383e-01
1.400345992461416472e+03 -9.057312011718750000e+00 7.091538310050964355e-01
1.400366825520631210e+03 -9.571166992187500000e+00 7.091351747512817383e-01
1.400387658579613799e+03 -9.011596679687500000e+00 7.096834778785705566e-01
1.400408491638364012e+03 -9.105468750000000000e+00 7.093951702117919922e-01
1.400429324696764979e+03 -7.744232177734375000e+00 7.099817395210266113e-01
1.400450157754933116e+03 -8.537322998046875000e+00 7.096550464630126953e-01
1.400470990812752007e+03 -9.575653076171875000e+00 7.112471461296081543e-01
1.400491823870222106e+03 -9.087310791015625000e+00 7.118214368820190430e-01
1.400512656927574881e+03 -8.981689453125000000e+00 7.099374532699584961e-01
1.400533489984461539e+03 -8.761169433593750000e+00 7.098316550254821777e-01
1.400554323041232465e+03 -8.621887207031250000e+00 7.099047899246215820e-01
1.400575156097654599e+03 -8.354919433593750000e+00 7.114487290382385254e-01
1.400595989153725895e+03 -9.525695800781250000e+00 7.095130085945129395e-01
1.400616822209566635e+03 -8.411285400390625000e+00 7.119202017784118652e-01
1.400637655265056992e+03 -9.590820312500000000e+00 7.096632719039916992e-01
1.400679321375339441e+03 -9.023193359375000000e+00 7.103803753852844238e-01
1.400741820538433785e+03 -8.891906738281250000e+00 7.099069356918334961e-01
1.400762653592295010e+03 -8.454895019531250000e+00 7.096202373504638672e-01
1.400783486645806079e+03 -9.614807128906250000e+00 7.091773748397827148e-01
1.400804319698967902e+03 -8.657775878906250000e+00 7.092819213867187500e-01
1.400825152751897349e+03 -9.685058593750000000e+00 7.088583707809448242e-01
1.400845985804594875e+03 -8.601470947265625000e+00 7.104024887084960938e-01
1.400866818856940881e+03 -8.766357421875000000e+00 7.102057337760925293e-01
1.400887651908939006e+03 -8.342315673828125000e+00 7.102516889572143555e-01
1.400908484960820942e+03 -9.226562500000000000e+00 7.093325257301330566e-01
1.400929318012235854e+03 -7.580627441406250000e+00 7.105725407600402832e-01
1.400950151063419980e+03 -8.871704101562500000e+00 7.101641893386840820e-01
1.400970984114369912e+03 -7.937438964843750000e+00 7.106829881668090820e-01
1.400991817164971053e+03 -9.294433593750000000e+00 7.098556756973266602e-01
1.401012650215339363e+03 -8.403076171875000000e+00 7.105881571769714355e-01
1.401033483265358427e+03 -1.014190673828125000e+01 7.093401551246643066e-01
1.401054316315144206e+03 -8.634887695312500000e+00 7.128159403800964355e-01
1.401075149364581648e+03 -8.636657714843750000e+00 7.097119092941284180e-01
1.401095982413785350e+03 -9.739196777343750000e+00 7.092546224594116211e-01
1.401116815462639806e+03 -9.162567138671875000e+00 7.120487093925476074e-01
1.401137648511261887e+03 -8.001983642578125000e+00 7.117949724197387695e-01
1.401158481559533811e+03 -8.083343505859375000e+00 7.107077240943908691e-01
1.401179314607573815e+03 -8.243072509765625000e+00 7.113361954689025879e-01
1.401200147655265027e+03 -8.945617675781250000e+00 7.096045613288879395e-01
1.401220980702722954e+03 -1.063940429687500000e+01 7.095403075218200684e-01
1.401241813749832090e+03 -8.123992919921875000e+00 7.107186317443847656e-01
1.401262646796707941e+03 -9.899230957031250000e+00 7.090721726417541504e-01
1.401283479843234090e+03 -9.530944824218750000e+00 7.111547589302062988e-01
1.401304312889526955e+03 -9.260070800781250000e+00 7.093123793601989746e-01
1.401325145935471937e+03 -8.503662109375000000e+00 7.097499370574951172e-01
1.401345978981183180e+03 -8.767913818359375000e+00 7.102352976799011230e-01
1.401366812026546086e+03 -7.975524902343750000e+00 7.100701928138732910e-01
1.401387645071674797e+03 -9.252746582031250000e+00 7.099921107292175293e-01
1.401408478116455626e+03 -8.974365234375000000e+00 7.097896337509155273e-01
1.401429311161003170e+03 -9.700134277343750000e+00 7.101418375968933105e-01
1.401450144205317883e+03 -1.018969726562500000e+01 7.088513970375061035e-01
1.401470977249166481e+03 -9.097442626953125000e+00 7.101290225982666016e-01
1.401491810292899117e+03 -9.379852294921875000e+00 7.090619802474975586e-01
1.401512643336166093e+03 -9.224121093750000000e+00 7.097135186195373535e-01
1.401533476379316198e+03 -9.216766357421875000e+00 7.105566263198852539e-01
1.401554309422117967e+03 -9.170593261718750000e+00 7.096611857414245605e-01
1.401575142464570035e+03 -9.376953125000000000e+00 7.094686627388000488e-01
1.401595975506788818e+03 -9.281066894531250000e+00 7.092492580413818359e-01
1.401616808548658810e+03 -1.004592895507812500e+01 7.087925672531127930e-01
1.401637641590295971e+03 -9.737762451171875000e+00 7.096368670463562012e-01
1.401658474631583431e+03 -9.515869140625000000e+00 7.110721468925476074e-01
1.401679307672638060e+03 -9.815063476562500000e+00 7.090147137641906738e-01
1.401700140713343899e+03 -9.159637451171875000e+00 7.095418572425842285e-01
1.401720973753816907e+03 -9.886718750000000000e+00 7.098919153213500977e-01
1.401741806793941578e+03 -8.396240234375000000e+00 7.097393274307250977e-01
1.401762639833832509e+03 -9.372375488281250000e+00 7.098616957664489746e-01
1.401783472873372830e+03 -8.437927246093750000e+00 7.096758484840393066e-01
1.401804305912682594e+03 -9.707794189453125000e+00 7.092208862304687500e-01
1.401825138951641975e+03 -9.292358398437500000e+00 7.100742459297180176e-01
1.401845971990368980e+03 -9.585021972656250000e+00 7.096936702728271484e-01
1.401866805028746512e+03 -8.087097167968750000e+00 7.099195718765258789e-01
1.401887638066889849e+03 -7.699920654296875000e+00 7.116277813911437988e-01
1.401908471104686669e+03 -9.352569580078125000e+00 7.092770338058471680e-01
1.401929304142249066e+03 -7.031555175781250000e+00 7.105058431625366211e-01
1.401950137179461990e+03 -9.379913330078125000e+00 7.099853754043579102e-01
1.401970970216326805e+03 -7.785064697265625000e+00 7.097296118736267090e-01
1.401991803252958107e+03 -9.315429687500000000e+00 7.101132869720458984e-01
1.402012636289357033e+03 -1.026748657226562500e+01 7.089074254035949707e-01
1.402033469325404894e+03 -9.330810546875000000e+00 7.098172307014465332e-01
1.402054302361221517e+03 -9.104797363281250000e+00 7.096559405326843262e-01
1.402075135396688893e+03 -7.746887207031250000e+00 7.116847038269042969e-01
1.402095968431806796e+03 -8.879791259765625000e+00 7.094203829765319824e-01
1.402116801466691868e+03 -8.129699707031250000e+00 7.109746336936950684e-01
1.402137634501344564e+03 -9.050384521484375000e+00 7.100587487220764160e-01
1.402158467535647560e+03 -9.936309814453125000e+00 7.088289856910705566e-01
1.402179300569600400e+03 -8.493164062500000000e+00 7.119743227958679199e-01
1.402200133603320864e+03 -8.829010009765625000e+00 7.093260288238525391e-01
1.402220966636808953e+03 -8.446899414062500000e+00 7.096127867698669434e-01
1.402241799669948477e+03 -8.240325927734375000e+00 7.096223235130310059e-01
1.402262632702738529e+03 -9.752410888671875000e+00 7.090898752212524414e-01
1.402283465735294612e+03 -8.279388427734375000e+00 7.100150585174560547e-01
1.402304298767503042e+03 -8.413360595703125000e+00 7.095438838005065918e-01
1.402325131799477049e+03 -9.114959716796875000e+00 7.089813351631164551e-01
1.402345964831102492e+03 -9.517944335937500000e+00 7.097194790840148926e-01
1.402366797862494877e+03 -1.033111572265625000e+01 7.087501883506774902e-01
1.402387630893539153e+03 -9.678344726562500000e+00 7.090282440185546875e-01
1.402408463924348780e+03 -8.925598144531250000e+00 7.104618549346923828e-01
1.402429296954810070e+03 -8.248992919921875000e+00 7.103731036186218262e-01
1.402450129985038984e+03 -9.338195800781250000e+00 7.089927792549133301e-01
1.402470963014918652e+03 -9.350585937500000000e+00 7.102519273757934570e-01
1.402491796044565035e+03 -9.827056884765625000e+00 7.085232734680175781e-01
1.402512629073861945e+03 -1.052746582031250000e+01 7.095597982406616211e-01
1.402533462102810063e+03 -1.036825561523437500e+01 7.096775174140930176e-01
1.402554295148288929e+03 -9.766937255859375000e+00 7.087681293487548828e-01
1.402575128176655198e+03 -7.872436523437500000e+00 7.095216512680053711e-01
1.402595961204787045e+03 -9.084411621093750000e+00 7.098349332809448242e-01
1.402616794232570555e+03 -8.583770751953125000e+00 7.122942209243774414e-01
1.402637627260121917e+03 -9.710632324218750000e+00 7.088549733161926270e-01
1.402658460287439993e+03 -1.034170532226562500e+01 7.088170647621154785e-01
1.402741792393453579e+03 -1.044384765625000000e+01 7.087243795394897461e-01
1.402762625419141386e+03 -1.073507690429687500e+01 7.081260681152343750e-01
1.402783458444596363e+03 -9.698394775390625000e+00 7.086471319198608398e-01
1.402804291469819873e+03 -8.464355468750000000e+00 7.091293931007385254e-01
1.402825124494693000e+03 -9.777099609375000000e+00 7.083307504653930664e-01
1.402845957519216881e+03 -9.195129394531250000e+00 7.092888355255126953e-01
1.402866790543509069e+03 -8.066406250000000000e+00 7.096018195152282715e-01
1.402887623567567516e+03 -9.504089355468750000e+00 7.087018489837646484e-01
1.402908456591276490e+03 -8.449768066406250000e+00 7.093805074691772461e-01
1.402929289614637128e+03 -9.452026367187500000e+00 7.085777521133422852e-01
1.402950122637763798e+03 -8.328887939453125000e+00 7.110930681228637695e-01
1.402970955660542131e+03 -8.640075683593750000e+00 7.095384597778320312e-01
1.402991788683087179e+03 -1.033026123046875000e+01 7.086408138275146484e-01
1.403012621705282072e+03 -8.896453857421875000e+00 7.093392610549926758e-01
1.403033454727129538e+03 -9.423156738281250000e+00 7.089561223983764648e-01
1.403054287748743491e+03 -8.592102050781250000e+00 7.112465500831604004e-01
1.403075120770123931e+03 -7.891174316406250000e+00 7.110190391540527344e-01
1.403095953791155807e+03 -8.560791015625000000e+00 7.099439501762390137e-01
1.403116786811839120e+03 -9.125976562500000000e+00 7.088877558708190918e-01
1.403137619832287783e+03 -9.118499755859375000e+00 7.088302373886108398e-01
1.403158452852388109e+03 -9.692962646484375000e+00 7.104671597480773926e-01
1.403179285872256060e+03 -8.122497558593750000e+00 7.092964649200439453e-01
1.403200118891774537e+03 -7.567596435546875000e+00 7.096058130264282227e-01
1.403220951910943540e+03 -9.151550292968750000e+00 7.108969092369079590e-01
1.403241784929879486e+03 -8.630828857421875000e+00 7.143292427062988281e-01
1.403262617948583966e+03 -8.519592285156250000e+00 7.094265222549438477e-01
1.403283450966938517e+03 -1.019323730468750000e+01 7.090674638748168945e-01
1.403304283984942913e+03 -8.954986572265625000e+00 7.091101408004760742e-01
1.403325117002714933e+03 -8.777709960937500000e+00 7.099410295486450195e-01
1.403345950020137479e+03 -8.748779296875000000e+00 7.091326117515563965e-01
1.403366783037327878e+03 -1.014291381835937500e+01 7.087340354919433594e-01
1.403387616054169030e+03 -9.008941650390625000e+00 7.099851369857788086e-01
1.403408449070660026e+03 -9.275604248046875000e+00 7.107432484626770020e-01
1.403429282086919557e+03 -8.738128662109375000e+00 7.099318504333496094e-01
1.403450115102828477e+03 -9.222595214843750000e+00 7.089064121246337891e-01
1.403470948118505021e+03 -9.692840576171875000e+00 7.113390564918518066e-01
1.403491781133832546e+03 -1.035321044921875000e+01 7.099059224128723145e-01
1.403512614148926332e+03 -9.816131591796875000e+00 7.107216715812683105e-01
1.403533447163672918e+03 -9.821807861328125000e+00 7.100265622138977051e-01
1.403554280178068893e+03 -8.653625488281250000e+00 7.097169160842895508e-01
1.403575113192232038e+03 -9.984527587890625000e+00 7.086731791496276855e-01
1.403595946206046847e+03 -8.406188964843750000e+00 7.094359993934631348e-01
1.403637612232858828e+03 -1.011950683593750000e+01 7.096462249755859375e-01
1.403658445245858502e+03 -8.619598388671875000e+00 7.096093893051147461e-01
1.403679278258508475e+03 -9.524597167968750000e+00 7.114992737770080566e-01
1.403700111270808975e+03 -8.749053955078125000e+00 7.097187638282775879e-01
1.403720944282877099e+03 -8.309082031250000000e+00 7.103637456893920898e-01
1.403741777294595067e+03 -9.164245605468750000e+00 7.094891071319580078e-01
1.403762610306081569e+03 -9.207061767578125000e+00 7.092965245246887207e-01
1.403783443317217916e+03 -9.459381103515625000e+00 7.103818655014038086e-01
1.403804276328005017e+03 -8.683349609375000000e+00 7.111809849739074707e-01
1.403825109338560196e+03 -9.510742187500000000e+00 7.090535759925842285e-01
1.403845942348765220e+03 -1.083383178710937500e+01 7.110558152198791504e-01
1.403866775358737414e+03 -9.217346191406250000e+00 7.093296647071838379e-01
1.403887608368360361e+03 -9.468902587890625000e+00 7.092688679695129395e-01
1.403908441377634063e+03 -8.734191894531250000e+00 7.109946012496948242e-01
1.403929274386675388e+03 -8.457580566406250000e+00 7.093714475631713867e-01
1.403950107395367013e+03 -9.045013427734375000e+00 7.090047001838684082e-01
1.403970940403826489e+03 -8.168884277343750000e+00 7.097661495208740234e-01
1.403991773411935810e+03 -8.503417968750000000e+00 7.104587554931640625e-01
1.404012606419697022e+03 -9.048919677734375000e+00 7.128816246986389160e-01
1.404033439427224039e+03 -9.467193603515625000e+00 7.091700434684753418e-01
1.404054272434401810e+03 -8.252960205078125000e+00 7.114347219467163086e-01
1.404075105441348569e+03 -8.932434082031250000e+00 7.101511359214782715e-01
1.404095938447945173e+03 -7.330627441406250000e+00 7.104284167289733887e-01
1.404116771454192076e+03 -9.241577148437500000e+00 7.091900110244750977e-01
1.404137604460206148e+03 -8.930816650390625000e+00 7.093393802642822266e-01
1.404158437465870975e+03 -9.684265136718750000e+00 7.109700441360473633e-01
1.404179270471187010e+03 -9.495025634765625000e+00 7.095052599906921387e-01
1.404200103476270215e+03 -9.302459716796875000e+00 7.115316987037658691e-01
1.404220936481003946e+03 -9.010955810546875000e+00 7.097555398941040039e-01
1.404241769485504392e+03 -1.048904418945312500e+01 7.085740566253662109e-01
1.404262602489656047e+03 -9.112609863281250000e+00 7.094783782958984375e-01
1.404283435493458910e+03 -8.692565917968750000e+00 7.115793228149414062e-01
1.404304268497027806e+03 -8.842041015625000000e+00 7.121138572692871094e-01
1.404325101500248365e+03 -9.374572753906250000e+00 7.099272012710571289e-01
1.404345934503236094e+03 -8.886047363281250000e+00 7.101829648017883301e-01
1.404366767505757480e+03 -9.390502929687500000e+00 7.095115780830383301e-01
1.404387600508047399e+03 -9.592620849609375000e+00 7.113049626350402832e-01
1.404408433510103350e+03 -1.072592163085937500e+01 7.100954055786132812e-01
1.404429266511810056e+03 -8.527618408203125000e+00 7.107821106910705566e-01
1.404450099513167970e+03 -9.648010253906250000e+00 7.117675542831420898e-01
1.404470932514293054e+03 -8.722198486328125000e+00 7.108239531517028809e-01
1.404491765515068437e+03 -9.438934326171875000e+00 7.097865343093872070e-01
1.404512598515494574e+03 -8.361755371093750000e+00 7.109212875366210938e-01
1.404533431515687880e+03 -8.915863037109375000e+00 7.106739282608032227e-01
1.404554264515533532e+03 -9.175720214843750000e+00 7.100878953933715820e-01
1.404575097515028119e+03 -9.692047119140625000e+00 7.100673913955688477e-01
1.404595930514289648e+03 -9.028747558593750000e+00 7.106689810752868652e-01
1.404637596511765878e+03 -8.475036621093750000e+00 7.105235457420349121e-01
1.404658429510097449e+03 -8.993743896484375000e+00 7.110311388969421387e-01
1.404679262508080001e+03 -1.063687133789062500e+01 7.098588347434997559e-01
1.404741761500161829e+03 -9.950531005859375000e+00 7.099742293357849121e-01
1.404762594496863130e+03 -1.038494873046875000e+01 7.109839320182800293e-01
1.404783427493215186e+03 -9.148529052734375000e+00 7.103285789489746094e-01
1.404804260489333956e+03 -1.097735595703125000e+01 7.096948623657226562e-01
1.404825093485220805e+03 -8.838775634765625000e+00 7.109180688858032227e-01
1.404845926480641083e+03 -8.496765136718750000e+00 7.115474343299865723e-01
1.404866759475828530e+03 -9.885284423828125000e+00 7.107408642768859863e-01
1.404887592470668096e+03 -8.680511474609375000e+00 7.110874652862548828e-01
1.404908425465273012e+03 -8.932983398437500000e+00 7.118946313858032227e-01
1.404929258459529592e+03 -8.853240966796875000e+00 7.121884822845458984e-01
1.404950091453436926e+03 -9.944488525390625000e+00 7.107284069061279297e-01
1.404970924446994559e+03 -9.013183593750000000e+00 7.110262513160705566e-01
1.404991757440320043e+03 -1.055493164062500000e+01 7.106048464775085449e-01
1.405012590433295372e+03 -8.893432617187500000e+00 7.132511138916015625e-01
1.405033423425921683e+03 -8.400360107421875000e+00 7.117779850959777832e-01
1.405054256418316527e+03 -9.304626464843750000e+00 7.111148238182067871e-01
1.405075089410360533e+03 -9.252380371093750000e+00 7.118735313415527344e-01
1.405095922402055521e+03 -9.815429687500000000e+00 7.129490375518798828e-01
1.405116755393402400e+03 -8.827423095703125000e+00 7.120661139488220215e-01
1.405137588384515539e+03 -8.189392089843750000e+00 7.115778923034667969e-01
1.405158421375278976e+03 -8.755218505859375000e+00 7.113466262817382812e-01
1.405179254365693851e+03 -8.976196289062500000e+00 7.110947966575622559e-01
1.405200087355874984e+03 -9.076812744140625000e+00 7.116626501083374023e-01
1.405220920345708464e+03 -8.097656250000000000e+00 7.121512889862060547e-01
1.405241753335191788e+03 -9.472900390625000000e+00 7.114080190658569336e-01
1.405262586324326548e+03 -8.892333984375000000e+00 7.132591009140014648e-01
1.405283419313228023e+03 -9.064971923828125000e+00 7.117987871170043945e-01
1.405304252301779798e+03 -7.965545654296875000e+00 7.121915221214294434e-01
1.405325085289983008e+03 -9.677459716796875000e+00 7.110860347747802734e-01
1.405345918277836063e+03 -8.946685791015625000e+00 7.111918926239013672e-01
1.405366751265456514e+03 -9.754974365234375000e+00 7.133658528327941895e-01
1.405387584252728630e+03 -9.375823974609375000e+00 7.113291025161743164e-01
1.405408417239651044e+03 -9.749542236328125000e+00 7.106088995933532715e-01
1.405429250226224212e+03 -8.655242919921875000e+00 7.118960022926330566e-01
1.405450083212564550e+03 -8.891387939453125000e+00 7.115449905395507812e-01
1.405470916198438999e+03 -1.008190917968750000e+01 7.116803526878356934e-01
1.405491749184081073e+03 -8.982666015625000000e+00 7.130451798439025879e-01
1.405512582169489633e+03 -1.068511962890625000e+01 7.100737690925598145e-01
1.405533415154432987e+03 -1.070590209960937500e+01 7.101433873176574707e-01
1.405554248139143965e+03 -8.952636718750000000e+00 7.109299898147583008e-01
1.405575081123504333e+03 -8.991088867187500000e+00 7.115038037300109863e-01
1.405595914107516364e+03 -8.158935546875000000e+00 7.116203308105468750e-01
1.405616747091179604e+03 -8.785308837890625000e+00 7.111753225326538086e-01
1.405637580074609559e+03 -8.745941162109375000e+00 7.110835313796997070e-01
1.405658413057572943e+03 -7.760040283203125000e+00 7.132099866867065430e-01
1.405679246040305543e+03 -8.039459228515625000e+00 7.113558650016784668e-01
1.405700079022803948e+03 -9.920959472656250000e+00 7.103928923606872559e-01
1.405720912004836464e+03 -9.091400146484375000e+00 7.113640904426574707e-01
1.405741744986520189e+03 -8.866058349609375000e+00 7.116136550903320312e-01
1.405762577967970628e+03 -9.217407226562500000e+00 7.103853225708007812e-01
1.405783410949072959e+03 -8.512969970703125000e+00 7.106739282608032227e-01
1.405804243929825134e+03 -9.180725097656250000e+00 7.105140686035156250e-01
1.405825076910227381e+03 -8.760314941406250000e+00 7.111648917198181152e-01
1.405845909890398616e+03 -8.978363037109375000e+00 7.109951376914978027e-01
1.405866742870103508e+03 -8.079528808593750000e+00 7.134205698966979980e-01
1.405887575849575114e+03 -9.535675048828125000e+00 7.104426622390747070e-01
1.405908408828696793e+03 -9.221252441406250000e+00 7.103600502014160156e-01
1.405929241807470589e+03 -9.603820800781250000e+00 7.124933004379272461e-01
1.405950074785895595e+03 -7.619140625000000000e+00 7.126856446266174316e-01
1.405970907763969535e+03 -9.190307617187500000e+00 7.107586264610290527e-01
1.405991740741811100e+03 -8.800842285156250000e+00 7.108759880065917969e-01
1.406012573719188367e+03 -8.217285156250000000e+00 7.106239199638366699e-01
1.406033406696331895e+03 -7.482757568359375000e+00 7.110770940780639648e-01
1.406054239673126176e+03 -8.934051513671875000e+00 7.113236784934997559e-01
1.406075072649570984e+03 -9.076660156250000000e+00 7.107397317886352539e-01
1.406095905625667001e+03 -1.050808715820312500e+01 7.103066444396972656e-01
1.406116738601413545e+03 -7.865722656250000000e+00 7.112717628479003906e-01
