1.354137563062032996e+03 4.141834364742345898e+00 7.958864550478373934e-01
1.354158396756423826e+03 3.181863495554448917e+00 7.967125596177961899e-01
1.354179230451278954e+03 2.379245816719333106e+00 7.947022230649800623e-01
1.354200064146484010e+03 4.221952485079503603e+00 7.964971057721923486e-01
1.354220897842038084e+03 2.562317491648769874e+00 7.946751842076977823e-01
1.354241731537824535e+03 3.541600826849492734e+00 7.957281948629145729e-01
1.354262565234077101e+03 2.614978072813203269e+00 7.943639648535404385e-01
1.354283398930445856e+03 4.387593949666960924e+00 7.948899696189477559e-01
1.354304232627164083e+03 3.713544997830657834e+00 7.943758202045086980e-01
1.354325066324114914e+03 4.083417294476323178e+00 7.961132672344197747e-01
1.354345900021181933e+03 3.707441820023484880e+00 7.945598180805578670e-01
1.354366733718482919e+03 1.969320218119786858e+00 7.937080432285804621e-01
1.354387567416015372e+03 3.560184075183430608e+00 7.967871449229226855e-01
1.354408401113663786e+03 3.495158528878180348e+00 7.946783719155469106e-01
1.354429234811430433e+03 3.179566032447585400e+00 7.942216493147261636e-01
1.354450068509313496e+03 1.909948941773599529e+00 7.959433326462550529e-01
1.354470902207311610e+03 2.771706011033064243e+00 7.940536744138831926e-01
1.354491735905309497e+03 1.750630114610675747e+00 7.938126832135722344e-01
1.354512569603425618e+03 2.888476192809472209e+00 7.938238334858871426e-01
1.354533403301657927e+03 2.396458564657514501e+00 7.931761071202492186e-01
1.354554236999889554e+03 3.129326174358855184e+00 7.933277012988402266e-01
1.354575070698120044e+03 3.609835429505073634e+00 7.936965158420415944e-01
1.354595904396352125e+03 2.543074352955208894e+00 7.937188570416086053e-01
1.354616738094583525e+03 2.072537779588145668e+00 7.931982751159073475e-01
1.354637571792814924e+03 4.325548829619187075e+00 7.956792798821117341e-01
1.354658405491046551e+03 2.690561913203456612e+00 7.942334317432522273e-01
1.354679239189161535e+03 4.122966598117532300e+00 7.939763174536801360e-01
1.354700072887276974e+03 2.360356007611185802e+00 7.947606478563099541e-01
1.354720906585392186e+03 3.981925582894925597e+00 7.944931261186585214e-01
1.354741740283390982e+03 3.081331246733748586e+00 7.929210554540360167e-01
1.354762573981272908e+03 1.541465282588283969e+00 7.929848354568492796e-01
1.354783407679039101e+03 4.609490843001170290e+00 7.945335995799744921e-01
1.354804241376804839e+03 2.305988617133001739e+00 7.930647317459772472e-01
1.354825075074453935e+03 2.770695290761995722e+00 7.935820965137542204e-01
1.354845908771869972e+03 3.894333251536275853e+00 7.942987197399807853e-01
1.354866742469287146e+03 1.510900044759424077e+00 7.954397178481705799e-01
1.354887576166587451e+03 2.494308961071697084e+00 7.938268368994660928e-01
1.354908409863655834e+03 3.273268821746608381e+00 7.951038349167077746e-01
1.354929243560722625e+03 2.522805228796613619e+00 7.934709283638754496e-01
1.354950077257556586e+03 2.298225949743436303e+00 7.928680957371496696e-01
1.354970910954275041e+03 3.541544935925914572e+00 7.946899975652296222e-01
1.354991744650761575e+03 3.168882347765975993e+00 7.934868158472264676e-01
1.355012578347129420e+03 2.063384136793306567e+00 7.930468816741230720e-01
1.355033412043264889e+03 3.781203269755012641e+00 7.951835557773391239e-01
1.355054245739284852e+03 1.975525407644834530e+00 7.937856140557399964e-01
1.355075079435188854e+03 2.580171748854704461e+00 7.926215553323142649e-01
1.355095913130859117e+03 3.150358679929141204e+00 7.934387392723258881e-01
1.355116746826296094e+03 3.327356116860114454e+00 7.946963728493017243e-01
1.355137580521501604e+03 1.661394111135429341e+00 7.923821971835445233e-01
1.355158414216590472e+03 3.280548866634878991e+00 7.945303737819344736e-01
1.355179247911446055e+03 4.424454170493259397e+00 7.935331619126091418e-01
1.355200081606184085e+03 2.795604571212093603e+00 7.926596429001381283e-01
1.355220915300574006e+03 2.359079826478531317e+00 7.937832487456681907e-01
1.355241748994847967e+03 3.683667217588649123e+00 7.939613030994627785e-01
1.355262582688889097e+03 2.857917590204646530e+00 7.948615498815325697e-01
1.355283416382578935e+03 3.384781673795249191e+00 7.944889248627596823e-01
1.355304250076154403e+03 2.664531699243031682e+00 7.926668992578257411e-01
1.355325083769613457e+03 2.546939753273361973e+00 7.933309695531854944e-01
1.355345917462723492e+03 3.640018651234182556e+00 7.939635928068290438e-01
1.355366751155599559e+03 1.972803546050789336e+00 7.922897814570174502e-01
1.355387584848242113e+03 2.168255167977868325e+00 7.918802316277558928e-01
1.355408418540654111e+03 2.844894848440421953e+00 7.925915126130492760e-01
1.355429252232832368e+03 3.253432438854853004e+00 7.923858078356275092e-01
1.355450085924777341e+03 2.195927826388285098e+00 7.924957743992351311e-01
1.355470919616489027e+03 2.683273185941926542e+00 7.931747544767301372e-01
1.355491753307852377e+03 2.002028330595480909e+00 7.930586439771432072e-01
1.355512586999099540e+03 3.555915451874215094e+00 7.938079152042040176e-01
1.355533420689997001e+03 4.553964638302923973e+00 7.931328589588862998e-01
1.355554254380776911e+03 2.916758126483104618e+00 7.937765657680108111e-01
1.355575088071208938e+03 2.219266324917567701e+00 7.935852510583387698e-01
1.355595921761408590e+03 4.290817495198025355e+00 7.943880505393964286e-01
1.355616755451258086e+03 3.005985348453437567e+00 7.951655283930231244e-01
1.355637589140991622e+03 3.289869459000110297e+00 7.931075702793176641e-01
1.355658422830375002e+03 3.486456464869501559e+00 7.925181494478752420e-01
1.355679256519526461e+03 3.913858962494760618e+00 7.936877669320370199e-01
1.355700090208329129e+03 3.424124038574163365e+00 7.929557460977694205e-01
1.355720923897014927e+03 2.231257991004591545e+00 7.930279789494999454e-01
1.355741757585351024e+03 3.718756235311602154e+00 7.927572033956971076e-01
1.355762591273454063e+03 3.956761011465539823e+00 7.928896709529990039e-01
1.355783424961208539e+03 3.643535932585720616e+00 7.931886941090580123e-01
1.355804258648729956e+03 3.360343203100391918e+00 7.926725012709142648e-01
1.355825092336018542e+03 3.832691096258852070e+00 7.935731585693337475e-01
1.355845926023074526e+03 4.783649869941584143e+00 7.931194444105577057e-01
1.355866759709781036e+03 2.492519196852036600e+00 7.942969938045295608e-01
1.355887593396254033e+03 2.242858713389470182e+00 7.948925940817074265e-01
1.355908427082378466e+03 2.593403446521984179e+00 7.931117412760529950e-01
1.355929260768270524e+03 3.131064032707877587e+00 7.933252594908291044e-01
1.355950094453929978e+03 3.312130042850697009e+00 7.937697700982022653e-01
1.355970928139238367e+03 3.606329988321544278e+00 7.942638250990230464e-01
1.355991761824314835e+03 1.756140135824992399e+00 7.933536591316898701e-01
1.356012595509042512e+03 3.059000425120801836e+00 7.957604036984369245e-01
1.356033429193537813e+03 4.075129257574175767e+00 7.928164481492122606e-01
1.356054262877800511e+03 3.199142744665305571e+00 7.935712432824323370e-01
1.356075096561712144e+03 2.148145705477586986e+00 7.927118646356742238e-01
1.356095930245391173e+03 2.732897954338483260e+00 7.927805108701445613e-01
1.356116763928721866e+03 2.238269416306961190e+00 7.930089254490313433e-01
1.356137597611820638e+03 3.802188946453307850e+00 7.931633696356975571e-01
1.356158431294684988e+03 2.814415769920401544e+00 7.936072198603791872e-01
1.356179264977200546e+03 3.060377513707011943e+00 7.934325792506347064e-01
1.356241766023000991e+03 2.244393927209554107e+00 7.918996886248770295e-01
1.356262599704352397e+03 3.593014921391947780e+00 7.927175791164047247e-01
1.356283433385471653e+03 2.360998584689921742e+00 7.922134560691072025e-01
1.356304267066241664e+03 3.165725531411959892e+00 7.936391768097288413e-01
1.356345934426963595e+03 3.004569753300190271e+00 7.925143889796620877e-01
1.356366768106918471e+03 3.739053808933212153e+00 7.930700303215549862e-01
1.356387601786524556e+03 3.809963073985032977e+00 7.931165510468585200e-01
1.356408435465896900e+03 3.859973281614934137e+00 7.947933083680188693e-01
1.356429269144919544e+03 2.744314095750780780e+00 7.953040776434446846e-01
1.356450102823710040e+03 4.108667841269637577e+00 7.933943409729700136e-01
1.356470936502150835e+03 3.207305647519641312e+00 7.935063085659803672e-01
1.356491770180359481e+03 2.857680154205562317e+00 7.929664198366702665e-01
1.356512603858218426e+03 4.252168727121961922e+00 7.934945904571996111e-01
1.356533437535844541e+03 2.694271864395233251e+00 7.927349102830117955e-01
1.356554271213121865e+03 3.202576713130582675e+00 7.930984015247021235e-01
1.356575104890050625e+03 3.248306320523685287e+00 7.929965986801841282e-01
1.356595938566860468e+03 2.872705779460250852e+00 7.927614890149943250e-01
1.356616772243205560e+03 3.409903748165127979e+00 7.933810435368889857e-01
1.356658439595199525e+03 3.892363192611767886e+00 7.930768319872523175e-01
1.356679273270729936e+03 3.183616364114190134e+00 7.941449466856053130e-01
1.356700106945911102e+03 1.971461605769739833e+00 7.923904715702178025e-01
1.356720940620859892e+03 2.440446505034383762e+00 7.947525481416903848e-01
1.356741774295575397e+03 2.012279703193257774e+00 7.933222166118660823e-01
1.356762607969942110e+03 2.944865545770117166e+00 7.936114257838876584e-01
1.356783441643959122e+03 1.857075860783286458e+00 7.932919750198664799e-01
1.356804275317744214e+03 4.011601907471634476e+00 7.958403209226395658e-01
1.356825108991180059e+03 1.602050051271348252e+00 7.929886688587003407e-01
1.356845942664383074e+03 4.183808040288743868e+00 7.938185774847807963e-01
1.356866776337235933e+03 3.564160224175262570e+00 7.938683579277694413e-01
1.356887610009855052e+03 1.461419624508028647e+00 7.937097704447148017e-01
1.356908443682125835e+03 3.579003340173601444e+00 7.937000829665130652e-01
1.356929277354165151e+03 1.980981610950980354e+00 7.936630967393822900e-01
1.356950111025854085e+03 3.767270494783648616e+00 7.947164734101314076e-01
1.356970944697193545e+03 3.608670802975655789e+00 7.941396928097816943e-01
1.356991778368300857e+03 2.692739158360758722e+00 7.930607108174807518e-01
1.357012612039059604e+03 3.253250937174481550e+00 7.934568058893910480e-01
1.357033445709583930e+03 3.798016749335630493e+00 7.944880245907480765e-01
1.357054279379874970e+03 1.857157089772172753e+00 7.952748107973247604e-01
1.357075113049701486e+03 2.677330292135465584e+00 7.925792169539899179e-01
1.357095946719295625e+03 3.453012834744464854e+00 7.958936070956754705e-01
1.357116780388656025e+03 2.806591691873949301e+00 7.930061068450036110e-01
1.357137614057667633e+03 2.449540843388009037e+00 7.931317692701498334e-01
1.357158447726329996e+03 3.864851069074401124e+00 7.949403952800704332e-01
1.357179281394759983e+03 2.396402796989521633e+00 7.928288153088683954e-01
1.357200115062957138e+03 1.532272009352787734e+00 7.942936544839873658e-01
1.357220948730686814e+03 3.396743508927482225e+00 7.935424007560263338e-01
1.357241782398300529e+03 3.731283627215814747e+00 7.930957711247130781e-01
1.357262616065449947e+03 3.792862115915736965e+00 7.939748160310351466e-01
1.357283449732366535e+03 2.804767922566224314e+00 7.931296650393873104e-01
1.357325117065383438e+03 2.468723932841387025e+00 7.930987397183534293e-01
1.357345950731368475e+03 3.471186206091637416e+00 7.939122417173547497e-01
1.357366784397121137e+03 2.840786848041098267e+00 7.930596961874427642e-01
1.357387618062522961e+03 2.082510379758906183e+00 7.936724467199898214e-01
1.357408451727692864e+03 3.664118198585292419e+00 7.942727927928997511e-01
1.357429285392513066e+03 3.245233198810844044e+00 7.970298541830255212e-01
1.357450119057100892e+03 3.397860126197711494e+00 7.930107669315854535e-01
1.357470952721339017e+03 2.753745648497522680e+00 7.940614059422690385e-01
1.357491786385228352e+03 3.864883442602931041e+00 7.944260159009745026e-01
1.357512620048884855e+03 2.293182831311883163e+00 7.929522507928873365e-01
1.357533453712193023e+03 4.456029138446691462e+00 7.931735521249989596e-01
1.357575121037991494e+03 3.483417761315577010e+00 7.933988485278424818e-01
1.357595954700484526e+03 4.209166705425102961e+00 7.945463150981760814e-01
1.357616788362628085e+03 2.862061759722481113e+00 7.944899751788171427e-01
1.357637622024422399e+03 3.019995643131959895e+00 7.939864895173225356e-01
1.357658455685982972e+03 2.476583222775248672e+00 7.927132932597188431e-01
1.357679289347194072e+03 4.271365576463910685e+00 7.947795843670073523e-01
1.357700123008172341e+03 2.348802850281982657e+00 7.937196079953757755e-01
1.357720956668802501e+03 4.668482175894880015e+00 7.947667225881032138e-01
1.357741790329198921e+03 3.317878549941527311e+00 7.936837491599362249e-01
1.357762623989246549e+03 3.482271697598099180e+00 7.950858432079916938e-01
1.357783457648944932e+03 2.810557475194254806e+00 7.927514140135425436e-01
1.357804291308410939e+03 4.037887661443418708e+00 7.945379506356541333e-01
1.357825124967527017e+03 3.232758832147696992e+00 7.958976511571077550e-01
1.357845958626409811e+03 1.747846114775462922e+00 7.930691660173168067e-01
1.357866792284944950e+03 2.801760554761383304e+00 7.941283593307143507e-01
1.357887625943246803e+03 3.219878606183190328e+00 7.954756099215563037e-01
1.357908459601198956e+03 3.117778675132168331e+00 7.936028261486229862e-01
1.357929293258800953e+03 2.613404970545364137e+00 7.932013184703347042e-01
1.357950126916171484e+03 4.642976653426027056e+00 7.943461439772768751e-01
1.357970960573192087e+03 4.173505566245534482e+00 7.940034176443039327e-01
1.357991794229979860e+03 4.045943476337455991e+00 7.949681748911796575e-01
1.358033461542507666e+03 3.323257938443312298e+00 7.949449315581881281e-01
1.358054295198364343e+03 3.032647939057616426e+00 7.936351963433060375e-01
1.358075128853989099e+03 4.900798023656189883e+00 7.943690296612032631e-01
1.358095962509147057e+03 3.737953781087130167e+00 7.937181436348716979e-01
1.358116796164071502e+03 3.159992812735728407e+00 7.967263625402780658e-01
1.358137629818764481e+03 3.063891403748518982e+00 7.958039210078876602e-01
1.358158463473108441e+03 5.549262620035211313e+00 7.948923691280961323e-01
1.358179297127217978e+03 4.528118655302344919e+00 7.953546644024520607e-01
1.358200130780862992e+03 3.249808472256598080e+00 7.933766861364712764e-01
1.358220964434392044e+03 4.284030939897697010e+00 7.942355330497186117e-01
1.358241798087454526e+03 4.190182002163265196e+00 7.944002806859898902e-01
1.358262631740401048e+03 3.031534623468623124e+00 7.965281610581276261e-01
1.358283465392880998e+03 2.935546334922898737e+00 7.942187599663936837e-01
1.358304299045129483e+03 2.917191569349659730e+00 7.938096046596183619e-01
1.358325132697028494e+03 3.740867549782780799e+00 7.955976233675572384e-01
1.358345966348693992e+03 3.042769753398580690e+00 7.935782659784720305e-01
1.358366800000009789e+03 3.045812983704063726e+00 7.942280283582390243e-01
1.358387633651093893e+03 2.691410198483291438e+00 7.933281520933435083e-01
1.358408467301828523e+03 4.097360165086978867e+00 7.938640782838261023e-01
1.358429300952330095e+03 1.917986648168950481e+00 7.934517352587679984e-01
1.358450134602481057e+03 4.348433669863215556e+00 7.941573306839513346e-01
1.358470968252283910e+03 3.456567408438958822e+00 7.942459644530894813e-01
1.358491801901855069e+03 3.362196086547877272e+00 7.950274798004455246e-01
1.358512635551076073e+03 2.962303465213731002e+00 7.938019457662758294e-01
1.358533469199947376e+03 4.827431547953942470e+00 7.954041239004487895e-01
1.358554302848585849e+03 3.082464731366536981e+00 7.941312114797498545e-01
1.358575136496992855e+03 3.535921789325513487e+00 7.946548950851022308e-01
1.358595970144933517e+03 5.176814281164666909e+00 7.967461874577081993e-01
1.358616803792757082e+03 2.537490941792068355e+00 7.941365404676032913e-01
1.358637637440115668e+03 2.963634537919169532e+00 7.951344948489417197e-01
1.358658471087241651e+03 2.307238130834008416e+00 7.934821209975517764e-01
1.358679304734134348e+03 2.832045589957637333e+00 7.938942230040367809e-01
1.358700138380677345e+03 2.422763755517282291e+00 7.942499043359839694e-01
1.358720972026871550e+03 4.465242553777429180e+00 7.954753476680208601e-01
1.358741805672832925e+03 3.923406338207136912e+00 7.959713767862283129e-01
1.358762639318445508e+03 4.108252434971960909e+00 7.956351564392880604e-01
1.358825140253418795e+03 3.618640409525452739e+00 7.946460067111034142e-01
1.358845973897867452e+03 4.357262964447714992e+00 7.941932807124180149e-01
1.358866807541966409e+03 3.348034255203133469e+00 7.947668350826985195e-01
1.358887641185832081e+03 1.782767861638653528e+00 7.940713892607661473e-01
1.358908474829348506e+03 3.364681924007284053e+00 7.959256594630512716e-01
1.358929308472516368e+03 2.899305980310552755e+00 7.961489417773118804e-01
1.358950142115451399e+03 3.381636535740868865e+00 7.938335569961919580e-01
1.358970975758036502e+03 2.633693622812572244e+00 7.943222070974736981e-01
1.358991809400388547e+03 3.662772628892520643e+00 7.947502607073361203e-01
1.359012643042392483e+03 3.985471226264650113e+00 7.952370733381536327e-01
1.359033476684046491e+03 1.896508377038681914e+00 7.951540221357178417e-01
1.359054310325468123e+03 3.832953489680466674e+00 7.957680062915251096e-01
1.359075143966539599e+03 2.924036286513077343e+00 7.941265204397207622e-01
1.359095977607378472e+03 1.286055568467336485e+00 7.948864078341999484e-01
1.359116811247869009e+03 3.914356561820705238e+00 7.944990528525965878e-01
1.359158478527916941e+03 3.003570404807764049e+00 7.946415437347676969e-01
1.359179312167591888e+03 3.060673106290051848e+00 7.949717737981089050e-01
1.359200145806802084e+03 2.479848255940376944e+00 7.950701750966684411e-01
1.359220979445778539e+03 2.693049809976653108e+00 7.941737298027590208e-01
1.359241813084521937e+03 3.510607215521677205e+00 7.955002613678604506e-01
1.359262646722916088e+03 3.117418202422761908e+00 7.943774334189707131e-01
1.359283480360961448e+03 2.985573135967484859e+00 7.982962780185822727e-01
1.359304313998773978e+03 3.443086629726735737e+00 7.966761621470633825e-01
1.359325147636237034e+03 4.259514111367389333e+00 7.949917174453656754e-01
1.359345981273350390e+03 3.222831089806167171e+00 7.940833615711933025e-01
1.359366814910232506e+03 2.945877525938529473e+00 7.963111977287741228e-01
1.359387648546765377e+03 3.229817369194176280e+00 7.956750474338479817e-01
1.359408482183064052e+03 3.582000826820737061e+00 7.956250429115973022e-01
1.359429315819013482e+03 2.891308942635955503e+00 7.949912675941760432e-01
1.359450149454613893e+03 4.587212552283961742e+00 7.954816791935095388e-01
1.359470983089981928e+03 3.472945817526385426e+00 7.947132108536641981e-01
1.359491816725116450e+03 3.732889718704301529e+00 7.953492311640495416e-01
1.359512650359784857e+03 4.726475712202518054e+00 7.960219211387401517e-01
1.359533483994222024e+03 4.123623354714014866e+00 7.949360464271579829e-01
1.359554317628425906e+03 3.230789023874470089e+00 7.945166077291448969e-01
1.359575151262280542e+03 3.956911887134271666e+00 7.954738116098624134e-01
1.359595984895785023e+03 3.931060100293581883e+00 7.956584170651221921e-01
1.359616818528940485e+03 4.441378771206910159e+00 7.969232058436468424e-01
1.359637652161863571e+03 3.410429476790014292e+00 7.971094945817585042e-01
1.359658485794554053e+03 4.782502132831783825e+00 7.968303069502900016e-01
1.359679319426894381e+03 3.556638226580036033e+00 7.948591877731874256e-01
1.359700153058885462e+03 2.859778213946672309e+00 7.956234696846243848e-01
1.359720986690528662e+03 4.239304081247981415e+00 7.953449969594232893e-01
1.359741820321938576e+03 3.116851499615975740e+00 7.947865213916731619e-01
1.359762653953114977e+03 4.872391246204335502e+00 7.954591627110819685e-01
1.359783487583824808e+03 2.512345485442679660e+00 7.955247247379383380e-01
1.359804321214304309e+03 3.936632786544635110e+00 7.968292223179286315e-01
1.359825154844550980e+03 3.107141605844310206e+00 7.954398302475879090e-01
1.359845988474447040e+03 4.858703546395842565e+00 7.959180583758630467e-01
1.359866822103992945e+03 2.938537883075580837e+00 7.942348576303893681e-01
1.359887655733307383e+03 2.786320000446416145e+00 7.956831003028045357e-01
1.359908489362272576e+03 3.476279043290771753e+00 7.945965375304905320e-01
1.359929322990888522e+03 2.249913191400223056e+00 7.959471892421249306e-01
1.359950156619270956e+03 4.001464358834134316e+00 7.955027339631771666e-01
1.359970990247304144e+03 2.282253475737824999e+00 7.946364431596912858e-01
1.359991823875105183e+03 2.472590967201034218e+00 7.949645384790884339e-01
1.360012657502556522e+03 1.915223363828916447e+00 7.940520230097137810e-01
1.360033491129658614e+03 2.571559764527357572e+00 7.942777456180822870e-01
1.360054324756527421e+03 3.772148111229331136e+00 7.950305161527290165e-01
1.360075158383047892e+03 2.324841705564187677e+00 7.951861792711357735e-01
1.360095992009219117e+03 4.147689728972386192e+00 7.967595409448062771e-01
1.360116825635157511e+03 2.960308191702328173e+00 7.954352593251375891e-01
1.360137659260746659e+03 3.515607169890163419e+00 7.961237489028949454e-01
1.360158492886102522e+03 1.749336653109075712e+00 7.942155704138205152e-01
1.360179326511110048e+03 3.177323828986583720e+00 7.951086326369414259e-01
1.360200160135766964e+03 2.821542263632700553e+00 7.952972200795727087e-01
1.360220993760191050e+03 3.440891601154856261e+00 7.965769864991546489e-01
1.360241827384266799e+03 2.834313775881689423e+00 7.949906677921939613e-01
1.360262661007992847e+03 2.335815706550800286e+00 7.967181331843853354e-01
1.360283494631486519e+03 1.597125430467855267e+00 7.942305049142666107e-01
1.360304328254630491e+03 1.897356422230068063e+00 7.953992904941923348e-01
1.360325161877541632e+03 2.679882599529253895e+00 7.943857995716541165e-01
1.360345995500104436e+03 2.882223390125904672e+00 7.949002799585146439e-01
1.360366829122317995e+03 9.618188988498523884e-01 7.941896407522641699e-01
1.360387662744180943e+03 2.542064378442869810e+00 7.945095183064614375e-01
1.360408496365811516e+03 3.229896459472497483e+00 7.968458656520217565e-01
1.360429329987209485e+03 2.170136698555602095e+00 7.957656468738568689e-01
1.360450163608141793e+03 2.582598642628099128e+00 7.977816342136937466e-01
1.360470997228841043e+03 2.218009550281470510e+00 7.960246916252812222e-01
1.360491830849307007e+03 1.967535581904844122e+00 7.946298048622139065e-01
1.360512664469424635e+03 1.721089837744557371e+00 7.940977356114016228e-01
1.360533498089193017e+03 3.583027355417742754e+00 7.950443482775013671e-01
1.360554331708612153e+03 1.225130875829062660e+00 7.940031924387749296e-01
1.360575165327798004e+03 3.463748617847533851e+00 7.955708397038513402e-01
1.360595998946635063e+03 2.696535179067311105e+00 7.973996473570408305e-01
1.360616832565239520e+03 1.715940278411643760e+00 7.941109084589328404e-01
1.360637666183493366e+03 7.339595862061401021e-01 7.952829051928579362e-01
1.360658499801398648e+03 2.721150698554605896e+00 7.951506864143579323e-01
1.360679333418955139e+03 3.574016448430999304e+00 7.967401652236346665e-01
1.360700167036278344e+03 3.061576379061573761e+00 7.972676300965607643e-01
1.360721000653370083e+03 2.226599447865778458e+00 7.971909214665626742e-01
1.360741834269995024e+03 3.179280917708274146e+00 7.965341100650755735e-01
1.360762667886386453e+03 2.430672237439383210e+00 7.950482842039835463e-01
1.360783501502546187e+03 2.868376218155287205e+00 7.949274611218228870e-01
1.360804335118240033e+03 2.590560963988428611e+00 7.948021950947244951e-01
1.360825168733699911e+03 2.767500316910179947e+00 7.945388508510957681e-01
1.360846002348810998e+03 3.237715812177603070e+00 7.949746978979923551e-01
1.360866835963689937e+03 2.631944460760729854e+00 7.963525143779398574e-01
1.360887669578220539e+03 1.999427154631900905e+00 7.949806585298307970e-01
1.360908503192400985e+03 2.558415077409200933e+00 7.954679296036346603e-01
1.360929336806347465e+03 2.521341881855985179e+00 7.946625457577882745e-01
1.360950170419946062e+03 2.908455524331811759e+00 7.965799047065943439e-01
1.360971004046932194e+03 1.891678472215076567e+00 7.953956560530873743e-01
1.360991837659947578e+03 3.332642623427158668e+00 7.948694985120289269e-01
1.361012671272614170e+03 3.505333279064656082e+00 7.952768344039317094e-01
1.361033504884932427e+03 2.947240615529720387e+00 7.944657050209705806e-01
1.361054338497017852e+03 2.396948856667528105e+00 7.950623784094765778e-01
1.361075172108753577e+03 3.770351132758003487e+00 7.962093190770604956e-01
1.361096005720138919e+03 9.773760248251122107e-01 7.940336321402760023e-01
1.361116839331175470e+03 2.679622425218813220e+00 7.943183801313140613e-01
1.361137672941979872e+03 2.914502906797997284e+00 7.945002156876114219e-01
1.361200173772530434e+03 3.078861257382907723e+00 7.947609853426276239e-01
1.361221007382053813e+03 2.652718495362639928e+00 7.950561185139425335e-01
1.361241840991344816e+03 3.497917489739425179e+00 7.959479006509720955e-01
1.361262674600169930e+03 2.869234816487674422e+00 7.948833709314413465e-01
1.361283508208761532e+03 1.774020368100831746e+00 7.945945121913606801e-01
1.361304341817121440e+03 3.330462512421334509e+00 7.945362252198734376e-01
1.361325175425132784e+03 1.860944541367253180e+00 7.941356773241102784e-01
1.361346009032793063e+03 2.907008426049786820e+00 7.943174796660087411e-01
1.361366842640104551e+03 1.582533245949349521e+00 7.940462806002988039e-01
1.361387676247183663e+03 4.650193739534852710e+00 7.959768057779423867e-01
1.361408509853913529e+03 3.963861500908587132e+00 7.965921760260097351e-01
1.361429343460294604e+03 3.719909635667699277e+00 7.948623747431105002e-01
1.361450177066325978e+03 2.092816352288796367e+00 7.945499909327783383e-01
1.361471010672124066e+03 2.202331164821922371e+00 7.954559406664614141e-01
1.361491844277572909e+03 1.644169845884082548e+00 7.946470193156909279e-01
1.361512677882789376e+03 3.066453194507261060e+00 7.951241875464287734e-01
1.361533511487539499e+03 2.958198986751570558e+00 7.944935387408075256e-01
1.361554345092057474e+03 1.121930245386192126e+00 7.978292249636608213e-01
1.361575178696342846e+03 2.383146843714374796e+00 7.946115023762931884e-01
1.361596012300162329e+03 2.646144524538515341e+00 7.943903390167292855e-01
1.361616845903748072e+03 2.871885060009109480e+00 7.961720376645741171e-01
1.361658513109989599e+03 3.195293608289366816e+00 7.945502534917420201e-01
1.361679346712529423e+03 2.995052252540908455e+00 7.955810288402244135e-01
1.361700180314835052e+03 3.396967485836654532e+00 7.943071242416261946e-01
1.361721013916790980e+03 1.891973911932097963e+00 7.951543969349961216e-01
1.361741847518514987e+03 1.237865897658188885e+00 7.943694423478121491e-01
1.361762681119889521e+03 3.747250381787489815e+00 7.947974705182138111e-01
1.361783514720914809e+03 2.951984422386711771e+00 7.946232415192273635e-01
1.361804348321591533e+03 2.097513842409886919e+00 7.948551009342336160e-01
1.361825181922034972e+03 2.362963246977560772e+00 7.945183331875279586e-01
1.361846015522012522e+03 2.458438822847305971e+00 7.952135380478082549e-01
1.361866849121874111e+03 4.312675130708701232e+00 7.960682693611412786e-01
1.361887682721269357e+03 3.440240207389155813e+00 7.944453355218058510e-01
1.361908516320432454e+03 2.411511543489726961e+00 7.948319292848642359e-01
1.361929349919129436e+03 2.645945803532203655e+00 7.971274406152875081e-01
1.361950183517710002e+03 2.556166696589160736e+00 7.943250960695183993e-01
1.361971017115824907e+03 3.164870711640210388e+00 7.991585642656160449e-01
1.361991850713706526e+03 3.210817033347520777e+00 7.961072402125568548e-01
1.362012684311240491e+03 2.159661688433105908e+00 7.938869027849320137e-01
1.362033517908424074e+03 1.192948718942957953e+00 7.936041780625234798e-01
1.362054351505257955e+03 3.124791265979572685e+00 7.948458773489084361e-01
1.362075185101859461e+03 3.405512287124540904e+00 7.947560730276421737e-01
1.362096018698112857e+03 1.525354301546279601e+00 7.942910655628945271e-01
1.362116852294016098e+03 1.694341495029725309e+00 7.945957874054888626e-01
1.362137685889568957e+03 1.386421705097546919e+00 7.937943994314431428e-01
1.362158519484889439e+03 2.553331595682704958e+00 7.961531717062949598e-01
1.362179353079745397e+03 2.420524883413857964e+00 7.939677968425061794e-01
1.362200186674368979e+03 1.379578926233151037e+00 7.936816839420637315e-01
1.362221020268758821e+03 2.838530318851066880e+00 7.948605375502441062e-01
1.362241853862682092e+03 1.979150485774741952e+00 7.984360383201403177e-01
1.362262687456373442e+03 2.312071941387115359e+00 7.947205234615951630e-01
1.362283521049716455e+03 5.535372761060020963e+00 7.956100596713008288e-01
1.362304354642708859e+03 5.119836667613986592e+00 7.955413579014311010e-01
1.362325188235352016e+03 2.942150728337315613e+00 7.944471736748446311e-01
1.362346021827761888e+03 2.652115041941712548e+00 7.948207181634809881e-01
1.362366855419824333e+03 3.130042515347872367e+00 7.951635045031542059e-01
1.362387689011537077e+03 3.344512270855787506e+00 7.950451354643566226e-01
1.362408522602898984e+03 3.042024896908406717e+00 7.943419044257384876e-01
1.362429356193912554e+03 2.638105597035334426e+00 7.946394059977284208e-01
1.362450189784693521e+03 2.254668390995110627e+00 7.939647564260747803e-01
1.362471023375126606e+03 2.906583344922839984e+00 7.955034457694951655e-01
1.362491856965207944e+03 2.958110211300990500e+00 7.949077408117468657e-01
1.362512690554940491e+03 2.079645606359918020e+00 7.942087785003675293e-01
1.362533524144325384e+03 2.644371968903881154e+00 7.962087576229519570e-01
1.362554357733476991e+03 2.300578434286647322e+00 7.941562048738998181e-01
1.362575191322278442e+03 2.682173654354112813e+00 7.947588104282879984e-01
1.362596024910730648e+03 1.547487986063607934e+00 7.943803221901704070e-01
1.362616858498834063e+03 1.953702634884068701e+00 7.953872630534710719e-01
1.362637692086589141e+03 3.775438840825433573e+00 7.948831834679278563e-01
1.362658525674110024e+03 2.968499653135172167e+00 7.945016786066643188e-01
1.362679359261165018e+03 2.498042768063589492e+00 7.947579104619927337e-01
1.362700192847987637e+03 2.779509538392822776e+00 7.968709608985411474e-01
1.362721026434462146e+03 1.565940726058276056e+00 7.959307517764234730e-01
1.362741860020702461e+03 2.793055129517712842e+00 7.949476683085000550e-01
1.362762693606477114e+03 3.586651194213148486e+00 7.979668262011073709e-01
1.362783527191902522e+03 2.137805462716846350e+00 7.944792468851730183e-01
1.362804360777096463e+03 3.348967234724192110e+00 7.959449801263887014e-01
1.362825194361939793e+03 2.714968648770140547e+00 7.948201932241560907e-01
1.362846027946433878e+03 2.947335091997654644e+00 7.958847325555087338e-01
1.362866861530579627e+03 2.873221378598465492e+00 7.953312824781867407e-01
1.362887695114376129e+03 2.969432534217919084e+00 7.960788639312779136e-01
1.362929362281036447e+03 1.580961062724984600e+00 7.962434173144206095e-01
1.362950195863901627e+03 2.546191250533885508e+00 7.968910440063990963e-01
1.362971029446416651e+03 2.772230082764798098e+00 7.960894209245219511e-01
1.362991863028582884e+03 1.700385586605701604e+00 7.958453763346838850e-01
1.363012696610400326e+03 2.051597435579587625e+00 7.957887164353045772e-01
1.363033530191868067e+03 2.635977033947078496e+00 7.965989850302361841e-01
1.363054363773102068e+03 2.282987690662984903e+00 7.960193752777415810e-01
1.363075197353871545e+03 3.285365281506910762e+00 7.965622082332227682e-01
1.363096030934408645e+03 3.835042958754550924e+00 7.975562306613508401e-01
1.363116864514478948e+03 1.178738046571766063e+00 7.954306509095192546e-01
1.363137698094316420e+03 2.758391654722588626e+00 7.963717498401619022e-01
1.363158531673805555e+03 1.567376630451860819e+00 7.991674024507584573e-01
1.363179365252945445e+03 3.447325724701798322e+00 7.969613122010010819e-01
1.363200198831734951e+03 2.427654725035610639e+00 7.961537331996031419e-01
1.363221032410292537e+03 2.276736254048298491e+00 7.960055600959353717e-01
1.363241865988384461e+03 2.719065865297519480e+00 7.977355723306212010e-01
1.363262699566127139e+03 3.102337328496437507e+00 7.974218100600740655e-01
1.363283533143636078e+03 2.956098067465415369e+00 7.979105036989718736e-01
1.363304366720796679e+03 2.951932496905905978e+00 8.007702338228543937e-01
1.363325200297491392e+03 2.466445704760994673e+00 7.983963972586607394e-01
1.363346033873953502e+03 2.828767717763998490e+00 7.975805562389862713e-01
1.363366867450066366e+03 2.354565380911763484e+00 7.965122594063528405e-01
1.363387701025829983e+03 2.381186165088807982e+00 7.974469245540883877e-01
1.363408534601243446e+03 2.594959632946661543e+00 7.974020393141709739e-01
1.363429368176308344e+03 3.278230999078783015e+00 7.977679242637167878e-01
1.363450201751025361e+03 3.237805101961461318e+00 7.981997305730768044e-01
1.363471035325391085e+03 3.997924776411668546e+00 7.993998451935191429e-01
1.363491868899407109e+03 2.506773025933298982e+00 7.982823902419902140e-01
1.363512702473192348e+03 2.943918821225175009e+00 8.004493211528761476e-01
1.363533536046511472e+03 3.951648451650255467e+00 8.003700875532632208e-01
1.363554369619479985e+03 1.810721221233514200e+00 7.985905898032955585e-01
1.363575203192216577e+03 4.263915785284686066e+00 8.000140352806103250e-01
1.363596036764488417e+03 3.464794752339626527e+00 7.999882563086666565e-01
1.363616870336526517e+03 2.794754911628261951e+00 7.999241778086015886e-01
1.363637703908098501e+03 2.422208552632090672e+00 8.007008581978962702e-01
1.363679371050428472e+03 3.890664546534136292e+00 8.020553501416576303e-01
1.363700204620953627e+03 4.377077609358506649e+00 8.021973533010368085e-01
1.363721038191246407e+03 2.102211006827667816e+00 8.020879737092245776e-01
1.363741871761188122e+03 2.582737388703751691e+00 8.035163133884387632e-01
1.363762705330665085e+03 3.294352347542231385e+00 8.020912434241568301e-01
1.363783538899910127e+03 2.401560138232724739e+00 8.028184610028950008e-01
1.363804372468805013e+03 1.421696867517685092e+00 8.021864308735373594e-01
1.363825206037233784e+03 4.550103466331149704e+00 8.039977441442925921e-01
1.363846039605430633e+03 3.919214374864459671e+00 8.053866191915738382e-01
1.363866873173276872e+03 1.810490653541428685e+00 8.052682355055343910e-01
1.363887706740659496e+03 3.665826379005489244e+00 8.054243251267367842e-01
1.363908540307807925e+03 3.386020506383099260e+00 8.064705805701373187e-01
1.363929373874490011e+03 3.390733550756023007e+00 8.069308223074305175e-01
1.363950207440941085e+03 1.879687383638838583e+00 8.061965569814656396e-01
1.363971041006926043e+03 3.664264930391167852e+00 8.078813593603964005e-01
1.363991874572677034e+03 2.926018588056541248e+00 8.069867368314896927e-01
1.364012708137962818e+03 3.118623485328463119e+00 8.072739301804555678e-01
1.364033541703016908e+03 3.474180048247337282e+00 8.080648636772665983e-01
1.364054375267604428e+03 2.510337190927453221e+00 8.080468286172927117e-01
1.364075208831959117e+03 2.436980471388100256e+00 8.084707120451564144e-01
1.364096042395848144e+03 2.609462650122903682e+00 8.083458488190237157e-01
1.364116875959388381e+03 2.300405334165821714e+00 8.138723887274368352e-01
1.364158543085420661e+03 1.887820734274619383e+00 8.100340910201293543e-01
1.364179376647912477e+03 2.915880631100790765e+00 8.104832635760002013e-01
1.364200210210055502e+03 2.236493237881964191e+00 8.103474199249380838e-01
1.364221043771849054e+03 3.360214010787149874e+00 8.106979045569335796e-01
1.364241877333293360e+03 2.196253758658812671e+00 8.118154503036482117e-01
1.364262710894272004e+03 2.502034032250255891e+00 8.110086251822073988e-01
1.364283544455017363e+03 3.157936412975272944e+00 8.107075727255659281e-01
1.364304378015414386e+03 2.078548531192701887e+00 8.108920545835348603e-01
1.364325211575346202e+03 1.514579980537810400e+00 8.102601061093327450e-01
1.364346045134927863e+03 3.354955087951664083e+00 8.124903898404391978e-01
1.364366878694159823e+03 2.806976950492053646e+00 8.110530513693093857e-01
1.364387712253042992e+03 2.759819609011730179e+00 8.107983302539104598e-01
1.364408545811577369e+03 3.436029989673881957e+00 8.137752355597428489e-01
1.364429379369762046e+03 1.950035426185525722e+00 8.107472735020058163e-01
1.364450212927597022e+03 3.242157359445732467e+00 8.129285635795373555e-01
1.364471046484967474e+03 2.742572248749775454e+00 8.126529036212623014e-01
1.364491880042105095e+03 2.345088600110340593e+00 8.128265678247266202e-01
1.364512713598776827e+03 2.810746531889979138e+00 8.135666081850178033e-01
1.364533547155099086e+03 2.610588161527234163e+00 8.155656347191880817e-01
1.364554380711071190e+03 2.557734886922361284e+00 8.158782638851552749e-01
1.364575214266695639e+03 3.305463779268613678e+00 8.194273032714248783e-01
1.364596047821853517e+03 2.839529532180684157e+00 8.180357081307126910e-01
1.364616881376778565e+03 2.918729626541876954e+00 8.202076072841457677e-01
1.364637714931237952e+03 2.872765404357711105e+00 8.199477701882232905e-01
1.364658548485348092e+03 2.451494375618761268e+00 8.211289475407500538e-01
1.364679382039109441e+03 3.603174966832401793e+00 8.232477986607223963e-01
1.364700215592521090e+03 3.695590134876416855e+00 8.233660947469547686e-01
1.364721049145467077e+03 3.010175490949936972e+00 8.241500102662405736e-01
1.364741882698180461e+03 2.507114155985146198e+00 8.246437893204747738e-01
1.364762716250428184e+03 2.655390816458879755e+00 8.243875556666407922e-01
1.364783549802326434e+03 3.670640396648577664e+00 8.264830163478816827e-01
1.364804383353875437e+03 9.543832857955329985e-01 8.285132523664128223e-01
1.364825216904959689e+03 3.684018607285249658e+00 8.302995453765407152e-01
1.364846050455693785e+03 3.853305933569735942e+00 8.325815306367723156e-01
1.364866884006077953e+03 2.352962185024111363e+00 8.327246270690465968e-01
1.364887717556113330e+03 3.443707055283304896e+00 8.349263501950885402e-01
1.364908551105800598e+03 3.308927866688559760e+00 8.352900698497751630e-01
1.364929384655021522e+03 3.692739706772314889e+00 8.359653789113903333e-01
1.364950218203894110e+03 4.020607050279110695e+00 8.388247318204522518e-01
1.364971051752414951e+03 2.837597673227245210e+00 8.370275431628000362e-01
1.364991885300588365e+03 3.386251731979793789e+00 8.382373439244106272e-01
1.365012718848296117e+03 4.193614087914593114e+00 8.380624732717992798e-01
1.365033552395655079e+03 4.197721976102190666e+00 8.381531133068573780e-01
1.365054385942663885e+03 2.298164653200124974e+00 8.385043086542334212e-01
1.365075219489323445e+03 3.516824550607683619e+00 8.391014899886060086e-01
1.365096053035517798e+03 2.255675656797627937e+00 8.392791624596133149e-01
1.365116886581362451e+03 4.527914910214692057e+00 8.414221901123105640e-01
1.365137720126857403e+03 2.359095971328535768e+00 8.401082886423082430e-01
1.365158553672004018e+03 3.087944948456218697e+00 8.414290613679109576e-01
1.365179387216684518e+03 2.848581406317686415e+00 8.424749276706471335e-01
1.365200220761016453e+03 4.388543166131942286e+00 8.428683796576950105e-01
1.365221054304881818e+03 1.637706832472854757e+00 8.414544561916512677e-01
1.365241887848398619e+03 3.044486963038245619e+00 8.409920228019611699e-01
1.365262721391565492e+03 2.172400309139909780e+00 8.427439802730533058e-01
1.365283554934384028e+03 3.617109524529384501e+00 8.410884062037257136e-01
1.365304388476737131e+03 2.620007672770963580e+00 8.398196194752866051e-01
1.365325222018856039e+03 4.171470483663503259e+00 8.399871703712173954e-01
1.365346055560393552e+03 3.549284909493961138e+00 8.386708075237188087e-01
1.365366889101698689e+03 1.997800638433664844e+00 8.372786627983533903e-01
1.365387722642537938e+03 3.142987881648556581e+00 8.367452551368418368e-01
1.365408556182911070e+03 2.937839766824652088e+00 8.371572063414524090e-01
1.365429389723051372e+03 4.099904419824817126e+00 8.365564283251095690e-01
1.365450223262726013e+03 2.857659951782164143e+00 8.362958264873602277e-01
1.365471056802051407e+03 3.774526283905997204e+00 8.368354324206103145e-01
1.365491890340911596e+03 4.578433278394260952e+00 8.379364001168086995e-01
1.365512723879422083e+03 3.851775994148503912e+00 8.382781584185841073e-01
1.365533557417583552e+03 3.367674068162401113e+00 8.400465964267954666e-01
1.365554390955279814e+03 1.937104344076974627e+00 8.420409448390807627e-01
1.365575224492625921e+03 3.681676943732011154e+00 8.438197919449840212e-01
1.365596058029623691e+03 3.916762131887203680e+00 8.439638785094772944e-01
1.365616891566155118e+03 4.315373322369868703e+00 8.463366736536064305e-01
1.365637725102338663e+03 3.014159210113474430e+00 8.470845909753542680e-01
1.365658558638172053e+03 3.253637103138149911e+00 8.493525325113772118e-01
1.365679392173537963e+03 1.905229889775910124e+00 8.500119362722310390e-01
1.365700225708556445e+03 3.533373259746452888e+00 8.520116758800178047e-01
1.365721059243225454e+03 3.066355035879473334e+00 8.520736560101001000e-01
1.365741892777429484e+03 4.847735434310621372e+00 8.526463042425914685e-01
1.365762726311282904e+03 3.756174046833935520e+00 8.522048067714275144e-01
1.365783559844671345e+03 3.140237954251405839e+00 8.531693164088520742e-01
1.365804393377710994e+03 3.267297922232987872e+00 8.543914561162370136e-01
1.365825226910401398e+03 1.787118642379084577e+00 8.540084428704903807e-01
1.365846060442741418e+03 2.512084860824238319e+00 8.562625703097777041e-01
1.365866893974616687e+03 1.988791264969986372e+00 8.569301855122749556e-01
1.365887727506142483e+03 3.121660409531473945e+00 8.574660513583176602e-01
1.365908561037203071e+03 3.592806996714642764e+00 8.569435401621835480e-01
1.365929394567913960e+03 4.294996789954122818e+00 8.594710209695164416e-01
1.365950228098275602e+03 3.376625776900715081e+00 8.571953615501889390e-01
1.365971061628287543e+03 2.762631733590266592e+00 8.560995624120035785e-01
1.365991895157834506e+03 2.021883442967254751e+00 8.555473047707712331e-01
1.366012728687031995e+03 1.853331955625861838e+00 8.552746835696491967e-01
1.366033562215880465e+03 4.120838513768255496e+00 8.552643692919225105e-01
1.366096062799981610e+03 4.018452640088002070e+00 8.544994419334914770e-01
1.366116896327315999e+03 3.340308350563217843e+00 8.550469390633220756e-01
1.366137729854184499e+03 3.264793084438418092e+00 8.531685479196726707e-01
1.366158563380705345e+03 3.589036730053242863e+00 8.516516682547728978e-01
1.366179396906875809e+03 4.068799705786679155e+00 8.519179975779170855e-01
1.366200230432697481e+03 2.920059102990784083e+00 8.500107441952395870e-01
1.366221063958169452e+03 2.318240757873207158e+00 8.481381009241881763e-01
1.366241897483176672e+03 1.670700190635514559e+00 8.469936400358263340e-01
1.366262731007950606e+03 3.622842772133660461e+00 8.509572879481189789e-01
1.366283564532257969e+03 4.599467622545201806e+00 8.467847149571769982e-01
1.366304398056216542e+03 3.075679749085105996e+00 8.461896100605755811e-01
1.366325231579826323e+03 3.950773903635523610e+00 8.444546476871491736e-01
1.366346065103086858e+03 2.982242690956917741e+00 8.426788383072119082e-01
1.366366898625998147e+03 2.842362618873707447e+00 8.422542312031167100e-01
1.366387732148559508e+03 2.166330302568702848e+00 8.402531889968732903e-01
1.366408565670888493e+03 4.251562943413015105e+00 8.395427430582211858e-01
1.366429399192752498e+03 2.242644987381137156e+00 8.376507893793301296e-01
1.366450232714266804e+03 3.286004108448150163e+00 8.410407474094823144e-01
1.366471066235548051e+03 2.547498785409288757e+00 8.369179795662052834e-01
1.366491899756479597e+03 2.616263560331763216e+00 8.370811981001781144e-01
1.366512733277063035e+03 4.060538548668075620e+00 8.385220085035407500e-01
1.366533566797296317e+03 2.973280008238798899e+00 8.361235794737387206e-01
1.366554400317296995e+03 1.870140157826906346e+00 8.360195297921443336e-01
1.366575233836948428e+03 3.288929681450539988e+00 8.378418594788061835e-01
1.366596067356251524e+03 2.422675811540837998e+00 8.373642626408673850e-01
1.366616900875321335e+03 4.047369964156111166e+00 8.373241510391430387e-01
1.366658567912644457e+03 3.556798644279874466e+00 8.381969185509697828e-01
1.366679401430899361e+03 2.400893814171690011e+00 8.381513354482822420e-01
1.366700234948921661e+03 4.006906671357466365e+00 8.395324484942422449e-01
1.366721068466709994e+03 1.906267810237569194e+00 8.386160815531338297e-01
1.366741901984149081e+03 2.401665799827414460e+00 8.378103435620931627e-01
1.366762735501472434e+03 3.043999824677102950e+00 8.374753692193414034e-01
1.366783569018563412e+03 1.954337051307710738e+00 8.363256890066804727e-01
1.366804402535421559e+03 1.847471808356807799e+00 8.366431707018783248e-01
1.369408594741022171e+03 3.802504085115025134e+00 7.951948742172668672e-01
1.369429428291714430e+03 3.890178547285023214e+00 7.949270487249094908e-01
1.369450261842291184e+03 2.458464156172396997e+00 7.947952582068599225e-01
1.369471095392519601e+03 3.578729610566881547e+00 7.953040776434446846e-01
1.369491928942630466e+03 3.701872506062070300e+00 7.943556359885015627e-01
1.369512762492392085e+03 3.037687048531806155e+00 7.940730030937007689e-01
1.369533596042037516e+03 2.291551242022784152e+00 7.945579426800606360e-01
1.369554429591450116e+03 2.735293499434614972e+00 7.939772183059043975e-01
1.369575263140513471e+03 2.714739779390306751e+00 7.940677487418690284e-01
1.369596096689460410e+03 2.804639906904050406e+00 7.957666955047952850e-01
1.369616930238057648e+03 2.924764960137704151e+00 7.937200585672951059e-01
1.369637763786539381e+03 3.250797614548199377e+00 7.941933182376935685e-01
1.369658597334671413e+03 2.404386801248467265e+00 7.947653351534517130e-01
1.369679430882569932e+03 2.006488171476844329e+00 7.932616571362735014e-01
1.369700264430236530e+03 2.016542359763850101e+00 7.941232179309191119e-01
1.369721097977670524e+03 3.337848807605611867e+00 7.942426624409432145e-01
1.369741931524754818e+03 2.650573078370790370e+00 7.937591071620134775e-01
1.369762765071722470e+03 2.764108811289233358e+00 7.952985316400775773e-01
1.369783598618340420e+03 3.158769804329400799e+00 7.981048144698247304e-01
1.369804432164727132e+03 2.617324669290839623e+00 7.939157327957669930e-01
1.369825265710763915e+03 1.825041344015204459e+00 7.934718297898829542e-01
1.369846099256566959e+03 3.095973680827270869e+00 7.958468742283817399e-01
1.369866932802136944e+03 1.833364547483689933e+00 7.930475581052226497e-01
1.369887766347359047e+03 2.796111343497473811e+00 7.938327310655823865e-01
1.369908599892348320e+03 2.844610907163824365e+00 7.953383271046448044e-01
1.369929433437104990e+03 3.316004531956320278e+00 7.940096858392298174e-01
1.369950266981511049e+03 3.025866096469037814e+00 7.932647378167381191e-01
1.369971100525685415e+03 1.583757238781579701e+00 7.926245257020213542e-01
1.369991934069626495e+03 3.190283340387880529e+00 7.946583078942731637e-01
1.370012767613218330e+03 3.164209090614299669e+00 7.953570999800325669e-01
1.370033601156460463e+03 2.606728293300733412e+00 7.931576207924901922e-01
1.370054434699469539e+03 2.291955056338611740e+00 7.939937712835836159e-01
1.370075268242247603e+03 1.457639594603300282e+00 7.942982319759942511e-01
1.370096101784675056e+03 1.345995003037256055e+00 7.924884412626547192e-01
1.370116935326754174e+03 3.498148240290259281e+00 7.946579328610151594e-01
1.370137768868600006e+03 2.325008664772450828e+00 7.932843111289836768e-01
1.370158602410212097e+03 2.568610551232636041e+00 7.942187599663936837e-01
1.370179435951475625e+03 2.045385041105266311e+00 7.937663159232908328e-01
1.370200269492389907e+03 1.763877368158617287e+00 7.941882523094595525e-01
1.370221103033071813e+03 9.996679316979566465e-01 7.935250496687245025e-01
1.370241936573520434e+03 2.020154253292329116e+00 7.934939144071824213e-01
1.370262770113502938e+03 2.382521639461963048e+00 7.929941558526334422e-01
1.370283603653369482e+03 2.486960289369550381e+00 7.929951705665297945e-01
1.370304437192771047e+03 1.908238902545312143e+00 7.934511718533652225e-01
1.370325270731938872e+03 2.606842023376694684e+00 7.933842364444159134e-01
1.370346104270874093e+03 1.857969678359964405e+00 7.942331315561603766e-01
1.370366937809342971e+03 4.152309577946262209e+00 7.935773646733655928e-01
1.370387771347580383e+03 2.858633650718228836e+00 7.941409312264996467e-01
1.370408604885585191e+03 2.183352836588904111e+00 7.935612912270607611e-01
1.370429438423240072e+03 3.496895253420911232e+00 7.956795795236132340e-01
1.370450271960545479e+03 3.670858906472515670e+00 7.968291475156423775e-01
1.370471105497617373e+03 9.928878301012034058e-01 7.923695597716869932e-01
1.370491939034339794e+03 2.143833396198742136e+00 7.935979817715677065e-01
1.370512772570714787e+03 1.533190218802044313e+00 7.928191922468837971e-01
1.370533606106856496e+03 3.179661452656530329e+00 7.977904129407635825e-01
1.370554439642648504e+03 1.416725011049884131e+00 7.925532337564841212e-01
1.370575273178091948e+03 3.675036815113662314e+00 7.936231046153207069e-01
1.370596106713300969e+03 2.970917335736110942e+00 7.933257102867199428e-01
1.370616940248161882e+03 2.621122486703040266e+00 7.934680738414290335e-01
1.370637773782673321e+03 2.055646900956178413e+00 7.925981303811673317e-01
1.370721107917692507e+03 1.623038429215316825e+00 7.931943675819905781e-01
1.370741941450690547e+03 2.553698925177320334e+00 7.932687577110605348e-01
1.370762774983339568e+03 1.865646720976940287e+00 7.928774175052271111e-01
1.370783608515756441e+03 1.919819036117027977e+00 7.952442312262214541e-01
1.370804442047706971e+03 4.206451815320326304e+00 7.945301112164013801e-01
1.370825275579424670e+03 2.629320585797705334e+00 7.936723340702765972e-01
1.370846109110909083e+03 2.095142355267572754e+00 7.931619793963888831e-01
1.370866942641928063e+03 3.084465817668890608e+00 7.931092236500171255e-01
1.370887776172713984e+03 2.845736133882130758e+00 7.951310091215896270e-01
1.370908609703150887e+03 3.220572942587201837e+00 7.937885049807006377e-01
1.370929443233355414e+03 1.016249767571771656e+00 7.936559996926145777e-01
1.370950276763094507e+03 2.805486331244605225e+00 7.932776239480200386e-01
1.370971110292600088e+03 3.019433908516093723e+00 7.936756760049697990e-01
1.370991943821755967e+03 2.726279344816184391e+00 7.940172676615774305e-01
1.371012777350679471e+03 1.645051379939911129e+00 7.927084434465757612e-01
1.371033610879137996e+03 3.287741762062937667e+00 7.948806714525818995e-01
1.371054444407363007e+03 1.629608974443648606e+00 7.942073525664090639e-01
1.371075277935239001e+03 1.448536278769601893e+00 7.939147943353368486e-01
1.371096111462882163e+03 3.982475491958050284e+00 7.937063160086874625e-01
1.371158612043715038e+03 2.892803802649565270e+00 7.950996743702548608e-01
1.371179445569960990e+03 2.955353914894207179e+00 7.951641791336828691e-01
1.371200279095974565e+03 2.223528148970622453e+00 7.936232548242517781e-01
1.371221112621639350e+03 2.578524377165550163e+00 7.933494894068260361e-01
1.371241946146953978e+03 3.558157024267828206e+00 7.937304967451596083e-01
1.371262779671919361e+03 3.672542671969758032e+00 7.958975013774211016e-01
1.371283613196652823e+03 2.700568327380173272e+00 7.943856870230995293e-01
1.371304446721035447e+03 3.081170416392538414e+00 7.934382509796686911e-01
1.371325280245068825e+03 2.458170369450009218e+00 7.945322492475049847e-01
1.371346113768754094e+03 2.677424334953430574e+00 7.930271145994307602e-01
1.371366947292206532e+03 3.458373502752209561e+00 7.943947283728365338e-01
1.371387780815193537e+03 2.776523840959642442e+00 7.941761690020269215e-01
1.371408614337947029e+03 1.960808152005071747e+00 7.945955248615709232e-01
1.371429447860467917e+03 2.374500196058578538e+00 7.932389273557479692e-01
1.371450281382523826e+03 1.333017894441010043e+00 7.933826587740673286e-01
1.371471114904345995e+03 2.990558027361041482e+00 7.931126806867055956e-01
1.371491948425818919e+03 3.757658645402113251e+00 7.957135506472698960e-01
1.371512781946941914e+03 2.158760064249758415e+00 7.939533078399886312e-01
1.371533615467716572e+03 2.509383621862911085e+00 7.938678698993624216e-01
1.371554448988259082e+03 1.676173231965684352e+00 7.935942264201699681e-01
1.371575282508450982e+03 2.791150449929354238e+00 7.965286848718440282e-01
1.371596116028294546e+03 2.430458994654335569e+00 7.933037712562445165e-01
1.371616949547788408e+03 3.099767791270677364e+00 7.943777335515324056e-01
1.371637783067049440e+03 7.298632621438443380e-01 7.929961101152760428e-01
1.371658616585846175e+03 2.710450513901649927e+00 7.935583619190635929e-01
1.371679450104408943e+03 3.182015064321589648e+00 7.954760220340802990e-01
1.371700283622622010e+03 3.845948130046563662e+00 7.942131313355627054e-01
1.371721117140602928e+03 1.914558865949031130e+00 7.936279863910300492e-01
1.371741950658117048e+03 2.735220951817481705e+00 7.934797923418070997e-01
1.371762784175398792e+03 1.114671502593580499e+00 7.928212973016734999e-01
1.371783617692331973e+03 2.471031153896566579e+00 7.928167112822773754e-01
1.371804451208915452e+03 3.570098383942010400e+00 7.933431784302107381e-01
1.371825284725267011e+03 1.242366554692370784e+00 7.933297674382100428e-01
1.371846118241151999e+03 2.697682002977366267e+00 7.935556203774243311e-01
1.371866951756804610e+03 1.669431772178469942e+00 7.936046662530882312e-01
1.371887785272108431e+03 2.916737770525164919e+00 7.933294293430450672e-01
1.371908618787178966e+03 1.063522567057489709e+00 7.941706901747248581e-01
1.371929452301783385e+03 4.377036968606349276e+00 7.946032136118090783e-01
1.371950285816154974e+03 2.746382478981889363e+00 7.940472939696837651e-01
1.371971119330177544e+03 2.437407184481065414e+00 7.933989612163862004e-01
1.371991952843850868e+03 1.277234917406097736e+00 7.930644311165143678e-01
1.372012786357174036e+03 2.362027387288115676e+00 7.943471569641182839e-01
1.372033619870264829e+03 1.058588164580793745e+00 7.933325848923152845e-01
1.372054453383007058e+03 1.786959090192226540e+00 7.945421891411209581e-01
1.372075286895400041e+03 3.177050377793808167e+00 7.936241560772415715e-01
1.372096120407443777e+03 1.995555883003401476e+00 7.933737561468721111e-01
1.372116953919138041e+03 1.794165532824742115e+00 7.937794191810847444e-01
1.372137787430599474e+03 3.532131731690084209e+00 7.942882890294461484e-01
1.372158620941712343e+03 2.629166849786260585e+00 7.942714795386182081e-01
1.372179454452475056e+03 2.480482819744862510e+00 7.932246504663624798e-01
1.372200287962888979e+03 2.934735271620834141e+00 7.941348141796792381e-01
1.372221121472952973e+03 1.182631331520180495e+01 7.977214879960194960e-01
1.372241954982785046e+03 2.780034098149966937e+00 7.964478264056659151e-01
1.372262788492268101e+03 1.591823470750838965e+00 7.930442511032510522e-01
1.372283622001401000e+03 3.117143588420107747e+00 7.947829216458907053e-01
1.372304455510184653e+03 3.461865314727910814e+00 7.953734368922371623e-01
1.372325289018736385e+03 1.708466489135616939e+00 7.946882724795710784e-01
1.372346122526822001e+03 2.536684454807073053e+00 7.950968256952622992e-01
1.372366956034673876e+03 3.250096543838326468e+00 7.968040883545376429e-01
1.372387789542176961e+03 3.682098635826120514e+00 7.944101847158054897e-01
1.372408623049446987e+03 3.444348246578025297e+00 7.956012568860413303e-01
1.372429456556251807e+03 2.494579783813303919e+00 7.949532167596705667e-01
1.372450290062824024e+03 2.138925840664562372e+00 7.952363987694639480e-01
1.372471123569046540e+03 2.294404909479348831e+00 7.985355802191762553e-01
1.372491957074920037e+03 2.223161891324407335e+00 7.951272235294143398e-01
1.372512790580443834e+03 9.014425769484617490e-01 7.951759850752838643e-01
1.372533624085735937e+03 1.645740037502335440e+00 7.932677433471250206e-01
1.372554457590677885e+03 2.225248552469254903e+00 7.978826024193658162e-01
1.372575291095271041e+03 3.182642588434648090e+00 7.962948052033387292e-01
1.372596124599515406e+03 3.435860596073943896e+00 7.949372086229381518e-01
1.372616958103410070e+03 2.339165470856796603e+00 7.944890373966894126e-01
1.372637791607071449e+03 2.793479758796333812e+00 7.948957809176948608e-01
1.372658625110266939e+03 1.578803097012929868e+00 7.945519788770595282e-01
1.372679458613230054e+03 2.167213503756515891e+00 7.938394135704092136e-01
1.372700292115845059e+03 2.481917069481381688e+00 7.958173652032246581e-01
1.372721125618225869e+03 2.827529975944651497e+00 7.942143696377681472e-01
1.372741959120141019e+03 2.627745842373863994e+00 7.975156863831335263e-01
1.372762792621823792e+03 2.649610424723530144e+00 7.949877812388255194e-01
1.372783626123157546e+03 3.525895294848062633e+00 7.949891682852587849e-01
1.372804459624141600e+03 3.654041218738324659e+00 7.960607445101427482e-01
1.372825293124892596e+03 1.938359153877200924e+00 7.952676531844914409e-01
1.372846126625177931e+03 3.031055669919641815e+00 7.952514265252096370e-01
1.372866960125231344e+03 3.705542860048831599e+00 7.954854256345638142e-01
1.372887793624935057e+03 2.489524176098667496e+00 7.954421531653245170e-01
1.372908627124289069e+03 2.460235963536234749e+00 7.943760828210397751e-01
1.372929460623410023e+03 3.995588320647060598e+00 7.956509632510134766e-01
1.372950294122066225e+03 2.869904053244594522e+00 7.952424323913021009e-01
1.372971127620489369e+03 2.340342444276478417e+00 7.954282155571494872e-01
1.372991961118563040e+03 1.857361799516972667e+00 7.951365188126499062e-01
1.373012794616287465e+03 2.338782947906079102e+00 7.955996461530908670e-01
1.373033628113662871e+03 2.319537242699402313e+00 7.957878550838279885e-01
1.373054461610805902e+03 3.610697001689020524e+00 7.946929227019182695e-01
1.373075295107598322e+03 3.605962861282709042e+00 7.951944994370666597e-01
1.373096128604041951e+03 2.162080659967845264e+00 7.939258680977266946e-01
1.373116962100136789e+03 2.584758613060513355e+00 7.944258283295373424e-01
1.373137795595882835e+03 3.388015101869418899e+00 7.945305613286907098e-01
1.373158629091394914e+03 2.583569601851165132e+00 7.940130263540374767e-01
1.373200296081373381e+03 1.959174882049465438e+00 7.935442785565760548e-01
1.373221129575837949e+03 2.581209659482659902e+00 7.934734072829319196e-01
1.373241963069953499e+03 2.667558527041654415e+00 7.939709498546557720e-01
1.373262796563837128e+03 3.001487558459798421e+00 7.956899919957027834e-01
1.373283630057254413e+03 3.208735723470367063e+00 7.966849904633204194e-01
1.373304463550439323e+03 3.342532188862431752e+00 7.964363012543558273e-01
1.373325297043274077e+03 2.025986386029963171e+00 7.945132693316349082e-01
1.373346130535876455e+03 1.897801192464235953e+00 7.974790266023527030e-01
1.373366964028012944e+03 3.363605313016380549e+00 7.936304648195129374e-01
1.373387797519916603e+03 3.010883833786149211e+00 7.937613599069454073e-01
1.373408631011471471e+03 1.969470746690719309e+00 7.937818595920232978e-01
1.373429464502676637e+03 2.443079820963575344e+00 7.943165791996825709e-01
1.373450297993532331e+03 1.948052518978903080e+00 7.940710890124164090e-01
1.373471131484156103e+03 3.075409111562443343e+00 7.945807097427857180e-01
1.373491964974313532e+03 2.725466651006044572e+00 7.963222381664620819e-01
1.373512798464238131e+03 2.369280986500404751e+00 7.936807827543987948e-01
1.373533631953813028e+03 1.092346118585886927e+00 7.929292490474187938e-01
1.373554465443039589e+03 3.241770756179414903e+00 7.937723982646960330e-01
1.373575298932033093e+03 2.545285455646403960e+00 7.963906106204720059e-01
1.373596132420560934e+03 1.655093152782558974e+00 7.935789044023030536e-01
1.373658632884398003e+03 2.020717217508076757e+00 7.932133039131156194e-01
1.373679466371761919e+03 2.550570360032368811e+00 7.943309490196354128e-01
1.373700299858659946e+03 1.945065322037683231e+00 7.941305734999339894e-01
1.373721133345325597e+03 2.020521601296140446e+00 7.938685456309230171e-01
1.373741966831641548e+03 4.198617965863975954e+00 7.980478295139872280e-01
1.373762800317608026e+03 1.240381477240028119e+00 7.932080438664828037e-01
1.373783633803224802e+03 1.336244356567519276e+00 7.958942811073411727e-01
1.373804467288609885e+03 2.189003322297107701e+00 7.938671566265355084e-01
1.373825300773528397e+03 2.690010580637173021e+00 7.943967167056557033e-01
1.373846134258214533e+03 2.235569012377498055e+00 7.958388230166074662e-01
1.373866967742550969e+03 2.937937174815294483e+00 7.938597235347280012e-01
1.373887801226655029e+03 2.636092431834239136e+00 7.942002979081074221e-01
1.373908634710293882e+03 1.740055536502136846e+00 7.945432768955151825e-01
1.373929468193698995e+03 1.982195980285769821e+00 7.934448241248482914e-01
1.373950301676638901e+03 2.187408818838266100e+00 7.946616456824718844e-01
1.373991968641704489e+03 2.272524863611623758e+00 7.952084411415810683e-01
1.374012802123830170e+03 2.185759445443286708e+00 7.959961251998406428e-01
1.374033635605489053e+03 1.976619608300540065e+00 7.952015827529705927e-01
1.374054469086915105e+03 3.390106146953550947e+00 7.939553348147978529e-01
1.374075302567992821e+03 2.452133064291556863e+00 7.941659243147570768e-01
1.374096136048720382e+03 1.543716332939503388e+00 7.937169796540821665e-01
1.374116969529099151e+03 2.644702958483316380e+00 7.943431050090016265e-01
1.374137803009127992e+03 2.583772418730001519e+00 7.937576053285069211e-01
1.374158636488924458e+03 2.341697021688423419e+00 7.951042472219274071e-01
1.374179469968256399e+03 1.848224300882009175e+00 7.935728581324784647e-01
1.374200303447355054e+03 3.278797758377837823e+00 7.952344500122574544e-01
1.374221136926104009e+03 2.326166984534095761e+00 7.964444586838934637e-01
1.374241970404620133e+03 2.937839877244385889e+00 7.938963252083302002e-01
1.374262803882670141e+03 1.861636662325111047e+00 7.947415608968684264e-01
1.374283637360488001e+03 3.571775696900836294e+00 7.977471907855200328e-01
1.374304470837839972e+03 1.299275883988045166e+00 7.931998531529939056e-01
1.374325304314958430e+03 1.894139520090899254e+00 7.954047233906503811e-01
1.374346137791728324e+03 3.590290325372208713e+00 7.948454649096662328e-01
1.374366971268265843e+03 2.844451511518759190e+00 7.971703972920254344e-01
1.374387804744338155e+03 2.933613604073562087e+00 7.952650674341725789e-01
1.374408638220176044e+03 2.523926822109709533e+00 7.964590894605869664e-01
1.374429471695549182e+03 2.863438764004504478e+00 7.942712168875013523e-01
1.374450305170689489e+03 2.961964410738353592e+00 7.943446807717807756e-01
1.374471138645480096e+03 2.870438797987867829e+00 7.944375702161159403e-01
1.374491972120037644e+03 2.043090908692407837e+00 7.945676572067147392e-01
1.374512805594130441e+03 2.125858185523114230e+00 7.951769220472683086e-01
1.374533639067990407e+03 3.640037552051516911e+00 7.946929227019182695e-01
1.374554472541384484e+03 4.766201038456477690e+00 7.947739972058229796e-01
1.374575306014545049e+03 2.237971483879515944e+00 7.944159620095102570e-01
1.374596139487357050e+03 1.908021272819825143e+00 7.943548106007237708e-01
1.374616972959820032e+03 2.764761771505103383e+00 7.944794719557581875e-01
1.374637806432049047e+03 3.010146613926279358e+00 7.948387158734807612e-01
1.374658639903812855e+03 9.031000090699450311e-01 7.950932273543674933e-01
1.374679473388965107e+03 1.773409114061763603e+00 7.956027926981431575e-01
1.374700306860147521e+03 3.089900900082781732e+00 7.946984354302574216e-01
1.374721140330980461e+03 3.407742062602126865e+00 7.954110929461374324e-01
1.374741973801463928e+03 2.448815588843782365e+00 7.946784469202834433e-01
1.374762807271597467e+03 2.693482945352231539e+00 7.966389774022278880e-01
1.374783640741499539e+03 2.892142304363721550e+00 7.953790573119748908e-01
1.374804474210935041e+03 2.943127744841000037e+00 7.958455635715503407e-01
1.374825307680138394e+03 1.096603307447693965e+00 7.939468139784388034e-01
1.374846141148992047e+03 3.598043629596757498e+00 7.944684809343799392e-01
1.374866974617496453e+03 2.109371074558607617e+00 7.942888893618249568e-01
1.374887808085652068e+03 2.547545160683641896e+00 7.953988783419121411e-01
1.374908641553457528e+03 3.782379629967323353e+00 7.945466151669443589e-01
1.374929475021030612e+03 2.261856118247305147e+00 7.934455753379729970e-01
1.374950308488138489e+03 2.318230828202372251e+00 7.938427172598810921e-01
1.374971141955013991e+03 1.641320691040391466e+00 7.949530668020400315e-01
1.374991975421538882e+03 1.851596187131278270e+00 7.950760225618881405e-01
1.375012808887714982e+03 1.984273779333133092e+00 7.938022461164264687e-01
1.375033642353540927e+03 2.983876119939624871e+00 7.950023263621330827e-01
1.375054475819135405e+03 1.405229963901280854e+00 7.943096005510429380e-01
1.375075309284264677e+03 2.190951376118565719e+00 7.939714753554633075e-01
1.375096142749043793e+03 2.348202159472117856e+00 7.947451983292092015e-01
1.375116976213590078e+03 2.523974379798762158e+00 7.964813531703228699e-01
1.375137809677786663e+03 1.471898062135636565e+00 7.937920716917935549e-01
1.375158643141634911e+03 3.770629875551497534e+00 7.942651383659605768e-01
1.375179476605133004e+03 2.348572166675134909e+00 7.940051066837352511e-01
1.375200310068282533e+03 2.346872344418393652e+00 7.945102310026070924e-01
1.375221143531200596e+03 2.538098628950979929e+00 7.970461942000487410e-01
1.375241976993650951e+03 2.498673697319139464e+00 7.941623968094331243e-01
1.375262810455868475e+03 2.379013446320604075e+00 7.952078415034066206e-01
1.375283643917620338e+03 3.426087550704544071e+00 7.944830730764493865e-01
1.375304477379140508e+03 2.681778150488613122e+00 7.942589472313865695e-01
1.375325310840311431e+03 1.704964844348431541e+00 7.940362594334174906e-01
1.375346144301131972e+03 3.957428376967582651e+00 7.953584863824011419e-01
1.375366977761604176e+03 3.059665680895891526e+00 7.953101856969949646e-01
1.375387811221843094e+03 2.613826281264771012e+00 7.961073525177292387e-01
1.375408644681616806e+03 2.275817172498056706e+00 7.945009283921019572e-01
1.375429478141157460e+03 2.505399754136952595e+00 7.956816395558821142e-01
1.375450311600231998e+03 2.267870366506020474e+00 7.946628832857691727e-01
1.375471145059073478e+03 1.919897587341530709e+00 7.937852010656003543e-01
1.375491978517567077e+03 2.336448794132884643e+00 7.963791594856981515e-01
1.375512811975710520e+03 2.061990533738445208e+00 7.954373199901495495e-01
1.375533645433505626e+03 2.729521040985149583e+00 7.936105245164409849e-01
1.375554478890950122e+03 3.132696859567854375e+00 7.957426140958085981e-01
1.375575312348161333e+03 3.381891777162675083e+00 7.952222326947988584e-01
1.375596145804908474e+03 2.318982950817732203e+00 7.932690958320840480e-01
1.375616979261422330e+03 2.173795978279507324e+00 7.936087970843070938e-01
1.375637812717471206e+03 2.425690844454399198e+00 7.933421641614293307e-01
1.375658646173286343e+03 2.878505551252176886e+00 7.940281523294636656e-01
1.375679479628752006e+03 2.787790516423992671e+00 7.958928956382980147e-01
1.375700313083868423e+03 1.599608118574167293e+00 7.935692153265571092e-01
1.375721146538635821e+03 2.039387615257684416e+00 7.938093418556789738e-01
1.375741979993054883e+03 2.214164761467417364e+00 7.940337822715468619e-01
1.375762813447123790e+03 2.134356554516136484e+00 7.968693901313337324e-01
1.375783646900843451e+03 2.933526032196274613e+00 7.944677306884689871e-01
1.375804480354330508e+03 7.838551999950311711e-01 7.932417451325010083e-01
1.375825313807352813e+03 3.483028760541687419e+00 7.977329572209798103e-01
1.375846147260140924e+03 3.506944273858787042e+00 7.957261724041597706e-01
1.375887814164553674e+03 2.171607190218155736e+00 7.944665678059068536e-01
1.375908647616294502e+03 2.565778704168634405e+00 7.955502362720185960e-01
1.375929481067686538e+03 2.520754814169119840e+00 7.947335359872570448e-01
1.375950314518727964e+03 2.398337259696310397e+00 7.939628796199967864e-01
1.375971147969421509e+03 3.459580228466796470e+00 7.953940449037797400e-01
1.375991981419765580e+03 3.017547729112543209e+00 7.971277770995573997e-01
1.376012814869759495e+03 2.813529864374169520e+00 7.961283158724241638e-01
1.376033648319521490e+03 2.218511410944135065e+00 7.934977829078319056e-01
1.376054481768817823e+03 3.220516976384336871e+00 7.947838215838648468e-01
1.376075315217764910e+03 1.423072344184994620e+00 7.948294920980153444e-01
1.376096148666479166e+03 3.192773869255686847e+00 7.949908552303619480e-01
1.376158649010292947e+03 2.795882045133947003e+00 7.957229139875758861e-01
1.376179482457609083e+03 2.973869798054154856e+00 7.940413263313554904e-01
1.376200315904577110e+03 3.197252066104743662e+00 7.952783708425461562e-01
1.376221149351195891e+03 3.349356330446179086e+00 7.940380610008330731e-01
1.376241982797465425e+03 3.376961327393665613e+00 7.952887510939514737e-01
1.376262816243268844e+03 2.224159911495505071e+00 7.941617963814345815e-01
1.376283649688838977e+03 1.687174270946208310e+00 7.940338948699813271e-01
1.376304483134061684e+03 1.710218663920990423e+00 7.939178349431048609e-01
1.376325316578934007e+03 3.771191462735915323e+00 7.950849436118687663e-01
1.376346150023572591e+03 2.169098005527233752e+00 7.952104274398045236e-01
1.376366983467746650e+03 1.673081521019064155e+00 7.942177468157880504e-01
1.376387816911571463e+03 2.198026871051983022e+00 7.946748841874771152e-01
1.376408650355047030e+03 2.631646992137277152e+00 7.977147259326977657e-01
1.376429483798171987e+03 2.779863427368367113e+00 7.957187192247423546e-01
1.376450317240949516e+03 2.920851478116887279e+00 7.950194952631732814e-01
1.376471150683494670e+03 2.723605224842861716e+00 7.955234135503526094e-01
1.376491984125571889e+03 1.544213663266628345e+00 7.939375798410722718e-01
1.376512817567300544e+03 2.621526638690879096e+00 7.942119305558227316e-01
1.376533651008797506e+03 2.503225275409926454e+00 7.946236165688584929e-01
1.376554484449829033e+03 2.253279977364057274e+00 7.957159851263487793e-01
1.376575317890626138e+03 2.447537707452282163e+00 7.941133853802155862e-01
1.376596151330958037e+03 2.246211094876773728e+00 7.946313050472848527e-01
1.376616984770941599e+03 2.296359694441665766e+00 7.953149821724220248e-01
1.376637818210691421e+03 2.812391291162375850e+00 7.962399738704577512e-01
1.376658651649975127e+03 2.928602564362847716e+00 7.950049504539816736e-01
1.376679485089027366e+03 1.807445333374772645e+00 7.947036481109941430e-01
1.376700318527613945e+03 7.350864395651797167e-01 7.932506868111192100e-01
1.376721151965965873e+03 2.585792212997647610e+00 7.947330484901371506e-01
1.376741985403853505e+03 3.144078385950257015e+00 7.951276358225060070e-01
1.376762818841508988e+03 2.942959972425486015e+00 7.945544544233619222e-01
1.376783652278696991e+03 3.398849141424609144e+00 7.949912675941760432e-01
1.376804485715653527e+03 1.701767190616966019e+00 7.956762460055528674e-01
1.376825319152144402e+03 1.499809887817889376e+00 7.941255446999133660e-01
1.376846152588285349e+03 3.532498862420109020e+00 7.960846291151522092e-01
1.376866986024193466e+03 1.996772642036640732e+00 7.954935928149039492e-01
1.376887819459636376e+03 2.505230298943432743e+00 7.949828328372383623e-01
1.376908652894846455e+03 1.925011491328982416e+00 7.941621716489868366e-01
1.376929486329590873e+03 1.916844971778786544e+00 7.950308160387450362e-01
1.376950319763986045e+03 2.989382634900293212e+00 7.946046763412361047e-01
1.376971153198148386e+03 2.264693391507382358e+00 7.945556546854595226e-01
1.376991986631843929e+03 3.091549503835409496e+00 7.950346020899689004e-01
1.377012820065191590e+03 3.263880372605001412e+00 7.950585924905230195e-01
1.377033653498190006e+03 3.152685925484160379e+00 7.943527846452694829e-01
1.377075320363254377e+03 3.165377209212596910e+00 7.966336651541341407e-01
1.377096153795205055e+03 2.639453579479454248e+00 7.945076802976617225e-01
1.377116987226805577e+03 0.000000000000000000e+00 7.936849131894598841e-01
1.377137820658058445e+03 2.518894889957611127e+00 7.954415162369427028e-01
1.377158654088960930e+03 2.681936915464961046e+00 7.954676673475671311e-01
1.377179487519396844e+03 1.385084604901912542e+00 7.960615306919327505e-01
1.377221154379456038e+03 3.468119557666678787e+00 7.949124647328641435e-01
1.377241987808962222e+03 3.122721878697667819e+00 7.955817405764920025e-01
1.377262821238001834e+03 2.883107651321019205e+00 7.988234615422976637e-01
1.377283654666809070e+03 2.629840242750896451e+00 7.961650004149530835e-01
1.377304488095150646e+03 1.562902487410134711e+00 7.936971917194882709e-01
1.377325321523259390e+03 3.451666452421784825e+00 7.952643554144925853e-01
1.377346154950902474e+03 2.349405599515330678e+00 7.950919154551986390e-01
1.377366988378195856e+03 2.640328147649636747e+00 7.950621909881703253e-01
1.377387821805140447e+03 1.917788799417854406e+00 7.987257838272135979e-01
1.377408655231735793e+03 2.548981596831369600e+00 7.943479448418796496e-01
1.377429488657981892e+03 3.606077386199240564e+00 7.964699407582008783e-01
1.377450322083878518e+03 2.885040629040153348e+00 7.956361303277614816e-01
1.377471155509425898e+03 3.466636774540090116e+00 7.956514501857252508e-01
1.377491988934623805e+03 2.701283503997922608e+00 7.954590877799599946e-01
1.377512822359357415e+03 1.617600478083559778e+00 7.945570424862495873e-01
1.377533655783855920e+03 3.298508553445866909e+00 7.957141873579021141e-01
1.377554489207890583e+03 2.423253007199656750e+00 7.949321849257513506e-01
1.377575322631576000e+03 4.021210351441933284e+00 7.958420060635558180e-01
1.377596156054911489e+03 1.841668033697636986e+00 7.976664184759093557e-01
1.377616989477898187e+03 2.901008628294528435e+00 7.956202108474275114e-01
1.377637822900534957e+03 3.188922546124237201e+00 7.958704656822579437e-01
1.377658656322822480e+03 6.679271295697972732e-01 7.946352805240258776e-01
1.377679489744645480e+03 2.332576199853281906e+00 7.949815207558935670e-01
1.377700323166234057e+03 1.374296582854846349e+00 7.955769457093320174e-01
1.377721156587358564e+03 3.131411443146454587e+00 7.965411440537014665e-01
1.377741990008132461e+03 2.907023426086640328e+00 7.971172338582669381e-01
1.377762823428557567e+03 2.277642741050593500e+00 7.959483874040275131e-01
1.377783656848634564e+03 1.676669846717395274e+00 7.957244495648697624e-01
1.377804490268360951e+03 2.885141576852989331e+00 7.977313881510799121e-01
1.377825323687738091e+03 2.834889840841311681e+00 7.962537849851323291e-01
1.377846157106650480e+03 3.774149888178023105e+00 7.967770086138834529e-01
1.377866990525213623e+03 1.686365842828280392e+00 7.975019718612161856e-01
1.377887823943427065e+03 3.327724140423326205e+00 7.969437737800214583e-01
1.377929490778804848e+03 2.641659104030807725e+00 7.982960913565202432e-01
1.377950324195855046e+03 2.764786962189777597e+00 7.964951975163412357e-01
1.377971157612671504e+03 2.900102207137493338e+00 7.999470156766725903e-01
1.377991991029021847e+03 2.476032743351570531e+00 7.979661912878934782e-01
1.378012824445023398e+03 2.680493294817710037e+00 7.977895911065830958e-01
1.378054491275862347e+03 2.299687834733974867e+00 7.976766182057790644e-01
1.378075324690816160e+03 1.474004844541088488e+00 7.987818249853018138e-01
1.378096158105303857e+03 1.005997260341025878e+00 7.981007815923234494e-01
1.378116991519443218e+03 2.012127639757915532e+00 7.994739561294262886e-01
1.378137824933232423e+03 2.677192790633416308e+00 7.987315672178838533e-01
1.378158658346556422e+03 2.852584993412870418e+00 7.987919358541268888e-01
1.378179491759531629e+03 2.904336582372030406e+00 8.004978329678616999e-01
1.378200325172157136e+03 2.717172653333678412e+00 7.991115375102646468e-01
1.378221158584433397e+03 1.570365587238292449e+00 7.991506955881557683e-01
1.378241991996360412e+03 2.452682838580342306e+00 7.988551352115307314e-01
1.378262825407820856e+03 2.869166685918830950e+00 7.999377390356486872e-01
1.378283658818933873e+03 4.073560508717781303e+00 8.006546664790515910e-01
1.378304492229696962e+03 2.788144531564659800e+00 7.999944776106010513e-01
1.378325325640110350e+03 2.386503278476368450e+00 8.009773944589032579e-01
1.378346159050058077e+03 5.102508655441084784e-01 8.038825295732887621e-01
1.378366992459656558e+03 3.815311322498862623e+00 8.040430395600890456e-01
1.378387825868906930e+03 1.917986983068487916e+00 8.013544775679871668e-01
1.378408659277690049e+03 2.814969894660560357e+00 8.024057054232189845e-01
1.378429492686240337e+03 1.548565369206659881e+00 8.017746880598770609e-01
1.378491992909333021e+03 1.754785041502838538e+00 8.031238437154438747e-01
1.378512826316254632e+03 2.480632964808288321e+00 8.053147177023618486e-01
1.378533659722710127e+03 2.006926014585769025e+00 8.047180910684402777e-01
1.378658660153876099e+03 3.387190824093623931e+00 8.083871771062064449e-01
1.378679493557770002e+03 1.764821922953565547e+00 8.102793792181616217e-01
1.378700326961199607e+03 2.510804857401016221e+00 8.088468441178341406e-01
1.378721160364279058e+03 3.889015306801963945e+00 8.086770056280876418e-01
1.378741993766892847e+03 2.796713331916317102e+00 8.097471037244924341e-01
1.378762827169157390e+03 2.763557809443367930e+00 8.102692277904989249e-01
1.378783660571072460e+03 4.735536665249242105e+00 8.120850457110944109e-01
1.378804493972638511e+03 1.969441885510585522e+00 8.128835433072229000e-01
1.378825327373739128e+03 2.210078473195236981e+00 8.128846431807216222e-01
1.378846160774373402e+03 2.968289712565210792e+00 8.141821540861410300e-01
1.378866994174658885e+03 2.979814770575089256e+00 8.156718551214539037e-01
1.378887827574595576e+03 3.433908715797866051e+00 8.162888803028678364e-01
1.378908660974183022e+03 2.334184213990555534e+00 8.171368118233049982e-01
1.378929494373304351e+03 2.373784127571052949e+00 8.175930541270698404e-01
1.378950327772075980e+03 3.258344493082603321e+00 8.179358066749140566e-01
1.378971161170382402e+03 2.184605949372217637e+00 8.185801424489014266e-01
1.378991994568340033e+03 1.737833134342682939e+00 8.208045210517679324e-01
1.379012827965831548e+03 2.695866412242738264e+00 8.210475353298057888e-01
1.379033661362973817e+03 3.718984638312820223e+00 8.239781177587345296e-01
1.379054494759766840e+03 3.051941900758054160e+00 8.265012981637681611e-01
1.379075328156094201e+03 1.870158630370614361e+00 8.257123963550782042e-01
1.379096161551956357e+03 2.526171401173748166e+00 8.257500403505569908e-01
1.379116994947584999e+03 3.430323339985372755e+00 8.297137728624398578e-01
1.379137828342748435e+03 3.353781383060587373e+00 8.275614206275213602e-01
1.379158661737446437e+03 2.156506608401761227e+00 8.283399267017396150e-01
1.379179495131795193e+03 2.090824564371198235e+00 8.283036237284399084e-01
1.379200328525677378e+03 3.172556541569200306e+00 8.290828347758826267e-01
1.379221161919210545e+03 3.017660802860165248e+00 8.286952448574413932e-01
1.379241995312394920e+03 3.570414745529753020e+00 8.299146783016300155e-01
1.379262828704997446e+03 2.566785520784533148e+00 8.284343645460265915e-01
1.379283662097366914e+03 3.036108500210906058e+00 8.304854526795919512e-01
1.379304495489270494e+03 2.964080145245301168e+00 8.301212793240128063e-01
1.379325328880709094e+03 1.295458865654133263e+00 8.293728334101051480e-01
1.379346162271797539e+03 2.294516953035024898e+00 8.309889519733998364e-01
1.379387829052810503e+03 3.954531853571555899e+00 8.323287790082453119e-01
1.379408662442618606e+03 3.445995141745445522e+00 8.325981035938057051e-01
1.379429495832078373e+03 2.560123393336562359e+00 8.331135976687908951e-01
1.379450329221071115e+03 2.557408278420851389e+00 8.344074042953634196e-01
1.379471162609715066e+03 1.876740303402769428e+00 8.390856492811260559e-01
1.379491995998009997e+03 3.841200065531337415e+00 8.412852137367271554e-01
1.379512829385722398e+03 2.680891420944897519e+00 8.390513740810633392e-01
1.379533662773202650e+03 3.690226471038382527e+00 8.412902794614077751e-01
1.379554496160100371e+03 1.805275547145136272e+00 8.424428775563929106e-01
1.379575329546649527e+03 2.802485564568987897e+00 8.449072143016421732e-01
1.379596162932849438e+03 3.648123094110665932e+00 8.463611465557536739e-01
1.379616996318582551e+03 2.425131577740835098e+00 8.475176790244570713e-01
1.379637829703850457e+03 1.052317022723393336e+00 8.458577426589177772e-01
1.379658663088769572e+03 2.167010690860346145e+00 8.472343836538605011e-01
1.379679496473222571e+03 2.391764017951354404e+00 8.465372249509715008e-01
1.379700329857326324e+03 2.297091767040603472e+00 8.472906985690461523e-01
1.379721163240964415e+03 3.037769644899379173e+00 8.478727284012556042e-01
1.379741996624136846e+03 2.441767769273738509e+00 8.489573465041215794e-01
1.379762830006960939e+03 1.813334059439704049e+00 8.486496689925426828e-01
1.379783663389318463e+03 4.228122573110624671e+00 8.508084309477207396e-01
1.379804496771327649e+03 2.598959010258951707e+00 8.538310081509347116e-01
1.379825330152870038e+03 2.012514514544086808e+00 8.529511075379881957e-01
1.379846163533946537e+03 3.684214282351113923e+00 8.571375068997114655e-01
1.379866996914674928e+03 2.436109119185095651e+00 8.565362688436873873e-01
1.379887830294936975e+03 1.483360789870410201e+00 8.566852090055885327e-01
1.379908663674733361e+03 2.556981919933575043e+00 8.604447728909054849e-01
1.379929497054180501e+03 2.847324993388012260e+00 8.595967786892778628e-01
1.379950330433161525e+03 3.759807353848737321e+00 8.610767161941625947e-01
1.379971163811794668e+03 2.268433486385662334e+00 8.621550243271770553e-01
1.379991997189962149e+03 3.255066158274873445e+00 8.655455570054247927e-01
1.380012830567663059e+03 3.934064748450410320e+00 8.657907113888879680e-01
1.380033663945015178e+03 2.390198737844368537e+00 8.660505247332201950e-01
1.380054497321900953e+03 3.061876709389357742e+00 8.675306517602832113e-01
1.380075330698437483e+03 2.992055338614774129e+00 8.690264337511768300e-01
1.380096164074509034e+03 2.653145424179912837e+00 8.706961780816899754e-01
1.380116997450114013e+03 3.585042977082004256e+00 8.744643479152488519e-01
1.380137830825255605e+03 1.636433624657875896e+00 8.707249292558892906e-01
1.380158664200046132e+03 1.386849258529359474e+00 8.717554085588067325e-01
1.380179497574486504e+03 3.523527981463475456e+00 8.726934959502335998e-01
1.380221164321856577e+03 3.554341062015788921e+00 8.731074984195169586e-01
1.380241997695016835e+03 2.934082237905604629e+00 8.705156400832305685e-01
1.380262831067712341e+03 4.015499684373653011e+00 8.709235260235567155e-01
1.380304497811822785e+03 2.301646957769200696e+00 8.681863067489133945e-01
1.380325331183237495e+03 2.637771802052366610e+00 8.671407601072362858e-01
1.380346164554186089e+03 2.745496568842797913e+00 8.661276724619023648e-01
1.380366997924785665e+03 1.376869676411971000e+00 8.640373336686535399e-01
1.380387831294920488e+03 2.116853622406445368e+00 8.637611815726665698e-01
1.380408664664705611e+03 2.639860326382018840e+00 8.654109180561332382e-01
1.380429498034141034e+03 2.684279346980888548e+00 8.630467782564817947e-01
1.380450331402994379e+03 1.908955644591660672e+00 8.627476834133708250e-01
1.380471164771498479e+03 1.859664216135293202e+00 8.631441516671241043e-01
1.380491998139654470e+03 3.798320336981799272e+00 8.658561797213434330e-01
1.380512831507343435e+03 1.431111867396264614e+00 8.636773698028967772e-01
1.380533664874683382e+03 2.533742405878053106e+00 8.649821376610011825e-01
1.380554498241557667e+03 3.466430974888849548e+00 8.686443497888738374e-01
1.380575331608083616e+03 2.462601141525023962e+00 8.672531721662456450e-01
1.380596164974259864e+03 3.123430371968334285e+00 8.680696554098475959e-01
1.380616998339969541e+03 3.499299693925449262e+00 8.723414427849569552e-01
1.380637831705214467e+03 2.155720575256699689e+00 8.688607097312743832e-01
1.380658665070226562e+03 2.036042406739701605e+00 8.696194133636671042e-01
1.380679498434772540e+03 2.607983502610288440e+00 8.697053253507307513e-01
1.380700331798970183e+03 3.243565647670502372e+00 8.705745911912544654e-01
1.380721165162700800e+03 2.863953545720686833e+00 8.683381565811816305e-01
1.380741998526199495e+03 2.406869854188499858e+00 8.683657159886952748e-01
1.380762831889232984e+03 2.382198009382021198e+00 8.688657861845870967e-01
1.380783665251915863e+03 2.828532521569266933e+00 8.713041658680830137e-01
1.380804498614250406e+03 1.404705567076469208e+00 8.682928515447430051e-01
1.380825331976234793e+03 1.597493505929108437e+00 8.686360812795796971e-01
1.380846165337871525e+03 3.611971923528551898e+00 8.710287095494295695e-01
1.380866998699158103e+03 1.426617218326637015e+00 8.697122815542561725e-01
1.380887832060211622e+03 1.930536139497482040e+00 8.706041679436791192e-01
1.380908665420800389e+03 3.694205730020170719e+00 8.723414086213583385e-01
1.380929498781155871e+03 1.848207526599292549e+00 8.724596408264758685e-01
1.380950332141161653e+03 1.540427988593208397e+00 8.742342050122026142e-01
1.380971165500934603e+03 2.691557592504457475e+00 8.734777697183825351e-01
1.380991998860242347e+03 2.111873200149110730e+00 8.730625432803869046e-01
1.381012832219434131e+03 2.393263775590311226e+00 8.731357606021303841e-01
1.381033665578275532e+03 1.896803496429818381e+00 8.726868025606118184e-01
1.381054498936884556e+03 1.929420929432682286e+00 8.724530822796526808e-01
1.381075332295261433e+03 1.724372592231379286e+00 8.711695616709096424e-01
1.381158665726321033e+03 3.417650450146062724e+00 8.705167013753984939e-01
1.381179499083650171e+03 1.815885198250512644e+00 8.686407816451394703e-01
1.381200332440745569e+03 2.218456707310357601e+00 8.684282791180770733e-01
1.381221165797724552e+03 3.102876975094279288e+00 8.682353587960480734e-01
1.381241999154587120e+03 1.905225675476327041e+00 8.682301756805860249e-01
1.381262832511216857e+03 9.321399134831160893e-01 8.696190021171520401e-01
1.381283665867848413e+03 7.818869988269909754e-01 8.666487386267460735e-01
1.381304499224361052e+03 1.763452459664421212e+00 8.651365134392570155e-01
1.381325332580874601e+03 1.614830953310594452e+00 8.638875566910437787e-01
1.381346165937272417e+03 2.471164810618489582e+00 8.629389986334774498e-01
1.381366999293670460e+03 2.459288988770779838e+00 8.603412398066527800e-01
1.381387832650067594e+03 3.500388204600533015e+00 8.589304727987029375e-01
1.381408666006580461e+03 2.287461391475403616e+00 8.572572450150884871e-01
1.381429499363094465e+03 1.782257340296791170e+00 8.565864055294053481e-01
1.381450332719608468e+03 2.753444280299390812e+00 8.539918666403160108e-01
1.381471166076354621e+03 1.483895229933970938e+00 8.513234354124371572e-01
1.381491999433217643e+03 2.374990107193776012e+00 8.502646539104475876e-01
