1.325325074361054931e+03 6.906335449218750000e+01 7.947925329208374023e-01
1.325345908032014904e+03 6.931072998046875000e+01 7.998961806297302246e-01
1.325366741703556499e+03 6.840496826171875000e+01 8.019575476646423340e-01
1.325387575375678807e+03 6.689666748046875000e+01 8.037087321281433105e-01
1.325408409048267913e+03 6.849047851562500000e+01 8.059419989585876465e-01
1.325429242721439095e+03 6.764727783203125000e+01 8.070337772369384766e-01
1.325450076395076394e+03 6.662170410156250000e+01 8.093259334564208984e-01
1.325470910069179354e+03 6.833630371093750000e+01 8.114445209503173828e-01
1.325491743743747065e+03 6.722418212890625000e+01 8.138855695724487305e-01
1.325512577418664023e+03 6.851910400390625000e+01 8.166724443435668945e-01
1.325533411094163512e+03 6.863299560546875000e+01 8.204942941665649414e-01
1.325554244769895377e+03 6.753930664062500000e+01 8.220294713973999023e-01
1.325575078446210910e+03 6.870947265625000000e+01 8.275833725929260254e-01
1.325595912122757454e+03 6.844940185546875000e+01 8.301983475685119629e-01
1.325616745799653927e+03 6.818218994140625000e+01 8.311637639999389648e-01
1.325637579476899646e+03 6.803973388671875000e+01 8.321719765663146973e-01
1.325658413154493928e+03 6.953814697265625000e+01 8.333796858787536621e-01
1.325679246832439048e+03 6.940106201171875000e+01 8.340550065040588379e-01
1.325700080510615862e+03 6.784606933593750000e+01 8.355094194412231445e-01
1.325720914189025962e+03 6.819244384765625000e+01 8.383429050445556641e-01
1.325741747867668437e+03 7.033343505859375000e+01 8.419317007064819336e-01
1.325762581546659931e+03 7.025042724609375000e+01 8.462494015693664551e-01
1.325783415225768522e+03 7.001574707031250000e+01 8.504220843315124512e-01
1.325804248905225904e+03 7.033142089843750000e+01 8.544715642929077148e-01
1.325825082584799929e+03 6.899731445312500000e+01 8.574237227439880371e-01
1.325845916264607013e+03 7.050897216796875000e+01 8.612380623817443848e-01
1.325866749944530056e+03 7.111480712890625000e+01 8.620503544807434082e-01
1.325887583624686613e+03 6.923400878906250000e+01 8.609961271286010742e-01
1.325908417304957993e+03 6.867163085937500000e+01 8.610265851020812988e-01
1.325929250985463568e+03 7.056536865234375000e+01 8.619878888130187988e-01
1.325950084665969371e+03 6.968151855468750000e+01 8.631051778793334961e-01
1.325970918346708004e+03 6.916882324218750000e+01 8.665884137153625488e-01
1.325991752027562598e+03 6.806127929687500000e+01 8.667343854904174805e-01
1.326012585708415827e+03 6.949645996093750000e+01 8.706936836242675781e-01
1.326033419389503479e+03 6.975830078125000000e+01 8.770296573638916016e-01
1.326054253070592040e+03 6.948864746093750000e+01 8.768448233604431152e-01
1.326075086751795425e+03 6.984399414062500000e+01 8.806232213973999023e-01
1.326095920432999492e+03 6.925061035156250000e+01 8.815876841545104980e-01
1.326116754114319065e+03 6.849981689453125000e+01 8.826618790626525879e-01
1.326137587795755053e+03 6.832287597656250000e+01 8.850125074386596680e-01
1.326158421477075990e+03 6.938189697265625000e+01 8.873255848884582520e-01
1.326179255158629985e+03 6.907617187500000000e+01 8.872411847114562988e-01
1.326200088840066655e+03 6.929650878906250000e+01 8.889931440353393555e-01
1.326220922521619059e+03 6.943395996093750000e+01 8.901039361953735352e-01
1.326241756203055502e+03 7.074084472656250000e+01 8.915194869041442871e-01
1.326262589884608133e+03 6.880487060546875000e+01 8.907027840614318848e-01
1.326283423566161446e+03 6.875262451171875000e+01 8.909061551094055176e-01
1.326304257247715441e+03 7.056829833984375000e+01 8.941203951835632324e-01
1.326325090929268072e+03 6.952276611328125000e+01 8.952009677886962891e-01
1.326345924610820930e+03 6.849719238281250000e+01 8.955246210098266602e-01
1.326366758292257146e+03 6.931469726562500000e+01 8.987492322921752930e-01
1.326387591973810459e+03 7.022949218750000000e+01 9.006599187850952148e-01
1.326408425655247811e+03 6.929083251953125000e+01 9.026133418083190918e-01
1.326429259336568066e+03 6.990338134765625000e+01 9.051617383956909180e-01
1.326450093018004509e+03 6.784680175781250000e+01 9.060533642768859863e-01
1.326470926699324991e+03 6.823315429687500000e+01 9.082531332969665527e-01
1.326491760380645019e+03 6.832666015625000000e+01 9.104248285293579102e-01
1.326512594061847949e+03 6.833300781250000000e+01 9.134924411773681641e-01
1.326533427743052926e+03 6.823651123046875000e+01 9.159014225006103516e-01
1.326554261424139895e+03 6.743731689453125000e+01 9.184464812278747559e-01
1.326575095105110904e+03 6.858465576171875000e+01 9.205653667449951172e-01
1.326595928786081913e+03 6.769549560546875000e+01 9.212431311607360840e-01
1.326616762467052922e+03 6.857678222656250000e+01 9.227969646453857422e-01
1.326637596147791101e+03 6.847790527343750000e+01 9.238599538803100586e-01
1.326658429828529506e+03 6.827441406250000000e+01 9.236431121826171875e-01
1.326679263509151042e+03 6.838250732421875000e+01 9.226138591766357422e-01
1.326700097189772805e+03 6.720996093750000000e+01 9.205298423767089844e-01
1.326720930870277925e+03 6.878320312500000000e+01 9.195592403411865234e-01
1.326741764550550442e+03 6.851770019531250000e+01 9.183955192565917969e-01
1.326762598230823642e+03 7.018273925781250000e+01 9.179393649101257324e-01
1.326783431911096613e+03 6.840185546875000000e+01 9.169475436210632324e-01
1.326804265591135390e+03 6.967077636718750000e+01 9.178522825241088867e-01
1.326825099271057979e+03 6.733978271484375000e+01 9.186598062515258789e-01
1.326845932950865063e+03 6.843176269531250000e+01 9.183183312416076660e-01
1.326866766630672373e+03 6.851922607421875000e+01 9.174441695213317871e-01
1.326887600310246853e+03 6.920318603515625000e+01 9.157466292381286621e-01
1.326908433989821106e+03 7.036828613281250000e+01 9.108442664146423340e-01
1.326929267669162073e+03 6.755853271484375000e+01 9.046738743782043457e-01
1.326950101348385942e+03 6.832440185546875000e+01 9.006494283676147461e-01
1.326970935027494079e+03 6.892834472656250000e+01 8.981776237487792969e-01
1.326991768706486937e+03 6.901452636718750000e+01 8.947856426239013672e-01
1.327012602385362925e+03 6.847344970703125000e+01 8.931115269660949707e-01
1.327033436064121815e+03 6.839617919921875000e+01 8.934512138366699219e-01
1.327054269742764063e+03 6.743652343750000000e+01 8.941013813018798828e-01
1.327075103421173935e+03 6.905816650390625000e+01 8.962042331695556641e-01
1.327095937099466937e+03 6.771203613281250000e+01 8.955807685852050781e-01
1.327116770777644888e+03 6.855340576171875000e+01 8.964913487434387207e-01
1.327137604455705514e+03 6.799816894531250000e+01 8.971435427665710449e-01
1.327158438133533082e+03 6.863763427734375000e+01 8.978137969970703125e-01
1.327179271811361104e+03 6.872924804687500000e+01 8.973477482795715332e-01
1.327200105488956069e+03 6.847192382812500000e+01 8.940967917442321777e-01
1.327220939166317976e+03 6.913171386718750000e+01 8.922873139381408691e-01
1.327241772843681019e+03 6.897033691406250000e+01 8.906499147415161133e-01
1.327262606520810095e+03 6.884716796875000000e+01 8.893139362335205078e-01
1.327283440197706113e+03 6.953198242187500000e+01 8.843145966529846191e-01
1.327304273874601904e+03 6.845880126953125000e+01 8.826640248298645020e-01
1.327325107551266001e+03 6.988421630859375000e+01 8.826472163200378418e-01
1.327345941227697040e+03 6.889196777343750000e+01 8.810290694236755371e-01
1.327366774904011891e+03 6.910015869140625000e+01 8.813179135322570801e-01
1.327387608580210099e+03 6.992498779296875000e+01 8.800548911094665527e-01
1.327408442256175022e+03 6.992199707031250000e+01 8.812637329101562500e-01
1.327429275932023529e+03 6.914727783203125000e+01 8.819795846939086914e-01
1.327450109607755621e+03 6.899047851562500000e+01 8.828131556510925293e-01
1.327470943283255565e+03 6.914501953125000000e+01 8.837776184082031250e-01
1.327491776958523133e+03 7.018457031250000000e+01 8.863579630851745605e-01
1.327512610633672466e+03 7.017523193359375000e+01 8.898230195045471191e-01
1.327533444308706066e+03 6.801940917968750000e+01 8.903818726539611816e-01
1.327554277983506836e+03 6.859637451171875000e+01 8.931147456169128418e-01
1.327575111658075457e+03 6.964935302734375000e+01 8.974050283432006836e-01
1.327595945332528117e+03 7.029925537109375000e+01 8.981692790985107422e-01
1.327616779006862998e+03 6.859313964843750000e+01 8.977864384651184082e-01
1.327637612680849088e+03 7.059722900390625000e+01 8.981803059577941895e-01
1.327658446354834950e+03 6.884356689453125000e+01 8.972121477127075195e-01
1.327679280028587982e+03 7.065185546875000000e+01 8.959386944770812988e-01
1.327700113702108865e+03 7.001312255859375000e+01 8.981950283050537109e-01
1.327720947375397373e+03 6.955334472656250000e+01 8.943731784820556641e-01
1.327741781048567645e+03 7.242730712890625000e+01 8.953395485877990723e-01
1.327762614721621958e+03 6.964025878906250000e+01 8.940876126289367676e-01
1.327783448394443894e+03 7.037603759765625000e+01 8.929404020309448242e-01
1.327804282067033000e+03 6.962622070312500000e+01 8.926479816436767578e-01
1.327825115739389958e+03 7.001019287109375000e+01 8.915872573852539062e-01
1.327866783083753489e+03 7.105334472656250000e+01 8.888607025146484375e-01
1.327887616755527915e+03 6.978662109375000000e+01 8.851719498634338379e-01
1.327908450427185016e+03 6.980773925781250000e+01 8.820413947105407715e-01
1.327929284098726839e+03 7.047137451171875000e+01 8.794422149658203125e-01
1.327950117769919871e+03 7.023876953125000000e+01 8.773463368415832520e-01
1.327970951440994895e+03 6.928881835937500000e+01 8.731026053428649902e-01
1.327991785111837999e+03 6.816973876953125000e+01 8.716818094253540039e-01
1.328012618782564459e+03 6.843994140625000000e+01 8.685782551765441895e-01
1.328033452453058089e+03 6.888684082031250000e+01 8.695228099822998047e-01
1.328054286123318434e+03 6.964538574218750000e+01 8.682900667190551758e-01
1.328075119793463500e+03 6.800299072265625000e+01 8.688483834266662598e-01
1.328095953463258411e+03 7.004565429687500000e+01 8.691533207893371582e-01
1.328116787132936906e+03 7.157287597656250000e+01 8.696662783622741699e-01
1.328137620802499441e+03 7.041314697265625000e+01 8.731617331504821777e-01
1.328158454471712048e+03 7.003808593750000000e+01 8.690189719200134277e-01
1.328179288140808922e+03 7.050061035156250000e+01 8.684642910957336426e-01
1.328200121809674101e+03 6.993066406250000000e+01 8.682879209518432617e-01
1.328220955478304404e+03 6.933123779296875000e+01 8.645596504211425781e-01
1.328241789146818974e+03 6.856591796875000000e+01 8.637138605117797852e-01
1.328262622815100485e+03 6.985241699218750000e+01 8.626372218132019043e-01
1.328283456483150076e+03 6.954571533203125000e+01 8.622899651527404785e-01
1.328304290150966608e+03 6.775091552734375000e+01 8.586454987525939941e-01
1.328325123818550082e+03 6.904797363281250000e+01 8.585181236267089844e-01
1.328345957486016459e+03 6.782324218750000000e+01 8.567777276039123535e-01
1.328366791153250460e+03 6.908453369140625000e+01 8.561115860939025879e-01
1.328387624820251403e+03 6.770758056640625000e+01 8.553892374038696289e-01
1.328408458487020653e+03 6.714129638671875000e+01 8.558627963066101074e-01
1.328429292153556617e+03 6.796203613281250000e+01 8.557786345481872559e-01
1.328450125819974346e+03 6.963043212890625000e+01 8.572576045989990234e-01
1.328470959486161064e+03 6.815496826171875000e+01 8.561950325965881348e-01
1.328491793152114042e+03 6.850537109375000000e+01 8.578857183456420898e-01
1.328512626817833961e+03 6.836431884765625000e+01 8.586938977241516113e-01
1.328533460483323097e+03 6.803479003906250000e+01 8.606008887290954590e-01
1.328554294148694908e+03 6.930749511718750000e+01 8.630560636520385742e-01
1.328575127813717017e+03 6.932202148437500000e+01 8.643316626548767090e-01
1.328595961478622030e+03 6.744500732421875000e+01 8.649072051048278809e-01
1.328616795143294894e+03 6.745568847656250000e+01 8.659652471542358398e-01
1.328637628807735382e+03 6.940722656250000000e+01 8.651706576347351074e-01
1.328658462471943494e+03 6.882678222656250000e+01 8.648738265037536621e-01
1.328679296136034054e+03 6.797314453125000000e+01 8.648784160614013672e-01
1.328700129799775368e+03 6.950842285156250000e+01 8.638247251510620117e-01
1.328720963463400039e+03 6.747802734375000000e+01 8.641749024391174316e-01
1.328741797126675920e+03 6.759149169921875000e+01 8.635269403457641602e-01
1.328762630789835839e+03 6.814056396484375000e+01 8.638628125190734863e-01
1.328783464452763383e+03 6.659851074218750000e+01 8.627111911773681641e-01
1.328804298115456959e+03 6.749774169921875000e+01 8.634234070777893066e-01
1.328825131777917477e+03 6.779376220703125000e+01 8.631885051727294922e-01
1.328845965440262034e+03 6.747265625000000000e+01 8.625691533088684082e-01
1.328866799102257573e+03 6.842755126953125000e+01 8.604565262794494629e-01
1.328887632764136470e+03 6.895190429687500000e+01 8.587422370910644531e-01
1.328908466425667029e+03 6.839495849609375000e+01 8.569890856742858887e-01
1.328929300087080037e+03 6.866693115234375000e+01 8.561908006668090820e-01
1.328950133748260441e+03 6.853454589843750000e+01 8.525351285934448242e-01
1.328970967409090917e+03 6.857519531250000000e+01 8.507476449012756348e-01
1.328991801069807025e+03 6.772039794921875000e+01 8.483404517173767090e-01
1.329012634730288937e+03 6.781353759765625000e+01 8.475686907768249512e-01
1.329033468390538019e+03 6.779797363281250000e+01 8.466680645942687988e-01
1.329054302050554043e+03 6.836248779296875000e+01 8.467022180557250977e-01
1.329075135710454106e+03 6.695410156250000000e+01 8.480973839759826660e-01
1.329095969370004468e+03 6.774609375000000000e+01 8.475664258003234863e-01
1.329116803029322909e+03 6.763983154296875000e+01 8.472907543182373047e-01
1.329137636688524935e+03 6.765496826171875000e+01 8.479327559471130371e-01
1.329158470347376351e+03 6.967706298828125000e+01 8.484314680099487305e-01
1.329179304005996073e+03 6.794927978515625000e+01 8.488601446151733398e-01
1.329200137664498470e+03 6.672387695312500000e+01 8.470139503479003906e-01
1.329220971322768037e+03 6.881842041015625000e+01 8.487869501113891602e-01
1.329241804980689949e+03 6.763098144531250000e+01 8.467782735824584961e-01
1.329262638638494536e+03 6.811230468750000000e+01 8.471727371215820312e-01
1.329283472295949650e+03 6.821044921875000000e+01 8.458871841430664062e-01
1.329304305953287894e+03 6.745855712890625000e+01 8.424798250198364258e-01
1.329325139610393535e+03 6.912060546875000000e+01 8.422054052352905273e-01
1.329345973267267482e+03 6.718646240234375000e+01 8.393447399139404297e-01
1.329366806923791501e+03 6.729895019531250000e+01 8.386593461036682129e-01
1.329387640580199104e+03 6.824688720703125000e+01 8.382311463356018066e-01
1.329408474236373422e+03 6.772003173828125000e+01 8.376083374023437500e-01
1.329429307892314910e+03 6.827880859375000000e+01 8.385486602783203125e-01
1.329450141548023566e+03 6.612310791015625000e+01 8.374491333961486816e-01
1.329470975203500529e+03 6.623907470703125000e+01 8.382689356803894043e-01
1.329491808858627564e+03 6.680810546875000000e+01 8.383744955062866211e-01
1.329512642513637957e+03 6.779779052734375000e+01 8.396247029304504395e-01
1.329533476168414836e+03 6.646154785156250000e+01 8.397200107574462891e-01
1.329554309822960022e+03 6.822155761718750000e+01 8.421785235404968262e-01
1.329575143477271922e+03 6.696044921875000000e+01 8.433167934417724609e-01
1.329595977131351901e+03 6.741345214843750000e+01 8.453592658042907715e-01
1.329616810785199050e+03 6.673614501953125000e+01 8.444599509239196777e-01
1.329637644438695588e+03 6.736853027343750000e+01 8.445437550544738770e-01
1.329658478092075939e+03 6.752758789062500000e+01 8.449913859367370605e-01
1.329679311745223458e+03 6.814880371093750000e+01 8.436750173568725586e-01
1.329700145398138829e+03 6.531018066406250000e+01 8.427521586418151855e-01
1.329720979050821825e+03 6.698852539062500000e+01 8.440213203430175781e-01
1.329741812703153983e+03 6.732562255859375000e+01 8.436783552169799805e-01
1.329762646355370634e+03 6.744561767578125000e+01 8.427780866622924805e-01
1.329783480007354001e+03 6.700122070312500000e+01 8.428348898887634277e-01
1.329804313658988576e+03 6.874414062500000000e+01 8.429709076881408691e-01
1.329825147310506509e+03 6.678912353515625000e+01 8.409821987152099609e-01
1.329845980961792520e+03 6.747253417968750000e+01 8.414381742477416992e-01
1.329866814612727921e+03 6.743206787109375000e+01 8.399178385734558105e-01
1.329887648263547362e+03 6.741619873046875000e+01 8.386731743812561035e-01
1.329908481914018012e+03 6.694268798828125000e+01 8.368284702301025391e-01
1.329929315564254921e+03 6.665985107421875000e+01 8.348528146743774414e-01
1.329950149214376552e+03 6.667425537109375000e+01 8.345000147819519043e-01
1.329970982864148937e+03 6.770941162109375000e+01 8.323845863342285156e-01
1.329991816513687809e+03 6.781384277343750000e+01 8.319091796875000000e-01
1.330012650162994078e+03 6.686163330078125000e+01 8.301134109497070312e-01
1.330033483812183476e+03 6.706341552734375000e+01 8.292789459228515625e-01
1.330054317461024539e+03 6.678997802734375000e+01 8.294702172279357910e-01
1.330075151109632543e+03 6.670690917968750000e+01 8.304160237312316895e-01
1.330095984758007035e+03 6.761462402343750000e+01 8.312985301017761230e-01
1.330116818406148468e+03 6.701904296875000000e+01 8.302647471427917480e-01
1.330137652053941110e+03 6.654089355468750000e+01 8.297413587570190430e-01
1.330158485701616883e+03 6.666552734375000000e+01 8.294021487236022949e-01
1.330179319349061643e+03 6.801251220703125000e+01 8.307186961174011230e-01
1.330200152996156021e+03 6.788287353515625000e+01 8.310053348541259766e-01
1.330220986643133983e+03 6.723571777343750000e+01 8.307645320892333984e-01
1.330241820289762927e+03 6.722814941406250000e+01 8.301500082015991211e-01
1.330262653936274546e+03 6.850775146484375000e+01 8.286344408988952637e-01
1.330283487582436919e+03 6.722436523437500000e+01 8.273505568504333496e-01
1.330304321228368053e+03 6.703704833984375000e+01 8.262472748756408691e-01
1.330325154874064992e+03 6.818060302734375000e+01 8.250913023948669434e-01
1.330366822164761061e+03 6.589599609375000000e+01 8.216016888618469238e-01
1.330387655809759508e+03 6.602148437500000000e+01 8.224676251411437988e-01
1.330408489454524897e+03 6.651751708984375000e+01 8.208291530609130859e-01
1.330429323098941950e+03 6.740649414062500000e+01 8.214802742004394531e-01
1.330450156743243042e+03 6.827728271484375000e+01 8.212643265724182129e-01
1.330470990387194888e+03 6.730969238281250000e+01 8.207005858421325684e-01
1.330491824031028955e+03 6.875817871093750000e+01 8.217914700508117676e-01
1.330512657674514003e+03 6.650347900390625000e+01 8.212047219276428223e-01
1.330533491317766902e+03 6.847314453125000000e+01 8.237175345420837402e-01
1.330554324960786971e+03 6.688671875000000000e+01 8.233249187469482422e-01
1.330575158603573982e+03 6.686633300781250000e+01 8.241743445396423340e-01
1.330595992246127935e+03 6.633465576171875000e+01 8.269920349121093750e-01
1.330616825888332642e+03 6.655566406250000000e+01 8.259071111679077148e-01
1.330637659530420933e+03 6.655487060546875000e+01 8.263298869132995605e-01
1.330658493172159979e+03 6.700317382812500000e+01 8.262512087821960449e-01
1.330679326813667103e+03 6.767645263671875000e+01 8.268384337425231934e-01
1.330700160455056903e+03 6.589904785156250000e+01 8.255081772804260254e-01
1.330720994096097456e+03 6.667773437500000000e+01 8.264408111572265625e-01
1.330741827736904952e+03 6.730480957031250000e+01 8.259851932525634766e-01
1.330762661377363656e+03 6.691210937500000000e+01 8.250952959060668945e-01
1.330783495017706628e+03 6.599633789062500000e+01 8.254662752151489258e-01
1.330804328657699443e+03 6.649401855468750000e+01 8.241742849349975586e-01
1.330825162297576071e+03 6.649121093750000000e+01 8.242340683937072754e-01
1.330845995937103908e+03 6.698834228515625000e+01 8.253836631774902344e-01
1.330866829576398004e+03 6.780871582031250000e+01 8.242764472961425781e-01
1.330887663215459497e+03 6.680291748046875000e+01 8.226597309112548828e-01
1.330908496854288842e+03 6.655761718750000000e+01 8.218389153480529785e-01
1.330929330492884901e+03 6.687817382812500000e+01 8.208460807800292969e-01
1.330950164131130805e+03 6.675048828125000000e+01 8.200819492340087891e-01
1.330970997769145015e+03 6.775189208984375000e+01 8.201542496681213379e-01
1.330991831407041900e+03 6.561248779296875000e+01 8.205975294113159180e-01
1.331012665044590449e+03 6.651947021484375000e+01 8.187437653541564941e-01
1.331033498681790888e+03 6.711151123046875000e+01 8.171332478523254395e-01
1.331054332318873094e+03 6.743487548828125000e+01 8.181026577949523926e-01
1.331075165955722468e+03 6.854119873046875000e+01 8.182116746902465820e-01
1.331095999592222597e+03 6.730749511718750000e+01 8.180578947067260742e-01
1.331116833228489895e+03 6.632025146484375000e+01 8.167594075202941895e-01
1.331137666864525045e+03 6.707739257812500000e+01 8.173475265502929688e-01
1.331158500500328046e+03 6.656958007812500000e+01 8.171097636222839355e-01
1.331179334135897079e+03 6.648352050781250000e+01 8.178798556327819824e-01
1.331200167771233509e+03 6.630059814453125000e+01 8.171490430831909180e-01
1.331221001406220012e+03 6.646624755859375000e+01 8.172442317008972168e-01
1.331241835040975047e+03 6.662713623046875000e+01 8.186023831367492676e-01
1.331262668675497025e+03 6.816528320312500000e+01 8.174364566802978516e-01
1.331283502309785035e+03 6.767645263671875000e+01 8.161532878875732422e-01
1.331304335943839988e+03 6.775708007812500000e+01 8.156157135963439941e-01
1.331325169577547513e+03 6.509277343750000000e+01 8.130440115928649902e-01
1.331346003211137486e+03 6.637500000000000000e+01 8.120682239532470703e-01
1.331366836844378440e+03 6.705169677734375000e+01 8.127467632293701172e-01
1.331387670477387019e+03 6.718298339843750000e+01 8.111075758934020996e-01
1.331408504110044987e+03 6.672021484375000000e+01 8.100777864456176758e-01
1.331429337742587904e+03 6.646307373046875000e+01 8.100285530090332031e-01
1.331450171374780894e+03 6.509332275390625000e+01 8.097156882286071777e-01
1.331471005006741052e+03 6.669897460937500000e+01 8.096864223480224609e-01
1.331491838638469062e+03 6.679205322265625000e+01 8.096081614494323730e-01
1.331512672269964014e+03 6.651452636718750000e+01 8.098322153091430664e-01
1.331533505901225453e+03 6.599438476562500000e+01 8.120634555816650391e-01
1.331554339532138101e+03 6.561145019531250000e+01 8.121019005775451660e-01
1.331575173162817919e+03 6.785632324218750000e+01 8.134579658508300781e-01
1.331596006793264905e+03 6.540283203125000000e+01 8.137208819389343262e-01
1.331616840423479971e+03 6.644915771484375000e+01 8.140771985054016113e-01
1.331637674053344654e+03 6.613629150390625000e+01 8.182356357574462891e-01
1.331658507682976051e+03 6.483380126953125000e+01 8.151337504386901855e-01
1.331679341312375982e+03 6.673162841796875000e+01 8.160425424575805664e-01
1.331700174941541491e+03 6.540716552734375000e+01 8.187013864517211914e-01
1.331721008570475533e+03 6.703485107421875000e+01 8.161615133285522461e-01
1.331741842199060102e+03 6.615808105468750000e+01 8.157659769058227539e-01
1.331762675827410931e+03 6.702777099609375000e+01 8.159744739532470703e-01
1.331783509455530520e+03 6.606433105468750000e+01 8.147912621498107910e-01
1.331804343083415915e+03 6.631555175781250000e+01 8.149011135101318359e-01
1.331825176710952064e+03 6.659606933593750000e+01 8.150795102119445801e-01
1.331846010338372935e+03 6.702197265625000000e+01 8.156847357749938965e-01
1.331866843965444104e+03 6.564233398437500000e+01 8.155701160430908203e-01
1.331887677592166028e+03 6.618127441406250000e+01 8.139243125915527344e-01
1.331908511218770855e+03 6.591906738281250000e+01 8.134628534317016602e-01
1.331929344845026435e+03 6.714678955078125000e+01 8.135160207748413086e-01
1.331950178471050094e+03 6.572662353515625000e+01 8.158372044563293457e-01
1.331971012096840923e+03 6.638195800781250000e+01 8.126612901687622070e-01
1.331991845722398921e+03 6.623815917968750000e+01 8.124005794525146484e-01
1.332012679347606536e+03 6.797216796875000000e+01 8.132810592651367188e-01
1.332033512972582002e+03 6.714544677734375000e+01 8.119262456893920898e-01
1.332054346597324184e+03 6.645172119140625000e+01 8.117357492446899414e-01
1.332075180221717346e+03 6.722930908203125000e+01 8.126193284988403320e-01
1.332096013845879042e+03 6.558630371093750000e+01 8.111075162887573242e-01
1.332116847469806544e+03 6.674291992187500000e+01 8.127924203872680664e-01
1.332137681093500987e+03 6.466186523437500000e+01 8.120831251144409180e-01
1.332158514716963055e+03 6.553509521484375000e+01 8.137137293815612793e-01
1.332179348340074966e+03 6.541857910156250000e+01 8.120812773704528809e-01
1.332200181962956549e+03 6.579656982421875000e+01 8.136019110679626465e-01
1.332221015585487521e+03 6.681402587890625000e+01 8.134502768516540527e-01
1.332241849207900941e+03 6.584320068359375000e+01 8.131797909736633301e-01
1.332262682829965797e+03 6.635803222656250000e+01 8.142284750938415527e-01
1.332283516451798050e+03 6.599926757812500000e+01 8.117993474006652832e-01
1.332304350084807083e+03 6.467260742187500000e+01 8.112506270408630371e-01
1.332325183706057487e+03 6.615496826171875000e+01 8.096606731414794922e-01
1.332346017327074605e+03 6.502600097656250000e+01 8.120917081832885742e-01
1.332366850947858893e+03 6.550317382812500000e+01 8.077744245529174805e-01
1.332387684568294389e+03 6.650988769531250000e+01 8.071592450141906738e-01
1.332408518188495918e+03 6.446636962890625000e+01 8.068199753761291504e-01
1.332429351808465981e+03 6.611755371093750000e+01 8.068057298660278320e-01
1.332450185428087025e+03 6.551367187500000000e+01 8.055313229560852051e-01
1.332471019047590971e+03 6.606964111328125000e+01 8.068315982818603516e-01
1.332491852666745444e+03 6.636639404296875000e+01 8.063856363296508789e-01
1.332512686285550899e+03 6.727813720703125000e+01 8.082162737846374512e-01
1.332533519904123978e+03 6.650982666015625000e+01 8.083782792091369629e-01
1.332554353522463998e+03 6.527215576171875000e+01 8.085638880729675293e-01
1.332575187140570961e+03 6.618402099609375000e+01 8.097031116485595703e-01
1.332596020758444865e+03 6.578283691406250000e+01 8.105173110961914062e-01
1.332616854375969069e+03 6.762872314453125000e+01 8.120363950729370117e-01
1.332637687993144937e+03 6.587902832031250000e+01 8.115682601928710938e-01
1.332658521610205071e+03 6.521594238281250000e+01 8.124046921730041504e-01
1.332679355226915050e+03 6.753222656250000000e+01 8.132475018501281738e-01
1.332700188843392425e+03 6.592370605468750000e+01 8.130543828010559082e-01
1.332721022459520100e+03 6.491571044921875000e+01 8.117103576660156250e-01
1.332741856075414944e+03 6.496533203125000000e+01 8.123884201049804688e-01
1.332762689691076503e+03 6.725482177734375000e+01 8.122410774230957031e-01
1.332783523306390180e+03 6.577722167968750000e+01 8.117911219596862793e-01
1.332804356921587441e+03 6.713421630859375000e+01 8.119539022445678711e-01
1.332825190536318587e+03 6.745349121093750000e+01 8.115037083625793457e-01
1.332866857765197892e+03 6.607702636718750000e+01 8.105188608169555664e-01
1.332887691379230091e+03 6.564965820312500000e+01 8.097286820411682129e-01
1.332908524992913499e+03 6.580364990234375000e+01 8.096954822540283203e-01
1.332929358606364076e+03 6.510729980468750000e+01 8.088670969009399414e-01
1.332950192219580913e+03 6.547979736328125000e+01 8.112876415252685547e-01
1.332971025832450096e+03 6.527355957031250000e+01 8.089945912361145020e-01
1.332991859445085083e+03 6.605676269531250000e+01 8.096482157707214355e-01
1.333012693057487468e+03 6.736578369140625000e+01 8.087697625160217285e-01
1.333033526669541970e+03 6.422125244140625000e+01 8.079509139060974121e-01
1.333054360281362506e+03 6.537591552734375000e+01 8.085267543792724609e-01
1.333075193892833113e+03 6.667962646484375000e+01 8.084475398063659668e-01
1.333096027504188442e+03 6.709606933593750000e+01 8.086400628089904785e-01
1.333116861115077427e+03 6.611303710937500000e+01 8.089908361434936523e-01
1.333137694725850452e+03 6.671301269531250000e+01 8.095569610595703125e-01
1.333158528336274912e+03 6.604101562500000000e+01 8.104470968246459961e-01
1.333179361946465633e+03 6.543823242187500000e+01 8.095685243606567383e-01
1.333200195556306426e+03 6.557781982421875000e+01 8.100938200950622559e-01
1.333221029165914842e+03 6.630780029296875000e+01 8.108294606208801270e-01
1.333241862775174013e+03 6.609289550781250000e+01 8.116121888160705566e-01
1.333262696384201490e+03 6.694335937500000000e+01 8.106476068496704102e-01
1.333283529992995454e+03 6.511041259765625000e+01 8.093768358230590820e-01
1.333304363601439945e+03 6.550299072265625000e+01 8.089402914047241211e-01
1.333325197209652060e+03 6.480072021484375000e+01 8.070559501647949219e-01
1.333346030817629980e+03 6.688922119140625000e+01 8.071451783180236816e-01
1.333366864425260019e+03 6.514691162109375000e+01 8.056707382202148438e-01
1.333387698032541039e+03 6.578045654296875000e+01 8.047867417335510254e-01
1.333408531639704961e+03 6.570452880859375000e+01 8.046013712882995605e-01
1.333429365246518955e+03 6.639208984375000000e+01 8.034200668334960938e-01
1.333450198852985068e+03 6.578527832031250000e+01 8.034644126892089844e-01
1.333471032459216985e+03 6.609710693359375000e+01 8.043391704559326172e-01
1.333491866065217437e+03 6.611840820312500000e+01 8.034108877182006836e-01
1.333512699670869097e+03 6.660296630859375000e+01 8.044161796569824219e-01
1.333533533276169464e+03 6.679260253906250000e+01 8.057532906532287598e-01
1.333554366881354099e+03 6.686035156250000000e+01 8.062117695808410645e-01
1.333575200486189942e+03 6.773657226562500000e+01 8.070247173309326172e-01
1.333596034090675857e+03 6.557025146484375000e+01 8.069963455200195312e-01
1.333616867694930079e+03 6.392431640625000000e+01 8.070777058601379395e-01
1.333637701298951924e+03 6.571380615234375000e+01 8.079722523689270020e-01
1.333658534902623160e+03 6.424176025390625000e+01 8.091126680374145508e-01
1.333679368505944922e+03 6.575634765625000000e+01 8.094118833541870117e-01
1.333700202109034535e+03 6.594976806640625000e+01 8.111253380775451660e-01
1.333721035711891091e+03 6.555889892578125000e+01 8.086397647857666016e-01
1.333741869314399082e+03 6.633795166015625000e+01 8.095639944076538086e-01
1.333762702916674016e+03 6.643945312500000000e+01 8.083289861679077148e-01
1.333783536518714982e+03 6.606512451171875000e+01 8.076004981994628906e-01
1.333804370120290969e+03 6.587823486328125000e+01 8.082987070083618164e-01
1.333825203721750540e+03 6.527233886718750000e+01 8.077000379562377930e-01
1.333846037322861093e+03 6.602813720703125000e+01 8.087865710258483887e-01
1.333866870923622628e+03 6.672192382812500000e+01 8.066502809524536133e-01
1.333887704524151104e+03 6.621289062500000000e+01 8.066875338554382324e-01
1.333908538124445840e+03 6.574383544921875000e+01 8.055731654167175293e-01
1.333929371724276052e+03 6.704174804687500000e+01 8.075985312461853027e-01
1.333950205323988939e+03 6.557562255859375000e+01 8.051123619079589844e-01
1.333971038923353944e+03 6.483038330078125000e+01 8.049986362457275391e-01
1.333991872522369022e+03 6.629351806640625000e+01 8.047900199890136719e-01
1.334012706121151041e+03 6.650976562500000000e+01 8.041421771049499512e-01
1.334033539719700002e+03 6.668267822265625000e+01 8.048138022422790527e-01
1.334054373317899945e+03 6.662951660156250000e+01 8.042637109756469727e-01
1.334075206915750641e+03 6.650421142578125000e+01 8.041847944259643555e-01
1.334096040513368962e+03 6.635583496093750000e+01 8.039314746856689453e-01
1.334116874110753997e+03 6.587219238281250000e+01 8.045119047164916992e-01
1.334137707707674053e+03 6.523199462890625000e+01 8.036652803421020508e-01
1.334158541304476557e+03 6.724578857421875000e+01 8.050838112831115723e-01
1.334179374900930043e+03 6.262322998046875000e+01 8.038050532341003418e-01
1.334200208497035419e+03 6.502661132812500000e+01 8.042318820953369141e-01
1.334221042092907965e+03 6.444915771484375000e+01 8.060763478279113770e-01
1.334241875688429900e+03 6.571130371093750000e+01 8.041363358497619629e-01
1.334262709283603044e+03 6.689550781250000000e+01 8.042048811912536621e-01
1.334283542878542903e+03 6.751654052734375000e+01 8.041999340057373047e-01
1.334304376473250613e+03 6.573565673828125000e+01 8.031468987464904785e-01
1.334325210067609078e+03 6.631176757812500000e+01 8.028727173805236816e-01
1.334346043661618978e+03 6.512835693359375000e+01 8.026413917541503906e-01
1.334366877255395138e+03 6.500311279296875000e+01 8.002505898475646973e-01
1.334387710848820916e+03 6.606597900390625000e+01 8.000180125236511230e-01
1.334408544442015909e+03 6.579565429687500000e+01 7.986794710159301758e-01
1.334429378034859837e+03 6.520153808593750000e+01 7.984935045242309570e-01
1.334450211627472527e+03 6.658831787109375000e+01 7.996149659156799316e-01
1.334471045219735970e+03 6.678753662109375000e+01 7.981028556823730469e-01
1.334491878811649940e+03 6.671545410156250000e+01 7.982956767082214355e-01
1.334512712403330625e+03 6.672546386718750000e+01 7.985758781433105469e-01
1.334533545994662063e+03 6.631909179687500000e+01 7.981065511703491211e-01
1.334554379585644483e+03 6.653936767578125000e+01 7.988012433052062988e-01
1.334575213176394527e+03 6.561413574218750000e+01 7.998995780944824219e-01
1.334596046766793961e+03 6.509564208984375000e+01 7.987911105155944824e-01
1.334616880356961929e+03 6.600695800781250000e+01 7.987082004547119141e-01
1.334637713946779513e+03 6.551843261718750000e+01 7.993422150611877441e-01
1.334658547536364495e+03 6.575592041015625000e+01 8.005929589271545410e-01
1.334679381125485179e+03 6.534490966796875000e+01 7.988200187683105469e-01
1.334700214714488993e+03 6.530499267578125000e+01 7.987763881683349609e-01
1.334721048303026009e+03 6.599310302734375000e+01 7.982912063598632812e-01
1.334741881891329967e+03 6.492388916015625000e+01 7.976220250129699707e-01
1.334762715479286044e+03 6.711505126953125000e+01 7.981764078140258789e-01
1.334783549067008607e+03 6.741308593750000000e+01 7.967205643653869629e-01
1.334804382654382152e+03 6.645312500000000000e+01 7.973541021347045898e-01
1.334825216241406906e+03 6.580181884765625000e+01 7.952403426170349121e-01
1.334846049828081959e+03 6.664624023437500000e+01 7.971826791763305664e-01
1.334866883414524182e+03 6.732165527343750000e+01 7.955269813537597656e-01
1.334887717000616021e+03 6.651330566406250000e+01 7.951877713203430176e-01
1.334908550586477531e+03 6.610064697265625000e+01 7.933654785156250000e-01
1.334929384171988204e+03 6.703295898437500000e+01 7.938952445983886719e-01
1.334950217757148948e+03 6.543292236328125000e+01 7.926738858222961426e-01
1.334971051341962038e+03 6.581091308593750000e+01 7.930774092674255371e-01
1.334991884926540934e+03 6.596112060546875000e+01 7.921240329742431641e-01
1.335012718510770810e+03 6.564520263671875000e+01 7.918010354042053223e-01
1.335033552094652350e+03 6.536407470703125000e+01 7.916221022605895996e-01
1.335054385678301514e+03 6.484735107421875000e+01 7.905279994010925293e-01
1.335075219261483653e+03 6.617541503906250000e+01 7.926990985870361328e-01
1.335096052844548922e+03 6.653125000000000000e+01 7.926244735717773438e-01
1.335116886427149439e+03 6.623394775390625000e+01 7.912267446517944336e-01
1.335137720009516897e+03 6.719421386718750000e+01 7.911885380744934082e-01
1.335158553591419604e+03 6.570227050781250000e+01 7.907696366310119629e-01
1.335179387173089026e+03 6.595007324218750000e+01 7.897351980209350586e-01
1.335200220754524935e+03 6.539337158203125000e+01 7.885577082633972168e-01
1.335221054335496092e+03 6.656890869140625000e+01 7.889341711997985840e-01
1.335241887916233509e+03 6.707922363281250000e+01 7.910171151161193848e-01
1.335262721496622362e+03 6.667968750000000000e+01 7.876232862472534180e-01
1.335283555076661969e+03 6.443603515625000000e+01 7.874697446823120117e-01
1.335304388656467836e+03 6.508428955078125000e+01 7.859746217727661133e-01
1.335325222235808496e+03 6.637329101562500000e+01 7.851650118827819824e-01
1.335366889393675592e+03 6.716345214843750000e+01 7.837753295898437500e-01
1.335387722972084930e+03 6.484997558593750000e+01 7.823385000228881836e-01
1.335408556550261892e+03 6.458276367187500000e+01 7.818800210952758789e-01
1.335429390127972965e+03 6.529821777343750000e+01 7.808445692062377930e-01
1.335450223705450981e+03 6.607501220703125000e+01 7.809537053108215332e-01
1.335471057282580205e+03 6.513830566406250000e+01 7.802036404609680176e-01
1.335491890859359046e+03 6.517620849609375000e+01 7.802992463111877441e-01
1.335512724435790460e+03 6.525787353515625000e+01 7.803841233253479004e-01
1.335533558011871946e+03 6.642712402343750000e+01 7.794036865234375000e-01
1.335554391587604186e+03 6.617883300781250000e+01 7.811016440391540527e-01
1.335575225163102459e+03 6.567315673828125000e+01 7.801535129547119141e-01
1.335596058738135980e+03 6.624005126953125000e+01 7.860442399978637695e-01
1.335616892312936898e+03 6.750933837890625000e+01 7.791063785552978516e-01
1.335637725887387887e+03 6.579541015625000000e+01 7.772309780120849609e-01
1.335658559461490995e+03 6.630749511718750000e+01 7.784727215766906738e-01
1.335679393035243947e+03 6.600897216796875000e+01 7.791545391082763672e-01
1.335700226608646972e+03 6.437673950195312500e+01 7.762054204940795898e-01
1.335721060181700977e+03 6.646939086914062500e+01 7.790035605430603027e-01
1.335741893754406647e+03 6.724148559570312500e+01 7.774765491485595703e-01
1.335762727326763525e+03 6.699353027343750000e+01 7.779235839843750000e-01
1.335783560898769565e+03 6.553350830078125000e+01 7.769097685813903809e-01
1.335804394470543002e+03 6.675698852539062500e+01 7.773953676223754883e-01
1.335825228041851005e+03 6.617803955078125000e+01 7.776366472244262695e-01
1.335846061612809990e+03 6.632928466796875000e+01 7.762467861175537109e-01
1.335866895183536599e+03 6.587286376953125000e+01 7.760423421859741211e-01
1.335887728753797091e+03 6.609179687500000000e+01 7.776339650154113770e-01
1.335908562323824981e+03 6.682641601562500000e+01 7.775319814682006836e-01
1.335929395893386982e+03 6.484497070312500000e+01 7.756299972534179688e-01
1.335950229462599054e+03 6.544363403320312500e+01 7.765396237373352051e-01
1.335971063031462563e+03 6.487487792968750000e+01 7.783979773521423340e-01
1.335991896600093924e+03 6.671951293945312500e+01 7.769811153411865234e-01
1.336012730168258940e+03 6.623632812500000000e+01 7.767850160598754883e-01
1.336033563736074939e+03 6.674511718750000000e+01 7.769253253936767578e-01
1.336054397303541009e+03 6.633108520507812500e+01 7.764220237731933594e-01
1.336075230870658061e+03 6.616165161132812500e+01 7.755798697471618652e-01
1.336096064437426548e+03 6.614318847656250000e+01 7.789171338081359863e-01
1.336116898003846018e+03 6.633621215820312500e+01 7.760790586471557617e-01
1.336137731569798461e+03 6.574182128906250000e+01 7.763791680335998535e-01
1.336158565135518529e+03 6.740136718750000000e+01 7.761099338531494141e-01
1.336179398700890033e+03 6.608496093750000000e+01 7.759304046630859375e-01
1.336200232265794966e+03 6.679031372070312500e+01 7.772955298423767090e-01
1.336221065830351108e+03 6.578439331054687500e+01 7.763234376907348633e-01
1.336241899394558004e+03 6.582556152343750000e+01 7.757064700126647949e-01
1.336262732958416109e+03 6.609918212890625000e+01 7.760729193687438965e-01
1.336283566521808098e+03 6.608303833007812500e+01 7.770103216171264648e-01
1.336304400084966801e+03 6.506863403320312500e+01 7.760095596313476562e-01
1.336325233647660525e+03 6.703201293945312500e+01 7.766467332839965820e-01
1.336346067210005458e+03 6.681478881835937500e+01 7.766450047492980957e-01
1.336366900772000463e+03 6.527709960937500000e+01 7.783208489418029785e-01
1.336387734333645994e+03 6.581610107421875000e+01 7.769382596015930176e-01
1.336408567894825865e+03 6.490405273437500000e+01 7.758290767669677734e-01
1.336429401455656034e+03 6.623236083984375000e+01 7.761040925979614258e-01
1.336450235016138549e+03 6.711730957031250000e+01 7.774921655654907227e-01
1.336471068576271591e+03 6.618640136718750000e+01 7.786347866058349609e-01
1.336491902135937380e+03 6.626211547851562500e+01 7.766571640968322754e-01
1.336512735695254378e+03 6.478894042968750000e+01 7.755919694900512695e-01
1.336533569254223039e+03 6.644702148437500000e+01 7.771071791648864746e-01
1.336554402812725584e+03 6.654626464843750000e+01 7.761844992637634277e-01
1.336575236370879566e+03 6.602371215820312500e+01 7.760553956031799316e-01
1.336596069928567431e+03 6.661547851562500000e+01 7.762809395790100098e-01
1.336616903486021556e+03 6.616485595703125000e+01 7.766647934913635254e-01
1.336637737042894059e+03 6.609991455078125000e+01 7.770419120788574219e-01
1.336658570599533959e+03 6.649975585937500000e+01 7.764216065406799316e-01
1.336679404155709108e+03 6.612530517578125000e+01 7.764624357223510742e-01
1.336700237711534101e+03 6.603250122070312500e+01 7.759984135627746582e-01
1.336721071266892977e+03 6.705804443359375000e+01 7.762780189514160156e-01
1.336741904821903063e+03 6.544494628906250000e+01 7.764953374862670898e-01
1.336762738376447942e+03 6.506518554687500000e+01 7.768449187278747559e-01
1.336783571930642438e+03 6.518161010742187500e+01 7.756812572479248047e-01
1.336804405484372637e+03 6.520660400390625000e+01 7.763413786888122559e-01
1.336825239037752908e+03 6.574285888671875000e+01 7.757795453071594238e-01
1.336846072590667973e+03 6.694927978515625000e+01 7.770464420318603516e-01
1.336866906143233109e+03 6.643399047851562500e+01 7.765218615531921387e-01
1.336887739695332584e+03 6.657235717773437500e+01 7.766494154930114746e-01
1.336908573247081904e+03 6.531408691406250000e+01 7.765161395072937012e-01
1.336929406798367836e+03 6.600216674804687500e+01 7.757736444473266602e-01
1.336950240349188107e+03 6.468557739257812500e+01 7.760895490646362305e-01
1.336971073899657995e+03 6.648626708984375000e+01 7.767850160598754883e-01
1.336991907449661539e+03 6.586538696289062500e+01 7.766404747962951660e-01
1.337012740999316065e+03 6.655664062500000000e+01 7.786957025527954102e-01
1.337033574548505840e+03 6.614849853515625000e+01 7.763332128524780273e-01
1.337054408097229953e+03 6.618701171875000000e+01 7.767762541770935059e-01
1.337075241645487949e+03 6.498736572265625000e+01 7.763031721115112305e-01
1.337096075193396473e+03 6.473553466796875000e+01 7.764269113540649414e-01
1.337116908740839108e+03 6.556530761718750000e+01 7.769546508789062500e-01
1.337137742287932952e+03 6.690057373046875000e+01 7.797214984893798828e-01
1.337158575834445401e+03 6.631637573242187500e+01 7.766567468643188477e-01
1.337179409380609059e+03 6.708779907226562500e+01 7.763847112655639648e-01
1.337200242926305009e+03 6.579486083984375000e+01 7.771240472793579102e-01
1.337221076471535980e+03 6.657910156250000000e+01 7.803225517272949219e-01
1.337241910016417933e+03 6.560949707031250000e+01 7.761988639831542969e-01
1.337262743560718036e+03 6.627099609375000000e+01 7.762033939361572266e-01
1.337283577104668893e+03 6.647311401367187500e+01 7.779924869537353516e-01
1.337304410648038356e+03 6.734793090820312500e+01 7.769987583160400391e-01
1.337325244191057436e+03 6.623065185546875000e+01 7.783033251762390137e-01
1.337346077733609945e+03 6.613214111328125000e+01 7.761207818984985352e-01
1.337366911275697930e+03 6.492291259765625000e+01 7.753889560699462891e-01
1.337387744817320936e+03 6.612991333007812500e+01 7.762008905410766602e-01
1.337408578358478508e+03 6.651367187500000000e+01 7.764741778373718262e-01
1.337429411899169509e+03 6.600729370117187500e+01 7.769156694412231445e-01
1.337450245439393939e+03 6.540704345703125000e+01 7.761116623878479004e-01
1.337471078979154072e+03 6.673464965820312500e+01 7.778823971748352051e-01
1.337491912518448089e+03 6.477203369140625000e+01 7.766180634498596191e-01
1.337512746057277127e+03 6.559729003906250000e+01 7.770645618438720703e-01
1.337533579595524088e+03 6.546389770507812500e+01 7.760334014892578125e-01
1.337554413133420439e+03 6.535144042968750000e+01 7.762989401817321777e-01
1.337575246670734941e+03 6.623583984375000000e+01 7.767596840858459473e-01
1.337596080207701107e+03 6.650790405273437500e+01 7.769832611083984375e-01
1.337616913744084968e+03 6.525103759765625000e+01 7.769573330879211426e-01
1.337637747280003623e+03 6.604797363281250000e+01 7.772190570831298828e-01
1.337658580815339064e+03 6.670956420898437500e+01 7.782636880874633789e-01
1.337679414350325033e+03 6.576858520507812500e+01 7.765504121780395508e-01
1.337700247884730061e+03 6.495339965820312500e+01 7.765837907791137695e-01
1.337721081418668973e+03 6.569897460937500000e+01 7.764689922332763672e-01
1.337741914952142452e+03 6.630676269531250000e+01 7.782989144325256348e-01
1.337762748485034535e+03 6.529364013671875000e+01 7.759869694709777832e-01
1.337783582017460049e+03 6.536798095703125000e+01 7.767983675003051758e-01
1.337804415549418991e+03 6.683489990234375000e+01 7.771708965301513672e-01
1.337825249080796993e+03 6.541921997070312500e+01 7.773343324661254883e-01
1.337866916142156470e+03 6.538681030273437500e+01 7.766526341438293457e-01
1.337887749672021982e+03 6.433041381835937500e+01 7.765746116638183594e-01
1.337908583201420015e+03 6.525000000000000000e+01 7.770393490791320801e-01
1.337929416730235971e+03 6.644049072265625000e+01 7.782202363014221191e-01
1.337950250258586948e+03 6.555532836914062500e+01 7.765288949012756348e-01
1.337971083786472036e+03 6.490982055664062500e+01 7.758584022521972656e-01
1.337991917313776412e+03 6.530490112304687500e+01 7.762945294380187988e-01
1.338012750840614899e+03 6.548757934570312500e+01 7.768049240112304688e-01
1.338033584366869945e+03 6.601089477539062500e+01 7.771528959274291992e-01
1.338054417892659558e+03 6.655621337890625000e+01 7.795350551605224609e-01
1.338075251417867094e+03 6.541830444335937500e+01 7.764916419982910156e-01
1.338096084942608968e+03 6.393768310546875000e+01 7.758583426475524902e-01
1.338116918466769448e+03 6.652130126953125000e+01 7.776070237159729004e-01
1.338137751990464949e+03 6.658526611328125000e+01 7.772603034973144531e-01
1.338158585513694106e+03 6.650119018554687500e+01 7.771515250205993652e-01
1.338179419036339823e+03 6.433978271484375000e+01 7.784586548805236816e-01
1.338200252558520106e+03 6.526904296875000000e+01 7.762836813926696777e-01
1.338221086080119449e+03 6.501803588867187500e+01 7.764369249343872070e-01
1.338241919601254040e+03 6.643933105468750000e+01 7.772669792175292969e-01
1.338262753121920923e+03 6.460226440429687500e+01 7.764124274253845215e-01
1.338283586642007094e+03 6.551391601562500000e+01 7.781790494918823242e-01
1.338304420161626922e+03 6.560708618164062500e+01 7.763147950172424316e-01
1.338325253680663991e+03 6.578738403320312500e+01 7.775441408157348633e-01
1.338346087199352496e+03 6.624838256835937500e+01 7.771943807601928711e-01
1.338366920717460061e+03 6.593096923828125000e+01 7.770619392395019531e-01
1.338387754235101056e+03 6.574795532226562500e+01 7.772629857063293457e-01
1.338408587752391895e+03 6.704107666015625000e+01 7.782493829727172852e-01
1.338429421269102022e+03 6.431634521484375000e+01 7.779101729393005371e-01
1.338450254785346033e+03 6.629446411132812500e+01 7.779477238655090332e-01
1.338471088301124382e+03 6.637219238281250000e+01 7.784937620162963867e-01
1.338491921816553486e+03 6.646023559570312500e+01 7.776581645011901855e-01
1.338512755331516473e+03 6.577236938476562500e+01 7.765869498252868652e-01
1.339679432198840004e+03 6.708227539062500000e+01 7.771259546279907227e-01
1.339700265725814461e+03 6.734442138671875000e+01 7.778126597404479980e-01
1.339721099253489001e+03 6.760092163085937500e+01 7.772322297096252441e-01
1.339741932781511423e+03 6.596951293945312500e+01 7.783213853836059570e-01
1.339762766310116604e+03 6.694238281250000000e+01 7.772658467292785645e-01
1.339783599839186991e+03 6.682626342773437500e+01 7.778720259666442871e-01
1.339804433368723949e+03 6.662100219726562500e+01 7.777566909790039062e-01
1.339825266898725431e+03 6.633740234375000000e+01 7.784400582313537598e-01
1.339846100429192575e+03 6.599932861328125000e+01 7.786038517951965332e-01
1.339866933960010101e+03 6.607821655273437500e+01 7.791110277175903320e-01
1.339887767491291925e+03 6.798376464843750000e+01 7.818541526794433594e-01
1.339908601022922994e+03 6.502355957031250000e+01 7.820239067077636719e-01
1.339929434554903992e+03 6.593298339843750000e+01 7.845165133476257324e-01
1.339950268087351105e+03 6.741058349609375000e+01 7.870666384696960449e-01
1.339971101620030367e+03 6.663562011718750000e+01 7.886642217636108398e-01
1.339991935153175064e+03 6.570739746093750000e+01 7.892485857009887695e-01
1.340012768686553045e+03 6.445214843750000000e+01 7.904203534126281738e-01
1.340033602220164539e+03 6.541717529296875000e+01 7.917804718017578125e-01
1.340054435754124370e+03 6.520202636718750000e+01 7.931714653968811035e-01
1.340075269288433901e+03 6.562207031250000000e+01 8.129239678382873535e-01
1.340096102822860075e+03 6.639135742187500000e+01 7.972490191459655762e-01
1.340116936357634586e+03 6.597534179687500000e+01 7.974930405616760254e-01
1.340137769892641927e+03 6.567065429687500000e+01 7.985454201698303223e-01
1.340158603427883008e+03 6.380145263671875000e+01 7.991969585418701172e-01
1.340179436963240505e+03 6.534289550781250000e+01 8.028917908668518066e-01
1.340200270498829923e+03 6.616308593750000000e+01 8.040491938591003418e-01
1.340221104034651944e+03 6.455603027343750000e+01 8.054703474044799805e-01
1.340241937570591062e+03 6.496868896484375000e+01 8.090496063232421875e-01
1.340262771106762557e+03 6.633898925781250000e+01 8.096944093704223633e-01
1.340283604643050467e+03 6.448626708984375000e+01 8.114606142044067383e-01
1.340304438179456156e+03 6.498059082031250000e+01 8.135682344436645508e-01
1.340325271715977578e+03 6.487091064453125000e+01 8.152480125427246094e-01
1.340346105252614507e+03 6.576861572265625000e+01 8.176796436309814453e-01
1.340366938789368987e+03 6.457501220703125000e+01 8.181453347206115723e-01
1.340387772326239428e+03 6.622357177734375000e+01 8.210844993591308594e-01
1.340408605863109642e+03 6.398400878906250000e+01 8.205340504646301270e-01
1.340429439400097181e+03 6.565942382812500000e+01 8.240615725517272949e-01
1.340450272937200452e+03 6.512109375000000000e+01 8.252535462379455566e-01
1.340471106474303497e+03 6.605334472656250000e+01 8.280670642852783203e-01
1.340491940011522956e+03 6.504565429687500000e+01 8.310161232948303223e-01
1.340512773548743098e+03 6.481890869140625000e+01 8.332116603851318359e-01
1.340533607086078973e+03 6.661779785156250000e+01 8.387507200241088867e-01
1.340554440623298433e+03 6.471588134765625000e+01 8.375194072723388672e-01
1.340575274160634990e+03 6.679693603515625000e+01 8.395252227783203125e-01
1.340596107697971547e+03 6.607128906250000000e+01 8.417733907699584961e-01
1.340616941235306967e+03 6.497827148437500000e+01 8.412542939186096191e-01
1.340637774772643070e+03 6.472705078125000000e+01 8.403072357177734375e-01
1.340658608309862529e+03 6.586804199218750000e+01 8.413187861442565918e-01
1.340679441847197950e+03 6.524426269531250000e+01 8.406631946563720703e-01
1.340700275384533597e+03 6.628875732421875000e+01 8.422308564186096191e-01
1.340721108921753967e+03 6.647894287109375000e+01 8.427661061286926270e-01
1.340741942458973426e+03 6.662854003906250000e+01 8.445585966110229492e-01
1.340762775996076925e+03 6.589660644531250000e+01 8.458703756332397461e-01
1.340783609533295930e+03 6.571160888671875000e+01 8.483497500419616699e-01
1.340804443070399884e+03 6.546789550781250000e+01 8.512786030769348145e-01
1.340825276607386968e+03 6.656567382812500000e+01 8.527792692184448242e-01
1.340846110144373597e+03 6.487371826171875000e+01 8.540285229682922363e-01
1.340866943681243811e+03 6.657983398437500000e+01 8.533225655555725098e-01
1.340887777218114934e+03 6.559301757812500000e+01 8.538167476654052734e-01
1.340908610754752090e+03 6.559515380859375000e+01 8.528885245323181152e-01
1.340929444291505433e+03 6.563208007812500000e+01 8.521628975868225098e-01
1.340950277828027083e+03 6.605438232421875000e+01 8.520904183387756348e-01
1.340971111364548960e+03 6.496765136718750000e+01 8.503865599632263184e-01
1.340991944900953513e+03 6.589056396484375000e+01 8.503670096397399902e-01
1.341012778437242105e+03 6.493212890625000000e+01 8.507819771766662598e-01
1.341033611973530924e+03 6.499157714843750000e+01 8.526092767715454102e-01
1.341054445509586003e+03 6.605310058593750000e+01 8.546146750450134277e-01
1.341075279045524439e+03 6.500939941406250000e+01 8.568453788757324219e-01
1.341096112581464013e+03 6.540777587890625000e+01 8.592978715896606445e-01
1.341116946117170983e+03 6.570861816406250000e+01 8.579016923904418945e-01
1.341137779652876361e+03 6.544238281250000000e+01 8.582771420478820801e-01
1.341158613188350500e+03 6.490948486328125000e+01 8.574537038803100586e-01
1.341179446723824640e+03 6.304370117187500000e+01 8.541869521141052246e-01
1.341200280259064584e+03 6.523968505859375000e+01 8.555502295494079590e-01
1.341221113794189023e+03 6.551855468750000000e+01 8.552225232124328613e-01
1.341241947329197501e+03 6.623394775390625000e+01 8.541138172149658203e-01
1.341262780864087972e+03 6.660864257812500000e+01 8.546152114868164062e-01
1.341283614398746522e+03 6.598498535156250000e+01 8.538656830787658691e-01
1.341304447933404845e+03 6.352111816406250000e+01 8.521547913551330566e-01
1.341325281467831473e+03 6.488806152343750000e+01 8.527154922485351562e-01
1.341346115002140550e+03 6.370239257812500000e+01 8.526799082756042480e-01
1.341366948536217024e+03 6.472625732421875000e+01 8.538174629211425781e-01
1.341387782070177536e+03 6.530810546875000000e+01 8.546439409255981445e-01
1.341408615604020952e+03 6.481774902343750000e+01 8.571918606758117676e-01
1.341429449137747952e+03 6.449914550781250000e+01 8.574160933494567871e-01
1.341450282671242348e+03 6.658142089843750000e+01 8.610901236534118652e-01
1.341471116204621012e+03 6.424304199218750000e+01 8.620766997337341309e-01
1.341491949737765481e+03 6.604663085937500000e+01 8.634458184242248535e-01
1.341512783270794898e+03 6.460382080078125000e+01 8.650471568107604980e-01
1.341533616803591030e+03 6.610723876953125000e+01 8.682289123535156250e-01
1.341554450336270065e+03 6.579858398437500000e+01 8.712087869644165039e-01
1.341575283868832912e+03 6.492230224609375000e+01 8.731840848922729492e-01
1.341596117401163156e+03 6.526745605468750000e+01 8.713669776916503906e-01
1.341616950933261023e+03 6.399932861328125000e+01 8.716036677360534668e-01
1.341637784465241566e+03 6.350506591796875000e+01 8.708570003509521484e-01
1.341658617996989960e+03 6.473425292968750000e+01 8.691235184669494629e-01
1.341679451528622394e+03 6.506201171875000000e+01 8.662576675415039062e-01
1.341700285060021088e+03 6.556848144531250000e+01 8.655052781105041504e-01
1.341721118591302911e+03 6.420574951171875000e+01 8.634034395217895508e-01
1.341741952122352814e+03 6.437658691406250000e+01 8.624038696289062500e-01
1.341762785653170567e+03 6.448205566406250000e+01 8.629204630851745605e-01
1.341783619183870542e+03 6.492187500000000000e+01 8.625328540802001953e-01
1.341804452714337913e+03 6.337371826171875000e+01 8.622915148735046387e-01
1.341825286244690005e+03 6.461914062500000000e+01 8.634811043739318848e-01
1.341846119774691488e+03 6.658093261718750000e+01 8.639098405838012695e-01
1.341866953304577009e+03 6.393701171875000000e+01 8.626804351806640625e-01
1.341887786834346571e+03 6.563641357421875000e+01 8.597778677940368652e-01
1.341908620363882619e+03 6.380517578125000000e+01 8.561344146728515625e-01
1.341929453893185382e+03 6.397387695312500000e+01 8.560568690299987793e-01
1.341950287422257134e+03 6.466906738281250000e+01 8.517449498176574707e-01
1.341971120951094917e+03 6.449682617187500000e+01 8.491649031639099121e-01
1.341991954479815377e+03 6.335815429687500000e+01 8.471214771270751953e-01
1.342012788008305051e+03 6.406231689453125000e+01 8.448032140731811523e-01
1.342033621536560531e+03 6.296582031250000000e+01 8.447936773300170898e-01
1.342054455064699596e+03 6.446392822265625000e+01 8.478694558143615723e-01
1.342075288592489414e+03 6.408197021484375000e+01 8.483521938323974609e-01
1.342096122120162818e+03 6.334057617187500000e+01 8.499756455421447754e-01
1.342116955647604527e+03 6.422058105468750000e+01 8.526013493537902832e-01
1.342137789174928457e+03 6.411773681640625000e+01 8.516725897789001465e-01
1.342158622701903823e+03 6.346160888671875000e+01 8.508714437484741211e-01
1.342221123281666451e+03 6.353356933593750000e+01 8.490911126136779785e-01
1.342241956807827137e+03 6.441052246093750000e+01 8.478115797042846680e-01
1.342262790333870953e+03 6.245556640625000000e+01 8.454532623291015625e-01
1.342283623859565068e+03 6.519464111328125000e+01 8.466098308563232422e-01
1.342304457385027035e+03 6.443591308593750000e+01 8.454065918922424316e-01
1.342325290910373042e+03 6.472277832031250000e+01 8.416590690612792969e-01
1.342346124435368438e+03 6.196856689453125000e+01 8.393279314041137695e-01
1.342366957960248101e+03 6.381958007812500000e+01 8.389724493026733398e-01
1.342387791484894933e+03 6.472674560546875000e+01 8.399569392204284668e-01
1.342408625009309617e+03 6.293786621093750000e+01 8.407615423202514648e-01
1.342429458533490561e+03 6.376477050781250000e+01 8.420335054397583008e-01
1.342450292057439128e+03 6.282946777343750000e+01 8.430241346359252930e-01
1.342471125581154411e+03 6.417285156250000000e+01 8.448216915130615234e-01
1.342491959104637090e+03 6.317095947265625000e+01 8.462128639221191406e-01
1.342512792627886938e+03 6.666705322265625000e+01 8.491416573524475098e-01
1.342533626150904638e+03 6.521246337890625000e+01 8.513317704200744629e-01
1.342554459673805013e+03 6.510717773437500000e+01 8.527664542198181152e-01
1.342575293196355915e+03 6.481921386718750000e+01 8.544630408287048340e-01
1.342596126718674896e+03 6.507983398437500000e+01 8.542040586471557617e-01
1.342616960240878143e+03 6.328942871093750000e+01 8.540984392166137695e-01
1.342637793762731008e+03 6.460607910156250000e+01 8.551329970359802246e-01
1.342658627284351041e+03 6.357861328125000000e+01 8.531789779663085938e-01
1.342679460805855570e+03 6.511462402343750000e+01 8.530649542808532715e-01
1.342700294327009487e+03 6.399645996093750000e+01 8.526606559753417969e-01
1.342721127848046990e+03 6.439953613281250000e+01 8.507139682769775391e-01
1.342741961368736156e+03 6.412603759765625000e+01 8.494955301284790039e-01
1.342762794889192492e+03 6.448864746093750000e+01 8.510858416557312012e-01
1.342783628409531502e+03 6.397760009765625000e+01 8.486784100532531738e-01
1.342804461929521949e+03 6.224237060546875000e+01 8.471536040306091309e-01
1.342825295449279565e+03 6.234210205078125000e+01 8.471216559410095215e-01
1.342846128968803441e+03 6.328698730468750000e+01 8.468515276908874512e-01
1.342866962488094941e+03 6.417285156250000000e+01 8.470491170883178711e-01
1.342887796007270936e+03 6.472082519531250000e+01 8.456677794456481934e-01
1.342908629526097457e+03 6.437426757812500000e+01 8.442271351814270020e-01
1.342929463044691147e+03 6.269769287109375000e+01 8.415114879608154297e-01
1.342950296563052007e+03 6.379632568359375000e+01 8.387103676795959473e-01
1.342971130081063620e+03 6.264733886718750000e+01 8.372640609741210938e-01
1.342991963598957909e+03 6.409124755859375000e+01 8.336708545684814453e-01
1.343012797116619367e+03 6.406799316406250000e+01 8.326907753944396973e-01
1.343033630634049132e+03 6.288177490234375000e+01 8.330566287040710449e-01
1.343054464151129650e+03 6.280157470703125000e+01 8.316692709922790527e-01
1.343075297668092389e+03 6.384124755859375000e+01 8.322749137878417969e-01
1.343096131184707019e+03 6.309082031250000000e+01 8.334884643554687500e-01
1.343116964701088364e+03 6.667492675781250000e+01 8.358377218246459961e-01
1.343137798217353520e+03 6.433544921875000000e+01 8.348801732063293457e-01
1.343158631733268976e+03 6.313708496093750000e+01 8.356497883796691895e-01
1.343179465248952511e+03 6.426123046875000000e+01 8.362284898757934570e-01
1.343200298764402987e+03 6.551391601562500000e+01 8.362545967102050781e-01
1.343221132279619951e+03 6.508050537109375000e+01 8.357202410697937012e-01
1.343241965794488351e+03 6.416925048828125000e+01 8.337139487266540527e-01
1.343262799309240563e+03 6.272698974609375000e+01 8.313465714454650879e-01
1.343283632823642620e+03 6.340747070312500000e+01 8.302525281906127930e-01
1.343304466337928488e+03 6.156536865234375000e+01 8.276700377464294434e-01
1.343325299851865566e+03 6.360357666015625000e+01 8.280823826789855957e-01
1.343346133365568903e+03 6.409301757812500000e+01 8.273779749870300293e-01
1.343366966879039410e+03 6.244696044921875000e+01 8.256480693817138672e-01
1.343387800392161807e+03 6.281317138671875000e+01 8.259629607200622559e-01
1.343408633905168017e+03 6.311871337890625000e+01 8.253943324089050293e-01
1.343429467417940941e+03 6.345654296875000000e+01 8.259002566337585449e-01
1.343450300930363937e+03 6.422369384765625000e+01 8.295302987098693848e-01
1.343471134442555012e+03 6.301019287109375000e+01 8.294795751571655273e-01
1.343491967954512347e+03 6.380957031250000000e+01 8.297827839851379395e-01
1.343512801466236397e+03 6.362725830078125000e+01 8.300325274467468262e-01
1.343533634977728980e+03 6.462512207031250000e+01 8.313620090484619141e-01
1.343554468488872089e+03 6.363232421875000000e+01 8.333577513694763184e-01
1.343575301999897420e+03 6.458642578125000000e+01 8.338632583618164062e-01
1.343596135510575095e+03 6.368066406250000000e+01 8.347766399383544922e-01
1.343616969021019941e+03 6.417791748046875000e+01 8.361653685569763184e-01
1.343637802531231955e+03 6.457928466796875000e+01 8.363760113716125488e-01
1.343658636041093359e+03 6.338879394531250000e+01 8.357331752777099609e-01
1.343679469550840167e+03 6.347650146484375000e+01 8.353491425514221191e-01
1.343700303060236365e+03 6.418450927734375000e+01 8.351483941078186035e-01
1.343721136569399505e+03 6.251477050781250000e+01 8.328983187675476074e-01
1.343741970078331178e+03 6.350128173828125000e+01 8.329296112060546875e-01
1.343762803587028884e+03 6.249127197265625000e+01 8.319079875946044922e-01
1.343783637095493987e+03 6.394750976562500000e+01 8.333871960639953613e-01
1.343804470603610298e+03 6.339807128906250000e+01 8.314116597175598145e-01
1.343825304111494916e+03 6.325811767578125000e+01 8.336281180381774902e-01
1.343846137619144429e+03 6.298278808593750000e+01 8.336418271064758301e-01
1.343866971126561566e+03 6.311853027343750000e+01 8.315953612327575684e-01
1.343887804633629912e+03 6.345159912109375000e+01 8.325564265251159668e-01
1.343908638140582070e+03 6.252832031250000000e+01 8.301613926887512207e-01
1.343929471647184073e+03 6.277624511718750000e+01 8.298605680465698242e-01
1.343950305153553927e+03 6.418237304687500000e+01 8.283724188804626465e-01
1.343971138659575445e+03 6.202093505859375000e+01 8.250460624694824219e-01
1.343991972165479638e+03 6.495477294921875000e+01 8.241679072380065918e-01
1.344012805671033902e+03 6.450885009765625000e+01 8.234216570854187012e-01
1.344033639176356019e+03 6.417443847656250000e+01 8.221639394760131836e-01
1.344054472681445986e+03 6.275494384765625000e+01 8.206869363784790039e-01
1.344075306186301532e+03 6.297454833984375000e+01 8.214741945266723633e-01
1.344096139690809196e+03 6.332806396484375000e+01 8.226892352104187012e-01
1.344116973195083574e+03 6.334020996093750000e+01 8.225994110107421875e-01
1.344137806699125122e+03 6.383410644531250000e+01 8.232283592224121094e-01
1.344158640202934066e+03 6.314764404296875000e+01 8.229897022247314453e-01
1.344179473706393992e+03 6.312188720703125000e+01 8.226738572120666504e-01
1.344200307209620405e+03 6.498553466796875000e+01 8.228141069412231445e-01
1.344221140712613533e+03 6.367706298828125000e+01 8.224741816520690918e-01
1.344241974215375194e+03 6.367474365234375000e+01 8.214570283889770508e-01
1.344262807717786472e+03 6.318621826171875000e+01 8.189439177513122559e-01
1.344283641219965830e+03 6.363446044921875000e+01 8.180438876152038574e-01
1.344304474721911447e+03 6.348889160156250000e+01 8.156077861785888672e-01
1.344325308223625143e+03 6.437994384765625000e+01 8.151514530181884766e-01
1.344346141724988911e+03 6.394287109375000000e+01 8.151361346244812012e-01
1.344366975226119393e+03 6.427526855468750000e+01 8.130740523338317871e-01
1.344387808727018182e+03 6.321661376953125000e+01 8.126958608627319336e-01
1.344408642227683913e+03 6.211651611328125000e+01 8.122281432151794434e-01
1.344429475727999943e+03 6.260028076171875000e+01 8.138592243194580078e-01
1.344450309228083370e+03 6.300262451171875000e+01 8.149117231369018555e-01
1.344471142727933966e+03 6.202947998046875000e+01 8.153750300407409668e-01
1.344491976227551959e+03 6.365429687500000000e+01 8.165761828422546387e-01
1.344512809726820478e+03 6.185437011718750000e+01 8.171247839927673340e-01
1.344533643225855940e+03 6.221868896484375000e+01 8.196009993553161621e-01
1.344554476724659025e+03 6.464495849609375000e+01 8.211569786071777344e-01
1.344575310223112865e+03 6.159149169921875000e+01 8.221752047538757324e-01
1.344596143721334101e+03 6.153710937500000000e+01 8.212419748306274414e-01
1.344616977219322507e+03 6.337969970703125000e+01 8.225096464157104492e-01
1.344637810717076945e+03 6.422607421875000000e+01 8.229010105133056641e-01
1.344658644214481910e+03 6.376989746093750000e+01 8.233805298805236816e-01
1.344721144705187498e+03 6.423193359375000000e+01 8.209955096244812012e-01
1.344741978201545862e+03 6.316601562500000000e+01 8.210381269454956055e-01
1.344762811697670941e+03 6.404998779296875000e+01 8.197339773178100586e-01
1.344783645193562961e+03 6.322912597656250000e+01 8.201956748962402344e-01
1.344804478689105508e+03 6.361395263671875000e+01 8.213461637496948242e-01
1.344825312184416362e+03 6.326330566406250000e+01 8.195377588272094727e-01
1.344846145679495066e+03 6.263244628906250000e+01 8.186655044555664062e-01
1.344866979174222934e+03 6.334521484375000000e+01 8.193359971046447754e-01
1.344887812668718652e+03 6.352679443359375000e+01 8.196421861648559570e-01
1.344908646162981540e+03 6.255700683593750000e+01 8.174635767936706543e-01
1.344929479656894046e+03 6.317138671875000000e+01 8.163779377937316895e-01
1.344950313150574857e+03 6.087438964843750000e+01 8.137860298156738281e-01
1.344971146644023065e+03 6.314221191406250000e+01 8.137218952178955078e-01
1.344991980137122027e+03 6.279833984375000000e+01 8.141202926635742188e-01
1.345012813629987022e+03 6.260870361328125000e+01 8.118039369583129883e-01
1.345033647122620096e+03 6.157366943359375000e+01 8.112317323684692383e-01
1.345054480615021021e+03 6.376306152343750000e+01 8.114222884178161621e-01
1.345075314107071563e+03 6.345715332031250000e+01 8.118661642074584961e-01
1.345096147598889047e+03 6.309295654296875000e+01 8.128362298011779785e-01
1.345116981090357967e+03 6.269415283203125000e+01 8.130987882614135742e-01
1.345137814581594057e+03 6.316790771484375000e+01 8.132435083389282227e-01
1.345158648072596407e+03 6.172351074218750000e+01 8.132061362266540527e-01
1.345179481563367517e+03 6.320587158203125000e+01 8.163010478019714355e-01
1.345200315053788927e+03 6.345623779296875000e+01 8.138378858566284180e-01
1.345221148543976597e+03 6.181854248046875000e+01 8.139538764953613281e-01
1.345241982033815930e+03 6.425335693359375000e+01 8.124866485595703125e-01
1.345262815523537938e+03 6.296557617187500000e+01 8.118702769279479980e-01
1.345283649012795195e+03 6.303710937500000000e+01 8.098074793815612793e-01
1.345304482501935581e+03 6.304687500000000000e+01 8.084364533424377441e-01
1.345325315990727177e+03 6.205279541015625000e+01 8.082271814346313477e-01
1.345346149479285486e+03 6.353100585937500000e+01 8.063365221023559570e-01
1.345366982967493641e+03 6.305657958984375000e+01 8.054604530334472656e-01
1.345387816455470329e+03 6.276641845703125000e+01 8.054423928260803223e-01
1.345408649943215096e+03 6.250415039062500000e+01 8.051001429557800293e-01
1.345429483430608570e+03 6.281396484375000000e+01 8.065132498741149902e-01
1.345450316917768987e+03 6.306829833984375000e+01 8.074288964271545410e-01
1.345471150404698164e+03 6.347882080078125000e+01 8.071088194847106934e-01
1.345491983891277869e+03 6.471142578125000000e+01 8.097440600395202637e-01
1.345512817377624515e+03 6.301489257812500000e+01 8.092852830886840820e-01
1.345533650863737876e+03 6.274237060546875000e+01 8.109634518623352051e-01
1.345554484349502445e+03 6.369598388671875000e+01 8.109945058822631836e-01
1.345575317835033502e+03 6.273333740234375000e+01 8.124482631683349609e-01
1.345596151320331956e+03 6.407629394531250000e+01 8.132727146148681641e-01
1.345616984805282527e+03 6.196826171875000000e+01 8.128968477249145508e-01
1.345637818289882944e+03 6.326214599609375000e+01 8.159593343734741211e-01
1.345658651774366035e+03 6.279339599609375000e+01 8.137874603271484375e-01
1.345679485258501018e+03 6.363488769531250000e+01 8.134562373161315918e-01
1.345700318742286981e+03 6.153698730468750000e+01 8.117638826370239258e-01
1.345721152225955393e+03 6.358898925781250000e+01 8.123068809509277344e-01
1.345741985709158598e+03 6.323406982421875000e+01 8.135681748390197754e-01
1.345762819192244933e+03 6.360693359375000000e+01 8.121464252471923828e-01
1.345783652674983841e+03 6.404644775390625000e+01 8.122387528419494629e-01
1.345804486157488554e+03 6.129663085937500000e+01 8.112468123435974121e-01
1.345825319639644022e+03 6.265338134765625000e+01 8.111957907676696777e-01
1.345846153121566431e+03 6.236523437500000000e+01 8.120678067207336426e-01
1.345866986603139594e+03 6.390612792968750000e+01 8.122007250785827637e-01
1.345887820084597479e+03 6.265722656250000000e+01 8.120271563529968262e-01
1.345908653565589475e+03 6.303186035156250000e+01 8.108940720558166504e-01
1.345929487046463919e+03 6.174114990234375000e+01 8.086519837379455566e-01
1.345950320526988435e+03 6.214581298828125000e+01 8.086709380149841309e-01
1.345971154007165978e+03 6.300482177734375000e+01 8.087857961654663086e-01
1.345991987487110464e+03 6.276281738281250000e+01 8.074123859405517578e-01
1.346012820966820527e+03 6.423168945312500000e+01 8.077347278594970703e-01
1.346033654446182027e+03 6.321667480468750000e+01 8.081924915313720703e-01
1.346054487925310923e+03 6.296173095703125000e+01 8.100371956825256348e-01
1.346075321404206989e+03 6.138317871093750000e+01 8.069862723350524902e-01
1.346096154882753581e+03 6.195458984375000000e+01 8.077363371849060059e-01
1.346116988361067342e+03 6.374267578125000000e+01 8.090396523475646973e-01
1.346137821839032085e+03 6.349230957031250000e+01 8.108979463577270508e-01
1.346158655316763998e+03 6.266687011718750000e+01 8.098674416542053223e-01
1.346179488794146891e+03 6.369812011718750000e+01 8.099776506423950195e-01
1.346200322271296955e+03 6.238531494140625000e+01 8.094800114631652832e-01
1.346221155759737940e+03 6.335375976562500000e+01 8.109346032142639160e-01
1.346241989236305926e+03 6.198059082031250000e+01 8.084816336631774902e-01
1.346262822712641082e+03 6.271496582031250000e+01 8.092553019523620605e-01
1.346283656188626992e+03 6.305993652343750000e+01 8.070446252822875977e-01
1.346304489664378934e+03 6.203955078125000000e+01 8.073139190673828125e-01
1.346325323139899410e+03 6.204290771484375000e+01 8.047846555709838867e-01
1.346346156615071095e+03 6.272778320312500000e+01 8.043087124824523926e-01
1.346366990089891488e+03 6.257189941406250000e+01 8.036468029022216797e-01
1.346387823564479504e+03 6.352844238281250000e+01 8.033183217048645020e-01
1.346408657038835372e+03 6.302172851562500000e+01 8.029077053070068359e-01
1.346429490512842904e+03 6.177075195312500000e+01 8.021858930587768555e-01
1.346450323986616013e+03 6.261499023437500000e+01 8.046776056289672852e-01
1.346471157460040558e+03 6.309594726562500000e+01 8.039475679397583008e-01
1.346491990933232955e+03 6.283825683593750000e+01 8.055344223976135254e-01
1.346512824406191612e+03 6.334057617187500000e+01 8.067111968994140625e-01
1.346533657878801023e+03 6.292694091796875000e+01 8.064664006233215332e-01
1.346554491351061642e+03 6.260070800781250000e+01 8.078764677047729492e-01
1.346575324823088977e+03 6.309643554687500000e+01 8.091788887977600098e-01
1.346596158294883480e+03 6.179138183593750000e+01 8.100920319557189941e-01
1.346616991766329193e+03 6.193859863281250000e+01 8.101685047149658203e-01
1.346637825237541620e+03 6.250042724609375000e+01 8.115864992141723633e-01
1.346658658708405028e+03 6.310009765625000000e+01 8.109982609748840332e-01
1.346679492179036060e+03 6.328851318359375000e+01 8.118162155151367188e-01
1.346700325649316937e+03 6.302410888671875000e+01 8.125274181365966797e-01
1.346721159119364984e+03 6.293176269531250000e+01 8.099527955055236816e-01
1.346741992589064466e+03 6.182263183593750000e+01 8.094148635864257812e-01
1.346762826058531118e+03 6.254962158203125000e+01 8.110103607177734375e-01
1.346783659527764485e+03 6.203332519531250000e+01 8.097396492958068848e-01
1.346804492996649060e+03 6.226934814453125000e+01 8.102019429206848145e-01
1.346825326465183934e+03 6.141052246093750000e+01 8.094869852066040039e-01
1.346846159933486433e+03 6.127758789062500000e+01 8.091847300529479980e-01
1.346866993401554964e+03 6.337438964843750000e+01 8.103353381156921387e-01
1.346887826869275159e+03 6.076196289062500000e+01 8.096508979797363281e-01
1.346908660336647017e+03 6.287091064453125000e+01 8.110615611076354980e-01
1.346929493803784453e+03 6.315612792968750000e+01 8.100110888481140137e-01
1.346950327270690195e+03 6.355029296875000000e+01 8.108774423599243164e-01
1.346971160737246009e+03 6.171057128906250000e+01 8.093274831771850586e-01
1.346991994203453032e+03 6.318621826171875000e+01 8.086624741554260254e-01
1.347012827669426088e+03 6.033343505859375000e+01 8.066402673721313477e-01
1.347033661135166994e+03 6.326782226562500000e+01 8.086379766464233398e-01
1.347054494600560020e+03 6.337249755859375000e+01 8.080229163169860840e-01
1.347075328065718622e+03 6.275537109375000000e+01 8.075626492500305176e-01
1.349783675924397357e+03 6.169555664062500000e+01 7.857936620712280273e-01
1.349804509348230113e+03 6.216540527343750000e+01 7.870853543281555176e-01
1.349825342771711348e+03 6.299603271484375000e+01 7.863653302192687988e-01
1.349846176194728514e+03 6.256274414062500000e+01 7.855550050735473633e-01
1.349867009617513531e+03 6.263562011718750000e+01 7.850260138511657715e-01
1.349887843039948166e+03 6.293774414062500000e+01 7.843776345252990723e-01
1.349908676462034009e+03 6.337854003906250000e+01 7.849031686782836914e-01
1.349929509883654191e+03 6.193048095703125000e+01 7.834973335266113281e-01
1.349950343305040406e+03 6.292474365234375000e+01 7.842704057693481445e-01
1.349971176725961868e+03 6.150823974609375000e+01 7.832603454589843750e-01
1.349992010146650955e+03 6.106451416015625000e+01 7.816025614738464355e-01
1.350012843566873471e+03 6.206842041015625000e+01 7.810999751091003418e-01
1.350033676986863156e+03 6.131463623046875000e+01 7.817714214324951172e-01
1.350054510406388090e+03 6.160540771484375000e+01 7.804374694824218750e-01
1.350075343825564005e+03 6.219689941406250000e+01 7.801338434219360352e-01
1.350096177244389537e+03 6.226281738281250000e+01 7.797117233276367188e-01
1.350117010662866051e+03 6.264636230468750000e+01 7.831596732139587402e-01
1.350137844080994000e+03 6.158062744140625000e+01 7.787232398986816406e-01
1.350158677498772022e+03 6.283605957031250000e+01 7.788891196250915527e-01
1.350179510916201025e+03 6.159414672851562500e+01 7.785606384277343750e-01
1.350200344333164594e+03 6.219055175781250000e+01 7.787576913833618164e-01
1.350221177749895560e+03 6.325811767578125000e+01 7.778217196464538574e-01
1.350242011166159955e+03 6.298168945312500000e+01 7.788342833518981934e-01
1.350262844582075104e+03 6.214273071289062500e+01 7.799515724182128906e-01
1.350283677997641007e+03 6.319360351562500000e+01 7.776421904563903809e-01
1.350304511412859028e+03 6.285217285156250000e+01 7.776954770088195801e-01
1.350325344827609570e+03 6.169692993164062500e+01 7.779039144515991211e-01
1.350346178242012684e+03 6.234933471679687500e+01 7.791644930839538574e-01
1.350367011656065642e+03 6.216903686523437500e+01 7.772978544235229492e-01
1.350387845069768900e+03 6.313674926757812500e+01 7.776941657066345215e-01
1.350408678483122912e+03 6.184838867187500000e+01 7.774884104728698730e-01
1.350429511896128588e+03 6.144671630859375000e+01 7.778491377830505371e-01
1.350450345308668602e+03 6.202203369140625000e+01 7.770668268203735352e-01
1.350471178720858461e+03 6.171789550781250000e+01 7.769769430160522461e-01
1.350492012132583568e+03 6.344961547851562500e+01 7.783624529838562012e-01
1.350512845544075844e+03 6.357369995117187500e+01 7.781258225440979004e-01
1.350533678955101550e+03 6.249240112304687500e+01 7.775306105613708496e-01
1.350554512365778010e+03 6.325604248046875000e+01 7.783291339874267578e-01
1.350575345776106133e+03 6.200344848632812500e+01 7.777598500251770020e-01
1.350596179185968595e+03 6.104620361328125000e+01 7.768188118934631348e-01
1.350617012595480446e+03 6.155352783203125000e+01 7.781269550323486328e-01
1.350637846004528456e+03 6.419607543945312500e+01 7.786969542503356934e-01
1.350658679413342952e+03 6.245095825195312500e+01 7.776904702186584473e-01
1.350679512821690878e+03 6.223492431640625000e+01 7.781748175621032715e-01
1.350700346229573825e+03 6.364926147460937500e+01 7.820900678634643555e-01
1.350721179637108435e+03 6.355288696289062500e+01 7.780909538269042969e-01
1.350742013044292435e+03 6.389062500000000000e+01 7.789002060890197754e-01
1.350762846451127643e+03 6.270123291015625000e+01 7.781947851181030273e-01
1.350783679857497191e+03 6.270941162109375000e+01 7.783169150352478027e-01
1.350804513263401532e+03 6.211007690429687500e+01 7.788226008415222168e-01
1.350825346668955945e+03 6.195407104492187500e+01 7.786495685577392578e-01
1.350846180074161566e+03 6.343878173828125000e+01 7.791456580162048340e-01
1.350867013478901526e+03 6.141720581054687500e+01 7.776632905006408691e-01
1.350887846883292013e+03 6.086764526367187500e+01 7.774957418441772461e-01
1.350908680287216612e+03 6.173348999023437500e+01 7.777946591377258301e-01
1.350929513690792646e+03 6.215777587890625000e+01 7.786285281181335449e-01
1.350950347093902565e+03 6.265612792968750000e+01 7.785769104957580566e-01
1.350971180496663010e+03 6.166641235351562500e+01 7.781838178634643555e-01
1.350992013899075118e+03 6.179681396484375000e+01 7.781504392623901367e-01
1.351012847300904014e+03 6.095690917968750000e+01 7.773172259330749512e-01
1.351033680702384117e+03 6.331900024414062500e+01 7.785715460777282715e-01
1.351054514103514521e+03 6.152160644531250000e+01 7.791971564292907715e-01
1.351075347504180172e+03 6.119964599609375000e+01 7.784270048141479492e-01
1.351096180904380162e+03 6.197784423828125000e+01 7.802683115005493164e-01
1.351117014304229997e+03 6.197543334960937500e+01 7.783862948417663574e-01
1.351137847703614625e+03 6.267083740234375000e+01 7.785260081291198730e-01
1.351158681102650462e+03 6.255361938476562500e+01 7.786105871200561523e-01
1.351179514501220183e+03 6.119879150390625000e+01 7.798985242843627930e-01
1.351200347899323560e+03 6.134176635742187500e+01 7.797251343727111816e-01
1.351221181296962641e+03 6.115283203125000000e+01 7.790618538856506348e-01
1.351242014694252020e+03 6.179351806640625000e+01 7.787348628044128418e-01
1.351262848091074829e+03 6.090023803710937500e+01 7.791271805763244629e-01
1.351283681487549984e+03 6.088909912109375000e+01 7.786294817924499512e-01
1.351304514883442152e+03 6.162438964843750000e+01 7.796810269355773926e-01
1.351325348278984620e+03 5.978591918945312500e+01 7.775851488113403320e-01
1.351346181674062336e+03 6.220803833007812500e+01 7.792232632637023926e-01
1.351367015068790352e+03 6.125015258789062500e+01 7.785342335700988770e-01
1.351387848462935835e+03 6.021441650390625000e+01 7.781853079795837402e-01
1.351408681856732528e+03 6.156243896484375000e+01 7.784282565116882324e-01
1.351429515249947599e+03 6.186877441406250000e+01 7.801773548126220703e-01
1.351450348642813879e+03 6.110488891601562500e+01 7.796301245689392090e-01
1.351471182035213587e+03 6.281591796875000000e+01 7.793362736701965332e-01
1.351492015427264505e+03 6.025051879882812500e+01 7.796432971954345703e-01
1.351512848818732891e+03 6.178619384765625000e+01 7.788255214691162109e-01
1.351533682209735161e+03 5.954721069335937500e+01 7.795777320861816406e-01
1.351554515600271998e+03 6.176901245117187500e+01 7.803099751472473145e-01
1.351575348990460043e+03 6.090081787109375000e+01 7.786843776702880859e-01
1.351596182380066466e+03 6.114349365234375000e+01 7.784147858619689941e-01
1.351617015769321824e+03 6.245031738281250000e+01 7.794696688652038574e-01
1.351637849157997152e+03 6.126910400390625000e+01 7.784567475318908691e-01
1.351658682546205910e+03 6.123239135742187500e+01 7.785519361495971680e-01
1.351679515934065876e+03 6.268780517578125000e+01 7.804079651832580566e-01
1.351700349321343538e+03 6.123748779296875000e+01 7.793289422988891602e-01
1.351721182708155538e+03 6.182708740234375000e+01 7.795084714889526367e-01
1.351742016094501651e+03 6.367126464843750000e+01 7.810465097427368164e-01
1.351762849480382101e+03 6.230371093750000000e+01 7.812355756759643555e-01
1.351783682865796891e+03 6.085406494140625000e+01 7.794887423515319824e-01
1.351804516250630058e+03 6.038641357421875000e+01 7.783499360084533691e-01
1.351825349635113525e+03 6.117456054687500000e+01 7.791841626167297363e-01
1.351846183019014006e+03 6.185198974609375000e+01 7.794009447097778320e-01
1.351867016402451100e+03 6.125317382812500000e+01 7.792961597442626953e-01
1.351887849785304979e+03 6.088708496093750000e+01 7.787715792655944824e-01
1.351908683167809158e+03 6.172583007812500000e+01 7.796065211296081543e-01
1.351929516549731943e+03 6.099511718750000000e+01 7.794156074523925781e-01
1.351950349931189066e+03 6.131390380859375000e+01 7.797887325286865234e-01
1.351971183312062976e+03 6.136779785156250000e+01 7.805405259132385254e-01
1.351992016692472589e+03 6.151824951171875000e+01 7.801162004470825195e-01
1.352012850072416086e+03 6.222454833984375000e+01 7.813972830772399902e-01
1.352033683451777051e+03 6.232171630859375000e+01 7.813725471496582031e-01
1.352054516830673037e+03 6.352966308593750000e+01 7.812839150428771973e-01
1.352075350209102908e+03 5.985797119140625000e+01 7.794601321220397949e-01
1.352096183586951156e+03 6.187341308593750000e+01 7.817947268486022949e-01
1.352117016964332379e+03 6.316131591796875000e+01 7.813878655433654785e-01
1.352137850341133344e+03 6.227368164062500000e+01 7.805858254432678223e-01
1.352158683717467966e+03 6.095776367187500000e+01 7.796687483787536621e-01
1.352221183843211975e+03 6.083715820312500000e+01 7.802926898002624512e-01
1.352242017217451121e+03 6.220794677734375000e+01 7.809219360351562500e-01
1.352262850591107508e+03 6.104650878906250000e+01 7.824227809906005859e-01
1.352283683964299144e+03 6.344653320312500000e+01 7.821381092071533203e-01
1.352304517336909157e+03 6.065515136718750000e+01 7.802333831787109375e-01
1.352325350708935957e+03 6.161602783203125000e+01 7.815641164779663086e-01
1.352346184080497096e+03 6.016729736328125000e+01 7.814074754714965820e-01
1.352367017451476841e+03 5.990643310546875000e+01 7.807308435440063477e-01
1.352387850821990469e+03 6.270745849609375000e+01 7.820505499839782715e-01
1.352408684191922021e+03 6.164575195312500000e+01 7.807961106300354004e-01
1.352429517561388820e+03 6.198815917968750000e+01 7.820708155632019043e-01
1.352450350930273089e+03 6.225292968750000000e+01 7.814608812332153320e-01
1.352471184298573917e+03 6.265319824218750000e+01 7.818065881729125977e-01
1.352492017666409993e+03 6.245166015625000000e+01 7.824314236640930176e-01
1.352512851033663992e+03 6.180578613281250000e+01 7.837548851966857910e-01
1.352533684400453012e+03 6.085241699218750000e+01 7.819812297821044922e-01
1.352554517766659501e+03 6.148437500000000000e+01 7.833116054534912109e-01
1.352575351132400556e+03 6.187268066406250000e+01 7.826088666915893555e-01
1.352596184497559079e+03 6.166094970703125000e+01 7.838940620422363281e-01
1.352617017862251942e+03 6.131072998046875000e+01 7.833639979362487793e-01
1.352637851226479597e+03 6.171539306640625000e+01 7.848622798919677734e-01
1.352658684590126086e+03 6.122186279296875000e+01 7.830700278282165527e-01
1.352679517953304639e+03 5.965466308593750000e+01 7.830587625503540039e-01
1.352700351315902026e+03 6.238720703125000000e+01 7.847955226898193359e-01
1.352721184678034660e+03 6.200903320312500000e+01 7.833558320999145508e-01
1.352742018039700952e+03 6.183697509765625000e+01 7.840740084648132324e-01
1.352762851400901127e+03 6.161859130859375000e+01 7.849394679069519043e-01
1.352783684761635868e+03 6.098864746093750000e+01 7.838589549064636230e-01
1.352804518121905403e+03 6.244610595703125000e+01 7.846957445144653320e-01
1.352825351481826146e+03 6.064941406250000000e+01 7.842841744422912598e-01
1.352846184841162994e+03 6.166339111328125000e+01 7.868942618370056152e-01
1.352867018200151961e+03 6.181378173828125000e+01 7.858846187591552734e-01
1.352887851558675038e+03 6.127911376953125000e+01 7.856280803680419922e-01
1.352908684916847960e+03 6.187890625000000000e+01 7.848645448684692383e-01
1.352929518274674138e+03 6.326129150390625000e+01 7.855432629585266113e-01
1.352950351632149477e+03 6.182434082031250000e+01 7.859402298927307129e-01
1.352971184989158019e+03 6.215161132812500000e+01 7.856583595275878906e-01
1.352992018345934866e+03 6.043603515625000000e+01 7.851293087005615234e-01
1.353012851702479566e+03 6.259704589843750000e+01 7.868371605873107910e-01
1.353033685058674109e+03 6.095233154296875000e+01 7.877072095870971680e-01
1.353054518414635368e+03 6.095190429687500000e+01 7.865405678749084473e-01
1.353075351770248517e+03 6.150427246093750000e+01 7.873753905296325684e-01
1.353096185125862121e+03 6.194641113281250000e+01 7.868729829788208008e-01
1.353117018481124887e+03 6.218444824218750000e+01 7.871897816658020020e-01
1.353137851836271011e+03 6.254199218750000000e+01 7.901417016983032227e-01
1.353158685191419409e+03 6.029278564453125000e+01 7.861955165863037109e-01
