1.325328888185126971e+03 5.435483323569476397e+02 1.146142599966916586e+00
1.325349722134551939e+03 5.403952474248494582e+02 1.163101670217245420e+00
1.325370556081648374e+03 5.437510441566298596e+02 1.181542157570853346e+00
1.325391390026415593e+03 5.463737490188266293e+02 1.197985036253415458e+00
1.325412223969321076e+03 5.500568152893674778e+02 1.211351631475278801e+00
1.325433057909897798e+03 5.461766157513779945e+02 1.223600272973670133e+00
1.325453891848613011e+03 5.474170801802080177e+02 1.234650738013639337e+00
1.325474725785465580e+03 5.510660957313755262e+02 1.245951772990301576e+00
1.325495559720453912e+03 5.560392134844274779e+02 1.260699022471630792e+00
1.325516393653580053e+03 5.591380326972732746e+02 1.274986728898337418e+00
1.325537227584844004e+03 5.554637157289068909e+02 1.289023381419937664e+00
1.325558061514710971e+03 5.567168166640469735e+02 1.302456484413663240e+00
1.325578895442715975e+03 5.601203505257368533e+02 1.312344178532274919e+00
1.325599729368857425e+03 5.623671775460597928e+02 1.320522765622379469e+00
1.325620563293601890e+03 5.653392454207834135e+02 1.325085516635126082e+00
1.325641397216949372e+03 5.675335383624852739e+02 1.325222613869356580e+00
1.325662231138900097e+03 5.596264586150567766e+02 1.323821196618161000e+00
1.325683065059454066e+03 5.625439204545964458e+02 1.323052762257508785e+00
1.325703898978145389e+03 5.696796401755145780e+02 1.324264885652923995e+00
1.325724732895904936e+03 5.662313861180764434e+02 1.328494435707531229e+00
1.325745566812267498e+03 5.679396134954804438e+02 1.334654208415406274e+00
1.325766400727233076e+03 5.682688583122984483e+02 1.343607917193691215e+00
1.325787234641267560e+03 5.659995789409128975e+02 1.352484107708592953e+00
1.325808068553905059e+03 5.782312289147665751e+02 1.360131502665851588e+00
1.325828902465146029e+03 5.760943822814994064e+02 1.365692716617440183e+00
1.325849736375454995e+03 5.810593724384873440e+02 1.368923893860431784e+00
1.325870570284366977e+03 5.801651715869938926e+02 1.366046189360844876e+00
1.325891404192348091e+03 5.770313667886968005e+02 1.358534454402997138e+00
1.325912238099396518e+03 5.749287255166336763e+02 1.352958311249261802e+00
1.325933072005515442e+03 5.794349503325248634e+02 1.348616945917821219e+00
1.325953905910237609e+03 5.725338536929433531e+02 1.346681236614749810e+00
1.325974739814027089e+03 5.918154625561718376e+02 1.344619735652146764e+00
1.325995573717351363e+03 5.794911478336571236e+02 1.346292485706355402e+00
1.326016407619277516e+03 5.785720439961313559e+02 1.351741800928551340e+00
1.326037241520274620e+03 5.851753065518204266e+02 1.358288868174378106e+00
1.326058075420339492e+03 5.824416427091904325e+02 1.358755123827133593e+00
1.326078909319472587e+03 5.872422883964145512e+02 1.361149911695087367e+00
1.326099743217674586e+03 5.901113314959869740e+02 1.365345133162026103e+00
1.326120577115410015e+03 5.821885451334785557e+02 1.365629561916387180e+00
1.326141411011748914e+03 5.830152203079637729e+02 1.367642397815306721e+00
1.326162244907623062e+03 5.858548088341990479e+02 1.368871686917307651e+00
1.326183078802565888e+03 5.808308465129732667e+02 1.370114794815377790e+00
1.326203912697043052e+03 5.828056234916433596e+02 1.369364155631084712e+00
1.326224746590122550e+03 5.861571836962000361e+02 1.370208758925958170e+00
1.326245580482736386e+03 5.795245716591495011e+02 1.369785565071392597e+00
1.326266414374883880e+03 5.897762970710391528e+02 1.371170998160548216e+00
1.326287248266101415e+03 5.879270255094364757e+02 1.369091038479396394e+00
1.326308082156388082e+03 5.800822796587375478e+02 1.368742097108923028e+00
1.326328916045742062e+03 5.820315713236873307e+02 1.370771886536384265e+00
1.326349749935096497e+03 6.089926896664576361e+02 1.373206486113775826e+00
1.326370583823053039e+03 5.878841352550838337e+02 1.377061252542007841e+00
1.326391417710545511e+03 5.805828419370595839e+02 1.379985916162577375e+00
1.326412251597571867e+03 5.797301266522056267e+02 1.383169397537055145e+00
1.326433085483666900e+03 5.846596981810158695e+02 1.387194742526306923e+00
1.326453919369295818e+03 5.821268498174590604e+02 1.389876732266020154e+00
1.326474753253992958e+03 5.826371744334393270e+02 1.393126734120251120e+00
1.326495587138225346e+03 5.795459032256735554e+02 1.395564917002668270e+00
1.326516421021525957e+03 5.815791399865717040e+02 1.399669509434809278e+00
1.326537254904362044e+03 5.818873671418125468e+02 1.405140502664987689e+00
1.326558088786730877e+03 5.849588245165402896e+02 1.411318186691434384e+00
1.326578922668634959e+03 5.812522738492859844e+02 1.413862814951170499e+00
1.326599756549607491e+03 5.790538435798932824e+02 1.416202759051642168e+00
1.326620590429648473e+03 5.891723434187634894e+02 1.419892154681655194e+00
1.326641424309689910e+03 5.910572667196478278e+02 1.421044327105597027e+00
1.326662258188800024e+03 5.857749819547734660e+02 1.419569640829284829e+00
1.326683092067444022e+03 5.891830800159870023e+02 1.417848355985677600e+00
1.326703925945157152e+03 5.800287146763798773e+02 1.413684857770802550e+00
1.326724759822869601e+03 5.829121545485057823e+02 1.410187612591639938e+00
1.326745593699651181e+03 5.872973985582107161e+02 1.406762728996711509e+00
1.326766427575967555e+03 5.816496963259215818e+02 1.405164257100130820e+00
1.326787261451352606e+03 5.837392585038537618e+02 1.404333334331450578e+00
1.326808095326736520e+03 5.845161867129061193e+02 1.405441518014021174e+00
1.326828929201189567e+03 5.845118463965791307e+02 1.407473815755719171e+00
1.326849763075177179e+03 5.923145669326834195e+02 1.407686474713061964e+00
1.326870596948699585e+03 5.881820110097670522e+02 1.405075897053831291e+00
1.326891430821290442e+03 5.878166869617730299e+02 1.399790530201709515e+00
1.326912264693881070e+03 5.907965737235705319e+02 1.390868304967001423e+00
1.326933098565540604e+03 5.777012291922025042e+02 1.379131655330291473e+00
1.326953932436732885e+03 5.771709932073539449e+02 1.369152771029287008e+00
1.326974766307461095e+03 5.799380692964708714e+02 1.359904175285585159e+00
1.326995600177724100e+03 5.792190138541205897e+02 1.354228482913997444e+00
1.327016434047055554e+03 5.773057774648658551e+02 1.351609113473753343e+00
1.327037267916386099e+03 5.775444179466313699e+02 1.350500450269785713e+00
1.327058101784786004e+03 5.782396250877222883e+02 1.351758600903608887e+00
1.327078935652720020e+03 5.765286067140800697e+02 1.353921892589755593e+00
1.327099769520187920e+03 5.769606188222783203e+02 1.356160979271940681e+00
1.327120603387191068e+03 5.740521078330816636e+02 1.357263789130960685e+00
1.327141437253727872e+03 5.753910194014406443e+02 1.358367678241228838e+00
1.327162271119799016e+03 5.798459073014768137e+02 1.357322941749367740e+00
1.327183104984938836e+03 5.709532774889329403e+02 1.354724294829363185e+00
1.327203938850079112e+03 5.708258305243147106e+02 1.349830620347804988e+00
1.327224772714288520e+03 5.668224075956838988e+02 1.345852028369477038e+00
1.327245606578032039e+03 5.688024163756892904e+02 1.342256425679813070e+00
1.327266440441775103e+03 5.686793539936811612e+02 1.334595658865393331e+00
1.327287274304585935e+03 5.695485860533524374e+02 1.326794619971342737e+00
1.327308108166932016e+03 5.683470146383289148e+02 1.323170204597686306e+00
1.327328942028811980e+03 5.739584268118530872e+02 1.319498883624542263e+00
1.327349775890227647e+03 5.631618091018189034e+02 1.318267005227635291e+00
1.327370609750711537e+03 5.711093875322055737e+02 1.317045469760558030e+00
1.327391443611194973e+03 5.659727845041066985e+02 1.316901184676253944e+00
1.327412277471212519e+03 5.675144120551651667e+02 1.317143808095001756e+00
1.327433111330298971e+03 5.662067875136643806e+02 1.320282207796106499e+00
1.327453945189385195e+03 5.702392748498791661e+02 1.324078667807347731e+00
1.327474779047540551e+03 5.651016607359320005e+02 1.326963298085958032e+00
1.327495612905696362e+03 5.699727989926448117e+02 1.330855715035348386e+00
1.327516446762919486e+03 5.701668094396158040e+02 1.335682404015972713e+00
1.327537280619676949e+03 5.764613852782391632e+02 1.343143237430804993e+00
1.327558114476435094e+03 5.776842252397595985e+02 1.349202162260171534e+00
1.327578948332262371e+03 5.730296977938381815e+02 1.356206292006255199e+00
1.327599782187624442e+03 5.689944546764511415e+02 1.361205567544653716e+00
1.327620616042519941e+03 5.768486946477213451e+02 1.361427423913855517e+00
1.327641449896949553e+03 5.801771075347681972e+02 1.360254507443307892e+00
1.327662283750913502e+03 5.761764666545860791e+02 1.358951941243215389e+00
1.327683117604412018e+03 5.788298401171705336e+02 1.356760031082974827e+00
1.327703951457445555e+03 5.842001097087400012e+02 1.355185883219040877e+00
1.327724785310012976e+03 5.748801608803662475e+02 1.354827509314082912e+00
1.327745619162114053e+03 5.801640856050534012e+02 1.354470624800204082e+00
1.327766453013284035e+03 5.844116790800272838e+02 1.353794570076436887e+00
1.327787286864454018e+03 5.804380552390956609e+02 1.352481948252589827e+00
1.327808120715158111e+03 5.769496434194386438e+02 1.349995625453501713e+00
1.327828954565397908e+03 5.791993605069194473e+02 1.347745544129033801e+00
1.327870622264013036e+03 5.776232356670877834e+02 1.340442045661467407e+00
1.327891456112854939e+03 5.745024668301382462e+02 1.336042032000366087e+00
1.327912289960765520e+03 5.637156291290350509e+02 1.329398049969402917e+00
1.327933123808676555e+03 5.768942219316936644e+02 1.323533907895149353e+00
1.327953957655656495e+03 5.709112416750052716e+02 1.316087497414178298e+00
1.327974791502635526e+03 5.701432426900755672e+02 1.309010863370529076e+00
1.327995625348683461e+03 5.686102026135686174e+02 1.304309493258327901e+00
1.328016459194730942e+03 5.725248419660911168e+02 1.299317828338544478e+00
1.328037293039847555e+03 5.689450379471223869e+02 1.298133607045173221e+00
1.328058126884963940e+03 5.745692240715715116e+02 1.299705128973244417e+00
1.328078960729149912e+03 5.733981359624129936e+02 1.300558672583522535e+00
1.328099794572869541e+03 5.795853995609826370e+02 1.303110460159090822e+00
1.328120628416588943e+03 5.750156797909121451e+02 1.302816865931547774e+00
1.328141462259377022e+03 5.733463723859335914e+02 1.302243484820572839e+00
1.328162296101699440e+03 5.719699451280649782e+02 1.301285746117314401e+00
1.328183129944022994e+03 5.689141548007536358e+02 1.299874892083570765e+00
1.328203963785414999e+03 5.711151094176428842e+02 1.296600818375813535e+00
1.328224797626339978e+03 5.719522805537443446e+02 1.293197288944790246e+00
1.328245631466799978e+03 5.748931390152783933e+02 1.291239247309624139e+00
1.328266465307259978e+03 5.734452905391685817e+02 1.287968998272302823e+00
1.328287299146788882e+03 5.701438779135759205e+02 1.283733008847065538e+00
1.328308132985852353e+03 5.662023054484764089e+02 1.279484253184594245e+00
1.328328966824449935e+03 5.698192292155024461e+02 1.276600005814021666e+00
1.328349800662581401e+03 5.645689900894215043e+02 1.273729676972675140e+00
1.328370634500713095e+03 5.643462704022077787e+02 1.271189806402998501e+00
1.328391468337913011e+03 5.601633478925393774e+02 1.269633409351150100e+00
1.328412302174648630e+03 5.598441883176635656e+02 1.269347333057186500e+00
1.328433136010918133e+03 5.524137255223131433e+02 1.269122342500184075e+00
1.328453969846720611e+03 5.608714721794666502e+02 1.270463102640369213e+00
1.328474803682058109e+03 5.580585761311568831e+02 1.271348843478079083e+00
1.328495637516929946e+03 5.623601220775967704e+02 1.272874485363781671e+00
1.328516471351335895e+03 5.579284979184490112e+02 1.278090838882830926e+00
1.328537305185278001e+03 5.587605863833802005e+02 1.282414674578928215e+00
1.328558139018753081e+03 5.544785212370309182e+02 1.286135685829886466e+00
1.328578972851762501e+03 5.612926318943782462e+02 1.290766612635914523e+00
1.328599806684306031e+03 5.606052000480715378e+02 1.293768782179862242e+00
1.328620640516383901e+03 5.669186932358549029e+02 1.295503603616264376e+00
1.328641474347997473e+03 5.614354122610496916e+02 1.293264395574138304e+00
1.328662308179144475e+03 5.596239562227569877e+02 1.292010917729642383e+00
1.328683142009825588e+03 5.681872367103372881e+02 1.291240078203869990e+00
1.328703975840041039e+03 5.662803705421998757e+02 1.289286507303215146e+00
1.328724809669789920e+03 5.652071868728398840e+02 1.289377948426625897e+00
1.328745643499074504e+03 5.675579995123164281e+02 1.289186136501051960e+00
1.328766477327893426e+03 5.744675050968465939e+02 1.289076094122211913e+00
1.328787311156247142e+03 5.638163107822847451e+02 1.289424775975384296e+00
1.328808144984134060e+03 5.750981512235441642e+02 1.288733839272257375e+00
1.328828978811554862e+03 5.630623132659827661e+02 1.286381841488446254e+00
1.328849812638510912e+03 5.666289280731602958e+02 1.282931550201744653e+00
1.328870646464535639e+03 5.653340564084213611e+02 1.280875314029920498e+00
1.328891480290560594e+03 5.749849704285153393e+02 1.277871259204546472e+00
1.328912314116119433e+03 5.781636563450408630e+02 1.272975580420242281e+00
1.328933147941213065e+03 5.707148428680112602e+02 1.268424763828196022e+00
1.328953981765840126e+03 5.674689128517607060e+02 1.261701223529223315e+00
1.328974815589536092e+03 5.784564450236107405e+02 1.257920159891759315e+00
1.328995649413232968e+03 5.684080921249274070e+02 1.254018760695959189e+00
1.329016483236463955e+03 5.737032234487057849e+02 1.250879884031963263e+00
1.329037317059228371e+03 5.730813364361848699e+02 1.249215499749646296e+00
1.329058150881528036e+03 5.720802177230299321e+02 1.249043957360517876e+00
1.329078984702895468e+03 5.687129578530864364e+02 1.250342941924230233e+00
1.329099818524262901e+03 5.819460042879494495e+02 1.252320662658684691e+00
1.329120652345166036e+03 5.755762662618647028e+02 1.253163102633760628e+00
1.329141486165136939e+03 5.758166372633580750e+02 1.253701309140980769e+00
1.329162319985107843e+03 5.827850364377452479e+02 1.253201723485005692e+00
1.329183153804613085e+03 5.753065573950476619e+02 1.253096321900333487e+00
1.329203987623653120e+03 5.840938225249298057e+02 1.251978167255151986e+00
1.329224821441760923e+03 5.702758414397976594e+02 1.250558632953671756e+00
1.329245655259870091e+03 5.787514740399428774e+02 1.248153944601561705e+00
1.329266489077047027e+03 5.762546280056898240e+02 1.245586997762155868e+00
1.329287322894223962e+03 5.788627279787584712e+02 1.241970787097924633e+00
1.329308156710935009e+03 5.768202137924048429e+02 1.237438071271544038e+00
1.329328990526715188e+03 5.774276905111021279e+02 1.234741591087203494e+00
1.329349824342495594e+03 5.738139535480991071e+02 1.231664796852753874e+00
1.329370658157344451e+03 5.739895138042714962e+02 1.228492481880953502e+00
1.329391491972193080e+03 5.757995481041067478e+02 1.226356051619690968e+00
1.329412325786575821e+03 5.732447472156334243e+02 1.226289852478552600e+00
1.329433159600027466e+03 5.764584385437268566e+02 1.225244287539407173e+00
1.329453993413479111e+03 5.732558589362065504e+02 1.225985397348358985e+00
1.329474827225999434e+03 5.959294996264436577e+02 1.226059439937313700e+00
1.329495661038520439e+03 5.764451539123789416e+02 1.227748273381825239e+00
1.329516494850109439e+03 5.783816440028617762e+02 1.228415383523394633e+00
1.329537328661698439e+03 5.862955368651686285e+02 1.231392165753175449e+00
1.329558162472355889e+03 5.744789269714688089e+02 1.233672267934772693e+00
1.329578996283014021e+03 5.800312158439045334e+02 1.236271523962306107e+00
1.329599830092741058e+03 5.758303703957172957e+02 1.238087058258632522e+00
1.329620663902001979e+03 5.721618344350678171e+02 1.239009751186838537e+00
1.329641497711263128e+03 5.841257376816581655e+02 1.238818175579080139e+00
1.329662331519592044e+03 5.793741725407703598e+02 1.237900154845082312e+00
1.329683165327921415e+03 5.861659852833561217e+02 1.237683654412410128e+00
1.329703999135319918e+03 5.859995649417509185e+02 1.236029035841364143e+00
1.329724832942252988e+03 5.848542786359311094e+02 1.235407481982273126e+00
1.329745666749184920e+03 5.769587404321539452e+02 1.234075534082292647e+00
1.329766500555185985e+03 5.834373279367595160e+02 1.233666663403748531e+00
1.329787334360720934e+03 5.854618551495141219e+02 1.232388261678225350e+00
1.329808168166256564e+03 5.844703892890039469e+02 1.232628129485308088e+00
1.329829001970861555e+03 5.832972556946887153e+02 1.231100931196284387e+00
1.329849835774999974e+03 5.897796817790983823e+02 1.228865726721934726e+00
1.329870669578672960e+03 5.872277241095296176e+02 1.226762403003720081e+00
1.329891503382345491e+03 5.845148848387356111e+02 1.224770907953772969e+00
1.329912337185086926e+03 5.865846906196092050e+02 1.222600722346941948e+00
1.329933170987362473e+03 5.910495196151955497e+02 1.218688620953528812e+00
1.329954004789172814e+03 5.835436221536996300e+02 1.214067217057931192e+00
1.329974838590519084e+03 5.913897182661003171e+02 1.210503678906730274e+00
1.329995672391863081e+03 6.083362203929949601e+02 1.206515204968149568e+00
1.330016506192275983e+03 5.959917690914003288e+02 1.205286239879948651e+00
1.330037339992223451e+03 5.861596632597343159e+02 1.204777016882385698e+00
1.330058173791705485e+03 5.897518642808214508e+02 1.203886757011464415e+00
1.330079007590722540e+03 5.859923875238185929e+02 1.202489858651967003e+00
1.330099841389273024e+03 5.888342178184551585e+02 1.203228091492446472e+00
1.330120675187357392e+03 5.914943954778851776e+02 1.203086852422569741e+00
1.330141508984976554e+03 5.835127470646773418e+02 1.203153981441854814e+00
1.330162342782130054e+03 5.801420231263221012e+02 1.203624621602889411e+00
1.330183176578817893e+03 5.803857918807615306e+02 1.202862252613536853e+00
1.330204010375040980e+03 5.948132137661607430e+02 1.202244622281763320e+00
1.330224844170797041e+03 5.898940843276076293e+02 1.201768531546921093e+00
1.330245677966089033e+03 5.865087430870163416e+02 1.200243931057950686e+00
1.330266511760914000e+03 5.818550866069540461e+02 1.197133042927379432e+00
1.330287345555273077e+03 5.846979503041677617e+02 1.194884179859114104e+00
1.330308179349167403e+03 5.812676421359466303e+02 1.191702233741858130e+00
1.330329013142596068e+03 5.870821605172321824e+02 1.188634380811035118e+00
1.330370680728055959e+03 5.786707588566640652e+02 1.184024090479941727e+00
1.330391514520086503e+03 5.732909588540193226e+02 1.181388992124994930e+00
1.330412348311652067e+03 5.784159087132658215e+02 1.180011982533666792e+00
1.330433182102751971e+03 5.711138970926716638e+02 1.178349475066590601e+00
1.330454015893386895e+03 5.747146347419052290e+02 1.178013909159021377e+00
1.330474849683090952e+03 5.749119851065100875e+02 1.178195338084669253e+00
1.330495683472793644e+03 5.689052406634572208e+02 1.178148491015595267e+00
1.330516517262030447e+03 5.712201651924460748e+02 1.178699610291472633e+00
1.330537351050802954e+03 5.709513547190631471e+02 1.180422320358538002e+00
1.330558184839108890e+03 5.757346899293279421e+02 1.181467393519632036e+00
1.330579018626483503e+03 5.695812445111814668e+02 1.184446072018666030e+00
1.330599852413857889e+03 5.660303378865011155e+02 1.185214302386356167e+00
1.330620686200767068e+03 5.670257607309766854e+02 1.187158686124287321e+00
1.330641519987209904e+03 5.718315696992930270e+02 1.187740552530230254e+00
1.330662353772723009e+03 5.694432263242380259e+02 1.187047018689817213e+00
1.330683187558234977e+03 5.700097340877896386e+02 1.187380182345082913e+00
1.330704021343281966e+03 5.737228312843064941e+02 1.186515098511077060e+00
1.330724855127396950e+03 5.753598312556155179e+02 1.184905178606118437e+00
1.330745688911511934e+03 5.738097015582699214e+02 1.184372548123441282e+00
1.330766522695160802e+03 5.800635901614269869e+02 1.184148777919003859e+00
1.330787356477879484e+03 5.866032678356318684e+02 1.185309296736146489e+00
1.330808190260598167e+03 5.782316615750077062e+02 1.182113527609978787e+00
1.330829024042385072e+03 5.778169121038516778e+02 1.181744935026667109e+00
1.330849857824171977e+03 5.839039074933089069e+02 1.181383139559949669e+00
1.330870691605492539e+03 5.827065575075347397e+02 1.179961570582729991e+00
1.330891525385883142e+03 5.847908588282407436e+02 1.178433440127342857e+00
1.330912359166272836e+03 5.820848660871322409e+02 1.176391949900478240e+00
1.330933192945730980e+03 5.873293444039666156e+02 1.175027497964060252e+00
1.330954026725190033e+03 5.871146676686907995e+02 1.173069002321977417e+00
1.330974860503716627e+03 5.883268849398571092e+02 1.171353592907109276e+00
1.330995694282243448e+03 5.856618661604604767e+02 1.170559869961561805e+00
1.331016528059839402e+03 5.891441316579625891e+02 1.169561875222016267e+00
1.331037361837436947e+03 5.908095889327724990e+02 1.168573637522889008e+00
1.331058195614100896e+03 5.892091211192738456e+02 1.168955306517950099e+00
1.331079029390765072e+03 5.949839985173701962e+02 1.170287366528427686e+00
1.331099863166498380e+03 5.904255945183846279e+02 1.169578896815238078e+00
1.331120696941765345e+03 5.951199180420846915e+02 1.168506256227145768e+00
1.331141530717032992e+03 5.935140249388728080e+02 1.169250601386012889e+00
1.331162364491369999e+03 5.924261695597224389e+02 1.169049990499623659e+00
1.331183198265707006e+03 5.916628571645638885e+02 1.170131097850023227e+00
1.331204032039111553e+03 5.986073480756307390e+02 1.169681887459035341e+00
1.331224865812049984e+03 5.885430696604933019e+02 1.168750871056216889e+00
1.331245699584990007e+03 5.974277243195979281e+02 1.167421091341497075e+00
1.331266533356998480e+03 6.011172390104694614e+02 1.167634131427420785e+00
1.331287367129005816e+03 5.959853697580176686e+02 1.164320949051378395e+00
1.331308200900082056e+03 5.965970059173496338e+02 1.163102643896336108e+00
1.331329034670694000e+03 5.982543517394539094e+02 1.160500780318169278e+00
1.331349868441304352e+03 5.987855430811255246e+02 1.159377790586501034e+00
1.331370702210984518e+03 5.985952223482099726e+02 1.156892185753319202e+00
1.331391535980199023e+03 5.994600465806942111e+02 1.154503921554995927e+00
1.331412369748946958e+03 5.927295252111504169e+02 1.153177871112299746e+00
1.331433203517695347e+03 5.975943619070877730e+02 1.152788393260280930e+00
1.331454037285512641e+03 5.914140341799761700e+02 1.152036567736766770e+00
1.331474871052862909e+03 6.023703540584352822e+02 1.151856296695866089e+00
1.331495704820214996e+03 5.913627412151956833e+02 1.152436023185938518e+00
1.331516538586635534e+03 6.010995056507821346e+02 1.151809827313475587e+00
1.331537372352589500e+03 6.007012394674313782e+02 1.153728002832406396e+00
1.331558206118078033e+03 5.946003494258942510e+02 1.154330490319935620e+00
1.331579039883567020e+03 5.944051861256189113e+02 1.155259610348889021e+00
1.331599873648124913e+03 5.905794432409746832e+02 1.156814076753102771e+00
1.331620707412216916e+03 5.925057472169877428e+02 1.158436074720380127e+00
1.331641541175842576e+03 5.995079486094588219e+02 1.158084753976926784e+00
1.331662374939468009e+03 5.950698372971728531e+02 1.160125732020486300e+00
1.331683208702163483e+03 5.904080890498720464e+02 1.159460199315348161e+00
1.331704042464392387e+03 5.935726947039480592e+02 1.159159068026251349e+00
1.331724876226156084e+03 5.969964813647864048e+02 1.159027835248383598e+00
1.331745709987454120e+03 5.886969345900673716e+02 1.157696823951652743e+00
1.331766543748751928e+03 5.963338219138038312e+02 1.157335854049287294e+00
1.331787377509117960e+03 5.938229714327320607e+02 1.156565906568085111e+00
1.331808211269019012e+03 5.913714011458530422e+02 1.155621177209005701e+00
1.331829045028453947e+03 5.828868058780964247e+02 1.154719241561593002e+00
1.331849878787889111e+03 5.931733099049826023e+02 1.154779323700254823e+00
1.331870712546392951e+03 5.913039609342071117e+02 1.153349976961589807e+00
1.331891546304432040e+03 5.921725035060985647e+02 1.152780792635814233e+00
1.331912380062004104e+03 5.918379701640877784e+02 1.151984103702436313e+00
1.331933213819110506e+03 5.910426614968812373e+02 1.150680531369248749e+00
1.331954047576218045e+03 5.931277831607202415e+02 1.150460103499977293e+00
1.331974881332393579e+03 5.936195445674387656e+02 1.148912655892808221e+00
1.331995715088103907e+03 5.908900008374773734e+02 1.148571136380695856e+00
1.332016548843347437e+03 5.943366602047354945e+02 1.147454496325006623e+00
1.332037382598590966e+03 5.885443749112312162e+02 1.147126312161996564e+00
1.332058216352903855e+03 5.941165309915251100e+02 1.146472469443480913e+00
1.332079050106751538e+03 5.929345946862548544e+02 1.146229600298448892e+00
1.332099883860134014e+03 5.973617406251294142e+02 1.146471637609583816e+00
1.332120717613049464e+03 5.921978650648926532e+02 1.145766233155670388e+00
1.332141551365964915e+03 5.912471888084346574e+02 1.145719776884454921e+00
1.332162385117949498e+03 5.929827141774223946e+02 1.146298395048347629e+00
1.332183218869467964e+03 5.921689674161764287e+02 1.145377253306111509e+00
1.332204052620987568e+03 5.982720129598327503e+02 1.145425804955608307e+00
1.332224886371575394e+03 5.899464753840989033e+02 1.144908803697960664e+00
1.332245720121697104e+03 5.953198580849500559e+02 1.144368547455759888e+00
1.332266553871353608e+03 5.845708521093520176e+02 1.142962477504495977e+00
1.332287387621008975e+03 5.887003950663156502e+02 1.142559031791591906e+00
1.332308221365543886e+03 5.874963905531456021e+02 1.141531701475268834e+00
1.332329055113803861e+03 5.910199414211626845e+02 1.138685223090583065e+00
1.332349888861597037e+03 5.858637998745680306e+02 1.136827811026730695e+00
1.332370722609390896e+03 5.849686388668586687e+02 1.135067241458201259e+00
1.332391556356253204e+03 5.837036365270707847e+02 1.133512136201710430e+00
1.332412390103115058e+03 5.892103595664239037e+02 1.132258891614221552e+00
1.332433223849046044e+03 5.843270000198987191e+02 1.130843615380930922e+00
1.332454057594512051e+03 5.853384697450394469e+02 1.130663655528596490e+00
1.332474891339976921e+03 5.857771443234108801e+02 1.131414405720657657e+00
1.332495725084510923e+03 5.877055231153453860e+02 1.130509871003198663e+00
1.332516558829044925e+03 5.868279782699473799e+02 1.132525072136031596e+00
1.332537392572648059e+03 5.862394464968261900e+02 1.132846331913305526e+00
1.332558226316250966e+03 5.855817766497029879e+02 1.135176776193705273e+00
1.332579060058922096e+03 5.905407233270791494e+02 1.135700936851642417e+00
1.332599893801593453e+03 5.884698272685360507e+02 1.137629874643692585e+00
1.332620727543333032e+03 5.883995972966180261e+02 1.138875952830673333e+00
1.332641561285073522e+03 5.868684127995355766e+02 1.139462701850743498e+00
1.332662395026347895e+03 5.910604426397426323e+02 1.139456372392098515e+00
1.332683228766690945e+03 5.833314029158336780e+02 1.139279865723087592e+00
1.332704062507034905e+03 5.868380810603250666e+02 1.139662401756108334e+00
1.332724896246912067e+03 5.889962677957870483e+02 1.139933441795722979e+00
1.332745729985857906e+03 5.958511168524515824e+02 1.139179725004714205e+00
1.332766563724802836e+03 5.933604832427956808e+02 1.139190555695031026e+00
1.332787397463283924e+03 5.949375888142492386e+02 1.137741205820602675e+00
1.332808231201300032e+03 5.935739191053124841e+02 1.137436630244498703e+00
1.332829064938382999e+03 5.993198271753120707e+02 1.136838664123790865e+00
1.332870732412083953e+03 5.896869960749199890e+02 1.137393449676658896e+00
1.332891566148236052e+03 5.945081829186852929e+02 1.136307369919920207e+00
1.332912399883922490e+03 5.952744763575190063e+02 1.135815500794379762e+00
1.332933233619143493e+03 5.950452222992156521e+02 1.136157497002101113e+00
1.332954067353897926e+03 5.984849614594763807e+02 1.135387519438975756e+00
1.332974901088188062e+03 5.895045803331717025e+02 1.135758508907741104e+00
1.332995734822011400e+03 5.979225862005516774e+02 1.135169530214573674e+00
1.333016568555369531e+03 6.052920942175784376e+02 1.135233272241916946e+00
1.333037402288262911e+03 5.986845967117092187e+02 1.134510162540007805e+00
1.333058236020689947e+03 6.026230291127262717e+02 1.135628350966217059e+00
1.333079069753116073e+03 5.983319578839675614e+02 1.134460565792050346e+00
1.333099903484612014e+03 6.053499228556063372e+02 1.136033313598554972e+00
1.333120737215641384e+03 6.062644143508590560e+02 1.137243038539414330e+00
1.333141570946671436e+03 6.078693622573322273e+02 1.136561536896040225e+00
1.333162404676771075e+03 6.039070227968716154e+02 1.137041550778742138e+00
1.333183238406403461e+03 6.073924257495554002e+02 1.138604032873921312e+00
1.333204072136036075e+03 6.070636006151885340e+02 1.138751751828233294e+00
1.333224905864737593e+03 6.083110573075670118e+02 1.138960001955728218e+00
1.333245739593437975e+03 6.085798427458373681e+02 1.138949169072990486e+00
1.333266573321675423e+03 6.068299748042344390e+02 1.139244341365982738e+00
1.333287407048980640e+03 6.176050729741427858e+02 1.140117532376706988e+00
1.333308240776284492e+03 6.083097746032424311e+02 1.137870545869792638e+00
1.333329074503124048e+03 6.120175102081269642e+02 1.135840637191011249e+00
1.333349908229030916e+03 6.150829970314780439e+02 1.135239467734123986e+00
1.333370741954938467e+03 6.124747249639353868e+02 1.133065557167364013e+00
1.333391575680381948e+03 6.135250766561869114e+02 1.131721602713710251e+00
1.333412409405357494e+03 6.136529553984255472e+02 1.130355221861436110e+00
1.333433243129868060e+03 6.143315427502670900e+02 1.129208323049326390e+00
1.333454076853912966e+03 6.130361473195258668e+02 1.128977895396974906e+00
1.333474910577957417e+03 6.133727254398922923e+02 1.129089235041520256e+00
1.333495744301071454e+03 6.111100041438591006e+02 1.128237727654029854e+00
1.333516578023720058e+03 6.099910109277058154e+02 1.129847309210869621e+00
1.333537411745901863e+03 6.103560236657610858e+02 1.129918103668411833e+00
1.333558245468083896e+03 6.073986861220740820e+02 1.130689644470593391e+00
1.333579079189335062e+03 6.045075875192210333e+02 1.130110840467269506e+00
1.333599912910585999e+03 6.062951135209019640e+02 1.131501906362588850e+00
1.333620746630905614e+03 6.072823316912324572e+02 1.131181845535081054e+00
1.333641580351225912e+03 6.084298887055599607e+02 1.132222989037049876e+00
1.333662414071080093e+03 6.040494190390564881e+02 1.132146021024968530e+00
1.333683247790467931e+03 6.047778782333797380e+02 1.130669348897616500e+00
1.333704081508924901e+03 5.965917563490700104e+02 1.129701960934090810e+00
1.333724915227382553e+03 5.991460204523132234e+02 1.129586935249832447e+00
1.333745748945374089e+03 5.983196663197925318e+02 1.126837025286576921e+00
1.333766582662899964e+03 6.006759472320720761e+02 1.126420501775455163e+00
1.333787416380425384e+03 5.958167107355682219e+02 1.125619293994833736e+00
1.333808250097019481e+03 5.899626808496130934e+02 1.123619663288234927e+00
1.333829083813147918e+03 5.924990849160283233e+02 1.123172865724888947e+00
1.333849917529277036e+03 5.909735708612884082e+02 1.122309434343044865e+00
1.333870751244475059e+03 5.892503200202871767e+02 1.122680657426079920e+00
1.333891584959673082e+03 5.882236277191095724e+02 1.121163130151864307e+00
1.333912418673938646e+03 5.860786421301702376e+02 1.119881642593251181e+00
1.333933252388203982e+03 5.865013409405237326e+02 1.119046352070764749e+00
1.333954086102005022e+03 5.840972813153515517e+02 1.118960487554466754e+00
1.333974919815339945e+03 5.816358598132616180e+02 1.116514683576925959e+00
1.333995753528208979e+03 5.874245855753416663e+02 1.116431614111828230e+00
1.334016587240613035e+03 5.831137748830450391e+02 1.114925842898241148e+00
1.334037420952549837e+03 5.823321204466917607e+02 1.113676890961032839e+00
1.334058254664487549e+03 5.816717767473360254e+02 1.114451760105028555e+00
1.334079088375493939e+03 5.862267200639470275e+02 1.114234221975161310e+00
1.334099922086501010e+03 5.802141212482372339e+02 1.114583856220063396e+00
1.334120755796576077e+03 5.854694903183650467e+02 1.114371050765078142e+00
1.334141589506652053e+03 5.773025085438084716e+02 1.113622673283153564e+00
1.334162423216261004e+03 5.799596002409873563e+02 1.114210737940754425e+00
1.334183256925404066e+03 5.864420345166944344e+02 1.114220741451004582e+00
1.334204090634083059e+03 5.825663620254575790e+02 1.114653588098096559e+00
1.334224924342296617e+03 5.841993649791540975e+02 1.113874417943227613e+00
1.334245758050043150e+03 5.843810635042812009e+02 1.114321948386307604e+00
1.334266591757789456e+03 5.778621571374728774e+02 1.112470632872711640e+00
1.334287425464604894e+03 5.836251760596317126e+02 1.111742636235672599e+00
1.334308259171420104e+03 5.783424356801791646e+02 1.110353226605915511e+00
1.334329092877304447e+03 5.772316909202978650e+02 1.110064010492799236e+00
1.334349926583189927e+03 5.826480553282757455e+02 1.108248124874636087e+00
1.334370760288607926e+03 5.788860711057087656e+02 1.106689426195744730e+00
1.334391593993560036e+03 5.773140086570431322e+02 1.104319214029858776e+00
1.334412427698048077e+03 5.737008322782053256e+02 1.103994512032952624e+00
1.334433261402534526e+03 5.725234554249002485e+02 1.101819759115829189e+00
1.334454095106090563e+03 5.685031624341107772e+02 1.101436851315550136e+00
1.334474928809647508e+03 5.733352542283211051e+02 1.101007578793391284e+00
1.334495762512738111e+03 5.673223631199884949e+02 1.101673851066705456e+00
1.334516596214896481e+03 5.683077178011258184e+02 1.098705401247795477e+00
1.334537429917055078e+03 5.636890161478426080e+02 1.099593275911095347e+00
1.334558263619214358e+03 5.688002987570815776e+02 1.099673985807173349e+00
1.334579097320442543e+03 5.666473594529325055e+02 1.098232728801050717e+00
1.334599931021203929e+03 5.669569758511022428e+02 1.098347402163187603e+00
1.334620764721965998e+03 5.633038676679134369e+02 1.097783688786929446e+00
1.334641598422262177e+03 5.701220106908860998e+02 1.097697355647836215e+00
1.334662432121626352e+03 5.611539922744077558e+02 1.097033123562974222e+00
1.334683265820992347e+03 5.722771349278067419e+02 1.096847290384615148e+00
1.334704099520357886e+03 5.637508890159515431e+02 1.096868972544397858e+00
1.334724933218791648e+03 5.696987465755721587e+02 1.094747415526049261e+00
1.334745766916759067e+03 5.659540099965422542e+02 1.093449142494373083e+00
1.334766600614726940e+03 5.632883207363207703e+02 1.093104580775196899e+00
1.334787434312228925e+03 5.678591793674395376e+02 1.093761444031926766e+00
1.334808268009265475e+03 5.648598204595331254e+02 1.091781479619485129e+00
1.334829101705837957e+03 5.674411016929039988e+02 1.090487109105012120e+00
1.334849935401942957e+03 5.634028956400995867e+02 1.090493340182880466e+00
1.334870769098048186e+03 5.605021791208711193e+02 1.089289425122196064e+00
1.334891602793687071e+03 5.638065553581159293e+02 1.089465605512812019e+00
1.334912436488396452e+03 5.636407566217619660e+02 1.088359738468215987e+00
1.334933270183104923e+03 5.625232130619275495e+02 1.086356651592762512e+00
1.334954103877812940e+03 5.661197592192464754e+02 1.085315334009918420e+00
1.334974937571590090e+03 5.616581397065598367e+02 1.084922645641642980e+00
1.334995771265367921e+03 5.967170937937253257e+02 1.080453376357235706e+00
1.335016604958213065e+03 5.644752142479860595e+02 1.082248707207224658e+00
1.335037438651058437e+03 5.573334481511520835e+02 1.083111055507805398e+00
1.335058272343439967e+03 5.517860220480444013e+02 1.083978051519421726e+00
1.335079106035818995e+03 5.616695818187530449e+02 1.082124726702486051e+00
1.335099939727266928e+03 5.565722724909129511e+02 1.080963379019949322e+00
1.335120773418716453e+03 5.576941223837756070e+02 1.080717811371616488e+00
1.335141607109700089e+03 5.587811317273503846e+02 1.080455307176972024e+00
1.335162440800216928e+03 5.552292687389521006e+02 1.079952736279535586e+00
1.335183274490269014e+03 5.546019273187414456e+02 1.079339048740019402e+00
1.335204108180321100e+03 5.567209657592063650e+02 1.078532100608295075e+00
1.335224941869907525e+03 5.466456428894911141e+02 1.079512104632672331e+00
1.335245775559027607e+03 5.568483549303092559e+02 1.078917170862258912e+00
1.335266609247682482e+03 5.495008024204881849e+02 1.078618530979047696e+00
1.335287442935871923e+03 5.516207771227824423e+02 1.077682017111916357e+00
1.335308276624060909e+03 5.455042223954586689e+02 1.076988837833348756e+00
1.335329110311784007e+03 5.504260551117105251e+02 1.076762457937387563e+00
1.335370777685833900e+03 5.484564821283751144e+02 1.076897627404038493e+00
1.335391611372627040e+03 5.468917496839701471e+02 1.076506242541734215e+00
1.335412445058952926e+03 5.741891171128855831e+02 1.076423407927454612e+00
1.335433278744814061e+03 5.478727454070183285e+02 1.077130065927305091e+00
1.335454112430209989e+03 5.441311991750111474e+02 1.075911142434680778e+00
1.335474946115603871e+03 5.580482342998933518e+02 1.075831309187856633e+00
1.335495779800068021e+03 5.517151747990772037e+02 1.076044923248729912e+00
1.335516613484997833e+03 5.500486314669924468e+02 1.075943716686591278e+00
1.335537447168997005e+03 5.502755489058457670e+02 1.076810339316458087e+00
1.335558280852529151e+03 5.444833047931091414e+02 1.076158526938403304e+00
1.335579114536061070e+03 5.491638337797216991e+02 1.077087898662835608e+00
1.335599948219128009e+03 5.687368573698586260e+02 1.097470033536311673e+00
1.335620781902194949e+03 5.527798038741345863e+02 1.076563602884333948e+00
1.335641615584796909e+03 5.644838166965148503e+02 1.077934856509536354e+00
1.335662449266466410e+03 5.585996467878121621e+02 1.076323399892999966e+00
1.335683282948602027e+03 5.530853392114713643e+02 1.076488247595959180e+00
1.335704116629805867e+03 5.528750457603199493e+02 1.076944229814269072e+00
1.335724950311009934e+03 5.563475420212566860e+02 1.076737160210438526e+00
1.335745783991749022e+03 5.546221395282180993e+02 1.078682188817893461e+00
1.335766617672488564e+03 5.650346727772673603e+02 1.077822933174175990e+00
1.335787451352295648e+03 5.579229313374261210e+02 1.077630136778296555e+00
1.335808285032102049e+03 5.564231847074481720e+02 1.078776839752300987e+00
1.335829118711908905e+03 5.604709456491256105e+02 1.077996011287833067e+00
1.335849952390784892e+03 5.688640825046683176e+02 1.078867338833763290e+00
1.335870786069661563e+03 5.643776738609999484e+02 1.079887055919780403e+00
1.335891619748071889e+03 5.644657040975588416e+02 1.078974347793359767e+00
1.335912453426481989e+03 5.592986242051197223e+02 1.079310774049235366e+00
1.335933287104427109e+03 5.591057549497764967e+02 1.080112118729291470e+00
1.335954120781905658e+03 5.675464018976637135e+02 1.080403780690554649e+00
1.335974954459384435e+03 5.630249963503604249e+02 1.079639532014618819e+00
1.335995788135933026e+03 5.644350753350867080e+02 1.079870110842595210e+00
1.336016621812946596e+03 5.687357621371137384e+02 1.079842070847448987e+00
1.336037455489029071e+03 5.645990804591759797e+02 1.079845658682724752e+00
1.336058289165110182e+03 5.651837983310821301e+02 1.080098984915255800e+00
1.336079122840726086e+03 5.687901448621569216e+02 1.080820556208240246e+00
1.336099956516342900e+03 5.660647470627943676e+02 1.079428175437506798e+00
1.336120790191494507e+03 5.669418616173330747e+02 1.080547596336368432e+00
1.336141623866179089e+03 5.730746937242156491e+02 1.080450893869647766e+00
1.336162457540862988e+03 5.683549993472169035e+02 1.080733750421692507e+00
1.336183291215083045e+03 5.701900188412323587e+02 1.080915461037359249e+00
1.336204124889301966e+03 5.588185671605258449e+02 1.080686704728317737e+00
1.336224958562590473e+03 5.702360066904401492e+02 1.081471101943546786e+00
1.336245792236343959e+03 5.685645968073442873e+02 1.081267490135252585e+00
1.336266625909167033e+03 5.708445775832202571e+02 1.081092840691349588e+00
1.336287459581988969e+03 5.726832573042975127e+02 1.082374545838145963e+00
1.336308293254810906e+03 5.727110248109353279e+02 1.082310554454623430e+00
1.336329126927168090e+03 5.737077129295553277e+02 1.082789296703896342e+00
1.336349960599060068e+03 5.754310914919780089e+02 1.082235599322437736e+00
1.336370794270485021e+03 5.759428894704210506e+02 1.082838673020706910e+00
1.336391627941911111e+03 5.745376919001164424e+02 1.082612415229564862e+00
1.336412461613335381e+03 5.779481331684991119e+02 1.083434699280196645e+00
1.336433295284294900e+03 5.758148597909420232e+02 1.083103901458946305e+00
1.336454128954789439e+03 5.752045629941397920e+02 1.082491614945777503e+00
1.336474962625283979e+03 5.751075216793257141e+02 1.082836746450780208e+00
1.336495796295312630e+03 5.710315752051891423e+02 1.083024873590535675e+00
1.336516629965339916e+03 5.675625490086905529e+02 1.082014228328856742e+00
1.336537463634902906e+03 5.721011681248842251e+02 1.082104897316656489e+00
1.336558297304000007e+03 5.700153847684106267e+02 1.082679747002922577e+00
1.336579130973098017e+03 5.688768398232106165e+02 1.081962720993824956e+00
1.336599964642195118e+03 5.688424320333815558e+02 1.081306958765505755e+00
1.336620798310826103e+03 5.698723789328470275e+02 1.081246597637490314e+00
1.336641631978992109e+03 5.651698538947914585e+02 1.081192958848657959e+00
1.336662465647157887e+03 5.682320861455521026e+02 1.081572507708920439e+00
1.336683299314858004e+03 5.695149917381752402e+02 1.080402732481708927e+00
1.336704132982557894e+03 5.913627529792727273e+02 1.080419779541458736e+00
1.336724966650258466e+03 5.618417543200770297e+02 1.078059927040792454e+00
1.336745800317027033e+03 5.614196868358641268e+02 1.079123987853805033e+00
1.336766633984261944e+03 5.617062505775113550e+02 1.078630798667310042e+00
1.336787467651030056e+03 5.574087853933957604e+02 1.078831427408396326e+00
1.336808301317333644e+03 5.551657978479879603e+02 1.078283436508626236e+00
1.336829134983637005e+03 5.592747120981746320e+02 1.078209417604086839e+00
1.336849968649474931e+03 5.581956551852265420e+02 1.078454727393398871e+00
1.336870802315311948e+03 5.584023224257337006e+02 1.077555077333353539e+00
1.336891635980683532e+03 5.576653674800145382e+02 1.078826454962974246e+00
1.336912469646054888e+03 5.594371712604139475e+02 1.078485953680327958e+00
1.336933303311427608e+03 5.536855978087744461e+02 1.078267792906711042e+00
1.336954136976333984e+03 5.538220649482260569e+02 1.077919594920845103e+00
1.336974970640774927e+03 5.601110966299794427e+02 1.078360545646851687e+00
1.336995804305680394e+03 5.535781169582816119e+02 1.077973341295489718e+00
1.337016637969654994e+03 5.568449356897874623e+02 1.079266096318935331e+00
1.337037471634096164e+03 5.569504714615056855e+02 1.078375082450873323e+00
1.337058305297606012e+03 5.604419350448201840e+02 1.078012488202601649e+00
1.337079138961581066e+03 5.519921611800116352e+02 1.077841292937097961e+00
1.337099972625089549e+03 5.535110688581895602e+02 1.078047155251249833e+00
1.337120806288131917e+03 5.460877995151092819e+02 1.078076126538862312e+00
1.337141639951176103e+03 5.561169015389250490e+02 1.078068717924899778e+00
1.337162473614220517e+03 5.593480207466685670e+02 1.077655579471476388e+00
1.337183307276799042e+03 5.530575743105241600e+02 1.078102719726330649e+00
1.337204140939375975e+03 5.533745663538785493e+02 1.078195707794431746e+00
1.337224974601952908e+03 5.571803946850153579e+02 1.078513476277400462e+00
1.337245808264066000e+03 5.547060651976381678e+02 1.078761921592425788e+00
1.337266641925712065e+03 5.534732782525254606e+02 1.077939390708020362e+00
1.337287475587825611e+03 5.540786283549815607e+02 1.077341098795969732e+00
1.337308309249472586e+03 5.516526526896806217e+02 1.077964051990194072e+00
1.337329142910652536e+03 5.517405251900709118e+02 1.076993209983935440e+00
1.337349976571832940e+03 5.499160508871200364e+02 1.076737547707456111e+00
1.337370810233014026e+03 5.515245943801310204e+02 1.076786260507567539e+00
1.337391643893729452e+03 5.522497774004439179e+02 1.077962061414358796e+00
1.337412477554445559e+03 5.574888685909056676e+02 1.077990537357732315e+00
1.337433311215160529e+03 5.551168477890812483e+02 1.078766949587876667e+00
1.337454144875409384e+03 5.551514057479206485e+02 1.079264660415592880e+00
1.337474978535658920e+03 5.704679969246367364e+02 1.078027250861996578e+00
1.337495812195908911e+03 5.515396906441056899e+02 1.078856565531666867e+00
1.337516645855693469e+03 5.575870040207182683e+02 1.079431654211412406e+00
1.337537479515012365e+03 5.607834867355522874e+02 1.079772961293988587e+00
1.337558313174796012e+03 5.607439800461215782e+02 1.079316130834634624e+00
1.337579146834113089e+03 5.498302613941804111e+02 1.079618442386075960e+00
1.337599980492966097e+03 5.587959762335185587e+02 1.080084195387269963e+00
1.337620814152284083e+03 5.548410669962969450e+02 1.080103178923648821e+00
1.337641647810672112e+03 5.616319159404625907e+02 1.081513759657777740e+00
1.337662481469524437e+03 5.577994683764012507e+02 1.081216719010445360e+00
1.337683315127911101e+03 5.673979042209473391e+02 1.081121179040037461e+00
1.337704148786297992e+03 5.594583378352526779e+02 1.082795737220735521e+00
1.337724982444218995e+03 5.629753397833931103e+02 1.083411317855001554e+00
1.337745816102140907e+03 5.586818092450128006e+02 1.083092454882483402e+00
1.337766649759596930e+03 5.606249478973859368e+02 1.081808184274444917e+00
1.337787483417052499e+03 5.591479373759736973e+02 1.082009766293094755e+00
1.337808317074507613e+03 5.584797748419099435e+02 1.081445804132174393e+00
1.337829150731497975e+03 5.580040447538015087e+02 1.082567213055369848e+00
1.337870818045012584e+03 5.510271354319545480e+02 1.083116393498094299e+00
1.337891651701072078e+03 5.482537208073355259e+02 1.082879185240142483e+00
1.337912485357595415e+03 5.523947020370848122e+02 1.083348983260357334e+00
1.337933319013654000e+03 5.489821811295486214e+02 1.083550718700344362e+00
1.337954152669246923e+03 5.553227918927698283e+02 1.084785454101433677e+00
1.337974986324373958e+03 5.501690967858852446e+02 1.083518483161388435e+00
1.337995819979967564e+03 5.492782244261110236e+02 1.083285104460539383e+00
1.338016653634630075e+03 5.449569175787281665e+02 1.083820942423422418e+00
1.338037487289291903e+03 5.479386682598573088e+02 1.083727227030031326e+00
1.338058320943487615e+03 5.476877640851213300e+02 1.084040514892673279e+00
1.338079154597682646e+03 5.522800383290616537e+02 1.083987949124879169e+00
1.338099988251412924e+03 5.490363977245285696e+02 1.084693085906939247e+00
1.338120821904678451e+03 5.572231238168458276e+02 1.084139481178489017e+00
1.338141655557478089e+03 5.461157494348533419e+02 1.083588618986252250e+00
1.338162489210277045e+03 5.414579059145097517e+02 1.083792454681065109e+00
1.338183322862610112e+03 5.455198702917041373e+02 1.084334858088140008e+00
1.338204156514477063e+03 5.485962527322651567e+02 1.084676765426143996e+00
1.338224990165879490e+03 5.405112293476817058e+02 1.083633558536323704e+00
1.338245823816816937e+03 5.457896079062020362e+02 1.085119254770352093e+00
1.338266657466821925e+03 5.421549802368917881e+02 1.085265411313222961e+00
1.338287491116826914e+03 5.433675926360098174e+02 1.085246298385806663e+00
1.338308324766366013e+03 5.365179040218806676e+02 1.084105613733090223e+00
1.338329158414974017e+03 5.369876885249025236e+02 1.084142669941902781e+00
1.338349992063582022e+03 5.349090658625857486e+02 1.083560235152215778e+00
1.338370825710793952e+03 5.308150240340974051e+02 1.083006986956543960e+00
1.338391659358004972e+03 5.317625362890028100e+02 1.082906596181107073e+00
1.338412493004283988e+03 5.330860658064791551e+02 1.083409282271754259e+00
1.338433326649633045e+03 5.281478659511461728e+02 1.083057288922124162e+00
1.338454160294050098e+03 5.294984640789959940e+02 1.081912533413667665e+00
1.338474993938002626e+03 5.265801841356628756e+02 1.082456099080307821e+00
1.338495827581022468e+03 5.217507811075216750e+02 1.082684371435477466e+00
1.338516661223110987e+03 5.202210400558352603e+02 1.082193135294505559e+00
1.339683341617818542e+03 5.538665325670203856e+02 1.084092473319226313e+00
1.339704175110916367e+03 5.541091064473607730e+02 1.082975010422430273e+00
1.339725008601687023e+03 5.528950778898108638e+02 1.082645558620872750e+00
1.339745842089197595e+03 5.537291600667647344e+02 1.083019259971059745e+00
1.339766675574844612e+03 5.516822933235855544e+02 1.082974184853969568e+00
1.339787509057699026e+03 5.482326042961229859e+02 1.082893000881450130e+00
1.339808342538224451e+03 5.498091260609517121e+02 1.084703801240588072e+00
1.339829176015955454e+03 5.434162131001294256e+02 1.086370093815076876e+00
1.339850009491824039e+03 5.499418728321986691e+02 1.088298782678421173e+00
1.339870842965365000e+03 5.437147582398754366e+02 1.091587435538284634e+00
1.339891676437042406e+03 5.479402674219063556e+02 1.096611258596022820e+00
1.339912509905924935e+03 5.424293093505198158e+02 1.104658119426052965e+00
1.339933343373411844e+03 5.433842977357571726e+02 1.114306115349704696e+00
1.339954176838571584e+03 5.423215146893056726e+02 1.122656447504141619e+00
1.339975010301401653e+03 5.449705790066296913e+02 1.130885254031796183e+00
1.339995843762834511e+03 5.437174889474354131e+02 1.141173244038584222e+00
1.340016677222405178e+03 5.444667896007687204e+02 1.150216003532425368e+00
1.340037510679647994e+03 5.433355106659671492e+02 1.160287149667631912e+00
1.340058344135492916e+03 5.502423547082587447e+02 1.170104609564945886e+00
1.340079177589475876e+03 5.472504729163155162e+02 1.178715134607663195e+00
1.340100011042062079e+03 5.472731059224380488e+02 1.187540555562611955e+00
1.340120844492784954e+03 5.507329764540801307e+02 1.194007160788298272e+00
1.340141677942110618e+03 5.521957991816985896e+02 1.200323484450463996e+00
1.340162511389574320e+03 5.538324788138428403e+02 1.206479437161571022e+00
1.340183344835641492e+03 5.490503264408030191e+02 1.215367930867933488e+00
1.340204178280310543e+03 5.531836624584760784e+02 1.223302505860061506e+00
1.340225011723582611e+03 5.544016200693242808e+02 1.228886389162634263e+00
1.340245845164992488e+03 5.555558387195195564e+02 1.236699679740345559e+00
1.340266678605470588e+03 5.524582850764090836e+02 1.241137510659437782e+00
1.340287512044551477e+03 5.599456001681586486e+02 1.246267420227064049e+00
1.340308345482236518e+03 5.600252551279304498e+02 1.250376215586271211e+00
1.340329178918524576e+03 5.625964502172437278e+02 1.254145851891911301e+00
1.340350012353880629e+03 5.530416645625749652e+02 1.256936899915408468e+00
1.340370845787840153e+03 5.556795071323894035e+02 1.258686543885232600e+00
1.340391679220402466e+03 5.567109887542191018e+02 1.259050269655695997e+00
1.340412512652033456e+03 5.582643099123899901e+02 1.262013687289293085e+00
1.340433346082268145e+03 5.544225429185926259e+02 1.262945989639413291e+00
1.340454179511570601e+03 5.467050610862814892e+02 1.267131097669588202e+00
1.340475012939941507e+03 5.523650712070401596e+02 1.269997238321380451e+00
1.340495846366915430e+03 5.571078177594287126e+02 1.274576298117615858e+00
1.340516679792959167e+03 5.542119156865898049e+02 1.279106720048842849e+00
1.340537513218070899e+03 5.662753208596333252e+02 1.283208373826903115e+00
1.340558346641785647e+03 5.534292355760952660e+02 1.283707982446347540e+00
1.340579180065034961e+03 5.529284846854117177e+02 1.282982236758541950e+00
1.340600013486887519e+03 5.620088361864239914e+02 1.281731724313585508e+00
1.340620846907808073e+03 5.538778876328706247e+02 1.279093485964132526e+00
1.340641680327797076e+03 5.564195054606992699e+02 1.277957920262243530e+00
1.340662513746854529e+03 5.593586230816378020e+02 1.275084851751305814e+00
1.340683347164981114e+03 5.558823941910163740e+02 1.271763081043324473e+00
1.340704180582176377e+03 5.562850097524349167e+02 1.271172738742259334e+00
1.340725013998906434e+03 5.583971485023355399e+02 1.271375191449706010e+00
1.340745847414239506e+03 5.641898960146803574e+02 1.273649935175093839e+00
1.340766680829106463e+03 5.644660350427027424e+02 1.278898733369786322e+00
1.340787514242576435e+03 5.712666088821482617e+02 1.283566218874380382e+00
1.340808347655580974e+03 5.627298561382448270e+02 1.288028232765564773e+00
1.340829181067654645e+03 5.658541449905862919e+02 1.291461123242815701e+00
1.340850014478796538e+03 5.684058984522799847e+02 1.292210105689037380e+00
1.340870847889472998e+03 5.715941709045437165e+02 1.291702987816522263e+00
1.340891681299217908e+03 5.634546589669055265e+02 1.290413628142370817e+00
1.340912514708031495e+03 5.627720784740203044e+02 1.287067418434853172e+00
1.340933348116378966e+03 5.686047631229605486e+02 1.285080324846298527e+00
1.340954181523796024e+03 5.717473246833264966e+02 1.282779803771239235e+00
1.340975014930281532e+03 5.691357165303828651e+02 1.279663918525929311e+00
1.340995848335835035e+03 5.670279168794261295e+02 1.278897148757083935e+00
1.341016681740924014e+03 5.628761846861227696e+02 1.279672721805408031e+00
1.341037515145546422e+03 5.690015502757071317e+02 1.281684057632803686e+00
1.341058348549237508e+03 5.587270970969201471e+02 1.283909201329044736e+00
1.341079181951997498e+03 5.659555754234373808e+02 1.287900690115189706e+00
1.341100015354291827e+03 5.557947837255866261e+02 1.289602501787854294e+00
1.341120848755655516e+03 5.645694876957543329e+02 1.289542692506461474e+00
1.341141682156552633e+03 5.661683714826543792e+02 1.288992770071891281e+00
1.341162515556984090e+03 5.585151608155362055e+02 1.285098552858052745e+00
1.341183348956484906e+03 5.698206464143894436e+02 1.282162411226045240e+00
1.341204182355053945e+03 5.677395341311439552e+02 1.281285541320597687e+00
1.341225015753157550e+03 5.613258545183305159e+02 1.279189476571923390e+00
1.341245849150795493e+03 5.649951028177422359e+02 1.278153655610014372e+00
1.341266682547501432e+03 5.697263362266312470e+02 1.277069669010477471e+00
1.341287515943276503e+03 5.698570342776978350e+02 1.276380309757645826e+00
1.341308349339051802e+03 5.677746117614992727e+02 1.274215694496331652e+00
1.341329182733895550e+03 5.685339166923754419e+02 1.271670326429294562e+00
1.341350016127807976e+03 5.698074715341830370e+02 1.272342562201188132e+00
1.341370849521721084e+03 5.721616144775960038e+02 1.274301528346841073e+00
1.341391682914236526e+03 5.726270702964926613e+02 1.277537479933280595e+00
1.341412516306751513e+03 5.678345566420376826e+02 1.282189141313588632e+00
1.341433349698334951e+03 5.752397147379904254e+02 1.285625708268730349e+00
1.341454183089454091e+03 5.689015258903314134e+02 1.289204491395550711e+00
1.341475016479641454e+03 5.685841159251165209e+02 1.293271308833987110e+00
1.341495849869828362e+03 5.659959975374938494e+02 1.298078185675895391e+00
1.341516683258619196e+03 5.667201725517658133e+02 1.301583074473488866e+00
1.341537516647408893e+03 5.687162342460376294e+02 1.308120960971157487e+00
1.341558350035267495e+03 5.687881596703122113e+02 1.311941754740438615e+00
1.341579183422660435e+03 5.691839922935655522e+02 1.312623744762384526e+00
1.341600016809587942e+03 5.694389682346981090e+02 1.313786285073523574e+00
1.341620850195585035e+03 5.641865094008353481e+02 1.311773416948839976e+00
1.341641683581115103e+03 5.719323655112611959e+02 1.309255358708508732e+00
1.341662516966180192e+03 5.738688665851484529e+02 1.304997344544146065e+00
1.341683350350779619e+03 5.746708529187302474e+02 1.300544877670916755e+00
1.341704183734447497e+03 6.115896973720828100e+02 1.295258629280329643e+00
1.341725017118114920e+03 5.664516017076879280e+02 1.294050104468312590e+00
1.341745850500386041e+03 5.712853514684404672e+02 1.291687252536926511e+00
1.341766683882657617e+03 5.702559263483962013e+02 1.290170551676769861e+00
1.341787517263996506e+03 5.686637650785913820e+02 1.290993232936837876e+00
1.341808350645335850e+03 5.628906862049735764e+02 1.291301978321579114e+00
1.341829184025745008e+03 5.752786046229105068e+02 1.293248402758057525e+00
1.341850017405221479e+03 5.670310492295621998e+02 1.291101588447355342e+00
1.341870850784699087e+03 5.637256783962117197e+02 1.287646770444715871e+00
1.341891684163244918e+03 5.674121993377376612e+02 1.280920963371392718e+00
1.341912517541324632e+03 5.596436344734894419e+02 1.275525680331326184e+00
1.341933350918938459e+03 5.670501656081778492e+02 1.271307351348129666e+00
1.341954184296087078e+03 5.657160246107586090e+02 1.264901884744581873e+00
1.341975017672770491e+03 5.639385394101223028e+02 1.259153847409290039e+00
1.341995851048521445e+03 5.686713220406589926e+02 1.253302455523429115e+00
1.342016684423807874e+03 5.674625628341013908e+02 1.251563667744485908e+00
1.342037517798628414e+03 5.550939874282850042e+02 1.252379393947853581e+00
1.342058351172983066e+03 5.640633166808887609e+02 1.255873898055849036e+00
1.342079184546405941e+03 5.928530010916681476e+02 1.259280941008820820e+00
1.342100017919829952e+03 5.691418329911607543e+02 1.262936361837447619e+00
1.342120851292321959e+03 5.728610035122080717e+02 1.266628620973382580e+00
1.342141684664348077e+03 5.727958396834152381e+02 1.267462632570830028e+00
1.342162518035908988e+03 5.731561186033280819e+02 1.267441611440522919e+00
1.342225018147332548e+03 5.665563575987965805e+02 1.265194054220497799e+00
1.342245851516564926e+03 5.678628284126831431e+02 1.263668761920189842e+00
1.342266684885332552e+03 5.662635631232506057e+02 1.259270196534220121e+00
1.342287518253632925e+03 5.726177261588558167e+02 1.255672458722074447e+00
1.342308351621469001e+03 5.640604565045766776e+02 1.252617479704325243e+00
1.342329184988838961e+03 5.702608420896925736e+02 1.250091930823590936e+00
1.342350018355276916e+03 5.600949093240866432e+02 1.246350061728953129e+00
1.342370851721248982e+03 5.655198018439805310e+02 1.246695059505681158e+00
1.342391685087221958e+03 5.742537025204552492e+02 1.247878324442908582e+00
1.342412518452264067e+03 5.684667280266301077e+02 1.250759370935330628e+00
1.342433351816839604e+03 5.723506774323276431e+02 1.254049322694530400e+00
1.342454185180483819e+03 5.765483830489301909e+02 1.258596424784265810e+00
1.342475018544128943e+03 5.779982822298313749e+02 1.262718206376586938e+00
1.342495851907307497e+03 5.734603547141886111e+02 1.267932060683952367e+00
1.342516685269555182e+03 5.763943751465822061e+02 1.272707958353553215e+00
1.342537518631337434e+03 5.837488247406815844e+02 1.277420414948342131e+00
1.342558351992653115e+03 5.865411596630143549e+02 1.281015374635603443e+00
1.342579185353503362e+03 5.845311930878001476e+02 1.283714529288462414e+00
1.342600018713888403e+03 5.835497485307209899e+02 1.286275266319476085e+00
1.342620852073809147e+03 5.881450210957708578e+02 1.286384945937103952e+00
1.342641685433262410e+03 5.844338306492077209e+02 1.285514109219158208e+00
1.342662518791784805e+03 5.833944605789118896e+02 1.284472483627179029e+00
1.342683352150307428e+03 5.866639326923339013e+02 1.282614005154419701e+00
1.342704185507898046e+03 5.847504258194378508e+02 1.279446844963803009e+00
1.342725018865023003e+03 5.806391786482204225e+02 1.276836749608841970e+00
1.342745852221682981e+03 5.872072412234858803e+02 1.275968085003480246e+00
1.342766685577877070e+03 5.864372593303260146e+02 1.273540984085493433e+00
1.342787518933604588e+03 5.831438963131535047e+02 1.272264841680897485e+00
1.342808352288402148e+03 5.881886021695148656e+02 1.271561627597467270e+00
1.342829185643199025e+03 5.876597045338570524e+02 1.270778899772831982e+00
1.342850018997064581e+03 5.829017958902127248e+02 1.269418376893324485e+00
1.342870852350929454e+03 5.799146286133066042e+02 1.266759622868933510e+00
1.342891685703863914e+03 5.818092640813424623e+02 1.264802453519696224e+00
1.342912519056332940e+03 5.835190925071477750e+02 1.260752304828450132e+00
1.342933352408335850e+03 5.819332642213222471e+02 1.255241277534099975e+00
1.342954185759874463e+03 5.726127608605271462e+02 1.248042242432594540e+00
1.342975019110946505e+03 5.831833837306037367e+02 1.241246472802197465e+00
1.342995852461086542e+03 5.745866992497084311e+02 1.235129934340628344e+00
1.343016685811226580e+03 5.751844679830007863e+02 1.231347681421132378e+00
1.343037519160435522e+03 5.765798238236582165e+02 1.230032804253278655e+00
1.343058352509644919e+03 5.700310027339644421e+02 1.230471607992092542e+00
1.343079185857922084e+03 5.717251174756636374e+02 1.231333256341642368e+00
1.343100019205734043e+03 5.705159612336884720e+02 1.231781613367934236e+00
1.343120852553081022e+03 5.645445859648044689e+02 1.232362144219758315e+00
1.343141685899961431e+03 5.717276178260200368e+02 1.234420437519756497e+00
1.343162519246377087e+03 5.683184865473583613e+02 1.234172128351469944e+00
1.343183352591860512e+03 5.689940181256260985e+02 1.234441296692375456e+00
1.343204185937344846e+03 5.694217556024393616e+02 1.233413708275913123e+00
1.343225019282363064e+03 5.599921503749696967e+02 1.231159464416947680e+00
1.343245852626449960e+03 5.604808545862092615e+02 1.227325930790815089e+00
1.343266685970070967e+03 5.612396420956696375e+02 1.222436903512968076e+00
1.343287519313691973e+03 5.602350897693866045e+02 1.217893739828841637e+00
1.343308352656381885e+03 5.543954230686741766e+02 1.213802320568577509e+00
1.343329185998606590e+03 5.579288713965502211e+02 1.209471128522072059e+00
1.343350019340364497e+03 5.527510835656732979e+02 1.206030124923841207e+00
1.343370852681191082e+03 5.534650712168507880e+02 1.203709497532934103e+00
1.343391686022017893e+03 5.544127307435718421e+02 1.202218296181133850e+00
1.343412519362380863e+03 5.517656063409380067e+02 1.203293082646304413e+00
1.343433352701810918e+03 5.581107262728837668e+02 1.203242407680694903e+00
1.343454186041241883e+03 5.573133850715811377e+02 1.204142796412924321e+00
1.343475019379740388e+03 5.519907953458832708e+02 1.205572141415074405e+00
1.343495852717773460e+03 5.505867145459012590e+02 1.206350436995272224e+00
1.343516686055340415e+03 5.582428693572279599e+02 1.208411948617289733e+00
1.343537519392908052e+03 5.502769903251131609e+02 1.211301195226038852e+00
1.343558352729544367e+03 5.732175677340450193e+02 1.212294230747128054e+00
1.343579186065248905e+03 5.477679627545899166e+02 1.215107683660936244e+00
1.343600019400953897e+03 5.398687633662539156e+02 1.216810590688148119e+00
1.343620852736194138e+03 5.485957522562920303e+02 1.218150749580281911e+00
1.343641686070502601e+03 5.467555503626210793e+02 1.218490230557141452e+00
1.343662519404809927e+03 5.441601638844913396e+02 1.217164255098992731e+00
1.343683352738186841e+03 5.335780204676334506e+02 1.214201582670806134e+00
1.343704186071563527e+03 5.400831687390436855e+02 1.212622423972034236e+00
1.343725019404007980e+03 5.351455285652649536e+02 1.210476892300391238e+00
1.343745852735988137e+03 5.419354872958346050e+02 1.208558434313790730e+00
1.343766686067501951e+03 5.414027224815546333e+02 1.207063446109337468e+00
1.343787519398550103e+03 5.456099172767313803e+02 1.204752329307785308e+00
1.343808352729133503e+03 5.387667221943588629e+02 1.203762628601950269e+00
1.343829186059251469e+03 5.372445724541136087e+02 1.202217701234345348e+00
1.343850019388436522e+03 5.412660907746425210e+02 1.202432160476336609e+00
1.343870852717621347e+03 5.355260456521465358e+02 1.201746460482656431e+00
1.343891686046341874e+03 5.367590920152733815e+02 1.200527210453111726e+00
1.343912519374130625e+03 5.340642810117859653e+02 1.197707177240850296e+00
1.343933352701453032e+03 5.306735630338711189e+02 1.195264827799864316e+00
1.343954186028775894e+03 5.290775727270884090e+02 1.190722560139522823e+00
1.343975019355169024e+03 5.417388398744599272e+02 1.186647661401595499e+00
1.343995852681094902e+03 5.245635801819220205e+02 1.182031286306437501e+00
1.344016686006554892e+03 5.245826230861881641e+02 1.179004648398440214e+00
1.344037519331549902e+03 5.377079615883737915e+02 1.178377396642324326e+00
1.344058352656079023e+03 5.362867212066706770e+02 1.176898109018720717e+00
1.344079185979676367e+03 5.373145683346147052e+02 1.176201678670960815e+00
1.344100019303274166e+03 5.290256484951762559e+02 1.177008764329947166e+00
1.344120852626406531e+03 5.336375974271520590e+02 1.177607540557135790e+00
1.344141685948607119e+03 5.318402964754209279e+02 1.178707246055606284e+00
1.344162519270342500e+03 5.385812717716338511e+02 1.179076687150899083e+00
1.344183352592077881e+03 5.375302178583070827e+02 1.178858636358451006e+00
1.344204185912881940e+03 5.326613424375447039e+02 1.176800511008929018e+00
1.344225019233219427e+03 5.390849131071404372e+02 1.175087099702359028e+00
1.344245852553091936e+03 5.321841908396442022e+02 1.172353011232869724e+00
1.344266685872499011e+03 5.680877437484273287e+02 1.165329569995646297e+00
1.344287519191439969e+03 5.463516701699461464e+02 1.163301564814852140e+00
1.344308352509915949e+03 5.438030430414952434e+02 1.160615669504683423e+00
1.344329185827925812e+03 5.363620093504570150e+02 1.157553427845274596e+00
1.344350019145004353e+03 5.329324583123974435e+02 1.155006874526401717e+00
1.344370852462082439e+03 5.335421154565220832e+02 1.153736733787040114e+00
1.344391685778230112e+03 5.381516744978193856e+02 1.153084985302372578e+00
1.344412519094377103e+03 5.386503870319895668e+02 1.154027917190387997e+00
1.344433352409592999e+03 5.345693449375385171e+02 1.155453794432878212e+00
1.344454185724343461e+03 5.438842655866377527e+02 1.157473200658756030e+00
1.344475019038628034e+03 5.340772990839390104e+02 1.160182708541280139e+00
1.344495852352913062e+03 5.333548277585367714e+02 1.160953286475645108e+00
1.344516685666265403e+03 5.381116151710590430e+02 1.163617605920399534e+00
1.344537518978688013e+03 5.464561629729548713e+02 1.164697051708950326e+00
1.344558352291109486e+03 5.488389011172757819e+02 1.167912357461641459e+00
1.344579185603065980e+03 5.306468226449227359e+02 1.170302034746343978e+00
1.344600018914557040e+03 5.315153441031211514e+02 1.170775648078463016e+00
1.344620852225117005e+03 5.337508342935580004e+02 1.170066709898930801e+00
1.344641685535675606e+03 5.357107151451435811e+02 1.171466247479396872e+00
1.344662518845303111e+03 5.458222598482116155e+02 1.170414332198171925e+00
1.344725018771859595e+03 5.278322167469068518e+02 1.166145100266074319e+00
1.344745852079624910e+03 5.315734422041376774e+02 1.165936491308131151e+00
1.344766685386924564e+03 5.322278360585770542e+02 1.164649149900733871e+00
1.344787518693758102e+03 5.308754104705039936e+02 1.165218930936559927e+00
1.344808352000125979e+03 5.346576961258621168e+02 1.165137748023993280e+00
1.344829185306029558e+03 5.330565959498889015e+02 1.164699815214700340e+00
1.344850018611467021e+03 5.374891156208175289e+02 1.164028192821054963e+00
1.344870851916437914e+03 5.315447440477843202e+02 1.163003683184419268e+00
1.344891685220477939e+03 5.382316676873997494e+02 1.162586941082892622e+00
1.344912518524517964e+03 5.326820315279871920e+02 1.159939524126468058e+00
1.344933351827625984e+03 5.363974485775531775e+02 1.158168438396854460e+00
1.344954185130734913e+03 5.367405094967539299e+02 1.156512256469958144e+00
1.344975018432912975e+03 5.400402866904699977e+02 1.154202323436232858e+00
1.344995851734624921e+03 5.397377410578576473e+02 1.151720298607685100e+00
1.345016685035870523e+03 5.416097145535985646e+02 1.149995227472104808e+00
1.345037518336650919e+03 5.388613057726546458e+02 1.149488577943181822e+00
1.345058351636967018e+03 5.375648791189489657e+02 1.149968379042063393e+00
1.345079184936815636e+03 5.413701746665318524e+02 1.151050682665466507e+00
1.345100018236198594e+03 5.388083297249024781e+02 1.150461657780851299e+00
1.345120851535116344e+03 5.387879573887521474e+02 1.151086671159419650e+00
1.345141684833568434e+03 5.395275259281316949e+02 1.151321889101090346e+00
1.345162518131088973e+03 5.443171376486363897e+02 1.152812590833015571e+00
1.345183351428610422e+03 5.366714085878370497e+02 1.152002937220431678e+00
1.345204184725200548e+03 5.407629152823294589e+02 1.152468916997233084e+00
1.345225018021789538e+03 5.366549888444881162e+02 1.149891251107590273e+00
1.345245851317447887e+03 5.360626967905874380e+02 1.148587119807646495e+00
1.345266684613106008e+03 5.409931086974407890e+02 1.145553444866485027e+00
1.345287517907832807e+03 5.341616720300012275e+02 1.142518757639018778e+00
1.345308351202093945e+03 5.352369378982714352e+02 1.141044017173394209e+00
1.345329184495889876e+03 5.399296744717812544e+02 1.138399958655168298e+00
1.345350017789219464e+03 5.416372785813333621e+02 1.136949181550845900e+00
1.345370851082082936e+03 5.360873038320179376e+02 1.135080106823950441e+00
1.345391684374482338e+03 5.381512324392210758e+02 1.134606933002750395e+00
1.345412517666416079e+03 5.360833660454494520e+02 1.134796614888534005e+00
1.345433350957882567e+03 5.355977486169950907e+02 1.135059364631691103e+00
1.345454184248417960e+03 5.356373503286041569e+02 1.135536811608180763e+00
1.345475017538954035e+03 5.400473071582204057e+02 1.136224855705006531e+00
1.345495850829025130e+03 5.398317716365711476e+02 1.138601310728958094e+00
1.345516684118163994e+03 5.365537128120938632e+02 1.140213513289667580e+00
1.345537517406837196e+03 5.376896664721680281e+02 1.141006353720009470e+00
1.345558350695510399e+03 5.363334375286725617e+02 1.143440377689732390e+00
1.345579183983252051e+03 5.417797459326617400e+02 1.144221553629756416e+00
1.345600017270528042e+03 5.357504010274944903e+02 1.146052732559274423e+00
1.345620850557805170e+03 5.411280283724323681e+02 1.146898393106561276e+00
1.345641683844150521e+03 5.400388937042024509e+02 1.146005039643395840e+00
1.345662517130029073e+03 5.349817313763256834e+02 1.144139401795634337e+00
1.345683350415442874e+03 5.390215505568401113e+02 1.143008367930007818e+00
1.345704183700391013e+03 5.399906797817202460e+02 1.142586575990381048e+00
1.345725016984873491e+03 5.361683245798024018e+02 1.140523096000416903e+00
1.345745850268889626e+03 5.366625481316220885e+02 1.138849836677552574e+00
1.345766683551974893e+03 5.302541991349143018e+02 1.138780696635217637e+00
1.345787516835061069e+03 5.377355919495740864e+02 1.138594610036705923e+00
1.345808350117680448e+03 5.365785185504174706e+02 1.137861955087054344e+00
1.345829183399368958e+03 5.265988962692658788e+02 1.137499092437046722e+00
1.345850016681057468e+03 5.354346943610547669e+02 1.137164261285134259e+00
1.345870849961813974e+03 5.349228549790251463e+02 1.136528707132481664e+00
1.345891683242571617e+03 5.295756252577897385e+02 1.135026701474461941e+00
1.345912516522397937e+03 5.326303184081701829e+02 1.133836743570365790e+00
1.345933349801757458e+03 5.325763893781241904e+02 1.131756204556495504e+00
1.345954183081116980e+03 5.246415598290868729e+02 1.130457040637785182e+00
1.345975016359546316e+03 5.346430291680047731e+02 1.129060622487432664e+00
1.345995849637510446e+03 5.277197090207457677e+02 1.127626056179697578e+00
1.346016682915007095e+03 5.356217495948728811e+02 1.127424382890374721e+00
1.346037516192038993e+03 5.263539024461331337e+02 1.125688554069979030e+00
1.346058349468605002e+03 5.338451941476067759e+02 1.126549977564954341e+00
1.346079182744705122e+03 5.264428831803261346e+02 1.124770405971092568e+00
1.346100016020340036e+03 5.269065351789254237e+02 1.125794553975919987e+00
1.346120849295508833e+03 5.335792882455093604e+02 1.126577278283654726e+00
1.346141682570212652e+03 5.283833546516380011e+02 1.127437705541511903e+00
1.346162515843985148e+03 5.272509272099928239e+02 1.126811264867675355e+00
1.346183349117758098e+03 5.217316319169183316e+02 1.127986810732223066e+00
1.346204182391064478e+03 5.240695309128326471e+02 1.127586464452950521e+00
1.346225015658316352e+03 5.221073534981060220e+02 1.125830661554975798e+00
1.346245848930225975e+03 5.248906008492109549e+02 1.125202054846304867e+00
1.346266682202136053e+03 5.242374764063088151e+02 1.122341299244189683e+00
1.346287515473114581e+03 5.193649326369524033e+02 1.119222747825417530e+00
1.346308348744091973e+03 5.215143668571203079e+02 1.117577171391944013e+00
1.346329182014139406e+03 5.236155722959091463e+02 1.116605753921614319e+00
1.346350015283720950e+03 5.275479548483118606e+02 1.114517435758079378e+00
1.346370848553301585e+03 5.258706119831161914e+02 1.113667471297276945e+00
1.346391681821950442e+03 5.273618264287296142e+02 1.112622732186092867e+00
1.346412515090135457e+03 5.341825495230569913e+02 1.112561230635348730e+00
1.346433348357855039e+03 5.375222968669698957e+02 1.113961691127491882e+00
1.346454181625106912e+03 5.379321140503689094e+02 1.114679094758252331e+00
1.346475014891893807e+03 5.346045671202804215e+02 1.115089901520045501e+00
1.346495848158217086e+03 5.293904228465320330e+02 1.115029337886193739e+00
1.346516681424072431e+03 5.265544787156333086e+02 1.116727133911993519e+00
1.346537514689463023e+03 5.313363330865381613e+02 1.117601491343159337e+00
1.346558347954387500e+03 5.337080462083088150e+02 1.118421553236669252e+00
1.346579181218845861e+03 5.333444852872867159e+02 1.122660641804322790e+00
1.346600014482839470e+03 5.289697800036235549e+02 1.121858023937433391e+00
1.346620847746366962e+03 5.311181324333292650e+02 1.123960968853556563e+00
1.346641681009429476e+03 5.319387828675676246e+02 1.123741505625766468e+00
1.346662514272025419e+03 5.285468488873846127e+02 1.122866992642039596e+00
1.346683347533691176e+03 5.315522308462473120e+02 1.122984988953837027e+00
1.346704180795356024e+03 5.368917010169717514e+02 1.122486220022464121e+00
1.346725014056554983e+03 5.435536285736053514e+02 1.121284601534574543e+00
1.346745847316823529e+03 5.344503953473026741e+02 1.120515202229777740e+00
1.346766680577090938e+03 5.382839661487904550e+02 1.121423015025347247e+00
1.346787513836893595e+03 5.332205127555142781e+02 1.121741662562591335e+00
1.346808347095764930e+03 5.421757375785892918e+02 1.122590186100546727e+00
1.346829180354635810e+03 5.350283827440991899e+02 1.121909506009454160e+00
1.346850013612576049e+03 5.433482544195276205e+02 1.121174453861039755e+00
1.346870846870514924e+03 5.345745284226304648e+02 1.121104117421983570e+00
1.346891680127523159e+03 5.434287527172976979e+02 1.120963697167228101e+00
1.346912513384531849e+03 5.308384317932445811e+02 1.119441020388187491e+00
1.346933346640609443e+03 5.356700986084938449e+02 1.118764178223514261e+00
1.346954179896220921e+03 5.338772298360045170e+02 1.117376938344194048e+00
1.346975013151833082e+03 5.278284109954244059e+02 1.116359697443130239e+00
1.349558333323075658e+03 5.459964924998927245e+02 1.071626900300459484e+00
1.349579166524204993e+03 5.561225523315542887e+02 1.070597534094610337e+00
1.349599999725333873e+03 5.363898297352232021e+02 1.071969024271171467e+00
1.349620832925531431e+03 5.365792181953499949e+02 1.071539905985172902e+00
1.349641666125729898e+03 5.485370555451205519e+02 1.071596753453758044e+00
1.349662499325462477e+03 5.400059549700396246e+02 1.070901527657747376e+00
1.349724998922330997e+03 5.270183292196886669e+02 1.070470700789079910e+00
1.349745832120665909e+03 5.321980989931913655e+02 1.070205571757273377e+00
1.349766665318535615e+03 5.262473027109531358e+02 1.070748567504067106e+00
1.349787498515940115e+03 5.239102228094059228e+02 1.069953691246945393e+00
1.349808331712878498e+03 5.345212907772727249e+02 1.069116355612177216e+00
1.349829164909815972e+03 5.303195250122449806e+02 1.068921821568921349e+00
1.349849998106289149e+03 5.231930900048510011e+02 1.069431081223220836e+00
1.349870831302296438e+03 5.272896126284399543e+02 1.069376348141255706e+00
1.349891664498302816e+03 5.179132946314864512e+02 1.067609562220794173e+00
1.349912497693379009e+03 5.235331109247816812e+02 1.067812708273295996e+00
1.349933330888454975e+03 5.290975896904514002e+02 1.068395749994905941e+00
1.349954164083530486e+03 5.279751460726837422e+02 1.068399543634714899e+00
1.349974997277674902e+03 5.323323516576448355e+02 1.067451104913724302e+00
1.349995830471819318e+03 5.258390540771790711e+02 1.066582466070493895e+00
1.350016663665498072e+03 5.201737065487538985e+02 1.066924922693566424e+00
1.350037496858711165e+03 5.292640662145171291e+02 1.065777883441855423e+00
1.350058330051923804e+03 5.226316842965070464e+02 1.066887603667440176e+00
1.350079163244672145e+03 5.268814511500758044e+02 1.066097396448511425e+00
1.350099996436953461e+03 5.325315226489492488e+02 1.066552176639324001e+00
1.350120829628769116e+03 5.277433188939114643e+02 1.066448783724943228e+00
1.350141662820585452e+03 5.254090761069138580e+02 1.066417428541456491e+00
1.350162496011936128e+03 5.255549306768616589e+02 1.066687466498074999e+00
1.350183329202820914e+03 5.301405532415526523e+02 1.066789998186338240e+00
1.350204162393706156e+03 5.317795571217766337e+02 1.067829733048890173e+00
1.350224995584125509e+03 5.335004615086630793e+02 1.068221785980026928e+00
1.350245828774077836e+03 5.372718959787410995e+02 1.067127808092508401e+00
1.350266661964031528e+03 5.320506265996338016e+02 1.066075200267946776e+00
1.350287495153519103e+03 5.336990703619019314e+02 1.065546772342433224e+00
1.350308328342541472e+03 5.249228867554010094e+02 1.064675908004585336e+00
1.350329161531563386e+03 5.253001818558362856e+02 1.064196466423495746e+00
1.350349994720120321e+03 5.259114576807213552e+02 1.064058899278192083e+00
1.350370827908211595e+03 5.280598401426058217e+02 1.063870555801620155e+00
1.350391661095835843e+03 5.240990072548805756e+02 1.063346413459169693e+00
1.350412494283461001e+03 5.260625205197520700e+02 1.062464376862177540e+00
1.350433327471086614e+03 5.180145766527449496e+02 1.061632531534058455e+00
1.350454160657780449e+03 5.185737070429613595e+02 1.062759760350338922e+00
1.350474993844473829e+03 5.213978975271272702e+02 1.062591212228300774e+00
1.350495827031168119e+03 5.177188053965533072e+02 1.062659027315853821e+00
1.350516660216931086e+03 5.231825854290407278e+02 1.062399747270100114e+00
1.350537493403159033e+03 5.177144182487346598e+02 1.062407040736842223e+00
1.350558326588455429e+03 5.257952294844617427e+02 1.062087652188411058e+00
1.350579159773752963e+03 5.220088287963071707e+02 1.062104600374433661e+00
1.350599992958584153e+03 5.231847287474942050e+02 1.063203690816243885e+00
1.350620826143414888e+03 5.264482949198750248e+02 1.062420842083043881e+00
1.350641659327780872e+03 5.211509942726331701e+02 1.061286682285738525e+00
1.350662492511680966e+03 5.211044659859828698e+02 1.060850377501525665e+00
1.350683325695581061e+03 5.228979593918021465e+02 1.060734853366199548e+00
1.350704158879480929e+03 5.251216453729728073e+02 1.061803926331228221e+00
1.350724992062449928e+03 5.198196288721838982e+02 1.060165533420113215e+00
1.350745825245418018e+03 5.250488662676797276e+02 1.060005063638648437e+00
1.350766658428386108e+03 5.209799755668925627e+02 1.060269595266652765e+00
1.350787491610888992e+03 5.209550343114314046e+02 1.061009876776914940e+00
1.350808324792927124e+03 5.292631956409791201e+02 1.060751317447992337e+00
1.350829157974963437e+03 5.252325638710697149e+02 1.060556991275992011e+00
1.350849991157001568e+03 5.152762951902770965e+02 1.060138827625616509e+00
1.350870824338107468e+03 5.245285528249039544e+02 1.060071694720547075e+00
1.350891657519679029e+03 5.226688305546298352e+02 1.060057975245242146e+00
1.350912490700318358e+03 5.269700769983691089e+02 1.058738951912516546e+00
1.350933323881424940e+03 5.201038365678847413e+02 1.059852949144993506e+00
1.350954157061599972e+03 5.212779903752544897e+02 1.059212929360344058e+00
1.350974990241773867e+03 5.334344070049780839e+02 1.059928868534220969e+00
1.350995823421948899e+03 5.242566047741565853e+02 1.059620602025180602e+00
1.351016656601657814e+03 5.272534827335229011e+02 1.060489041769559160e+00
1.351037489781366958e+03 5.306878472631094610e+02 1.061045380221392831e+00
1.351058322960609985e+03 5.339417870140764535e+02 1.060880773541860611e+00
1.351079156139853012e+03 5.323739488144919960e+02 1.060434915102044462e+00
1.351099989318630833e+03 5.305216508442416625e+02 1.061052570647761373e+00
1.351120822496942992e+03 5.396957755149772993e+02 1.061120989610937482e+00
1.351141655675720358e+03 5.300692629819720878e+02 1.062404179459704112e+00
1.351162488853567538e+03 5.265785786010110314e+02 1.061573522205643494e+00
1.351183322031879015e+03 5.306678470817425932e+02 1.062475933475569567e+00
1.351204155209259625e+03 5.392435973550286690e+02 1.064159891878178943e+00
1.351224988387105896e+03 5.323883238767283501e+02 1.064099174237206569e+00
1.351245821564486960e+03 5.443142072363802981e+02 1.065004370505807874e+00
1.351266654741401453e+03 5.364898741442523260e+02 1.065080034624602767e+00
1.351287487918316856e+03 5.411961390134798648e+02 1.066258794070758187e+00
1.351308321095231804e+03 5.419828908235683684e+02 1.065796730321678210e+00
1.351329154271681091e+03 5.538127606611793681e+02 1.066873413156268935e+00
1.351349987447664944e+03 5.445350650826345600e+02 1.068038083151138018e+00
1.351370820624114458e+03 5.556889061324055774e+02 1.068124748841552396e+00
1.351391653800098084e+03 5.439976875291483793e+02 1.068285226428119072e+00
1.351412486975615593e+03 5.499429597205399887e+02 1.070078134981656603e+00
1.351433320151133557e+03 5.498248882141235754e+02 1.069020124508280212e+00
1.351454153326652886e+03 5.445944690400818899e+02 1.069808952887715714e+00
1.351474986501704961e+03 5.447224989810331408e+02 1.068615312622297031e+00
1.351495819676757492e+03 5.466487876391469172e+02 1.069547560841231704e+00
1.351516652851810022e+03 5.477741954253897347e+02 1.070112112179114838e+00
1.351537486026395982e+03 5.453569488857822307e+02 1.069543269711951794e+00
1.351558319200982623e+03 5.482138216642925954e+02 1.070997144486924180e+00
1.351579152375104059e+03 5.423478532600778408e+02 1.071724677040983842e+00
1.351599985549225494e+03 5.418143061759445800e+02 1.071000094113670809e+00
1.351620818723346019e+03 5.488847553275506925e+02 1.070951340749823899e+00
1.351641651897002021e+03 5.541723768950835165e+02 1.071578509193638951e+00
1.351662485070657112e+03 5.503372662200987406e+02 1.071038828080951966e+00
1.351683318244312886e+03 5.440910099486096669e+02 1.072897802884585250e+00
1.351704151417967978e+03 5.558452190561558837e+02 1.073372580440571156e+00
1.351724984591157863e+03 5.493349791035409453e+02 1.075564121117213334e+00
1.351745817763882542e+03 5.511631585061845726e+02 1.076949930445734616e+00
1.351766650937071518e+03 5.545790033158504002e+02 1.075791861288556639e+00
1.351787484109795969e+03 5.687986355327717547e+02 1.077597005066536440e+00
1.351808317282054531e+03 5.600390365607446483e+02 1.079810994175411265e+00
1.351829150454778528e+03 5.571480576439215611e+02 1.079737521612404549e+00
1.351849983627036181e+03 5.651150403993069631e+02 1.081124762630447655e+00
1.351870816798829992e+03 5.599898730163030223e+02 1.080039604838363809e+00
1.351891649971088555e+03 5.640207027322508111e+02 1.080832743756072967e+00
1.351912483142881001e+03 5.583756650866974951e+02 1.081782839247312999e+00
1.351933316314208014e+03 5.622786439347719352e+02 1.082203159378704926e+00
1.351954149486000915e+03 5.605841712094866125e+02 1.081769946114340408e+00
1.351974982657327928e+03 5.546249684393868620e+02 1.082080385490302499e+00
1.351995815828655395e+03 5.669335621539803469e+02 1.084333044114432543e+00
1.352016648999516974e+03 5.633729464056947336e+02 1.082422839755919242e+00
1.352037482170378098e+03 5.611053931372784973e+02 1.084026713876136361e+00
1.352058315341239904e+03 5.598092220340053018e+02 1.083521233671418837e+00
1.352079148511636049e+03 5.611277141660565349e+02 1.085252669399012770e+00
1.352099981682032194e+03 5.558100542403503823e+02 1.085410340059455692e+00
1.352120814852426975e+03 5.553492105968009582e+02 1.086729899499384588e+00
1.352141648022823574e+03 5.735399609525560436e+02 1.086810467796612834e+00
1.352162481192753603e+03 5.585319925352496284e+02 1.087109543871960682e+00
1.352224980701147160e+03 5.484372917269126901e+02 1.087560196010730840e+00
1.352245813870611983e+03 5.462842323306135768e+02 1.087804547779152475e+00
1.352266647039610007e+03 5.443040625199460010e+02 1.087217715228089077e+00
1.352287480208143506e+03 5.461998016496424952e+02 1.088571551093719281e+00
1.352308313376677461e+03 5.383141974339887383e+02 1.088139175156184857e+00
1.352329146545210506e+03 5.441136226684367330e+02 1.087774301333311655e+00
1.352349979713276980e+03 5.413676036058145655e+02 1.087492947171897928e+00
1.352370812881345046e+03 5.290062363009591309e+02 1.088315377449968535e+00
1.352391646048946996e+03 5.363370285938315192e+02 1.088817591884805536e+00
1.352412479216082829e+03 5.317820573772323769e+02 1.088698629838227294e+00
1.352433312383220027e+03 5.327288774103337801e+02 1.090579259836894632e+00
1.352454145549891109e+03 5.277330743636129000e+02 1.090668561005365689e+00
1.352474978716560599e+03 5.369948264759492531e+02 1.091774218602272306e+00
1.352495811882764883e+03 5.367609028865298342e+02 1.093330139227209896e+00
1.352516645048504415e+03 5.338503137221701991e+02 1.094305987052920148e+00
1.352537478213777831e+03 5.364211539645433504e+02 1.094520678799297375e+00
1.352558311379052157e+03 5.355281162595457545e+02 1.095967633148831277e+00
1.352579144543394023e+03 5.337698577627977556e+02 1.096466777512172142e+00
1.352599977707737025e+03 5.241212537871846280e+02 1.096056930347732106e+00
1.352620810871613003e+03 5.288035270260372727e+02 1.097606074045017976e+00
1.352641644034558340e+03 5.245141481141359918e+02 1.097882990649379886e+00
1.352662477197504359e+03 5.280143120954962797e+02 1.099557499314060660e+00
1.352683310359517918e+03 5.272996867639892571e+02 1.100313547269869296e+00
1.352704143521065816e+03 5.202741205383839542e+02 1.101005792289000862e+00
1.352724976682149645e+03 5.256758703568639248e+02 1.101669414553386961e+00
1.352745809842300559e+03 5.166693606078924859e+02 1.102418769646602348e+00
