1.410932603547382996e+03 6.010055040173205043e+02 7.495579608979233699e-01
1.410953437593061608e+03 6.000683161197833897e+02 7.489225675260499093e-01
1.411015939720784900e+03 5.993837764199375897e+02 7.494539816422121081e-01
1.411036773760410597e+03 6.005084707865845530e+02 7.491623253602834875e-01
1.411057607798173194e+03 6.010671723299475389e+02 7.491478449869084510e-01
1.411078441834072009e+03 6.011120591360596563e+02 7.493203182806903451e-01
1.411099275868575205e+03 5.993048789310066695e+02 7.486976203365015570e-01
1.411120109901215073e+03 6.008659860029947595e+02 7.492198462771608725e-01
1.411140943932457958e+03 6.001047592284672874e+02 7.488595716134843761e-01
1.411161777961839107e+03 6.010504613970078935e+02 7.502935550304595802e-01
1.411182611989822362e+03 6.011517462675876686e+02 7.492964941904204368e-01
1.411203446015942973e+03 6.004344561745122064e+02 7.486569777643327095e-01
1.411224280040667054e+03 6.000423217095751625e+02 7.482753235507987322e-01
1.411245114063528490e+03 6.001732408087613067e+02 7.486178457593770652e-01
1.411265948084527963e+03 6.009881399996569371e+02 7.510596577839047105e-01
1.411286782104129088e+03 5.996989299758596417e+02 7.493330851358747102e-01
1.411307616121868023e+03 5.991408142100295890e+02 7.491490384348580278e-01
1.411328450137744994e+03 6.007141623451160513e+02 7.494447957831331664e-01
1.411349284152224982e+03 6.006277208707657564e+02 7.499045867628056916e-01
1.411370118165306849e+03 6.007534203078138262e+02 7.493191251055399960e-01
1.411390952176526980e+03 6.005035140263203175e+02 7.485284674358682055e-01
1.411411786185884012e+03 5.994374122288113540e+02 7.481162733749776583e-01
1.411432620193843832e+03 6.004184180021425163e+02 7.498345192501845169e-01
1.411453454199941916e+03 6.031001862826778961e+02 7.501850297298120473e-01
1.411474288204642562e+03 5.993758043381295693e+02 7.488343001276710487e-01
1.411495122207480108e+03 6.004722851776177777e+02 7.483390456649265943e-01
1.411515956208922034e+03 6.001056032613403204e+02 7.491295849961988607e-01
1.411536790208500406e+03 6.011126101389085079e+02 7.489356595048348719e-01
1.411557624206681339e+03 6.001509491547702737e+02 7.482894623632940778e-01
1.411578458203000082e+03 6.007252502865911765e+02 7.484977299739278278e-01
1.411599292197921841e+03 6.011353087736732732e+02 7.490958088076337118e-01
1.411620126190981864e+03 6.007768225957483992e+02 7.499608983337338053e-01
1.411640960182643539e+03 6.004902094663294747e+02 7.481511693216068570e-01
1.411661794172907321e+03 6.000806197110254061e+02 7.486140240093769327e-01
1.411682628161309822e+03 6.003292406128693983e+02 7.492056056869454972e-01
1.411703462148315339e+03 6.005506861136891530e+02 7.482677561892836504e-01
1.411724296133459120e+03 5.994475986899773261e+02 7.477185198484228579e-01
1.411745130117669987e+03 6.010187999096507383e+02 7.488133261366963778e-01
1.411765964099553003e+03 6.009232633481558423e+02 7.488882646603659543e-01
1.411786798080504923e+03 5.993969453846315218e+02 7.479596199162141801e-01
1.411807632059595107e+03 6.000243957201900002e+02 7.494342179877510057e-01
1.411828466037286944e+03 5.999230030044367368e+02 7.481877764477552484e-01
1.411849300013581797e+03 6.004576451895619584e+02 7.488495825139336315e-01
1.411870133988014913e+03 6.019327570630579203e+02 7.500128744927697655e-01
1.411890967961051047e+03 6.000227780780478497e+02 7.480650020624133312e-01
1.411911801932689514e+03 6.011519780077769610e+02 7.504042489653389714e-01
1.411932635902931452e+03 5.998060374055226021e+02 7.483013706206448346e-01
1.411953469871310972e+03 6.000061618564627679e+02 7.485812198527405092e-01
1.411974303838757805e+03 6.014365892177443129e+02 7.486871912091251913e-01
1.411995137804342903e+03 5.996679148030247006e+02 7.476396373469680334e-01
1.412015971768531472e+03 6.003331394071836939e+02 7.484757113010163110e-01
1.412036805731323057e+03 5.997890144895152389e+02 7.492545317219087009e-01
1.412057639692717203e+03 6.009871663512185478e+02 7.492570773793747474e-01
1.412078473652248022e+03 6.015416654035669808e+02 7.492446274410431428e-01
1.412099307610848427e+03 6.010585781470748543e+02 7.491383371170025063e-01
1.412120141567586415e+03 6.012364890288264405e+02 7.485050959314882846e-01
1.412140975523392171e+03 6.013227076023169957e+02 7.488739381724371924e-01
1.412161809477336192e+03 5.995962458254807643e+02 7.487730480588825621e-01
1.412182643430348890e+03 5.996064662220073842e+02 7.482328258497331630e-01
1.412203477381498033e+03 6.005719792627824063e+02 7.482876303068815016e-01
1.412224311331715398e+03 6.008136407392119054e+02 7.485627469765251396e-01
1.412245145280071483e+03 5.999442820385211235e+02 7.485142933226790474e-01
1.412307647117222587e+03 6.014569728311921608e+02 7.492191302762940541e-01
1.412328481060455942e+03 6.004179844865432187e+02 7.491549658648362087e-01
1.412349315002291860e+03 6.004827904428993861e+02 7.483553735833337051e-01
1.412370148942266496e+03 6.011137198991010564e+02 7.504215248017021000e-01
1.412390982881308901e+03 6.002517039322949586e+02 7.488001126187394663e-01
1.412411816818953866e+03 5.997937724954973646e+02 7.488246688802815410e-01
1.412432650755202530e+03 6.001063855809419465e+02 7.492701237381406143e-01
1.412453484690053983e+03 6.012340492771147638e+02 7.485419644458609634e-01
1.412474318623974341e+03 6.013941714114130264e+02 7.490630257500819900e-01
1.412495152556031826e+03 5.997890350880807091e+02 7.485324090657147211e-01
1.412515986487157988e+03 6.001221333461747918e+02 7.480430503329117409e-01
1.412536820416888077e+03 6.004407696772827876e+02 7.507956178939680925e-01
1.412557654345219362e+03 6.004101420348351894e+02 7.492540544101708999e-01
1.412578488272155482e+03 5.999829539714037310e+02 7.488558306914104845e-01
1.412599322198159371e+03 5.992602053828323960e+02 7.480057588039396022e-01
1.412620156122765820e+03 6.004338480766589328e+02 7.495479015848984794e-01
1.412640990045976196e+03 6.003838222843602352e+02 7.492562023105963087e-01
1.412661823967790042e+03 6.001531464530372659e+02 7.488575021695402789e-01
1.412682657888205540e+03 6.019193840472089505e+02 7.503191348429552043e-01
1.412703491807690625e+03 6.004862038717819814e+02 7.488842453122458442e-01
1.412724325725778499e+03 5.991094791298668270e+02 7.495124344713601783e-01
1.412745159642933686e+03 6.010913163170482676e+02 7.489992856504855689e-01
1.412765993558227365e+03 6.007991799255617025e+02 7.492707203649694447e-01
1.412786827472590630e+03 5.994880251922176058e+02 7.485982192735540774e-01
1.412807661386021209e+03 6.006322781198234679e+02 7.488218431602301495e-01
1.412828495297590052e+03 5.990879020811771625e+02 7.489516162880596184e-01
1.412849329208227118e+03 6.000241403631691810e+02 7.488495825139336315e-01
1.412870163117932407e+03 6.000187488514533243e+02 7.501944448818124167e-01
1.412890997026241621e+03 6.001261312378222783e+02 7.496497210468329175e-01
1.412911830933154079e+03 5.993712692454446369e+02 7.481754282158401548e-01
1.412932664838668188e+03 5.995518823350319053e+02 7.486701141944965832e-01
1.412953498743252112e+03 6.004214993498910644e+02 7.488146395158016277e-01
1.412974332646439052e+03 6.003630841487091629e+02 7.487898441214897449e-01
1.412995166548693987e+03 5.996101255886694616e+02 7.530139128880221078e-01
1.413016000449552394e+03 6.021327234161519755e+02 7.506700939573959230e-01
1.413036834349479477e+03 6.005285153009251644e+02 7.489752126037607649e-01
1.413057668248009122e+03 6.002087488851587977e+02 7.485625877256103511e-01
1.413078502145142465e+03 6.011200063948271008e+02 7.512861985103570506e-01
1.413099336041344031e+03 6.007867545164269814e+02 7.494289688007806927e-01
1.413120169936615184e+03 6.009388827562302140e+02 7.498127783110015709e-01
1.413141003830488899e+03 6.010953109855757930e+02 7.510956073354726481e-01
1.413161837722964492e+03 6.005687404895279542e+02 7.490255860617408556e-01
1.413182671614510127e+03 6.005543237071960903e+02 7.489189065062328288e-01
1.413203505504658551e+03 5.992228344583531907e+02 7.484326276839587955e-01
1.413224339393874516e+03 6.006617328783966059e+02 7.489177524854067070e-01
1.413245173281694861e+03 6.001171844985357211e+02 7.500083446038469104e-01
1.413307674938634591e+03 6.006568990785772257e+02 7.494916782744237560e-01
1.413328508822262847e+03 5.996196099071972867e+02 7.489924020318173836e-01
1.413349342704495029e+03 6.015846725609592340e+02 7.506736670351741303e-01
1.413370176585330000e+03 5.994178182102472192e+02 7.487072532182227347e-01
1.413391010465233649e+03 6.008364211643289536e+02 7.497388067017314306e-01
1.413411844344205974e+03 6.001705792484785889e+02 7.521581196960441806e-01
1.413432678221781316e+03 6.012716169101338437e+02 7.497536731565122015e-01
1.413453512098425563e+03 5.988668887713025697e+02 7.488268578110203189e-01
1.413474345973672371e+03 6.008733020874311705e+02 7.496936887841033625e-01
1.413495179847987856e+03 6.006192202408615231e+02 7.502369109133432135e-01
1.413516013721372019e+03 6.012738283930578973e+02 7.498315383543140422e-01
1.413536847593360108e+03 6.008991303972655942e+02 7.524013620027608651e-01
1.413557681464415964e+03 6.010846806164298641e+02 7.499241790593023094e-01
1.413578515334074837e+03 6.003677502989795585e+02 7.496822001757651455e-01
1.413599349203268503e+03 6.002189437901577094e+02 7.497095896816488025e-01
1.413620183070599523e+03 6.000138617012323721e+02 7.495551777022947393e-01
1.413641016937464428e+03 6.016007331403376384e+02 7.508399551415730899e-01
1.413661850802932349e+03 5.997646691350951187e+02 7.496512714901114594e-01
1.413682684667003969e+03 6.000766223961928745e+02 7.496009003208375931e-01
1.413703518530609017e+03 5.998637334239792835e+02 7.498076112674786353e-01
1.413724352392352102e+03 6.011982871343694796e+02 7.521481347807792428e-01
1.413745186253629072e+03 5.998673009770642466e+02 7.490000018615111665e-01
1.413766020113509967e+03 5.995653600122892612e+02 7.494571628658620588e-01
1.413786853972459085e+03 6.003988916945921801e+02 7.491548465210710050e-01
1.413807687830476425e+03 5.996441219174593016e+02 7.482940424847019933e-01
1.413828521687096327e+03 6.017579976935390960e+02 7.500181195931319156e-01
1.413849355542784906e+03 6.003422791419292253e+02 7.493613225787935095e-01
1.413870189397543072e+03 5.994077280972765038e+02 7.488957461617953282e-01
1.413891023251369916e+03 6.008150574026856248e+02 7.497273187847672826e-01
1.413911857103800003e+03 6.016818153764282897e+02 7.496735339118054675e-01
1.413974358655034848e+03 6.016881042080452744e+02 7.501553930791383662e-01
1.413995192503273529e+03 6.002713473072190027e+02 7.493505049799190632e-01
1.414036860196491489e+03 6.001486932451730354e+02 7.488085501932582044e-01
1.414057694041470540e+03 6.015437278465057034e+02 7.497981912580414798e-01
1.414078527885518497e+03 6.007581304398180464e+02 7.493985864205997549e-01
1.414099361728635358e+03 6.001500133145219706e+02 7.491021344994833742e-01
1.414120195570820670e+03 6.001190471799978923e+02 7.492516678469209879e-01
1.414141029411608542e+03 6.009537854438522118e+02 7.497956871849889016e-01
1.414161863251465547e+03 6.000310638214380106e+02 7.496073410221273381e-01
1.414182697090389865e+03 6.007150149694568881e+02 7.504630248982969709e-01
1.414203530927919019e+03 5.995492155840973965e+02 7.486069377962923932e-01
1.414224364764982056e+03 6.000173407662016416e+02 7.490410634818039926e-01
1.414245198600648109e+03 6.006900705866815997e+02 7.506051800832431731e-01
1.414266032435382840e+03 6.014112700536818465e+02 7.497216343870524158e-01
1.414286866269185793e+03 6.016499516503383802e+02 7.510169604960315048e-01
1.414307700101592218e+03 6.014937097679186309e+02 7.502129570301996342e-01
1.414328533933532981e+03 6.010231826793751679e+02 7.499469499899474867e-01
1.414349367764076078e+03 6.002784863589196220e+02 7.489331923409229264e-01
1.414370201593688535e+03 6.013537123810988305e+02 7.497632924701753687e-01
1.414391035422369441e+03 6.005111542336862840e+02 7.505123454736191135e-01
1.414411869249653591e+03 5.995576007255884861e+02 7.500219341885382418e-01
1.414432703076472080e+03 6.015464547350638895e+02 7.496722220374297807e-01
1.414453536901893585e+03 5.997729048400058218e+02 7.490894830623665568e-01
1.414474370726383313e+03 5.994151044748055028e+02 7.485200665191562575e-01
1.414495204549941491e+03 6.004118151381278494e+02 7.493572659975157313e-01
1.414516038372568801e+03 5.999888106350126691e+02 7.502569712054711903e-01
1.414536872194265015e+03 6.018782492460109097e+02 7.499197281159856177e-01
1.414557706014563792e+03 5.996094976274612236e+02 7.498088036652981181e-01
1.414578539833932155e+03 6.010070098623974673e+02 7.525876625301752831e-01
1.414599373652833947e+03 5.994045157893439182e+02 7.486203935818713795e-01
1.414620207470339210e+03 6.000305301011593428e+02 7.492032587480523809e-01
1.414641041286447489e+03 6.009590380661485369e+02 7.494955750755305512e-01
1.414661875102090107e+03 6.000344610729906663e+02 7.495360926538671142e-01
1.414682708916800948e+03 5.997569206600343250e+02 7.492506336671519440e-01
1.414703542730115487e+03 6.008533081312373270e+02 7.504905050389955035e-01
1.414724376542963910e+03 6.002343845623244079e+02 7.494505220461653572e-01
1.414745210354416031e+03 6.001760323339058232e+02 7.520196265997308727e-01
1.414766044164935920e+03 6.009119536162544364e+02 7.507749368678056090e-01
1.414786877974524941e+03 6.000515336642258717e+02 7.495972028562047917e-01
1.414807711783182640e+03 6.005580184759684244e+02 7.525410521199041858e-01
1.414828545590909016e+03 6.008241489969258282e+02 7.495775622544521566e-01
1.414849379397237954e+03 5.999486730424831649e+02 7.499062956447423156e-01
1.414870213203102139e+03 6.008765217933386111e+02 7.499275967299905421e-01
1.414891047007567977e+03 5.996191040640451320e+02 7.517315823068869696e-01
1.414911880811568608e+03 6.005874376277214424e+02 7.504725556969076283e-01
1.414932714614172482e+03 6.002998493422535375e+02 7.497179375178567584e-01
1.414953548415845489e+03 6.010976214338908221e+02 7.497674661009366970e-01
1.414974382216586491e+03 5.989485772214616190e+02 7.495193530759401979e-01
1.414995216016397080e+03 5.999172428716489094e+02 7.494720746717238313e-01
1.415016049815275892e+03 5.996753338529236999e+02 7.499597856548625430e-01
1.415036883613223836e+03 5.987090005954004255e+02 7.492700839630018761e-01
1.415057717410240002e+03 6.005961411454035215e+02 7.499008113121632402e-01
1.415078551205859185e+03 6.000634946360535196e+02 7.495984353464422156e-01
1.415099385001011797e+03 6.013444557841281721e+02 7.499725813622155624e-01
1.415120218795233995e+03 6.016989318728001308e+02 7.504737867495679948e-01
1.415141052588059210e+03 6.018138045068847077e+02 7.507067767469387531e-01
1.415161886380419219e+03 5.997764897250701779e+02 7.497820140036749459e-01
1.415182720171381334e+03 6.011868281346313552e+02 7.504183476662398267e-01
1.415203553961413036e+03 6.000151565451511715e+02 7.498169516663146794e-01
1.415224387750512051e+03 6.006314351380282233e+02 7.500854681907335175e-01
1.415245221539145859e+03 5.994615219808561051e+02 7.494107951952247992e-01
1.415266055326384048e+03 6.002692010743870696e+02 7.497463989654690186e-01
1.415286889112689551e+03 6.002606091229941967e+02 7.509500526144241572e-01
1.415307722898064640e+03 6.002021902463824290e+02 7.501007250859751396e-01
1.415328556682507951e+03 6.007228381236282075e+02 7.502926414495982854e-01
1.415349390466019941e+03 6.011913757893876209e+02 7.505665467155003823e-01
1.415370224248600607e+03 6.003570653567735462e+02 7.505433975064516039e-01
1.415391058030249496e+03 6.005558283599161769e+02 7.503565099885616263e-01
1.415411891810501857e+03 6.003925944991506185e+02 7.501827653085392233e-01
1.415432725590288101e+03 6.006614123371451797e+02 7.512165772402541464e-01
1.415453559369143022e+03 6.012571702151069530e+02 7.505231066176757393e-01
1.415474393147067076e+03 6.010643541764773090e+02 7.506286053090538424e-01
1.415495226924060489e+03 6.004460412537421234e+02 7.515212366906756092e-01
1.415516060699656009e+03 6.016748431442828178e+02 7.508349936280291903e-01
1.415536894474786550e+03 6.010389397735629018e+02 7.508182433161220137e-01
1.415557728248984859e+03 6.008913997370664219e+02 7.512942114846807851e-01
1.415578562021786638e+03 6.009202934751530165e+02 7.506399603249357400e-01
1.415599395794122529e+03 6.011877605577296890e+02 7.509971982901132437e-01
1.415620229565527552e+03 6.002416796401236070e+02 7.501354095291026258e-01
1.415641063335535819e+03 6.000442017426659049e+02 7.500067948987240163e-01
1.415661897105077969e+03 6.007332264838440778e+02 7.504273230392459748e-01
1.415682730873688342e+03 5.999766189346961482e+02 7.508800429683976096e-01
1.415703564640902187e+03 6.013786776071355007e+02 7.524728935530329288e-01
1.415724398407650369e+03 5.999602631397933692e+02 7.509331858078832633e-01
1.415745232173467002e+03 6.015088539663739766e+02 7.523550569470953686e-01
1.415766065937887106e+03 6.000642222878494749e+02 7.516593458308326037e-01
1.415786899701841548e+03 6.014176303960174437e+02 7.509017133182411818e-01
1.415807733464864668e+03 6.001008144734510097e+02 7.515001790623251354e-01
1.415828567226490577e+03 6.005966234381060076e+02 7.506289626373461310e-01
1.415849400987650370e+03 6.009722944798572826e+02 7.510287064603797802e-01
1.415870234747879522e+03 6.000478369485274470e+02 7.506515533807250895e-01
1.415891068506712145e+03 5.999011008697203806e+02 7.503903485783669502e-01
1.415911902265077970e+03 6.015303513052139124e+02 7.509891821466904149e-01
1.415932736022512927e+03 6.007916269027707585e+02 7.508576972457657872e-01
1.415953569779016107e+03 6.014860045579408734e+02 7.511607565530589170e-01
1.415974403534587964e+03 5.999566460792847238e+02 7.507170984208496600e-01
1.415995237288764201e+03 6.003038904481832105e+02 7.508151472459881903e-01
1.416016071042473868e+03 5.992239097985157059e+02 7.500583705440364568e-01
1.416036904795252212e+03 6.019897074778165234e+02 7.515831768022895876e-01
1.416057738547099007e+03 6.005451070249438317e+02 7.535301021215504713e-01
1.416078572298014024e+03 5.999909367244453051e+02 7.506901029739052600e-01
1.416099406047999537e+03 6.001207967246099315e+02 7.509373529365005462e-01
1.416120239797052363e+03 6.003679930878550977e+02 7.512321285337273391e-01
1.416141073545173640e+03 6.002185738837924873e+02 7.507847415711889072e-01
1.416161907292364504e+03 6.006684522619767677e+02 7.507475465320965213e-01
1.416182741039089024e+03 5.998480155847140622e+02 7.504259330548763707e-01
1.416203574784417015e+03 6.013359908075719886e+02 7.511757138888637275e-01
1.416224408528813910e+03 6.003778007641460590e+02 7.519234391334858048e-01
1.416245242272279029e+03 6.008004978895372687e+02 7.511553210548598258e-01
1.416266076015278486e+03 6.001166018576244596e+02 7.507340891749778589e-01
1.416286909756880959e+03 6.006399357720245007e+02 7.524588729544117172e-01
1.416307743498017544e+03 6.009259472638049147e+02 7.510148176313700130e-01
1.416328577237757600e+03 6.000859732951666956e+02 7.518665610685689726e-01
1.416349410977031539e+03 5.998933455940423300e+02 7.508409474403476835e-01
1.416370244715375065e+03 6.012020094876460234e+02 7.511741665920745881e-01
1.416391078452320926e+03 5.997316381930180569e+02 7.513652534747536915e-01
1.416411912188801125e+03 6.007714076454147971e+02 7.508815114917128941e-01
1.416432745924350456e+03 6.004678317429911658e+02 7.511815459788838689e-01
1.416453579658968010e+03 6.006620974746800812e+02 7.509589025754946912e-01
1.416474413392654469e+03 5.989938235029856060e+02 7.509008004772935729e-01
1.416495247125410060e+03 6.016828291339259067e+02 7.527895152509086474e-01
1.416516080857232510e+03 6.011571608444822914e+02 7.523694755933186817e-01
1.416536914588124546e+03 6.001814253006480158e+02 7.511371495417613620e-01
1.416557748318085942e+03 6.002922980237696038e+02 7.521048256576112756e-01
1.416578582047580994e+03 6.006503551443003062e+02 7.512490679692280793e-01
1.416599415775679063e+03 6.001469730894974646e+02 7.514085655628871541e-01
1.416620249503312152e+03 5.996092382310475841e+02 7.508730972110979618e-01
1.416641083229547803e+03 6.012238594343591558e+02 7.532391141173873095e-01
1.416661916955318475e+03 6.005167589358685518e+02 7.514264528854899261e-01
1.416682750680156914e+03 6.001035294627383792e+02 7.513679109733000239e-01
1.416703584403598597e+03 6.018733901369278101e+02 7.523453123209131732e-01
1.416724418126575074e+03 6.013259184458403297e+02 7.518289042332301220e-01
1.416745251848619318e+03 6.013731192559341707e+02 7.516089506327913172e-01
1.416766085569733150e+03 6.015976855575059972e+02 7.521763854083231005e-01
1.416786919290381547e+03 6.009680863801390842e+02 7.522494834398630870e-01
1.416807753009632052e+03 6.007039058979356696e+02 7.516784166177529203e-01
1.416828586727951006e+03 5.990182140713807257e+02 7.544863351806745388e-01
1.416849420445805663e+03 6.012394270166739716e+02 7.522719066697118873e-01
1.416870254162261972e+03 5.994297148902570598e+02 7.508486476342653981e-01
1.416891087878253074e+03 6.001027872109750660e+02 7.514730531121395218e-01
1.416911921593313537e+03 6.016989495772229475e+02 7.519386587361516217e-01
1.416974422732905623e+03 5.997406921459178193e+02 7.513090471620411659e-01
1.417057757573121535e+03 6.007249411838068909e+02 7.522400543909398829e-01
1.417161926103717178e+03 6.010679109001233655e+02 7.519596248197164545e-01
1.417203593509622806e+03 6.016584088415129372e+02 7.523026483861593450e-01
1.417224427211644979e+03 6.015317483947003439e+02 7.529133400336026627e-01
1.417245260912268805e+03 6.010868416981120390e+02 7.537586285048226697e-01
1.417266094612427878e+03 6.010757300846205453e+02 7.526069473866413562e-01
1.417307762009950920e+03 5.993722427228174183e+02 7.527756193191845746e-01
1.417328595707315799e+03 6.017753246665190545e+02 7.552524860673259788e-01
1.417370263099252043e+03 5.995440311311408550e+02 7.528545970555726718e-01
1.417391096793822953e+03 6.014809883361226639e+02 7.526762420742371118e-01
1.417411930477684109e+03 6.003687741099919322e+02 7.522485722344116610e-01
1.417432764170857808e+03 5.996615728211774012e+02 7.527901486775809836e-01
1.417453597862634069e+03 6.005397618530166710e+02 7.529511405372303345e-01
1.417474431553945578e+03 6.001219035107451418e+02 7.523046687384792319e-01
1.417495265244326220e+03 6.017310227461329077e+02 7.554203700420023537e-01
1.417516098934239835e+03 6.013866713627213585e+02 7.530125276782335675e-01
1.417536932622756922e+03 6.017795141038521933e+02 7.537133558105517661e-01
1.417557766310343595e+03 6.010261716752175971e+02 7.525958992439079065e-01
1.417578599997463471e+03 6.008243925999386192e+02 7.530366299649909889e-01
1.417599433683651569e+03 6.009675497116742235e+02 7.529460346114719149e-01
1.417620267368909481e+03 6.014185474990712237e+02 7.532352366831748247e-01
1.417641101053236071e+03 6.019007947541236945e+02 7.532676403412199573e-01
1.417661934736630883e+03 6.018594779062703992e+02 7.537872932153562022e-01
1.417682768419094373e+03 6.008140952098119669e+02 7.536160795133394208e-01
1.417703602101092656e+03 6.015261980162683813e+02 7.535572726702828295e-01
1.417724435781693956e+03 6.004283136692978360e+02 7.528588327201187758e-01
1.417745269461829594e+03 6.009278307303156907e+02 7.535238136016637611e-01
1.417766103141033000e+03 6.003820934824697133e+02 7.528042026947708854e-01
1.417786936819306447e+03 6.006158611190834336e+02 7.525996611745184861e-01
1.417807770497114007e+03 6.006253900721949321e+02 7.529448867629299214e-01
1.417828604173524127e+03 6.009317865279240323e+02 7.536574037020045136e-01
1.417849437849467904e+03 5.990724589580680686e+02 7.523324381293819973e-01
1.417870271524015607e+03 6.002662794520703073e+02 7.526615917292636126e-01
1.417891105198098103e+03 6.005431232652362041e+02 7.530213138228576408e-01
1.417911938871247912e+03 6.010461023883070766e+02 7.531525001411952802e-01
1.417932772543466854e+03 6.018252126689787929e+02 7.557088223923538184e-01
1.417953606215220589e+03 6.003451680614354018e+02 7.540943523814168659e-01
1.417974439885577340e+03 6.016921478538574775e+02 7.541731129857295324e-01
1.417995273555467975e+03 6.004417902104213454e+02 7.534373510195230272e-01
1.418016107224426833e+03 6.003064392758560643e+02 7.529871580996992941e-01
1.418036940892455959e+03 6.010197252944284401e+02 7.531854613161561574e-01
1.418057774559552854e+03 5.998594205437943856e+02 7.531088134798988865e-01
1.418078608225719563e+03 6.018084825660920387e+02 7.542789704041464871e-01
1.418099441891418337e+03 6.000617314865265826e+02 7.529747302563361000e-01
1.418120275556185788e+03 6.007918405042685208e+02 7.533791235986079249e-01
1.418141109220023964e+03 6.001813807176660021e+02 7.537906142975611123e-01
1.418161942882929907e+03 5.998954067589299939e+02 7.534313781692097978e-01
1.418182776544904527e+03 5.998651587257127176e+02 7.535472667451901252e-01
1.418203610205947825e+03 5.994284639170433593e+02 7.539073963848351712e-01
1.418224443866525462e+03 6.011198798197819997e+02 7.544381434602437375e-01
1.418245277526172003e+03 6.007458756929230503e+02 7.542411574217421366e-01
1.418266111184887450e+03 6.005898565186932956e+02 7.552016203132518868e-01
1.418286944842670891e+03 6.011675259751038993e+02 7.551065880649843187e-01
1.418307778499523010e+03 6.005019780316785045e+02 7.538405473768612364e-01
1.418328612155909923e+03 5.998125366297412029e+02 7.535448146800365343e-01
1.418349445810900534e+03 5.997302807368345157e+02 7.554946137570162090e-01
1.418370279465425028e+03 6.002287689400632189e+02 7.538261964029854267e-01
1.418391113119017064e+03 6.001230246754582822e+02 7.547819753711357826e-01
1.418411946771678004e+03 5.995369820298840295e+02 7.539875599393968120e-01
1.418432780423873965e+03 6.012101186857554467e+02 7.548016384840801063e-01
1.418453614075138830e+03 6.008028320127733650e+02 7.545088499294672069e-01
1.418474447725006485e+03 6.013439513143835029e+02 7.549201196134747160e-01
1.421245316044429501e+03 6.028534284349395875e+02 7.491378597312315923e-01
1.421266149591385783e+03 6.033509488701284909e+02 7.470952447458304446e-01
1.421286983137411426e+03 6.036650553585581065e+02 7.476679786073101575e-01
1.421307816682970952e+03 6.037127534081494105e+02 7.499978144931739310e-01
1.421328650228064362e+03 6.021805612960087046e+02 7.478600809125719451e-01
1.421349483772226904e+03 6.015338654244476402e+02 7.480737666383503459e-01
1.421370317315923785e+03 6.040249268108482283e+02 7.495199892662586239e-01
1.421391150859155459e+03 6.030484224951192118e+02 7.492305464308146590e-01
1.421411984401921018e+03 6.032510839223339190e+02 7.496807690565124860e-01
1.421432817943755481e+03 6.032600829888566523e+02 7.503045973546296210e-01
1.421453651485123828e+03 6.023453337056962482e+02 7.507022113459030921e-01
1.421474485026027651e+03 6.010159864561717313e+02 7.503698946836178107e-01
1.421495318566464903e+03 6.029669952023871247e+02 7.512977815942344373e-01
1.421516152105971514e+03 6.025500563892015862e+02 7.511506790289088631e-01
1.421536985645012919e+03 6.013077061713112244e+02 7.504895916978839843e-01
1.421557819183587526e+03 6.011894548730433598e+02 7.508265788261029305e-01
1.421578652721696017e+03 6.028833960588840455e+02 7.521526121599690917e-01
1.421599486259339983e+03 6.023887358481225647e+02 7.515498281191776986e-01
1.421620319796517833e+03 6.020106742675936857e+02 7.512146333059339653e-01
1.421641153332763906e+03 6.016720151362635534e+02 7.511319916085997805e-01
1.421661986869010889e+03 6.016872260710184719e+02 7.515938829622756945e-01
1.421682820404325412e+03 6.010458033143282819e+02 7.514918906814289645e-01
1.421703653939640844e+03 6.019020875825367511e+02 7.516208459487790927e-01
1.421724487474024500e+03 6.011235579237301181e+02 7.523247135087144377e-01
1.421745321007942948e+03 6.016281615891465435e+02 7.521572876248348027e-01
1.421766154541860942e+03 6.015564188055269597e+02 7.516223923260300088e-01
1.421786988074848068e+03 6.018743767799554689e+02 7.520049634627632429e-01
1.421807821607834512e+03 6.005679398956167461e+02 7.517325734286997019e-01
1.421828655139890543e+03 6.017548708514030977e+02 7.523022126231829754e-01
1.421849488671945892e+03 6.009530100448191661e+02 7.518957735459587122e-01
1.421870322203070373e+03 6.019630730167295951e+02 7.529486865307222221e-01
1.421891155734194854e+03 6.019592109690325969e+02 7.528348039147241266e-01
1.421911989264852991e+03 6.009446295853554147e+02 7.521799909520358041e-01
1.421932822795512038e+03 6.020672691963128500e+02 7.530118944386244850e-01
1.421953656325238626e+03 6.018218105619209837e+02 7.543681414781494565e-01
1.421974489854966123e+03 6.025093089521459433e+02 7.537611589507228205e-01
1.421995323384227504e+03 6.009879145695455236e+02 7.524576055427911747e-01
1.422016156913488885e+03 6.014861630986019918e+02 7.532668886237989803e-01
1.422036990441819398e+03 6.013666719858509850e+02 7.531323586891898181e-01
1.422057823970149002e+03 6.020554987682276078e+02 7.534019483345141266e-01
1.422078657498480425e+03 6.015423419051427345e+02 7.532879759910177109e-01
1.422099491026345504e+03 6.014529583307603389e+02 7.542106922921255618e-01
1.422120324553744467e+03 6.016127096688417168e+02 7.538032659052510409e-01
1.422141158081143203e+03 6.011820657176978102e+02 7.543793216888097231e-01
1.422161991608541939e+03 6.017071111599233291e+02 7.536509185246861309e-01
1.422182825135475014e+03 6.014617182099432284e+02 7.539472025288308510e-01
1.422203658662408543e+03 6.011889622004581497e+02 7.539804056490202466e-01
1.422224492188875956e+03 6.009857517533570217e+02 7.545301790717624524e-01
1.422245325715809486e+03 6.010948713598385211e+02 7.571701001204137471e-01
1.422266159242277354e+03 6.013077457269722572e+02 7.627246963369835875e-01
1.422286992768280470e+03 6.012479169776091794e+02 7.699022899286929178e-01
1.422307826294747883e+03 6.006287105336803052e+02 7.796815768764167043e-01
1.422328659820749635e+03 6.014050637021369994e+02 7.924259752304565474e-01
1.422349493347217049e+03 6.017850094881694076e+02 8.087409802247813584e-01
1.424912024479600404e+03 5.997087428619432785e+02 7.571311719396279782e-01
1.424953691647762980e+03 6.014133944050372520e+02 7.542483092388033716e-01
1.424974525228818038e+03 5.997475662451985272e+02 7.537967029102673466e-01
1.424995358808941091e+03 6.010493469084171920e+02 7.538406659788128295e-01
1.425016192386735838e+03 6.006920649593321286e+02 7.547961897209557458e-01
1.425037025963134511e+03 6.002746520480625350e+02 7.542501663293803560e-01
1.425057859538134380e+03 6.007311570892032933e+02 7.558404885625955583e-01
1.425078693110806853e+03 6.010501793121192122e+02 7.543219176471077647e-01
1.425099526682081887e+03 5.997526726027552968e+02 7.545691624460008073e-01
1.425120360251960392e+03 6.014027161358877720e+02 7.570516955564349226e-01
1.425141193819976479e+03 6.002957360547945882e+02 7.544196954869545335e-01
1.425162027386130376e+03 6.013153763143767492e+02 7.538444216976297740e-01
1.425182860950886607e+03 6.009021201590195460e+02 7.537324932462939886e-01
1.425203694513780192e+03 6.010743465950220070e+02 7.537230432096218014e-01
1.425224528075277021e+03 6.005004655538106135e+02 7.535505097868478996e-01
1.425245361634910296e+03 6.006113719038290810e+02 7.538766805749933519e-01
1.425266195193148178e+03 6.005464698309646110e+02 7.533386544726092815e-01
1.425287028749522506e+03 6.006747794886470047e+02 7.534621516861945700e-01
1.425307862304498940e+03 6.008148708725873348e+02 7.538665602914802477e-01
1.425328695857614548e+03 6.007877216415364501e+02 7.534723960614528870e-01
1.425349529409331353e+03 6.011237823228840398e+02 7.533060956211300452e-01
1.425370362959652994e+03 6.004953116305964613e+02 7.542287897548557440e-01
1.425391196508111534e+03 6.016501752921670914e+02 7.538621326247214594e-01
1.425412030055172636e+03 6.010078723816981210e+02 7.540981068367711426e-01
1.425432863600371093e+03 6.018194301335773844e+02 7.539975600215783613e-01
1.425453697144173020e+03 6.013531697676116892e+02 7.539666107206833834e-01
1.425474530686110938e+03 6.006049408830467655e+02 7.534070116137578932e-01
1.425495364227117989e+03 6.001678407515258868e+02 7.532052452422371980e-01
1.425516197766263303e+03 6.016504913089063393e+02 7.537857908162184373e-01
1.425537031303545518e+03 6.000875118195026516e+02 7.540250299205011331e-01
1.425557864839896865e+03 6.012875204954518722e+02 7.537359727278610810e-01
1.425578698374385567e+03 6.015221067897585954e+02 7.559884919673248715e-01
1.425599531907476830e+03 6.004794592911606514e+02 7.531685654318772682e-01
1.425620365438706358e+03 5.993159693818925007e+02 7.525778813155310498e-01
1.425641198969002971e+03 6.009013912081092030e+02 7.533103683088312463e-01
1.425662032497437394e+03 6.012363529338751960e+02 7.541039163255846001e-01
1.425682866024474606e+03 6.005323786450546777e+02 7.537653499830587744e-01
1.425703699550115289e+03 6.008504317365304814e+02 7.549564379952106163e-01
1.425724533073894008e+03 6.000754151801372700e+02 7.525705552212962335e-01
1.425745366596740951e+03 6.010643450576451414e+02 7.552401349617628989e-01
1.425766200117725020e+03 6.003392497783631825e+02 7.526118576202416310e-01
1.425787033637312561e+03 5.990296726213364309e+02 7.539294936001578185e-01
1.425807867155968324e+03 6.006609263428421173e+02 7.538940349636856775e-01
1.425828700672761897e+03 6.006886692718105678e+02 7.529144879302389626e-01
1.425849534188158486e+03 6.006349802641242377e+02 7.530416957005514611e-01
1.425870367702157637e+03 6.009919278790993076e+02 7.535551370294393259e-01
1.425891201214759349e+03 5.998385458848648568e+02 7.557809872850580479e-01
1.425912034725498415e+03 6.010846006263324171e+02 7.534549132984641462e-01
1.425932868235307069e+03 6.007828114847305869e+02 7.533132563154956163e-01
1.425953701743718511e+03 6.009987767892113197e+02 7.529763530118577242e-01
1.425974535250732970e+03 6.004263328805220681e+02 7.532746827100984532e-01
1.425995368756351127e+03 6.012071914282895477e+02 7.531952742084454533e-01
1.426016202260570935e+03 6.000947983275326578e+02 7.527554677829920715e-01
1.426037035763395124e+03 6.009042870460838230e+02 7.539434868506000864e-01
1.426057869264820511e+03 6.007123831659847610e+02 7.537051313087168580e-01
1.426078702764849822e+03 6.006652699703229246e+02 7.536217740816035793e-01
1.426099536263482605e+03 6.000087150460573184e+02 7.526229055287136926e-01
1.426120369760717495e+03 6.005866194137901175e+02 7.530371048791474342e-01
1.426141203256555855e+03 6.006544186419914695e+02 7.528196420168459246e-01
1.426162036751463347e+03 6.000006319241133497e+02 7.525569324564669316e-01
1.426182870244509104e+03 6.001205108454239507e+02 7.533901206980710974e-01
1.426203703736621947e+03 6.020828627529854202e+02 7.542746636919860359e-01
1.426224537227338487e+03 6.016055800560477564e+02 7.535748321544153416e-01
1.426245370716657590e+03 6.006589539938669304e+02 7.529760759562845740e-01
1.426266204204578571e+03 6.005691842232126874e+02 7.527890401805545917e-01
1.426287037691569822e+03 6.013539254614521496e+02 7.531067557123444223e-01
1.426307871176698427e+03 6.004060594989680339e+02 7.536455800746517664e-01
1.426328704660895482e+03 6.012271818954086484e+02 7.539919473435612307e-01
1.426349538143695554e+03 6.015325982382491929e+02 7.532022776864529812e-01
1.426370371625098869e+03 6.019423767232376576e+02 7.531423701265721471e-01
1.426391205105570862e+03 6.013735417585944560e+02 7.532821997727723318e-01
1.426412038584645416e+03 6.008770115005632988e+02 7.528397918352633944e-01
1.426432872062322986e+03 5.999495099614000537e+02 7.523716542108880301e-01
1.426453705538603572e+03 6.011344519110645024e+02 7.528207108812702275e-01
1.426474539013952835e+03 6.007185668028206464e+02 7.526986129967915273e-01
1.426495372487439454e+03 6.009305226152517889e+02 7.529410869759618485e-01
1.426516205960460866e+03 6.011294588194703010e+02 7.530054037019275892e-01
1.426537039431619633e+03 6.013392465905839117e+02 7.532167592479925844e-01
1.426557872901846622e+03 5.998981320342368235e+02 7.525499625744505039e-01
1.426578706370677082e+03 6.014007746571046482e+02 7.571014922852244977e-01
1.426599539838110559e+03 6.025483128200785359e+02 7.538967230792766872e-01
1.426620373304611803e+03 6.009613620643716558e+02 7.528477486877160896e-01
1.426641206769716973e+03 6.004872353763289539e+02 7.525889693225051857e-01
1.426662040233889911e+03 6.000110859405795054e+02 7.532185793152662567e-01
1.426682873696666320e+03 6.026232135362995450e+02 7.549099738402690329e-01
1.426703707158047109e+03 6.009382145055095634e+02 7.548472407202450052e-01
1.426724540618029550e+03 6.006706110853303926e+02 7.536074980340493612e-01
1.426745374077081124e+03 6.001300736249986585e+02 7.527545571900321475e-01
1.426766207535201374e+03 6.016508997765504319e+02 7.536457777956977466e-01
1.426787040991924641e+03 6.014264887972979068e+02 7.531003449389191973e-01
1.426807874447250470e+03 6.017478822941512817e+02 7.534285301709320315e-01
1.426828707901644975e+03 6.021637348848450983e+02 7.537587471196639521e-01
1.426849541354642042e+03 6.015894368554323819e+02 7.534784476925916463e-01
1.426870374806242580e+03 6.004890306600090071e+02 7.529910368113617025e-01
1.426891208256912023e+03 6.009956431887543431e+02 7.547726569298777166e-01
1.426912041706650598e+03 6.012084928628844409e+02 7.535957131705278700e-01
1.426932875154991962e+03 6.023800995644146496e+02 7.540891356334729068e-01
1.426953708601935887e+03 6.020037773492718998e+02 7.539936469617373183e-01
1.426974542047948944e+03 6.006468978254031299e+02 7.550306483862717633e-01
1.426995375492565017e+03 6.013766549935869534e+02 7.537225291874930511e-01
1.427016208936249996e+03 6.009970321372750277e+02 7.536982906691137574e-01
1.427037042379002514e+03 6.016243227577110702e+02 7.539649110415611588e-01
1.427057875819893070e+03 6.006289047238748253e+02 7.536584318347472333e-01
1.427078709260317510e+03 6.006198352128368469e+02 7.550885116407445308e-01
1.427099542699345875e+03 5.998860375469196242e+02 7.538071799533719863e-01
1.427120376136976574e+03 6.018041631005402223e+02 7.540637232315632321e-01
1.427141209573676861e+03 6.006257919359906055e+02 7.531218722583198355e-01
1.427162043009444915e+03 6.008141297531191185e+02 7.542728856843813334e-01
1.427182876443816440e+03 6.003719721306613337e+02 7.530538849870922480e-01
1.427203709876790981e+03 6.011134588096878133e+02 7.537189310227763173e-01
1.427224543309299406e+03 6.016752211398909367e+02 7.540477560588310091e-01
1.427245376739944504e+03 6.015705295028335513e+02 7.542831980701479866e-01
1.427266210170124850e+03 6.000685584023098045e+02 7.542724115483122604e-01
1.427287043598443006e+03 6.007410163558089380e+02 7.536273104261629330e-01
1.427307877026295046e+03 5.998041179851960578e+02 7.535429163015344711e-01
1.427328710452750329e+03 6.002042510163252018e+02 7.542576341580908839e-01
1.427349543878274517e+03 6.018048017176038229e+02 7.545885941356976767e-01
1.427370377302401494e+03 6.008585029723187745e+02 7.542886900494756297e-01
1.427391210725596920e+03 6.002162916924100955e+02 7.565139971772564254e-01
1.427412044147395591e+03 6.008843078746903075e+02 7.540652645991551273e-01
1.427432877568262484e+03 6.007796101648842750e+02 7.538780641969480278e-01
1.427453710988197599e+03 5.988625973374960267e+02 7.531307758410563657e-01
1.427474544406737095e+03 5.999471378680538010e+02 7.536525002803972084e-01
1.427495377824344359e+03 6.011233453209181334e+02 7.542508380418673219e-01
1.427516211241020983e+03 5.997334276345519584e+02 7.538101846633927794e-01
1.427537044656299940e+03 5.994907997006241658e+02 7.532016446063724002e-01
1.427557878070647803e+03 5.999557956793264566e+02 7.536863095148915725e-01
1.427620378307172587e+03 6.008629978289312703e+02 7.551082851742968449e-01
1.427641211717329043e+03 6.011759142452164042e+02 7.546227563606993094e-01
1.427662045126088515e+03 6.004645659022266955e+02 7.545489798157433148e-01
1.427682878533918029e+03 6.000408400157027700e+02 7.532120507926834962e-01
1.427703711940349876e+03 6.010811369124652401e+02 7.533289621305100381e-01
1.427724545346316518e+03 6.001467118885600485e+02 7.544633852452686806e-01
1.427745378750884811e+03 6.006323841608711973e+02 7.551327152322186986e-01
1.427766212154057484e+03 6.008531975308590063e+02 7.537613566414510524e-01
1.427787045556764042e+03 6.015987211539288637e+02 7.543754501151801461e-01
1.427807878958073161e+03 6.012569978205262942e+02 7.544162191588201782e-01
1.427828712358450503e+03 6.013943358387384706e+02 7.538410613185168030e-01
1.427849545757431315e+03 5.999969822199059308e+02 7.537174284873709995e-01
1.427870379155481487e+03 6.009713074714437653e+02 7.533204960643573589e-01
1.427891212552600336e+03 6.020417427070949543e+02 7.542464916563641486e-01
1.427912045948787636e+03 6.008292816182529350e+02 7.555774882661182579e-01
1.427932879343578406e+03 6.000726766855200367e+02 7.529919866968864950e-01
1.427953712737903516e+03 6.013055967126624637e+02 7.533033658357446427e-01
1.427974546130365070e+03 6.013120370588878814e+02 7.533856506734081249e-01
1.427995379522361418e+03 6.009602029101978360e+02 7.529958653836766880e-01
1.428016212913425534e+03 6.009548430283114158e+02 7.534692713439942180e-01
1.428037046303093121e+03 6.015144250738994742e+02 7.547555991461367686e-01
1.428057879691829839e+03 6.005956608907916916e+02 7.542202547610366015e-01
1.428078713079169574e+03 5.996325516665287978e+02 7.522906846200524411e-01
1.428099546466043194e+03 6.004181316934229926e+02 7.529425118983220644e-01
1.428120379851521193e+03 6.024033755675353632e+02 7.543066671122076183e-01
1.428141213236066505e+03 6.012419289111309126e+02 7.540502460114838490e-01
1.428162046619680950e+03 6.014126625186204365e+02 7.537039055339318505e-01
1.428182880001898411e+03 6.009187528961039106e+02 7.536968671756119065e-01
1.428203713383184095e+03 6.017684981882725879e+02 7.547168623304498780e-01
1.428224546764003662e+03 6.006311488200816484e+02 7.526900210573921335e-01
1.428245380142961494e+03 6.006797515035857487e+02 7.531069535748535770e-01
1.428266213521454119e+03 5.981760111375448332e+02 7.541824388347642127e-01
1.428287046899015422e+03 6.005938972836605672e+02 7.526235390956088622e-01
1.428307880275178832e+03 6.008951566067846670e+02 7.532583031663591111e-01
1.428328713650411373e+03 6.011128810989084741e+02 7.530221845162914374e-01
1.428349547024713047e+03 6.017557732130517252e+02 7.551455416828832812e-01
1.428370380398082489e+03 5.994491673210902718e+02 7.541337139524693089e-01
1.428391213770054492e+03 6.002680548221172785e+02 7.533134936854138930e-01
1.428412047141562198e+03 6.010893455014564779e+02 7.530656387551161179e-01
1.428432880511672010e+03 6.018402868468909901e+02 7.528343288729490990e-01
1.428453713880850955e+03 6.003879560804722360e+02 7.525342801038872320e-01
1.428474547249098578e+03 6.003825343615437760e+02 7.529520508924494315e-01
1.428495380615948989e+03 6.012229779602105282e+02 7.528049944625800904e-01
1.428516213982335103e+03 6.005283851371497121e+02 7.531081011763817168e-01
1.428537047347323096e+03 5.994649546532625664e+02 7.518396861724702118e-01
1.428557880711378857e+03 6.009159522608900943e+02 7.525015280318350097e-01
1.428578714074504660e+03 6.006069919396367141e+02 7.527498062523750866e-01
1.428599547436698003e+03 6.009517243576609644e+02 7.527151630921286030e-01
1.428620380797960934e+03 6.007782893087221510e+02 7.533652781012243338e-01
1.428641214157826653e+03 6.007378430023310329e+02 7.558398971216533369e-01
1.428662047517226029e+03 6.010835772898211644e+02 7.533425709346539545e-01
1.428682880875229330e+03 6.020007490746953636e+02 7.527447385524903556e-01
1.428703714232301081e+03 6.011296775800739169e+02 7.546387508593456195e-01
1.428724547588441965e+03 6.015221028653900248e+02 7.529471032964725197e-01
1.428745380943651526e+03 6.003508296886180915e+02 7.520227573405847687e-01
1.428766214297928855e+03 6.019799704421591287e+02 7.539353834462618753e-01
1.428787047650810109e+03 6.001883672928800024e+02 7.518078155815614005e-01
1.428807881003224338e+03 6.006237188202419475e+02 7.531655581621540252e-01
1.428828714354242038e+03 6.007576015185104552e+02 7.520172488131586785e-01
1.428849547704329325e+03 6.018924114127568146e+02 7.530459303127220450e-01
1.428870381053950041e+03 5.999202740054976175e+02 7.540494160281797642e-01
1.428891214402175137e+03 6.004285234627503769e+02 7.519539572971246644e-01
1.428912047749467547e+03 6.010702973527309041e+02 7.525186369099369221e-01
1.428932881095363882e+03 6.001538174068226681e+02 7.529115192284521196e-01
1.428953714440795011e+03 6.000381969212115791e+02 7.521085900444958172e-01
1.428974547785292998e+03 6.005498040495053829e+02 7.518485256617208901e-01
1.428995381128394001e+03 6.019664599528811095e+02 7.530127651429497915e-01
1.429016214470564591e+03 6.006254168267953446e+02 7.520669826163792759e-01
1.429037047812269066e+03 6.020073415825191887e+02 7.539845559362357008e-01
1.429057881152577920e+03 6.013294806475047380e+02 7.523659897920859096e-01
1.429078714491954543e+03 6.019594893753132965e+02 7.532551775607819744e-01
1.429099547830399842e+03 6.018060878789102617e+02 7.528669081266846641e-01
1.429120381167914502e+03 6.023183439975929332e+02 7.528346059806876323e-01
1.429141214504496929e+03 5.998766847375571842e+02 7.523116012787178786e-01
1.429162047840147807e+03 6.004631927493644525e+02 7.525690899938911604e-01
1.429182881174402610e+03 6.012433608486204548e+02 7.522526528415321989e-01
1.429203714508190387e+03 6.002257280632177299e+02 7.517059316198364538e-01
1.429224547840582090e+03 5.998101412045115239e+02 7.517185390220763042e-01
1.429245381172508587e+03 5.997984857113902990e+02 7.543558549071334163e-01
1.429266214503037190e+03 6.001608631050764870e+02 7.517440307019905843e-01
1.429287047832635835e+03 6.019956629744081056e+02 7.525052904342269811e-01
1.429307881161767455e+03 6.010196706656292918e+02 7.520262447327727973e-01
1.429328714489503000e+03 6.010542839906305517e+02 7.522577634735974073e-01
1.429349547816306995e+03 6.002520726930804358e+02 7.543785710791485188e-01
1.429370381142178985e+03 6.012633650981229039e+02 7.528259760060993511e-01
1.429391214467118971e+03 6.005369242795898117e+02 7.517724550862311395e-01
1.429412047791130135e+03 6.012419767468819600e+02 7.518789675917866289e-01
1.429432881114208612e+03 6.020309990952035832e+02 7.526242122598506556e-01
1.429453714436354858e+03 6.008351879144471468e+02 7.521071239171072120e-01
1.429474547757572054e+03 6.001761837308454233e+02 7.515210384106746355e-01
1.429495381077390448e+03 6.000914727491961003e+02 7.518843978586237098e-01
1.429516214396744090e+03 6.009971087820625826e+02 7.523949056090898369e-01
1.429537047715165954e+03 6.009205879644957804e+02 7.526789741340494944e-01
1.429557881032190380e+03 6.001751257513897144e+02 7.522517416399200352e-01
1.429578714348749145e+03 6.015717765388890257e+02 7.540004849217319949e-01
1.429599547663911835e+03 6.011447176313421323e+02 7.520543810554305431e-01
1.429620380978608409e+03 6.019920797129174161e+02 7.531190626614744366e-01
1.429641214291908000e+03 6.009681982493074202e+02 7.519656489927014631e-01
1.429662047604742384e+03 6.006799540756567239e+02 7.517705125893043849e-01
1.429682880916179329e+03 5.995840322918926404e+02 7.511609946031758689e-01
1.429703714227151067e+03 6.011248739514284125e+02 7.515225849932953839e-01
1.429724547536725822e+03 6.014749160345858172e+02 7.525680207720923942e-01
1.429745380845369027e+03 6.001228147965063044e+02 7.516189030600309851e-01
1.429766214153080000e+03 6.004236149262860636e+02 7.524423172219298905e-01
1.429787047460325084e+03 6.018904934645206595e+02 7.521612498604445252e-01
1.429807880766175003e+03 6.011619225552002490e+02 7.532268882621695472e-01
1.429828714071092691e+03 6.012955790369354645e+02 7.521973448657049977e-01
1.429849547375545171e+03 6.010252403720444363e+02 7.521892226500174194e-01
1.429870380678599986e+03 6.009778290098973912e+02 7.546909577031822858e-01
1.429891213980723933e+03 6.016204265618534919e+02 7.553914911318634351e-01
1.429912047281915875e+03 6.011321920010736903e+02 7.519416312788385071e-01
1.429932880582177859e+03 6.007859516228875236e+02 7.527079175210101836e-01
1.429953713881507610e+03 6.001853623631759547e+02 7.514476315594982303e-01
1.429974547180371019e+03 6.001982513744655989e+02 7.516053423497275343e-01
1.429995380477837898e+03 6.013084621238292584e+02 7.528202358306023134e-01
1.430016213774375046e+03 5.998123486075112396e+02 7.512357386093856393e-01
1.430037047069979508e+03 6.018315536200904035e+02 7.541170764306391883e-01
1.430057880364652192e+03 5.994321242633237716e+02 7.532255034440507035e-01
1.430078713658394918e+03 6.002264549027191833e+02 7.522408467525408815e-01
1.430099546951670618e+03 6.015161560917468933e+02 7.519149176068408158e-01
1.430120380243550017e+03 6.016520375090784682e+02 7.521952846046616736e-01
1.430141213534497638e+03 6.000707918389787210e+02 7.516224319766868778e-01
1.430162046824514164e+03 5.996392285822050781e+02 7.512856828209635296e-01
1.430182880113599367e+03 6.007831850568475147e+02 7.515880937243309967e-01
1.430203713402218909e+03 6.012316220297186646e+02 7.524768541267907729e-01
1.430224546689441922e+03 6.001462755554064188e+02 7.519926382805264264e-01
1.430245379975734068e+03 6.010111581542219028e+02 7.518969626322604682e-01
1.430266213261093526e+03 6.005131060338769657e+02 7.512916727297878072e-01
1.430287046545988005e+03 6.009689575046688788e+02 7.526626608181368194e-01
1.430307879829485955e+03 6.001546323077408260e+02 7.528377729190262047e-01
1.430328713112051901e+03 5.999265527593497609e+02 7.520262447327727973e-01
1.430349546394151503e+03 6.015752404855438726e+02 7.520116609851198453e-01
1.430370379662747382e+03 6.013077790927648039e+02 7.523155627016007152e-01
1.430391212942985931e+03 5.997061188610064164e+02 7.520987233483183987e-01
1.430412046221826586e+03 6.007182752349875727e+02 7.519711975303862150e-01
1.430432879500201125e+03 6.006611789383484847e+02 7.519545121613625538e-01
1.430453712777180044e+03 6.004278785665019313e+02 7.524920625363069604e-01
1.430474546053692848e+03 6.017571883255861849e+02 7.524140369702958520e-01
1.430495379328808667e+03 6.007520935358261340e+02 7.517332473907859525e-01
1.430516212603457916e+03 6.017407135533263727e+02 7.523227328239725509e-01
1.430537045876710636e+03 6.008244350381140748e+02 7.516193788699847556e-01
1.430557879149498149e+03 6.004189673377619556e+02 7.531910404359204447e-01
1.430620378961806182e+03 6.018388414040862244e+02 7.518698113596181676e-01
1.430641212230867950e+03 6.013368381854487552e+02 7.518913342738169359e-01
1.430662045498998395e+03 6.015786624954849913e+02 7.520976534578215356e-01
1.430682878766197973e+03 6.000918694187035953e+02 7.515850801307666362e-01
1.430703712032466001e+03 6.018449510158400244e+02 7.523606818364615423e-01
1.430724545297802706e+03 5.996641883542694131e+02 7.517951303933744223e-01
1.430745378562206952e+03 5.998285066012382458e+02 7.519180884187347536e-01
1.430766211825681012e+03 6.003552428052773848e+02 7.516291329076569827e-01
1.430787045088223977e+03 6.013866644376104205e+02 7.517546552838068052e-01
1.430807878349835846e+03 6.006461861830366615e+02 7.521600215696377933e-01
1.430828711610981372e+03 6.009038722710714637e+02 7.519230824203535501e-01
1.430849544870729915e+03 5.999530320507293482e+02 7.511137004985730670e-01
1.430870378129548044e+03 6.018265524420594375e+02 7.519571675774044950e-01
1.430891211387900057e+03 6.016354097544674460e+02 7.543914498571777649e-01
1.430912044644855087e+03 6.017167971336781420e+02 7.519102802703679922e-01
1.430932877901343545e+03 6.015427003463121309e+02 7.524545954316365082e-01
1.430953711156434565e+03 6.001533178180488903e+02 7.513310224666220893e-01
1.430974544411060833e+03 6.001381511324549365e+02 7.525455271613751274e-01
1.430995377664757143e+03 6.026672878312979265e+02 7.526292015760499554e-01
1.431016210917520311e+03 6.028860300843177811e+02 7.523200390843551855e-01
1.431037044169353067e+03 6.004673430001270162e+02 7.514670646490898553e-01
1.431057877420254499e+03 6.015455462348979836e+02 7.516923724795490092e-01
1.431078710670225064e+03 6.022015032545297117e+02 7.522947649987463681e-01
1.431099543919263851e+03 6.012729222882196609e+02 7.516265952840218700e-01
1.431120377167369952e+03 6.003551727713753507e+02 7.516373801253032338e-01
1.431141210414545185e+03 6.010158286620417130e+02 7.517248822891583471e-01
1.431162043660790005e+03 6.013561979269359199e+02 7.520040915915595647e-01
1.431182876906569618e+03 6.017391685865961790e+02 7.516976455076124219e-01
1.431203710150952020e+03 6.015835715400340860e+02 7.521950468818705549e-01
1.431224543394867396e+03 6.002220766925788666e+02 7.509854518329540651e-01
1.431245376637386926e+03 6.016874926026026742e+02 7.524908347854857293e-01
1.431266209879441021e+03 6.016736960803796137e+02 7.539881923595899149e-01
1.431287043120564022e+03 6.004906268019350364e+02 7.512764796891844288e-01
1.431307876360755017e+03 6.013452430126937998e+02 7.514240732218943064e-01
1.431328709599547892e+03 6.017334816406895470e+02 7.519565730820902960e-01
1.431349542837875106e+03 6.005359235398310602e+02 7.516095454030619072e-01
1.431370376075738477e+03 6.006401039009676879e+02 7.523281995011947831e-01
1.431391209312204865e+03 6.005220226343127479e+02 7.521706798972441765e-01
1.431412042547739475e+03 6.009463124766955389e+02 7.512808035884146474e-01
1.431432875782342308e+03 6.004858971665938725e+02 7.523697132609964422e-01
1.431453709016479479e+03 6.018018378550732450e+02 7.530600587063012163e-01
1.431474542249220121e+03 6.012833920319247909e+02 7.519557011547794989e-01
1.431495375481495103e+03 6.006250883179324092e+02 7.529324186401705754e-01
1.431516208712838306e+03 6.012779891706398985e+02 7.516574426904093498e-01
1.431537041943249505e+03 6.015334902499073451e+02 7.514976410032443432e-01
1.431557875172265085e+03 6.015869323049855666e+02 7.516823813775667107e-01
1.431578708400815003e+03 6.009819858798716723e+02 7.517374893735760955e-01
1.431599541628898805e+03 6.005311312752777440e+02 7.514641695471918625e-01
1.431620374855585851e+03 6.018505119790283970e+02 7.518932764586040429e-01
1.431641208081342029e+03 6.000130834591724351e+02 7.529617480862594858e-01
1.431662041306165520e+03 6.004219071878435443e+02 7.511139385636035337e-01
1.431682874530523804e+03 5.989638194737071899e+02 7.505395458535040198e-01
1.431703707753950994e+03 6.013305635080124603e+02 7.519621216867440339e-01
1.431724540975980972e+03 6.011773437968099643e+02 7.521939771283804310e-01
1.431745374197545971e+03 6.016892540206831654e+02 7.519520945356169550e-01
1.431766207418179420e+03 6.020370924204200946e+02 7.517227017971362946e-01
1.431787040637881546e+03 6.028363297769355995e+02 7.525562196305877194e-01
1.431807873856651440e+03 6.010397934712569850e+02 7.527837352079020938e-01
1.431828707074490922e+03 5.996868289656375737e+02 7.511389746480887641e-01
1.431849540291865196e+03 6.000493843833037317e+02 7.512155060933938255e-01
1.431870373507842032e+03 6.004690843776565998e+02 7.511903535392119302e-01
1.431891206723353434e+03 6.003009008936026021e+02 7.512703706515239110e-01
1.431912039937932605e+03 6.009664909902484169e+02 7.510532295370431211e-01
1.431932873151114563e+03 6.008318898293673556e+02 7.511369511603716020e-01
1.431953706363830861e+03 6.015773336330421444e+02 7.519789257825078010e-01
1.431974539575616973e+03 6.009428941293124353e+02 7.510414839562252753e-01
1.431995372786471989e+03 6.015090139442932013e+02 7.514730531121395218e-01
1.432016205996861117e+03 6.002302568209654510e+02 7.511985262280470588e-01
1.432037039205853034e+03 6.010888745254551395e+02 7.510792199497668964e-01
1.432057872414379290e+03 6.011284943630356565e+02 7.516207666472958238e-01
1.432078705621508107e+03 6.012280218504597542e+02 7.525710304295717412e-01
1.432099538828171035e+03 6.012482200031759021e+02 7.519010451475850454e-01
1.432120372033903095e+03 6.005478862699175124e+02 7.522947649987463681e-01
1.432141205238704060e+03 6.011066401400271388e+02 7.516937204752048851e-01
1.432162038442574158e+03 6.008001384861809129e+02 7.514759481798130025e-01
1.432182871645512023e+03 6.004473580026495938e+02 7.516212028053501637e-01
1.432203704847985136e+03 6.025887412387761515e+02 7.526337948855315041e-01
1.432224538049060357e+03 5.998226313515086758e+02 7.511448863750944671e-01
1.432245371249669915e+03 6.015415389490704001e+02 7.519060788981010157e-01
1.432266204449349061e+03 6.008190955176387433e+02 7.517396698227054586e-01
1.432287037647629859e+03 6.013410379031627144e+02 7.518150301868593566e-01
1.432307870845445450e+03 6.007420033136340862e+02 7.512756069725600172e-01
1.432328704042795835e+03 6.013322741509327898e+02 7.528337350703089292e-01
1.432349537238750145e+03 6.012949277310807474e+02 7.521721855224268172e-01
1.432370370433771996e+03 6.008429457842399870e+02 7.515879747669194089e-01
1.432391203628327503e+03 6.007079162656721110e+02 7.526291619784325482e-01
1.432412036821952370e+03 6.003199918326141642e+02 7.513880203964407034e-01
1.432432870014646596e+03 6.007530262625720070e+02 7.513097611712097335e-01
1.432453703205943384e+03 6.002401790033923135e+02 7.514735290144408664e-01
1.432474536397240627e+03 6.011873149978622450e+02 7.519423446873348960e-01
1.432495369587139521e+03 6.015469823857698657e+02 7.520371823579165005e-01
1.432516202776108003e+03 6.008349814670779097e+02 7.515618036786381184e-01
1.432537035964610823e+03 6.017434456029171770e+02 7.519493598348309105e-01
1.432557869152181866e+03 6.006521234484747538e+02 7.512510911549595827e-01
1.432578702338356379e+03 6.008605344214306569e+02 7.511871003082352116e-01
1.432599535524065004e+03 6.003016606429655440e+02 7.523366371206752223e-01
1.432620368709307968e+03 6.009521754325053280e+02 7.519683043694159741e-01
1.432641201893155085e+03 6.006449454479763972e+02 7.531043813581794755e-01
1.432662035076069515e+03 6.014514405744587293e+02 7.516636278791670733e-01
1.432682868258518511e+03 5.997443934709546056e+02 7.511561939112361141e-01
1.432703701440036184e+03 6.007876887364865297e+02 7.533803103436867987e-01
1.432724534620622990e+03 6.017578530402864772e+02 7.524574471161884492e-01
1.432745367800278018e+03 6.009504228704727211e+02 7.525835441395037906e-01
1.432766200979001951e+03 6.010477279721496870e+02 7.519801147373231798e-01
1.432787034156794562e+03 6.008940888702419443e+02 7.517001432448373599e-01
1.432807867334121056e+03 6.019218840057901616e+02 7.553086751289412870e-01
1.432828700510516455e+03 6.007595446111143929e+02 7.516802404098645862e-01
1.432849533685980987e+03 6.010069008853192827e+02 7.525228744654746116e-01
1.432870366860513514e+03 6.001598776752184676e+02 7.521361289333456934e-01
1.432891200034115172e+03 6.006874809323014688e+02 7.525905533101658884e-01
1.432912033206785054e+03 6.007118044870777567e+02 7.519308508013897718e-01
1.432932866378990184e+03 6.013703986836322883e+02 7.519814225854487555e-01
1.432953699549797875e+03 5.995311121244045580e+02 7.515800442303430806e-01
1.432974532720139905e+03 6.000444783794101795e+02 7.517747147191979895e-01
1.432995365889551067e+03 5.992038737909419979e+02 7.508560302202637038e-01
1.433016199058496113e+03 6.018867387549812520e+02 7.534435215966096555e-01
1.433037032226043948e+03 6.021255518232296708e+02 7.533399599622198073e-01
1.433057865393126121e+03 6.014243072803833456e+02 7.525336860644872283e-01
1.433078698558810629e+03 6.001094907490614787e+02 7.512001528205554113e-01
1.433099531724029930e+03 5.986821100361340768e+02 7.507074516299536704e-01
1.433120364888318818e+03 6.016742248218811255e+02 7.527034830387070441e-01
1.433141198052142045e+03 6.008451662400891564e+02 7.523026880009628936e-01
1.433162031214567833e+03 6.012386785665261186e+02 7.530313267365646990e-01
1.433182864376527959e+03 6.002323844428908615e+02 7.515280178352229390e-01
1.433203697537556991e+03 6.020157416932826209e+02 7.527435508053946789e-01
1.433224530697654473e+03 6.007343652517812416e+02 7.514920096540501637e-01
1.433245363856820859e+03 6.005036212046022683e+02 7.521959581521621141e-01
1.433266197015055695e+03 6.009279048220214463e+02 7.519559389532373128e-01
1.433287030172823961e+03 6.009150362298278196e+02 7.517504530417850050e-01
1.433307863329661814e+03 6.016747379374149887e+02 7.526602850630230712e-01
1.433328696485569026e+03 6.010619167382370733e+02 7.543606747434112858e-01
1.433349529640544006e+03 6.000248979017563897e+02 7.517445857211758620e-01
1.433370362794587891e+03 6.005684838327804300e+02 7.513091661636163154e-01
1.433391195948167024e+03 6.005844607679042610e+02 7.520159013974304640e-01
1.433412029100347354e+03 6.021687336245712459e+02 7.533971619220662941e-01
1.433432862252062023e+03 6.016071989024741242e+02 7.524685368978218936e-01
1.433453695403311485e+03 6.005229837537476669e+02 7.522954780723628554e-01
1.433474528553163964e+03 6.009219868107887805e+02 7.516040338471937643e-01
1.433495361702086029e+03 6.003998729432133814e+02 7.524116208210811507e-01
1.433516194850541979e+03 6.008455019674572668e+02 7.518988651664318956e-01
1.433537027998067060e+03 6.001383244450155416e+02 7.513134898747320101e-01
1.433557861144660819e+03 6.008931615087365117e+02 7.522878719189404206e-01
1.433620360579784119e+03 6.015033572755686464e+02 7.522164020128472295e-01
1.433641193723118022e+03 6.011705607983437858e+02 7.516598612638679677e-01
1.433662026865985354e+03 6.019120423949036649e+02 7.528346059806876323e-01
1.433682860007456384e+03 6.006108595235425582e+02 7.519522927019541836e-01
1.433703693148461980e+03 6.006779814308101777e+02 7.522412429330284089e-01
1.433724526288536026e+03 6.013297244668949588e+02 7.529562860087806175e-01
1.433745359427678977e+03 6.006677138857156706e+02 7.514966099142943445e-01
1.433766192566356040e+03 6.019405620006327808e+02 7.524593482332190275e-01
1.433787025703637028e+03 6.007939167932576083e+02 7.515735014746705023e-01
1.433807858840450990e+03 6.009927234030889167e+02 7.516418208973236759e-01
1.433828691976334994e+03 6.005293892164335148e+02 7.541212259656904227e-01
1.433849525111751518e+03 6.015232108961370159e+02 7.521290362799614160e-01
1.433870358245771058e+03 6.004051864067689621e+02 7.515135433882719207e-01
1.433891191379325846e+03 6.008530363802354941e+02 7.517294414793118662e-01
1.433912024511949994e+03 6.019573875201710962e+02 7.522145399012497569e-01
1.433932857643641910e+03 6.016967928488184043e+02 7.523306555316522370e-01
1.433953690774868846e+03 6.008522521574089978e+02 7.534159909393596255e-01
1.433974523905164460e+03 6.010458903361551393e+02 7.518997371596516377e-01
1.433995357034527842e+03 6.005782801427324102e+02 7.516204890920386017e-01
1.434016190162960811e+03 6.009190078546472478e+02 7.523313685712510468e-01
1.434037023290927664e+03 5.995818668354537522e+02 7.511457989194131324e-01
1.434057856417962512e+03 6.013748007044954420e+02 7.543230238915313857e-01
1.434078689544066947e+03 6.007977088296028114e+02 7.518217690413599996e-01
1.434099522669705948e+03 6.015995019594232645e+02 7.517258337746040020e-01
1.434120355793947056e+03 6.009277395209119277e+02 7.517563203166008901e-01
1.434141188917723412e+03 6.009405517578125000e+02 7.515963413922975844e-01
1.434162022040567990e+03 6.017111302229117200e+02 7.519218933753575307e-01
1.434182855162946908e+03 6.001368405420821546e+02 7.516449135623396449e-01
1.434203688284394957e+03 6.002408388025588692e+02 7.514404134267934632e-01
1.434224521404912139e+03 6.000553104262588704e+02 7.523569979347977110e-01
1.434245354524496634e+03 6.012759957367813968e+02 7.550659352367998789e-01
1.434266187643615012e+03 6.002847157677284713e+02 7.513678713092116768e-01
1.434287020761802978e+03 5.998140293148258024e+02 7.543168210000583684e-01
1.434307853879060076e+03 6.009831994855496760e+02 7.515537935573495254e-01
1.434328686995851058e+03 6.009074371035726472e+02 7.550765130765377808e-01
1.434349520111711172e+03 6.013599814404299195e+02 7.522045557349180678e-01
1.434370353226639509e+03 6.002148738714154206e+02 7.514662318127003360e-01
1.434391186341102639e+03 6.017622017799944842e+02 7.520430077672527469e-01
1.434412019454167876e+03 6.021280630390165243e+02 7.523668216324836955e-01
1.434432852567233567e+03 6.009998602055022729e+02 7.547229039830246622e-01
1.434453685678901820e+03 6.001965176303536964e+02 7.512089204902462347e-01
1.434474518790104867e+03 6.014556624420305297e+02 7.520553321240008859e-01
1.434495351900377045e+03 6.007018064009922682e+02 7.519144419839034477e-01
1.434516185010183108e+03 6.004874366987825169e+02 7.519763893392855669e-01
1.434537018118592187e+03 5.999306451035155305e+02 7.511527421550953099e-01
1.434557851227001493e+03 6.008491150766058126e+02 7.526389425266388766e-01
1.434578684334013815e+03 6.013409126958276829e+02 7.516939187096562947e-01
1.434599517440560476e+03 6.018373161471704407e+02 7.522575257705502727e-01
1.434620350546175359e+03 6.006891677915150467e+02 7.514464814221175626e-01
1.434641183651323900e+03 6.010349263903160590e+02 7.515309920021244761e-01
1.434662016755542481e+03 6.020685991908667347e+02 7.520732436907856533e-01
1.434682849858829968e+03 6.022772538404058196e+02 7.525244981953852497e-01
1.434703682961652021e+03 6.005082308750060065e+02 7.516889628326881567e-01
1.434724516063542069e+03 6.001359907406886123e+02 7.510923933727565727e-01
1.434745349164966456e+03 5.986820950608574776e+02 7.506526253323200226e-01
1.434766182265459520e+03 6.011330260481379355e+02 7.515059293207201341e-01
1.434787015365021034e+03 6.019938099900671205e+02 7.523040349030413187e-01
1.434807848464116887e+03 6.011182751156205768e+02 7.514393822593185002e-01
1.434828681562281417e+03 6.012446702440099671e+02 7.521218246867155122e-01
1.434849514659979832e+03 6.006953257252806679e+02 7.530082928782202423e-01
1.434870347756747378e+03 5.995900806496051700e+02 7.506093490328369366e-01
1.434891180852584057e+03 6.010554265405344267e+02 7.524034216995147961e-01
1.434912013947955074e+03 6.012308992875414333e+02 7.514594104513414585e-01
1.434932847042859976e+03 6.001963623870652782e+02 7.517109666769088427e-01
1.434953680136367893e+03 6.001230909482088691e+02 7.508838928747678665e-01
1.434974513229875811e+03 6.010520607152013781e+02 7.515091415148760223e-01
1.434995346321986972e+03 6.010688611625782869e+02 7.530844364876487784e-01
1.435016179414097678e+03 6.010937198048465007e+02 7.522988453553088872e-01
1.435037012504811628e+03 6.014148360427919897e+02 7.515255988374632823e-01
1.435057845595526487e+03 5.997034269876982080e+02 7.508988557254873131e-01
1.435078678684843908e+03 5.999194278544455301e+02 7.511540117683935813e-01
1.435099511774160874e+03 6.005534676010254316e+02 7.508824640458411359e-01
1.435120344862080856e+03 5.996715178578647283e+02 7.508757564514830785e-01
1.435141177950000838e+03 5.995729850959771738e+02 7.505275142742051653e-01
1.435162011036989952e+03 6.006222083079704817e+02 7.514029335461217540e-01
1.435182844123047516e+03 5.999428333298203597e+02 7.509824755055126699e-01
1.435203677208639419e+03 6.016755486546373959e+02 7.516275072435019133e-01
1.435224510293764979e+03 6.005694554482608964e+02 7.531427262622095720e-01
1.435245343377958989e+03 6.008154316606647853e+02 7.520600081936446024e-01
1.435266176461223040e+03 6.012451403178919236e+02 7.513098008383658488e-01
1.435287009544485954e+03 6.010961672363652042e+02 7.516124795961750538e-01
1.435307842626818911e+03 6.013633216137051249e+02 7.512973055806074774e-01
1.435328675708220999e+03 6.009908069271037903e+02 7.511018368289831271e-01
1.435349508789622178e+03 5.996737452396100707e+02 7.513614456992603330e-01
1.435370341869625918e+03 6.014553217408569026e+02 7.523073625331322400e-01
1.435391174949630113e+03 6.007464571392850985e+02 7.514545720063290357e-01
1.435412008028701621e+03 6.008963875361217788e+02 7.510942185878383137e-01
1.435432841107307922e+03 5.997931834960312472e+02 7.507354785887974113e-01
1.435453674185449017e+03 6.003965120963498521e+02 7.509376307442527931e-01
1.435474507262659017e+03 6.008112567152478505e+02 7.511994783801866360e-01
1.435495340339402901e+03 6.011158847623082693e+02 7.513899638821881499e-01
1.435516173415682943e+03 6.016316397063568502e+02 7.516316308725552453e-01
1.435537006491495958e+03 6.008092223139672114e+02 7.519788068869228681e-01
1.435557839566377879e+03 6.002169427029159579e+02 7.512369287404158102e-01
1.435578672641260027e+03 6.017468819174569035e+02 7.524713093176927936e-01
1.435599505715209489e+03 5.999775313830233472e+02 7.524193445495255261e-01
1.435620338788693061e+03 6.003622331787831854e+02 7.531088530522966895e-01
1.435641171861711882e+03 6.006746298326835358e+02 7.512939734767739575e-01
1.435662004933799835e+03 6.014169675873936285e+02 7.513156715543817254e-01
1.435682838005888016e+03 5.995479601844768922e+02 7.509559261428284671e-01
1.435703671077044419e+03 6.011160633112367577e+02 7.511730953847381986e-01
1.435724504148201959e+03 6.023072891348075473e+02 7.524442183771874459e-01
1.435745337218426812e+03 6.004893328687317080e+02 7.513418908815135966e-01
1.435766170288652120e+03 6.011238722762612952e+02 7.515895212118020030e-01
1.435787003357946105e+03 6.001717792297966980e+02 7.516386092701848876e-01
1.435807836427238499e+03 6.014378798980562806e+02 7.515959845239224002e-01
1.435828669496066141e+03 6.001095292200027416e+02 7.510121588833831296e-01
1.435849502563963142e+03 6.007843661336007699e+02 7.521467875995236918e-01
1.435870335631859916e+03 6.011139273403597372e+02 7.511904725595902610e-01
1.435891168699291939e+03 6.008242421213390116e+02 7.532825558423013046e-01
1.435912001766257617e+03 6.015758461892535252e+02 7.517819296421540676e-01
1.435932834833222842e+03 6.005075699330816406e+02 7.536469245767415392e-01
1.435953667899722859e+03 6.010736349799658456e+02 7.512300656255621600e-01
1.435974500965756988e+03 5.996913989397758087e+02 7.508746451282884982e-01
1.435995334031324546e+03 6.012699736485581070e+02 7.522870796068696908e-01
1.436016167096891877e+03 6.007047654940312214e+02 7.510399760643020617e-01
1.436037000161995365e+03 6.007348987055211182e+02 7.508594833404110824e-01
1.436057833227098854e+03 6.010078046213731113e+02 7.514059082081240293e-01
1.436078666291735999e+03 6.004379373468424319e+02 7.510387856211716562e-01
1.436099499355907938e+03 6.013447332014451376e+02 7.515093001413921669e-01
1.436120332420079194e+03 6.012784512642806476e+02 7.512729094784024175e-01
1.436141165484250450e+03 6.010997072379243491e+02 7.512090395076828075e-01
1.436161998548422162e+03 6.011642769964400941e+02 7.516645001452815222e-01
1.436182831612127984e+03 5.996376655277031205e+02 7.507833125535656738e-01
1.436203664675833807e+03 6.010192648444641463e+02 7.512950445117606568e-01
1.436224497739539402e+03 6.011838803497364552e+02 7.523454311585781040e-01
1.436245330803244997e+03 6.009033425938639539e+02 7.555626575129957834e-01
1.436266163866484931e+03 6.006589358945248023e+02 7.608010265626209412e-01
1.436286996930190980e+03 6.004717594352516699e+02 7.696818867524028995e-01
1.436828656712738848e+03 5.990757489718362194e+02 2.597665519984634575e+00
