1.354135229127353796e+03 1.358740656761821413e+02 7.085882504217182465e-01
1.354156062629251664e+03 1.350100428472342742e+02 7.079176430997650149e-01
1.354176896132837101e+03 1.338067512523639380e+02 7.074785872275556331e-01
1.354197729637993461e+03 1.348114360417655746e+02 7.077539028139617772e-01
1.354218563144780092e+03 1.343379127674390645e+02 7.072853348401288986e-01
1.354239396653079893e+03 1.333723821865661421e+02 7.103534437295726534e-01
1.354260230162834887e+03 1.341466992492194379e+02 7.066457340188637692e-01
1.354281063674045527e+03 1.353679259268842259e+02 7.085127089147343904e-01
1.354301897186652923e+03 1.357545839132575338e+02 7.069827321303017165e-01
1.354322730700539978e+03 1.355701731700536641e+02 7.077489340156658537e-01
1.354343564215766492e+03 1.332550088963113240e+02 7.058972068321194282e-01
1.354364397732274483e+03 1.357287896024052998e+02 7.070357812557125365e-01
1.354385231249945491e+03 1.350873480861903886e+02 7.077625349653468012e-01
1.354406064768780197e+03 1.357147532027626653e+02 7.065489372628758202e-01
1.354426898288722441e+03 1.362446151651309947e+02 7.057183441983916339e-01
1.354447731809828383e+03 1.344678720844836732e+02 7.047911929283914301e-01
1.354468565331923401e+03 1.351624269908493261e+02 7.056227295250260267e-01
1.354489398855123454e+03 1.351163312038305264e+02 7.055528263250347987e-01
1.354510232379198442e+03 1.359909607265540785e+02 7.054060704298589224e-01
1.354531065904321167e+03 1.356076923522073230e+02 7.047482720198595674e-01
1.354551899430316098e+03 1.362082714444724445e+02 7.052841096977521262e-01
1.354572732957183916e+03 1.347392550442860113e+02 7.060595838026112459e-01
1.354593566484924850e+03 1.354323381180149113e+02 7.058834432816732951e-01
1.354614400013539580e+03 1.364491792960965029e+02 7.049269157431528043e-01
1.354635233542910555e+03 1.361692128808087432e+02 7.045358490428954568e-01
1.354656067073038002e+03 1.339583724078291880e+02 7.036546407770041256e-01
1.354676900603923059e+03 1.358517462908499169e+02 7.050316919481207645e-01
1.354697734135505925e+03 1.361450579543076458e+02 7.039501011406525954e-01
1.354718567667845491e+03 1.359391796790734475e+02 7.039150038501923445e-01
1.354739401200826023e+03 1.362340887137677043e+02 7.044855940816678874e-01
1.354760234734387495e+03 1.350138419881947414e+02 7.031773865575757787e-01
1.354781068268647914e+03 1.359474130727315924e+02 7.029032039502559615e-01
1.354801901803491091e+03 1.362957636069647265e+02 7.036676432187007890e-01
1.354822735338916118e+03 1.366097507213621043e+02 7.037026257941242369e-01
1.354843568874922084e+03 1.366663146050596538e+02 7.038578452890679182e-01
1.354864402411452375e+03 1.354095377991248199e+02 7.033264083619319429e-01
1.354885235948507670e+03 1.348985304031338330e+02 7.044667686993301148e-01
1.354906069486086835e+03 1.352729539360478270e+02 7.047430283011147933e-01
1.354926903024130524e+03 1.364388143127782200e+02 7.032938648474814647e-01
1.354947736562697628e+03 1.358537354951818656e+02 7.033097130491328119e-01
1.354968570101673549e+03 1.362324945997739007e+02 7.034730897337206912e-01
1.354989403641115587e+03 1.385583161286611471e+02 7.053576097780031029e-01
1.355010237180963031e+03 1.379716718247960330e+02 7.042794816275547154e-01
1.355031070721218384e+03 1.375978340004610914e+02 7.032715114960853553e-01
1.355051904261882555e+03 1.387760411869589063e+02 7.038732785580016360e-01
1.355072737802954180e+03 1.374585049369227079e+02 7.039209099702624650e-01
1.355093571344315478e+03 1.376363279783933820e+02 7.037745124924967843e-01
1.355114404886141983e+03 1.381722874465419579e+02 7.039747190040789304e-01
1.355135238428261346e+03 1.373728616378260767e+02 7.030424493437789080e-01
1.355156071970671519e+03 1.380295894304106241e+02 7.047505344187214860e-01
1.355176905513488919e+03 1.376280050073713142e+02 7.041566274329840169e-01
1.355197739056538012e+03 1.369826187504380641e+02 7.028183374293938135e-01
1.355218572599937488e+03 1.374483717869881332e+02 7.030500795927410174e-01
1.355239406143628003e+03 1.376818812946461037e+02 7.032679942215998015e-01
1.355260239687609555e+03 1.389668576563047964e+02 7.037410156869032818e-01
1.355281073231823029e+03 1.385493573308673092e+02 7.032280528525375329e-01
1.355301906776327996e+03 1.376066440927450003e+02 7.030146618205410647e-01
1.355322740321066476e+03 1.384701291004760151e+02 7.032617859773219182e-01
1.355343573866037787e+03 1.379928345669792691e+02 7.030073915244922089e-01
1.355364407411299453e+03 1.365484706766993099e+02 7.034694463728021763e-01
1.355385240956734833e+03 1.374926681175696501e+02 7.054309332122780107e-01
1.355406074502404863e+03 1.375415917362274172e+02 7.031222661283114128e-01
1.355426908048307496e+03 1.367908276232115838e+02 7.024255452459532423e-01
1.355447741594384524e+03 1.370827135319109118e+02 7.026937645824029577e-01
1.355468575140693474e+03 1.378604531008229230e+02 7.035357441161964598e-01
1.355489408687177502e+03 1.374261666740115970e+02 7.028411716228842865e-01
1.355510242233836834e+03 1.366032656346128249e+02 7.024437252936074350e-01
1.355531075780670562e+03 1.362185962565999944e+02 7.032169705746318389e-01
1.355551909327678004e+03 1.368811209339691288e+02 7.021544009235307637e-01
1.355572742874860523e+03 1.383308342033505767e+02 7.030866824411645677e-01
1.355593576422160368e+03 1.377231863714416988e+02 7.032202550155481902e-01
1.355614409969691906e+03 1.375237969641184463e+02 7.031086601901864741e-01
1.355635243517340541e+03 1.364762909796798453e+02 7.022181703110916828e-01
1.355656077065104910e+03 1.356747847611123632e+02 7.039924780460052878e-01
1.355676910613044583e+03 1.364997291478127863e+02 7.025737084718960412e-01
1.355697744161101127e+03 1.365244309064655113e+02 7.022160907352261727e-01
1.355718577709272950e+03 1.367164381239209661e+02 7.023406634406137439e-01
1.355739411257562097e+03 1.344096087923454661e+02 7.009636189819419272e-01
1.355760244805966977e+03 1.351564068224997186e+02 7.007775220484754319e-01
1.355781078354488500e+03 1.353698632980902801e+02 7.011839671672864815e-01
1.355801911903184646e+03 1.348286258205420438e+02 7.016846633273452483e-01
1.355822745451938545e+03 1.340994591546825347e+02 7.012446586215067557e-01
1.355843579000752015e+03 1.335102414245135947e+02 7.003400325852660036e-01
1.355864412549738972e+03 1.343225747943984629e+02 7.005127595533124918e-01
1.355885246098783909e+03 1.340153104202406382e+02 7.000822351039389657e-01
1.355906079647887054e+03 1.329849168839197375e+02 6.997377824115376121e-01
1.355926913197108206e+03 1.330557595659115577e+02 6.999520660064701971e-01
1.355947746746444864e+03 1.319111508278575400e+02 6.994044733868189923e-01
1.355968580295780612e+03 1.324729932291805312e+02 6.993246158181367633e-01
1.355989413845232548e+03 1.314385320785247302e+02 6.993079741254204507e-01
1.356010247394802491e+03 1.320844897340036539e+02 6.995638629672049635e-01
1.356031080944372661e+03 1.336912226750021944e+02 7.004876158448019030e-01
1.356051914494059019e+03 1.323514623330858910e+02 6.991066869516039395e-01
1.356072748043801994e+03 1.322413471078445468e+02 7.000736572477246344e-01
1.356093581593603176e+03 1.299629470800564377e+02 6.981508208565276874e-01
1.356114415143405949e+03 1.286730465596297961e+02 6.978238219569686818e-01
1.356135248693325138e+03 1.289385365367891723e+02 6.978979796190010187e-01
1.356156082243302080e+03 1.288849115189145493e+02 6.977986667763549367e-01
1.356176915793278113e+03 1.301382786250602237e+02 6.981962815779880760e-01
1.356239416443557502e+03 1.301290351757874362e+02 6.994625284616754479e-01
1.356260249993767047e+03 1.292249453348703696e+02 6.975268133882078780e-01
1.356281083543976820e+03 1.291754722089563359e+02 6.978477164033589641e-01
1.356301917094245482e+03 1.293213319777112531e+02 6.975392037315842897e-01
1.356343584194837604e+03 1.295939839348067437e+02 6.980972886626154450e-01
1.356364417745222454e+03 1.284676161122522160e+02 6.976135411704691425e-01
1.356385251295606849e+03 1.283800481910342057e+02 6.978448550918627813e-01
1.356406084845991018e+03 1.283079025287241279e+02 6.971746005955692382e-01
1.356426918396433393e+03 1.290868793522493547e+02 6.977145035057881195e-01
1.356447751946875997e+03 1.298837999837633390e+02 6.983555628357456246e-01
1.356468585497318600e+03 1.279328811871106382e+02 6.975173282179931711e-01
1.356489419047819410e+03 1.277288852447500744e+02 6.991532364314297920e-01
1.356510252598319994e+03 1.268849930093068394e+02 6.982168553165348790e-01
1.356531086148820577e+03 1.288767811405473651e+02 6.983879737447787894e-01
1.356551919699380051e+03 1.278200477024991528e+02 6.971156068442316833e-01
1.356572753249939069e+03 1.280645886090857459e+02 6.978085111443390609e-01
1.356593586800439425e+03 1.279425393775159705e+02 6.969057965850826708e-01
1.356614420351055514e+03 1.290022494827248920e+02 6.980662944634901113e-01
1.356656087452174006e+03 1.290523965350328979e+02 6.974400961867163184e-01
1.356676921002733025e+03 1.265257715711878461e+02 6.972225827735012427e-01
1.356697754553350023e+03 1.289847206158222264e+02 6.986873248180508478e-01
1.356718588103908587e+03 1.270280527159377186e+02 6.979659167510411377e-01
1.356739421654525358e+03 1.295447302905649565e+02 6.985004507621779268e-01
1.356760255205083922e+03 1.288637996655525910e+02 6.976730267770508975e-01
1.356781088755642941e+03 1.285250331562980364e+02 6.983334354986269199e-01
1.356801922306260622e+03 1.279797042301494514e+02 6.973122332727056394e-01
1.356822755856820095e+03 1.280065441937214814e+02 6.976129430847559654e-01
1.356843589407379113e+03 1.283119815452205330e+02 6.983801645388735269e-01
1.356864422957937904e+03 1.296848925246250701e+02 6.977519415046253837e-01
1.356885256508496013e+03 1.275859395759429447e+02 6.984984241172910169e-01
1.356906090059054804e+03 1.282837007314535640e+02 6.976574136312078123e-01
1.356926923609556070e+03 1.274191757126561697e+02 6.971181718937528027e-01
1.356947757160115088e+03 1.288680144196539175e+02 6.987081826719218069e-01
1.356968590710614990e+03 1.280640804356104638e+02 6.978860440344604177e-01
1.356989424261116483e+03 1.286690031856164467e+02 6.988658334058919230e-01
1.357010257811559541e+03 1.292684485083091204e+02 6.983790977006861800e-01
1.357031091362060124e+03 1.290721903863664579e+02 6.971796233836389245e-01
1.357051924912501363e+03 1.305457129998935386e+02 6.988063427178162756e-01
1.357072758462943966e+03 1.289546280102028675e+02 6.972744511064397077e-01
1.357093592013328362e+03 1.295913353281528657e+02 6.979380765639081607e-01
1.357114425563712985e+03 1.294426407746981340e+02 6.980373909193369197e-01
1.357135259114097153e+03 1.293903021399538602e+02 6.982553547504654068e-01
1.357156092664481548e+03 1.297622788362527047e+02 6.975000452226193248e-01
1.357176926214808191e+03 1.272334082918884235e+02 6.968991254043181982e-01
1.357197759765076626e+03 1.294420853067979635e+02 6.999834237520222713e-01
1.357218593315401449e+03 1.287103865967527270e+02 6.975992296930968450e-01
1.357239426865668520e+03 1.306244664379746325e+02 6.981103946110823744e-01
1.357260260415879202e+03 1.297642326011806801e+02 6.973748215085211477e-01
1.357281093966088974e+03 1.298663180983863583e+02 6.994171074335182592e-01
1.357322761066333442e+03 1.306943003368327822e+02 6.981223903938499342e-01
1.357343594616485461e+03 1.310464084687719151e+02 6.997734938027164731e-01
1.357364428166578818e+03 1.291059177046160471e+02 6.987639711720015079e-01
1.357385261716671948e+03 1.310497046182459542e+02 6.981390176593506025e-01
1.357406095266706870e+03 1.299546152080161789e+02 6.984593833891628023e-01
1.357426928816742020e+03 1.304374377916565493e+02 6.994513865218878745e-01
1.357447762366718507e+03 1.304943974145820960e+02 6.993296231641740190e-01
1.357468595916637014e+03 1.298898636341445183e+02 6.986882632215811739e-01
1.357489429466555521e+03 1.292670690822569384e+02 6.974429591587659738e-01
1.357510263016416047e+03 1.300230604409175044e+02 6.977803657058373465e-01
1.357531096566277029e+03 1.287040043686501747e+02 6.969540110730928495e-01
1.357572763665881212e+03 1.296718899334163666e+02 6.991516379429885131e-01
1.357593597215625550e+03 1.288735227531879275e+02 6.973502698111030407e-01
1.357614430765312136e+03 1.295478501404188307e+02 6.980947912471312522e-01
1.357635264314998494e+03 1.302284658892313587e+02 6.978673395593586459e-01
1.357656097864625963e+03 1.301935128777693649e+02 6.976904763501092788e-01
1.357676931414252522e+03 1.301995493503245598e+02 6.985325776314814661e-01
1.357697764963821555e+03 1.293841515162174574e+02 6.987379115019507481e-01
1.357718598513332836e+03 1.299724066501895550e+02 6.979156157262680349e-01
1.357739432062785909e+03 1.303405022179317427e+02 6.976949614819816237e-01
1.357760265612238527e+03 1.294617491560704252e+02 6.980006086816838984e-01
1.357781099161633847e+03 1.310540731008545663e+02 6.988005639617665965e-01
1.357801932710970959e+03 1.298795976922306181e+02 6.980727837210056741e-01
1.357822766260306935e+03 1.324164691365630233e+02 7.025106501196221043e-01
1.357843599809585612e+03 1.308906188092664706e+02 6.993250206687230408e-01
1.357864433358805854e+03 1.315578461268843853e+02 6.986854053523585684e-01
1.357885266907968798e+03 1.301105296667570030e+02 6.990059683344386210e-01
1.357906100457129924e+03 1.312874007556845299e+02 6.993561934600730501e-01
1.357926934006234205e+03 1.320228474882325145e+02 6.985945659403173247e-01
1.357947767555279825e+03 1.324080993088963965e+02 6.997899327810765957e-01
1.357968601104324989e+03 1.309644493091984430e+02 7.002677294792741813e-01
1.357989434653254193e+03 1.326204112341550569e+02 6.991417485465846182e-01
1.358031101751053484e+03 1.326324945429254001e+02 6.995103963061630736e-01
1.358051935299867182e+03 1.324535923208407837e+02 6.991019764148863613e-01
1.358072768848679971e+03 1.317029006411707996e+02 6.989730531153540705e-01
1.358093602397375889e+03 1.332135439446740293e+02 6.993201411381507748e-01
1.358114435946072490e+03 1.333142169071593912e+02 6.995097359353987798e-01
1.358135269494710883e+03 1.329658854442560880e+02 6.990081640484409053e-01
1.358156103043290841e+03 1.328421612946308983e+02 6.993638213136120774e-01
1.358176936591871026e+03 1.336256207523208559e+02 6.997657426478601783e-01
1.358197770140333887e+03 1.325201898011174251e+02 6.989120151581338369e-01
1.358218603688797884e+03 1.332597865605179379e+02 6.992394854491883471e-01
1.358239437237145466e+03 1.346947031889579875e+02 7.009596862206979306e-01
1.358260270785491912e+03 1.330332837733977840e+02 6.992432574021063552e-01
1.358281104333781059e+03 1.318796973937950554e+02 6.993448154457199140e-01
1.358301937882011998e+03 1.348917935164946584e+02 7.005935238889260397e-01
1.358322771430185185e+03 1.343036747704902893e+02 7.006221943713185629e-01
1.358343604978299027e+03 1.344419920659552190e+02 7.043546943817904360e-01
1.358364438526412869e+03 1.352805535175565126e+02 7.007678257093377105e-01
1.358385272074411660e+03 1.342964392872092390e+02 7.020927056914216813e-01
1.358406105622409541e+03 1.351269904781922264e+02 7.018052961771479303e-01
1.358426939170291007e+03 1.355962186497722826e+02 7.007932145236022148e-01
1.358447772718171109e+03 1.370155977741626145e+02 7.014012931024832254e-01
1.358468606265936160e+03 1.373390094323604274e+02 7.017284723736778584e-01
1.358489439813701665e+03 1.386207555750103495e+02 7.024621382111589929e-01
1.358510273361408508e+03 1.372254565557707053e+02 7.020283305831036547e-01
1.358531106909056916e+03 1.375458997564961692e+02 7.030187314578097979e-01
1.358551940456647117e+03 1.381588180427916086e+02 7.031310187188146710e-01
1.358572774004121584e+03 1.384979278160048466e+02 7.031032346959498192e-01
1.358593607551596051e+03 1.396505732481922166e+02 7.034995035360898097e-01
1.358614441099010946e+03 1.382943143827799020e+02 7.024612472746473157e-01
1.358635274646368543e+03 1.393471509128013963e+02 7.028923709479247828e-01
1.358656108193668388e+03 1.390284421749181831e+02 7.028391998972786103e-01
1.358676941740910024e+03 1.384006511605751086e+02 7.027913891584489647e-01
1.358697775288092998e+03 1.373246049831083440e+02 7.023409604705644904e-01
1.358718608835216855e+03 1.385931007470296379e+02 7.034327363404114797e-01
1.358739442382283869e+03 1.374672366302114597e+02 7.022521004799880950e-01
1.358760275929293130e+03 1.406935752560589492e+02 7.039754386879084613e-01
1.358822776569909820e+03 1.389190015024503850e+02 7.039509478570439294e-01
1.358843610116685795e+03 1.375996051749639548e+02 7.023744603996967539e-01
1.358864443663345355e+03 1.394161504635020776e+02 7.029842235780977555e-01
1.358885277210004006e+03 1.385933247323364412e+02 7.025061745219541853e-01
1.358906110756547150e+03 1.381166769759429371e+02 7.026743822428188624e-01
1.358926944303089840e+03 1.393092092882590691e+02 7.037379665938241491e-01
1.358947777849516569e+03 1.386993438567870385e+02 7.027345845008524661e-01
1.358968611395883954e+03 1.374923019425990276e+02 7.044045355967057942e-01
1.358989444942194041e+03 1.386179229972117639e+02 7.029578752051740542e-01
1.359010278488446147e+03 1.379952082498805055e+02 7.035169568597280376e-01
1.359031112034640046e+03 1.390907049597081482e+02 7.036840335764972254e-01
1.359051945580775055e+03 1.379585732569548497e+02 7.041444170181118123e-01
1.359072779126851401e+03 1.387164406294740218e+02 7.037200952548642308e-01
1.359093612672870449e+03 1.369235505089707488e+02 7.027353054547259559e-01
1.359114446218773537e+03 1.379331652256568645e+02 7.027566368728714874e-01
1.359156113310461933e+03 1.366177226250821093e+02 7.024243572684684134e-01
1.359176946856189488e+03 1.371882754259266903e+02 7.022704547661254848e-01
1.359197780401859518e+03 1.358139920704539634e+02 7.023730177504278194e-01
1.359218613947471113e+03 1.371265356123613230e+02 7.021768110588127998e-01
1.359239447492966065e+03 1.364972534820884960e+02 7.023056766768899228e-01
1.359260281038460562e+03 1.355112564726574931e+02 7.018905187166717408e-01
1.359281114583839553e+03 1.347492504143128826e+02 7.007415215873817882e-01
1.359301948129159882e+03 1.341928013638594166e+02 7.015935113590502370e-01
1.359322781674422004e+03 1.322814542748954807e+02 6.994263537918669060e-01
1.359343615219625462e+03 1.329399363685736830e+02 7.003355005615971018e-01
1.359364448764713870e+03 1.339945671628464936e+02 7.065999522821629908e-01
1.359385282309744525e+03 1.323133641800483815e+02 6.995164248233496362e-01
1.359406115854773361e+03 1.324034340678278738e+02 7.002469819183300137e-01
1.359426949399628029e+03 1.310666594550229149e+02 6.989941582592542613e-01
1.359447782944483151e+03 1.312308768733902866e+02 6.999631573995092060e-01
1.359468616489280066e+03 1.314216713209092404e+02 6.989585776027777975e-01
1.359489450033958974e+03 1.310049049427181558e+02 6.987191445254715694e-01
1.359510283578581038e+03 1.304665284209230833e+02 6.990426763555410705e-01
1.359531117123145123e+03 1.312432120589738247e+02 6.991976516353574089e-01
1.359551950667592791e+03 1.310633876527395785e+02 6.993120227170797065e-01
1.359572784211981798e+03 1.302966072745586530e+02 6.984363846055240410e-01
1.359593617756312597e+03 1.307573321776560249e+02 6.993066103840053227e-01
1.359614451300585188e+03 1.310444889281224619e+02 6.991279798867395812e-01
1.359635284844799571e+03 1.286121576017641814e+02 6.978700726646206443e-01
1.359656118388897994e+03 1.297757657353325271e+02 6.987144953556684301e-01
1.359676951932937527e+03 1.291431179957395727e+02 6.980186051086131327e-01
1.359697785476860645e+03 1.290983881381365848e+02 6.977906801371636103e-01
1.359718619020783990e+03 1.298968496320905501e+02 6.992841295758455145e-01
1.359739452564591375e+03 1.292584883263947404e+02 6.978411182867954032e-01
1.359760286108281889e+03 1.309761756591893231e+02 7.006949287587628250e-01
1.359781119651971949e+03 1.303363785347184489e+02 6.982311114519790252e-01
1.359801953195547412e+03 1.285861504598352099e+02 6.978600583438795413e-01
1.359822786739064213e+03 1.288707593011706081e+02 6.973549708122425139e-01
1.359843620282463007e+03 1.275360592653255765e+02 6.980490677537083410e-01
1.359864453825804048e+03 1.296909711751879115e+02 6.981949156651718891e-01
1.359885287369088019e+03 1.286096725350294321e+02 6.974514625437718829e-01
1.359906120912254664e+03 1.272718017208706840e+02 6.969252752121878336e-01
1.359926954455363557e+03 1.289269352839465057e+02 6.984656983215398185e-01
1.359947787998413332e+03 1.293622089480453781e+02 6.979616255062460750e-01
1.359968621541347147e+03 1.288437180261616390e+02 6.977484818308438141e-01
1.359989455084223209e+03 1.281376956928113202e+02 6.971370033433252900e-01
1.360010288627041064e+03 1.284253445937365541e+02 6.975310432198272848e-01
1.360031122169741593e+03 1.285007684816781079e+02 6.980937666638351580e-01
1.360051955712383915e+03 1.306638364642768977e+02 6.998553867484078594e-01
1.360072789254910504e+03 1.297046874936179961e+02 7.012590231969407784e-01
1.360093622797378885e+03 1.308594323425398329e+02 6.991473966026109377e-01
1.360114456339789513e+03 1.297522861861789067e+02 7.021390147631387801e-01
1.360135289882083498e+03 1.296729866965053191e+02 6.983025157982571951e-01
1.360156123424260841e+03 1.287352158048892363e+02 6.975048093048882292e-01
1.360176956966438411e+03 1.303057764796301967e+02 6.989281119584519475e-01
1.360197790508499111e+03 1.301656444915807924e+02 6.982141662523685399e-01
1.360218624050442941e+03 1.299613271019427145e+02 6.987405985505128481e-01
1.360239457592329472e+03 1.282131267462098378e+02 6.985471259667096477e-01
1.360260291134099589e+03 1.296161212956615998e+02 6.977156995025854958e-01
1.360281124675811043e+03 1.290734607951308135e+02 6.978303134692823706e-01
1.360301958217464062e+03 1.300149271088513387e+02 6.986565060926250847e-01
1.360322791759001120e+03 1.303025921962743041e+02 6.987471028713158061e-01
1.360343625300480653e+03 1.309247579341728454e+02 6.985639990962594359e-01
1.360364458841843543e+03 1.304002312837607747e+02 6.984155186345306632e-01
1.360385292383089109e+03 1.303064980018872632e+02 7.004828507763198875e-01
1.360406125924276466e+03 1.290502215040245630e+02 6.987633100958233756e-01
1.360426959465406071e+03 1.313303680205817727e+02 6.990636515021698694e-01
1.360447793006419488e+03 1.321242153756107598e+02 6.993697232549314080e-01
1.360468626547316035e+03 1.327595138068703875e+02 6.994613993630481863e-01
1.360489460088153919e+03 1.319711921870215576e+02 6.992957003569408858e-01
1.360510293628934505e+03 1.336281692306876039e+02 7.001219302659928978e-01
1.360531127169598449e+03 1.354391276588982009e+02 7.013739929463933542e-01
1.360551960710146432e+03 1.327014771065601622e+02 6.997798181704082410e-01
1.360572794250635525e+03 1.339796707356124728e+02 7.002910298533550071e-01
1.360593627791009112e+03 1.359222228358026143e+02 7.010680948030629800e-01
1.360614461331323582e+03 1.345855922764784793e+02 6.999763348530063656e-01
1.360635294871520955e+03 1.355267126655107006e+02 7.002471095975079107e-01
1.360656128411602822e+03 1.352250493583530613e+02 7.010406328810560028e-01
1.360676961951626481e+03 1.345394692985960887e+02 6.998555144990270538e-01
1.360697795491534180e+03 1.347792592160880645e+02 7.005379874434710663e-01
1.360718629031383443e+03 1.362667137121463554e+02 7.004173916214052609e-01
1.360739462571116974e+03 1.353566812504407721e+02 7.010896257279629618e-01
1.360760296110732497e+03 1.352495224389256805e+02 7.031195746318464890e-01
1.360781129650290495e+03 1.351419900630359905e+02 7.004327092289823753e-01
1.360801963189731850e+03 1.355670917587971758e+02 7.006818711528803867e-01
1.360822796729114998e+03 1.355223923552555334e+02 7.012741524316061792e-01
1.360843630268323068e+03 1.360425635721008746e+02 7.004028608590503469e-01
1.360864463807473840e+03 1.368326983695760646e+02 7.011358097757692809e-01
1.360885297346567313e+03 1.343596525163554531e+02 6.996706136528856312e-01
1.360906130885543007e+03 1.371565189313009512e+02 7.021506446092745657e-01
1.360926964424401831e+03 1.359818701854793233e+02 7.010138713509066477e-01
1.360947797963145604e+03 1.344429847839174101e+02 7.001935887016241811e-01
1.360968631523192471e+03 1.351706341253827759e+02 7.023172401118211727e-01
1.360989465061760939e+03 1.363012289425287804e+02 7.018847441230426920e-01
1.361010298600212082e+03 1.358985884700767315e+02 7.033737378431961229e-01
1.361031132138607063e+03 1.373376530707638210e+02 7.014581632448705362e-01
1.361051965676885629e+03 1.373360098987720903e+02 7.013481789809298261e-01
1.361072799215046416e+03 1.375105560515955858e+02 7.013419324959005996e-01
1.361093632753090333e+03 1.362069131517741596e+02 7.010465844724872442e-01
1.361114466291017834e+03 1.362908903795116657e+02 7.006455680285045284e-01
1.361135299828888037e+03 1.363145301319715372e+02 7.011619290892355805e-01
1.361197800441800609e+03 1.374755929414500031e+02 7.021836655312162501e-01
1.361218633979262904e+03 1.376733195595321320e+02 7.019967457799121124e-01
1.361239467516551031e+03 1.389210418203999495e+02 7.020559873452903998e-01
1.361260301053780040e+03 1.357957395805504746e+02 7.020511692463652365e-01
1.361281134590893089e+03 1.374121073656108365e+02 7.016799488607606827e-01
1.361301968127890632e+03 1.380750196539622152e+02 7.045888286115348231e-01
1.361322801664829967e+03 1.363830356734772238e+02 7.014935533930196643e-01
1.361343635201593997e+03 1.381935581682096483e+02 7.035775741422163332e-01
1.361364468738298910e+03 1.373302242290951654e+02 7.015335510330360513e-01
1.361385302274829883e+03 1.364645000707034797e+02 7.015023263048465463e-01
1.361406135811303557e+03 1.358722031031013842e+02 7.011647768644244660e-01
1.361426969347660361e+03 1.355099094301851608e+02 7.023399420816391903e-01
1.361447802883900977e+03 1.363534772074203261e+02 7.012816744296066496e-01
1.361468636420024495e+03 1.370204591472384266e+02 7.016710719863558099e-01
1.361489469956031826e+03 1.368385979254597657e+02 7.022977412921184159e-01
1.361510303491922969e+03 1.354103657018114006e+02 7.019287954284419984e-01
1.361531137027697014e+03 1.362726575212339242e+02 7.021850873483820310e-01
1.361551970563413533e+03 1.349889783080439827e+02 7.013310116367142966e-01
1.361572804098956112e+03 1.362836123601136080e+02 7.031968821763496802e-01
1.361593637634381594e+03 1.368031216250712419e+02 7.023682654730550867e-01
1.361614471169747958e+03 1.363799654534689978e+02 7.025175649680174272e-01
1.361656138240015935e+03 1.386141200673703224e+02 7.030228434632058709e-01
1.361676971774976664e+03 1.387981913051638116e+02 7.036115022910803818e-01
1.361697805309878049e+03 1.385906747520492388e+02 7.030428732486715404e-01
1.361718638844603902e+03 1.385933011956223027e+02 7.061322856803406989e-01
1.361739472379214476e+03 1.385199276677925866e+02 7.032734184447777537e-01
1.361760305913708635e+03 1.389350445854693703e+02 7.032467206925283598e-01
1.361781139448086378e+03 1.399881798020461190e+02 7.038329269375788177e-01
1.361801972982347479e+03 1.386936995349670667e+02 7.040361223219435693e-01
1.361822806516492619e+03 1.392331809336463948e+02 7.039017096065023349e-01
1.361843640050462454e+03 1.408023926749451959e+02 7.053561309786500200e-01
1.361864473584374537e+03 1.385887333426555301e+02 7.037481090120484284e-01
1.361885307118111996e+03 1.383097361426263205e+02 7.043567253321392219e-01
1.361906140651791475e+03 1.373365710984955967e+02 7.039399828009726967e-01
1.361926974185295876e+03 1.390823586568977532e+02 7.045305402916712811e-01
1.361947807718684089e+03 1.381268636465863437e+02 7.042418616586008095e-01
1.361968641251954978e+03 1.391098766203788273e+02 7.051182362989965036e-01
1.361989474785052607e+03 1.389863596357513131e+02 7.046425866406914595e-01
1.362010308318092029e+03 1.392707420076857829e+02 7.055880955725034598e-01
1.362031141850955919e+03 1.399615473520048567e+02 7.050484944296584455e-01
1.362051975383702938e+03 1.392987740947796453e+02 7.061988609501401726e-01
1.362072808916276472e+03 1.387374078247009095e+02 7.051730105307748575e-01
1.362093642448791798e+03 1.388260997959172869e+02 7.049472930495838119e-01
1.362114475981132500e+03 1.373592054848280100e+02 7.042190517224294899e-01
1.362135309513355878e+03 1.376116750727842089e+02 7.053678134090404228e-01
1.362156143045463068e+03 1.372941498032241157e+02 7.046308498914585217e-01
1.362176976577396545e+03 1.373824744516563783e+02 7.051824349888624610e-01
1.362197810109213606e+03 1.358085934449086380e+02 7.036934568005811519e-01
1.362218643640913797e+03 1.353981150885655040e+02 7.047803466598938638e-01
1.362239477172438910e+03 1.365797674700358471e+02 7.054497539881864343e-01
1.362260310703847608e+03 1.354926892555915003e+02 7.045308998497900044e-01
1.362281144235140800e+03 1.360325051193708532e+02 7.052420428252111906e-01
1.362301977766258915e+03 1.350358833958428875e+02 7.058870741830041151e-01
1.362322811297259932e+03 1.342038059840264737e+02 7.038888385071502274e-01
1.362343644828144534e+03 1.348009299844198381e+02 7.041231911309423497e-01
1.362364478358855649e+03 1.348534364287665426e+02 7.045499773173998781e-01
1.362385311889392597e+03 1.343432397295389649e+02 7.050780615978264887e-01
1.362406145419869972e+03 1.342510021896205217e+02 7.052429936360831153e-01
1.362426978950114062e+03 1.340159559431707521e+02 7.057163805114186061e-01
1.362447812480301309e+03 1.337250024580827699e+02 7.057967182970055209e-01
1.362468646010256180e+03 1.331745043641563200e+02 7.052171311235865270e-01
1.362489479540151024e+03 1.336248679482387445e+02 7.061263347484137975e-01
1.362510313069813037e+03 1.324962140369354415e+02 7.063291657225699849e-01
1.362531146599418662e+03 1.323490874939882076e+02 7.061851665817158175e-01
1.362551980128791001e+03 1.321157806685065736e+02 7.053403287577030278e-01
1.362572813658104451e+03 1.327105031728863764e+02 7.062242655158701421e-01
1.362593647187184615e+03 1.312085201103313921e+02 7.049848542378898131e-01
1.362614480716149046e+03 1.314695857616711976e+02 7.052859055656464093e-01
1.362635314244939536e+03 1.317355811519870770e+02 7.054780158937254964e-01
1.362656147773612474e+03 1.325503500168085509e+02 7.058882774426971096e-01
1.362676981302111017e+03 1.318470891791470763e+02 7.060955241569959462e-01
1.362697814830493371e+03 1.315858085304303984e+02 7.059811333507444164e-01
1.362718648358701557e+03 1.309626714338700708e+02 7.064595730169862531e-01
1.362739481886734666e+03 1.306369845144519672e+02 7.059590761654009894e-01
1.362760315414592014e+03 1.310362730999519840e+02 7.087242553044980076e-01
1.362781148942334312e+03 1.293680176516253653e+02 7.068327103367477715e-01
1.362801982469902669e+03 1.296919138080329503e+02 7.080190092056465323e-01
1.362822815997295038e+03 1.295185634345509982e+02 7.086544057168793209e-01
1.362843649524570992e+03 1.306930285368768239e+02 7.097516492560433932e-01
1.362864483051614570e+03 1.306929171561548628e+02 7.110188196645108594e-01
1.362885316578542188e+03 1.296799793594663868e+02 7.123887477149967173e-01
1.362926983631930398e+03 1.304563481052912266e+02 7.122219764630030037e-01
1.362947817158333464e+03 1.307732025724708649e+02 7.120262444834825066e-01
1.362968650684620570e+03 1.298469085079765364e+02 7.115463751572915774e-01
1.362989484210674618e+03 1.319271285112021133e+02 7.125798632384442444e-01
1.363010317736612478e+03 1.316041177683108572e+02 7.123198013647741300e-01
1.363031151262375943e+03 1.313056447157994739e+02 7.115173909225948057e-01
1.363051984787963647e+03 1.299368717274566620e+02 7.121082349842381420e-01
1.363072818313376956e+03 1.306176194797559731e+02 7.137938329996202924e-01
1.363093651838616552e+03 1.304452771303345457e+02 7.145541495618771277e-01
1.363114485363681069e+03 1.312361230915342105e+02 7.148329520321973218e-01
1.363135318888570509e+03 1.309846849056667111e+02 7.149813160089019126e-01
1.363156152413286691e+03 1.313639839470419020e+02 7.156590049693623001e-01
1.363176985937827340e+03 1.298670349603714271e+02 7.195164698637001033e-01
1.363197819462192911e+03 1.317375400604792333e+02 7.187889337360753306e-01
1.363218652986384313e+03 1.310875573524519098e+02 7.166895149344348903e-01
1.363239486510343340e+03 1.305329960276038435e+02 7.178739931423985254e-01
1.363260320034185497e+03 1.306891802760981420e+02 7.160970405371498426e-01
1.363281153557793914e+03 1.316396785365017479e+02 7.166313375222400639e-01
1.363301987081286825e+03 1.306043038256730426e+02 7.158049910962623885e-01
1.363322820604547360e+03 1.313688805705373852e+02 7.161163508964448754e-01
1.363343654127632817e+03 1.323955202006392824e+02 7.205777356412051970e-01
1.363364487650486353e+03 1.306575100510097798e+02 7.162346154869170256e-01
1.363385321173222110e+03 1.308795359179220839e+02 7.158264326429834012e-01
1.363406154695725036e+03 1.310890583131585458e+02 7.162639081313630918e-01
1.363426988218054476e+03 1.304540813978904623e+02 7.162713559280649012e-01
1.363447821740151085e+03 1.300579807626912725e+02 7.160950428840541226e-01
1.363468655262129914e+03 1.290721815267407067e+02 7.167102647058283260e-01
1.363489488783875458e+03 1.294779976193106279e+02 7.192717607194325513e-01
1.363510322305390673e+03 1.301165595603413294e+02 7.184236448992074031e-01
1.363531155826729901e+03 1.289476116999777275e+02 7.186856448345887438e-01
1.363551989347894050e+03 1.297702216106336834e+02 7.200699586126880769e-01
1.363572822868825369e+03 1.292997796157137884e+02 7.201774768510916802e-01
1.363593656389583430e+03 1.298965287729740794e+02 7.204316410989040076e-01
1.363614489910107523e+03 1.287652073914120194e+02 7.203582517446638356e-01
1.363635323430456992e+03 1.297483750439493235e+02 7.217913426396650456e-01
1.363676990470516103e+03 1.285724379615564885e+02 7.214611584656454024e-01
1.363697823990226425e+03 1.267405036507632019e+02 7.202573808942648315e-01
1.363718657509761670e+03 1.267007416453946860e+02 7.207188798376417127e-01
1.363739491029062947e+03 1.292042859962126897e+02 7.261024577351521403e-01
1.363760324548131848e+03 1.282068366883682984e+02 7.230998971418060028e-01
1.363781158066969056e+03 1.276039148936532968e+02 7.230852657865427524e-01
1.363801991585630503e+03 1.270502318711167220e+02 7.247696362559488126e-01
1.363822825104059575e+03 1.249856270418256088e+02 7.244506003925026416e-01
1.363843658622313342e+03 1.269999020375635155e+02 7.266784493412681289e-01
1.363864492140276525e+03 1.266312585438233214e+02 7.270514780916111919e-01
1.363885325658065540e+03 1.278153687559303080e+02 7.283101137142294901e-01
1.363906159175621042e+03 1.259714609256123197e+02 7.280485481433737194e-01
1.363926992692943486e+03 1.257988381813741796e+02 7.285998911867733741e-01
1.363947826210092444e+03 1.239410657788459673e+02 7.272863576435379951e-01
1.363968659726950591e+03 1.262765398676017412e+02 7.277755864873159952e-01
1.363989493243574088e+03 1.266001212566645222e+02 7.286745772419521705e-01
1.364010326760023418e+03 1.268576284504489138e+02 7.284176839901324030e-01
1.364031160276183073e+03 1.266080385157894455e+02 7.286194428215463370e-01
1.364051993792108533e+03 1.263991156116073569e+02 7.284140426544255531e-01
1.364072827307859825e+03 1.266444843618984919e+02 7.293451000057131761e-01
1.364093660823320079e+03 1.266942078308328519e+02 7.277437267839013124e-01
1.364114494338548411e+03 1.268329237193190693e+02 7.261759232053733859e-01
1.364156161368304993e+03 1.281545426768894345e+02 7.255598143114575516e-01
1.364176994882834151e+03 1.268507909131122062e+02 7.233983121931885085e-01
1.364197828397072044e+03 1.268322159483261942e+02 7.219791849099933545e-01
1.364218661911077106e+03 1.264280779581354750e+02 7.208372161922358412e-01
1.364239495424849338e+03 1.263638961062574992e+02 7.190571833434289406e-01
1.364260328938388966e+03 1.265455860554760648e+02 7.181086373851296445e-01
1.364281162451636646e+03 1.267171039030992858e+02 7.169666141281499927e-01
1.364301995964652633e+03 1.277903887548064006e+02 7.162743100606132618e-01
1.364322829477378036e+03 1.267803346154051667e+02 7.141978780350132228e-01
1.364343662989869472e+03 1.281397977099870786e+02 7.146018197325526566e-01
1.364364496502069869e+03 1.264158317340124427e+02 7.149227077882385206e-01
1.364385330014038118e+03 1.271946600095083966e+02 7.132311282143227738e-01
1.364406163525773536e+03 1.273575308677353348e+02 7.123197176879647596e-01
1.364426997037217006e+03 1.267233468851377438e+02 7.124535461808708670e-01
1.364447830548369438e+03 1.265137347610881307e+02 7.124959192661075580e-01
1.364468664059231514e+03 1.269385551436759556e+02 7.134839241072020721e-01
1.364489497569861669e+03 1.274833990569268849e+02 7.138230170532383623e-01
1.364510331080200558e+03 1.276084418110523018e+02 7.143971449923094408e-01
1.364531164590305025e+03 1.258654761115374470e+02 7.157349164747821568e-01
1.364551998100060473e+03 1.255576002135264559e+02 7.157266719506112373e-01
1.364572831609584682e+03 1.264105267214249011e+02 7.160240809663968031e-01
1.364593665118816489e+03 1.258126233627221495e+02 7.176387738392900895e-01
1.364614498627757484e+03 1.259070279560553161e+02 7.173717802234372831e-01
1.364635332136407669e+03 1.246045868945494988e+02 7.190083163925126142e-01
1.364656165644766588e+03 1.261823715639605155e+02 7.188795221803708779e-01
1.364676999152834469e+03 1.262172238154553838e+02 7.201461914445944634e-01
1.364697832660611994e+03 1.248359871928225857e+02 7.181044042570415842e-01
1.364718666168097570e+03 1.254514640676608224e+02 7.196562485529031106e-01
1.364739499675292791e+03 1.264490672809615432e+02 7.199932209993817889e-01
1.364760333182196518e+03 1.253202022088363776e+02 7.199351035779544272e-01
1.364781166688751000e+03 1.256590087230075596e+02 7.232164016235185233e-01
1.364802000195072651e+03 1.254334592048583090e+02 7.229475516795119683e-01
1.364822833701045511e+03 1.249925131576149795e+02 7.248453337020331899e-01
1.364843667206669579e+03 1.255256002895180814e+02 7.249342609066431464e-01
1.364864500712058998e+03 1.276095094731183224e+02 7.276874160563416849e-01
1.364885334217100080e+03 1.244822209988361976e+02 7.269944988367922356e-01
1.364906167721792372e+03 1.256168631758843333e+02 7.291367161367160454e-01
1.364927001226193624e+03 1.256901219037694659e+02 7.285538323331782751e-01
1.364947834730246086e+03 1.263522646254364474e+02 7.306097781877485264e-01
1.364968668234005918e+03 1.265704673102417530e+02 7.292918960572962739e-01
1.364989501737416504e+03 1.264923302214782552e+02 7.286412026015280929e-01
1.365010335240538097e+03 1.261164556989764662e+02 7.291104340441463272e-01
1.365031168743309536e+03 1.269606823997902154e+02 7.294166862911694027e-01
1.365052002245731046e+03 1.262525479369699610e+02 7.304179536017835206e-01
1.365072835747803310e+03 1.246633814515971892e+02 7.295293224029010259e-01
1.365093669249585446e+03 1.246613373615170133e+02 7.296492932137612630e-01
1.365114502750959446e+03 1.264925984303479538e+02 7.311236867464049327e-01
1.365135336252042634e+03 1.250820738172333790e+02 7.312664225763813031e-01
1.365156169752775895e+03 1.259361283045716391e+02 7.314092935369642667e-01
1.365177003253161502e+03 1.259480509061461930e+02 7.326776897005007338e-01
1.365197836753138517e+03 1.260199603475059575e+02 7.320339141764653501e-01
1.365218670252824495e+03 1.262227090626670076e+02 7.305665792141972092e-01
1.365239503752102792e+03 1.283281996836086876e+02 7.320164893747631574e-01
1.365260337251032524e+03 1.270974583917601990e+02 7.311614724719581737e-01
1.365281170749613011e+03 1.279229318506783954e+02 7.301944074695022602e-01
1.365302004247844479e+03 1.272891586501973507e+02 7.315881892618619764e-01
1.365322837745668039e+03 1.278041326491064922e+02 7.294627315186513750e-01
1.365343671243141671e+03 1.272514111995267285e+02 7.296121235701855667e-01
1.365364504740208531e+03 1.287720820719078176e+02 7.293032563660289957e-01
1.365385338236927055e+03 1.278776832834029733e+02 7.281697861155040918e-01
1.365406171733295196e+03 1.280949500692516949e+02 7.287143303335398281e-01
1.365427005229197448e+03 1.285369130274769134e+02 7.287684761178560011e-01
1.365447838724809117e+03 1.282340790798485273e+02 7.290137993562223473e-01
1.365468672219955351e+03 1.287280426592357685e+02 7.289368585209058393e-01
1.365489505714751886e+03 1.281191712762328621e+02 7.296827851169692680e-01
1.365510339209140511e+03 1.291077989190256972e+02 7.316648512870610466e-01
1.365531172703123048e+03 1.290077210060012476e+02 7.340080074710259028e-01
1.365552006196697675e+03 1.300287212095379061e+02 7.329419946839302868e-01
1.365572839689864395e+03 1.290027859596468147e+02 7.347727570905020489e-01
1.365593673182623661e+03 1.296420465784448766e+02 7.363535019121520975e-01
1.365614506675034590e+03 1.302587273634061660e+02 7.377064399799080352e-01
1.365635340166979404e+03 1.300619176796268732e+02 7.404461962711731404e-01
1.365656173658516991e+03 1.286230737046345496e+02 7.425823165398001136e-01
1.365677007149645988e+03 1.301684087071719205e+02 7.427568360087600796e-01
1.365697840640309551e+03 1.312868489404094419e+02 7.440994531650735322e-01
1.365718674130624549e+03 1.316851453864023256e+02 7.448551622192272070e-01
1.365739507620473887e+03 1.301194104836286556e+02 7.439006508590655375e-01
1.365760341109857109e+03 1.318614883187147484e+02 7.457576214243922808e-01
1.365781174598832422e+03 1.288958155972295287e+02 7.461981575496587915e-01
1.365802008087402101e+03 1.304895541031919493e+02 7.463029498256026351e-01
1.365822841575505208e+03 1.302919959723434999e+02 7.470176927572659276e-01
1.365843675063199953e+03 1.314161250495903062e+02 7.496169224568337563e-01
1.365864508550429491e+03 1.310164830062493593e+02 7.497586020764511749e-01
1.365885342037193823e+03 1.294025241897693093e+02 7.498958038430398876e-01
1.365906175523551610e+03 1.299515478934521866e+02 7.511339754332381213e-01
1.365927009009441917e+03 1.318648857991266823e+02 7.528250654984239842e-01
1.365947842494866563e+03 1.319665512731678234e+02 7.534430073837826702e-01
1.365968675979826912e+03 1.299457670282189952e+02 7.524625167509294554e-01
1.365989509464379353e+03 1.300323755689781535e+02 7.524903595265656220e-01
1.366010342948407924e+03 1.305536893710728918e+02 7.533653967779974092e-01
1.366031176432028587e+03 1.306254520947734363e+02 7.534414647431959544e-01
1.366093676880039993e+03 1.311395676434452469e+02 7.584261425222589281e-01
1.366114510361740031e+03 1.313101435901613172e+02 7.546465307768758235e-01
1.366135343843031933e+03 1.298559655302551334e+02 7.540489417515958692e-01
1.366156177323801330e+03 1.308682808986941666e+02 7.545270192368752626e-01
1.366177010804104611e+03 1.296334450647554775e+02 7.541520108507805409e-01
1.366197844283941549e+03 1.284329778007662526e+02 7.528716187405142257e-01
1.366218677763312826e+03 1.281865835322876421e+02 7.543865907121543035e-01
1.366239511242219578e+03 1.275517230309316972e+02 7.549459769013613375e-01
1.366260344720660669e+03 1.289846186017984451e+02 7.534799111516472525e-01
1.366281178198576526e+03 1.296725246727083061e+02 7.535228643865561349e-01
1.366302011676027178e+03 1.281318326615935632e+02 7.523947471692848943e-01
1.366322845153012622e+03 1.304774790170086192e+02 7.543169395271249744e-01
1.366343678629532860e+03 1.282161538704760630e+02 7.524909536001689325e-01
1.366364512105586527e+03 1.289405337827802498e+02 7.529111629834510655e-01
1.366385345581115871e+03 1.280846442210586247e+02 7.514459658427203870e-01
1.366406179056239580e+03 1.280297290680999822e+02 7.529058588712753686e-01
1.366427012530838056e+03 1.288581812719414472e+02 7.503587738855104217e-01
1.366447846005029533e+03 1.306420123553192241e+02 7.510378332653087075e-01
1.366468679478696913e+03 1.283194479245964317e+02 7.510182700214258489e-01
1.366489512951956385e+03 1.276518557720839340e+02 7.505130602407388274e-01
1.366510346424693125e+03 1.282101190922037972e+02 7.518899866324451065e-01
1.366531179897021957e+03 1.289893975082940187e+02 7.519333873982239069e-01
1.366552013368884900e+03 1.282468144513345010e+02 7.529439368179856595e-01
1.366572846840339480e+03 1.303665730008768548e+02 7.538101055922298288e-01
1.366593680311330445e+03 1.278882944839518814e+02 7.554243940647951128e-01
1.366614513781913502e+03 1.286508555090294124e+02 7.581093197024155739e-01
1.366656180721739020e+03 1.300241237956134910e+02 7.602752310151512649e-01
1.366677014191041053e+03 1.312763302193562254e+02 7.606928249890807514e-01
1.366697847659993840e+03 1.295658263754034465e+02 7.611859536750761324e-01
1.366718681128539174e+03 1.300864845752847430e+02 7.628765208419648891e-01
1.366739514596676599e+03 1.289070392710470685e+02 7.632787136320767774e-01
1.366760348064465006e+03 1.284396748762689526e+02 7.617763399703825211e-01
1.366781181531904622e+03 1.279388798738674780e+02 7.616980525408190150e-01
1.366802014998994309e+03 1.292093839936044333e+02 7.639489805302513981e-01
1.366822848465793413e+03 1.277202337165676056e+02 7.614602457240799982e-01
1.366843681932301024e+03 1.288469430552227379e+02 7.619455635621026346e-01
1.366864515398518506e+03 1.289446077766130259e+02 7.620650066871685890e-01
1.366885348864444950e+03 1.305434862468111987e+02 7.634506100166427167e-01
1.366906182330138108e+03 1.297862695361390877e+02 7.632021813255502884e-01
1.366927015795597526e+03 1.274982401752766918e+02 7.620618780949038884e-01
1.366947849260825478e+03 1.280585435255554785e+02 7.659538886107941646e-01
1.366968682725936560e+03 1.296575419545239640e+02 7.676267729817787266e-01
1.366989516190872564e+03 1.292000001596188099e+02 7.646510488336436540e-01
1.367010349655692607e+03 1.298840941906572937e+02 7.636678944359573951e-01
1.367031183120454443e+03 1.276279413909864502e+02 7.625653770435649736e-01
1.367052016585158526e+03 1.287184086261689799e+02 7.637863268540108219e-01
1.367072850049803037e+03 1.281880342477496413e+02 7.629912091819941455e-01
1.367093683514448458e+03 1.287846710387885310e+02 7.622201296495246803e-01
1.367114516979152086e+03 1.294283706090430712e+02 7.609329082499300956e-01
1.367135350443972584e+03 1.282188266670204086e+02 7.573763191802213024e-01
1.368614529672358913e+03 1.263326840396880755e+02 6.971445699800269402e-01
1.368635363243948632e+03 1.260032776345141201e+02 6.971032089718254277e-01
1.368656196816760485e+03 1.266321285294955032e+02 6.974797280759960083e-01
1.368677030390736945e+03 1.280600460529145437e+02 6.989094566921505436e-01
1.368697863965819124e+03 1.282643880650105359e+02 6.973665308666278095e-01
1.368718697542065001e+03 1.292411770800860609e+02 6.983923263790238201e-01
1.368739531119416824e+03 1.292684710739859497e+02 6.987277816624825055e-01
1.368760364697817067e+03 1.286697401341099862e+02 6.976051252029196181e-01
1.368781198277205931e+03 1.289454939454590487e+02 6.999244112687772468e-01
1.368802031857585462e+03 1.308764902694627210e+02 6.981651210269983476e-01
1.368822865438954068e+03 1.308142241179810696e+02 6.982770577640129428e-01
1.368843699021195334e+03 1.301927551754210128e+02 6.980398885401855047e-01
1.368864532604427040e+03 1.297953962854531653e+02 6.987115736138619360e-01
1.368885366188472972e+03 1.302305530965807066e+02 6.972295714388285770e-01
1.368906199773334038e+03 1.306227567225155610e+02 6.981372247511820062e-01
1.368927033359067991e+03 1.298805650868114867e+02 6.973155668949752028e-01
1.368947866945617079e+03 1.310578750671583066e+02 6.981928881334079628e-01
1.368968700532922412e+03 1.307005854150791038e+02 6.983132279543426968e-01
1.368989534120926010e+03 1.300917555938385703e+02 6.967101676225817553e-01
1.369010367709687671e+03 1.311569140760270784e+02 6.973448422521900669e-01
1.369031201299146915e+03 1.305866235383433320e+02 6.970841200923488801e-01
1.369052034889304650e+03 1.315406635212937942e+02 6.977752404658673635e-01
1.369072868480102898e+03 1.306393043218861578e+02 6.966965220144295534e-01
1.369093702071600546e+03 1.300013582389477165e+02 6.960371077897380410e-01
1.369114535663620472e+03 1.311174260235005988e+02 6.968960249940857610e-01
1.369135369256281137e+03 1.309419893965525148e+02 6.964558405655153495e-01
1.369156202849524107e+03 1.308117108185957989e+02 6.971926183440012581e-01
1.369177036443348925e+03 1.309141537750583382e+02 6.965560294287604926e-01
1.369197870037697612e+03 1.311223721647226341e+02 6.970742441174979653e-01
1.369218703632570396e+03 1.307426612876772367e+02 6.962464949555579041e-01
1.369239537227908841e+03 1.313094800375640716e+02 6.972016591028267207e-01
1.369260370823830044e+03 1.304634170750060491e+02 6.962564040733595361e-01
1.369281204420156882e+03 1.296530695147772576e+02 6.960212652654632626e-01
1.369302038016950974e+03 1.307084926867584613e+02 6.965895936470674066e-01
1.369322871614268934e+03 1.322030924872870230e+02 6.961384485966040092e-01
1.369343705211935003e+03 1.288339518685227461e+02 6.950733116303097203e-01
1.369364538810067643e+03 1.291304817085732282e+02 6.952199338524878147e-01
1.369385372408607964e+03 1.288055583583115720e+02 6.953036704199296869e-01
1.369406206007497076e+03 1.286534330948017271e+02 6.964107797606741146e-01
1.369427039606792505e+03 1.297635180422116719e+02 6.959305919891900505e-01
1.369447873206496524e+03 1.287018861640104319e+02 6.965282612493918224e-01
1.369468706806492492e+03 1.297497141258934334e+02 6.953354520974227571e-01
1.369489540406895003e+03 1.300579600359371852e+02 6.952174261007402212e-01
1.369510374007587870e+03 1.289293374075005545e+02 6.963943252073167001e-01
1.369531207608631121e+03 1.275667535868300888e+02 6.945341232463504433e-01
1.369552041209964955e+03 1.288656378857616289e+02 6.953800897214852395e-01
1.369572874811648035e+03 1.292097626609732401e+02 6.943537070016555512e-01
1.369593708413563490e+03 1.281276831755513967e+02 6.946304490742523097e-01
1.369614542015769985e+03 1.287611874610367977e+02 6.954015396199313415e-01
1.369635375618327089e+03 1.272116907934580468e+02 6.935526189018560439e-01
1.369656209221057907e+03 1.280087704191494709e+02 6.944388140344190941e-01
1.369677042824079081e+03 1.270794979139032819e+02 6.940752873451482285e-01
1.369697876427392657e+03 1.274585657099953551e+02 6.935688830560888807e-01
1.369718710030879947e+03 1.279381708071709625e+02 6.941858013953483564e-01
1.369739543634659185e+03 1.267900626302088085e+02 6.936305200945247496e-01
1.369760377238611454e+03 1.288073637852731110e+02 6.944360030508914816e-01
1.369781210842855216e+03 1.291187732630824030e+02 6.944156391739401135e-01
1.369802044447216531e+03 1.300532857540619602e+02 6.958970388119517514e-01
1.369822878051868429e+03 1.285036546141512304e+02 6.951918550900388905e-01
1.369843711656636060e+03 1.288285634442900687e+02 6.941748323528892373e-01
1.369864545261636522e+03 1.280740307945991958e+02 6.935455287284572057e-01
1.369885378866812061e+03 1.285150637843922254e+02 6.942011062471482585e-01
1.369906212472163133e+03 1.284013561751956729e+02 6.947124549477903255e-01
1.369927046077746127e+03 1.286123074445251007e+02 6.943229534582299189e-01
1.369947879683386873e+03 1.282884678737786714e+02 6.936349240650231396e-01
1.369968713289261359e+03 1.282399609052427252e+02 6.941800056410853959e-01
1.369989546895252033e+03 1.290446505468603959e+02 6.957268712458578586e-01
1.370010380501416876e+03 1.295487024995176739e+02 6.942591027778144408e-01
1.370031214107756114e+03 1.299969600551691258e+02 6.941317272743030564e-01
1.370052047714153559e+03 1.283252749562875010e+02 6.949022990445213876e-01
1.370072881320726992e+03 1.273384246477079671e+02 6.948698756644378083e-01
1.370093714927473911e+03 1.296112496458058274e+02 6.941478275919317209e-01
1.370114548534279493e+03 1.276261388321087793e+02 6.949993885847187691e-01
1.370135382141201944e+03 1.298665455441359597e+02 6.942877772887593446e-01
1.370156215748297654e+03 1.300181405230658243e+02 6.945540331095576558e-01
1.370177049355452482e+03 1.274490657310623760e+02 6.936814755457324511e-01
1.370197882962723497e+03 1.273528292469871985e+02 6.948879960600332639e-01
1.370218716570111155e+03 1.290643555559016420e+02 6.943856394559537737e-01
1.370239550177557021e+03 1.291535705367372771e+02 6.943293274727119213e-01
1.370260383785176600e+03 1.292409525732148836e+02 6.939527954076043503e-01
1.370281217392796862e+03 1.288857503293614570e+02 6.943938798509464716e-01
1.370302051000533993e+03 1.291427009168713482e+02 6.942855666462900421e-01
1.370322884608387085e+03 1.287719179373510485e+02 6.939630593656478386e-01
1.370343718216298385e+03 1.288752184129868965e+02 6.944314324961314844e-01
1.370364551824267892e+03 1.293149978239943323e+02 6.941912107223366935e-01
1.370385385432353360e+03 1.290227627109177604e+02 6.951689196868447995e-01
1.370406219040498399e+03 1.294738006415912253e+02 6.940986453163613401e-01
1.370427052648700965e+03 1.304769092528896124e+02 6.956006213952063977e-01
1.370447886256903530e+03 1.286736288401762067e+02 6.956158308537065960e-01
1.370468719865280036e+03 1.288848584735743543e+02 6.937252959586924783e-01
1.370489553473656542e+03 1.291227482154383210e+02 6.948429408067641200e-01
1.370510387082034413e+03 1.299856536532332996e+02 6.944562805014827811e-01
1.370531220690528016e+03 1.293046445492425960e+02 6.941250508997243163e-01
1.370552054299079373e+03 1.296012785303575470e+02 6.947108462413743579e-01
1.370572887907630957e+03 1.300404433360934888e+02 6.959994490911780574e-01
1.370593721516298956e+03 1.288236861170144891e+02 6.960973060936650469e-01
1.370614555124966955e+03 1.288489467146558241e+02 6.943097116316652162e-01
1.370635388733634954e+03 1.292123777443170809e+02 6.956224500775620712e-01
1.370718723168830820e+03 1.296461344432696876e+02 6.944946665617423021e-01
1.370739556777673897e+03 1.296435726914469342e+02 6.941639275361324302e-01
1.370760390386574500e+03 1.289436139880168639e+02 6.948592605386570975e-01
1.370781223995476466e+03 1.308761893697457879e+02 6.947263540160922846e-01
1.370802057604435959e+03 1.307931871079260588e+02 6.963393098268223502e-01
1.370822891213394541e+03 1.303322379631431147e+02 6.946811595769831760e-01
1.370843724822354034e+03 1.296767902926760598e+02 6.946438563987950010e-01
1.370864558431311934e+03 1.281232069580047153e+02 6.948950939796878501e-01
1.370885392040329862e+03 1.304227041548003001e+02 6.959434175689391822e-01
1.370906225649347107e+03 1.294798403863750309e+02 6.945736420505854714e-01
1.370927059258364807e+03 1.298590364688354271e+02 6.963037861127365780e-01
1.370947892867382507e+03 1.299031534412195299e+02 6.961711125567121572e-01
1.370968726476457960e+03 1.305208183207314505e+02 6.949711937045974786e-01
1.370989560085474977e+03 1.300391312301757694e+02 6.954640641201370599e-01
1.371010393694550658e+03 1.297376938904418751e+02 6.951326716328454225e-01
1.371031227303567903e+03 1.294820016897795085e+02 6.940587774225854822e-01
1.371052060912643810e+03 1.287919328137692503e+02 6.948912126489202867e-01
1.371072894521661055e+03 1.292947918363364579e+02 6.946303847184703839e-01
1.371093728130736508e+03 1.317337950559543742e+02 6.952108673226329305e-01
1.371156228957846452e+03 1.302253332805520927e+02 6.948795256380675411e-01
1.371177062566863924e+03 1.312930361266405441e+02 6.944025707865846275e-01
1.371197896175823189e+03 1.323178170019334061e+02 6.954712847164452594e-01
1.371218729784841344e+03 1.312922781995189325e+02 6.951167013108219273e-01
1.371239563393858589e+03 1.312526868412403189e+02 6.950672874536211188e-01
1.371260397002818081e+03 1.313811149215645173e+02 6.945886594647843193e-01
1.371281230611778028e+03 1.315451987505446709e+02 6.952208340688574850e-01
1.371302064220736611e+03 1.304773417465194427e+02 6.945928857356635788e-01
1.371322897829636531e+03 1.316437776130737802e+02 6.952536054378493091e-01
1.371343731438537361e+03 1.323383596609976962e+02 6.952371020638139498e-01
1.371364565047438646e+03 1.318355869461298653e+02 6.950646076429415343e-01
1.371385398656282177e+03 1.311947760771072353e+02 6.944968121704695463e-01
1.371406232265125027e+03 1.325509894577933494e+02 6.952897400292012975e-01
1.371427065873967422e+03 1.322643154684016622e+02 6.994985308396546309e-01
1.371447899482752518e+03 1.338371666718500705e+02 6.962189712664466068e-01
1.371468733091536933e+03 1.333445235829968851e+02 6.963403797900956649e-01
1.371489566700321120e+03 1.323137849124942704e+02 6.953508173639254553e-01
1.371510400308989119e+03 1.329156268295557197e+02 6.973340511139020093e-01
1.371531233917714871e+03 1.330677940877078527e+02 6.965025672098512644e-01
1.371552067526383780e+03 1.310090131319660713e+02 6.948354348881154996e-01
1.371572901134994027e+03 1.334272762714004443e+02 6.963978344034575940e-01
1.371593734743603818e+03 1.323086233779873169e+02 6.951688553809122206e-01
1.371614568352214064e+03 1.345367576417963846e+02 6.964445649396082683e-01
1.371635401960707441e+03 1.338282909205216811e+02 6.962075847876112444e-01
1.371656235569259479e+03 1.327155086511084789e+02 6.954041752760941053e-01
1.371677069177695103e+03 1.345240604013775396e+02 6.977149947190065538e-01
1.371697902786130498e+03 1.338857004064326475e+02 6.955082435681561037e-01
1.371718736394565894e+03 1.330629913436036986e+02 6.966412738190833620e-01
1.371739570002941946e+03 1.332500233795138342e+02 6.951572802161524178e-01
1.371760403611261154e+03 1.340919817782384769e+02 6.968450052280925622e-01
1.371781237219521927e+03 1.354012605177154001e+02 6.968335006742254478e-01
1.371802070827782472e+03 1.337337525059298571e+02 7.005348180535447833e-01
1.371822904435985492e+03 1.338034879653010023e+02 6.958239742228319313e-01
1.371843738044188058e+03 1.344994114372143201e+02 6.961136392305780074e-01
1.371864571652332415e+03 1.361778604617876454e+02 6.969035301013444261e-01
1.371885405260418793e+03 1.357544246765243088e+02 6.975960683122351957e-01
1.371906238868446962e+03 1.358428199266191427e+02 6.968341421970993821e-01
1.371927072476416470e+03 1.340363136391018486e+02 6.958941908928149012e-01
1.371947906084385977e+03 1.362071499529339746e+02 6.972414755178742984e-01
1.371968739692298186e+03 1.344470967495786908e+02 6.965334384515353694e-01
1.371989573300151051e+03 1.355401252911792653e+02 6.966656366101853237e-01
1.372010406908003915e+03 1.346012915662464877e+02 6.970557530091232579e-01
1.372031240515740592e+03 1.349905995818684232e+02 6.974345411327971256e-01
1.372052074123477496e+03 1.351810998296514583e+02 6.971444417326314591e-01
1.372072907731156192e+03 1.349192536584320408e+02 6.975941672046837017e-01
1.372093741338776908e+03 1.346935157767520650e+02 6.965723090253425065e-01
1.372114574946338962e+03 1.342860250579923331e+02 6.996356850537925887e-01
1.372135408553901470e+03 1.348603425504563234e+02 6.968281760115768719e-01
1.372156242161348018e+03 1.363899471059914958e+02 7.025990532381936049e-01
1.372177075768794111e+03 1.346473956714806377e+02 6.995297598040097764e-01
1.372197909376181542e+03 1.363204603075159866e+02 6.981347274785598689e-01
1.372218742983510992e+03 1.346819921812831637e+02 6.970393564368115857e-01
1.372239576590781780e+03 1.366875993283937305e+02 6.985474246097136408e-01
1.372260410197995498e+03 1.354239450630193460e+02 6.987620092666788629e-01
1.372281243805150098e+03 1.368751112283799216e+02 6.976780246185845247e-01
1.372302077412246945e+03 1.341764524817228903e+02 6.979689056621759535e-01
1.372322911019286039e+03 1.337361055720074887e+02 6.973491800290414488e-01
1.372343744626323996e+03 1.342386893119511910e+02 6.966550274573279911e-01
1.372364578233246448e+03 1.339603281552501812e+02 6.972662233836280921e-01
1.372385411840110010e+03 1.343351232956477759e+02 6.979680089901794116e-01
1.372406245446914909e+03 1.341259131744485558e+02 6.969364789179246511e-01
1.372427079053720490e+03 1.331706768881295773e+02 6.973342861701784523e-01
1.372447912660408974e+03 1.330974529216485394e+02 6.965185485432078272e-01
1.372468746267040387e+03 1.334445346311275955e+02 6.966890146771689274e-01
1.372489579873671119e+03 1.322320093618145620e+02 6.976630737039326569e-01
1.372510413480185434e+03 1.336847871858514907e+02 6.966133165199430710e-01
1.372531247086642452e+03 1.341973081858097316e+02 6.970816831764926613e-01
1.372552080693041034e+03 1.335864252642525969e+02 6.973656334200983853e-01
1.372572914299380500e+03 1.331923000850567860e+02 6.964091107859832208e-01
1.372593747905662894e+03 1.338271809721025249e+02 6.974381305573107426e-01
1.372614581511885945e+03 1.339147041736596577e+02 6.963548027345713987e-01
1.372635415118051469e+03 1.326064560601045343e+02 6.969742152659086365e-01
1.372656248724159013e+03 1.331415384650196643e+02 6.965065679261035481e-01
1.372677082330207668e+03 1.322230078553787109e+02 6.961919601808511660e-01
1.372697915936140362e+03 1.333323334544431020e+02 6.962785760162084614e-01
1.372718749542073056e+03 1.331589381653633097e+02 6.985050373578411964e-01
1.372739583147888879e+03 1.341574944222712418e+02 6.969032307538844950e-01
1.372760416753647405e+03 1.337767370980566852e+02 6.974509284145994359e-01
1.372781250359347041e+03 1.349254313980581514e+02 6.980802334850252366e-01
1.372802083964988469e+03 1.338503365277046839e+02 6.966739355929437716e-01
1.372822917570571008e+03 1.329080223118938591e+02 6.961981672583951175e-01
1.372843751176096475e+03 1.341106536646836105e+02 6.966365038313615532e-01
1.372864584781505528e+03 1.336244987523938619e+02 6.965591955299086369e-01
1.372885418386855918e+03 1.333183410991375411e+02 6.990041776499519299e-01
1.372906251992148100e+03 1.320983688868953720e+02 6.960194026747305029e-01
1.372927085597382074e+03 1.347260300366819195e+02 6.969583085218746810e-01
1.372947919202557387e+03 1.342820646890068872e+02 6.967441949263766254e-01
1.372968752807617420e+03 1.336802987167074832e+02 6.965100123746278404e-01
1.372989586412676999e+03 1.319399454485065917e+02 6.953649608237785218e-01
1.373010420017619481e+03 1.331279478514732091e+02 6.970564157047188791e-01
1.373031253622446911e+03 1.333751795604341339e+02 6.963970640936243406e-01
1.373052087227272978e+03 1.335931769056643930e+02 6.989200742647661002e-01
1.373072920831983538e+03 1.329348058155829619e+02 6.957657440465749854e-01
1.373093754436634981e+03 1.329198322851902390e+02 6.959985498818823668e-01
1.373114588041229126e+03 1.326023052974830989e+02 6.960225712169125778e-01
1.373135421645764836e+03 1.322366100143348433e+02 6.963336389940260052e-01
1.373156255250184131e+03 1.325751464305956802e+02 6.966880521921823277e-01
1.373197922458848097e+03 1.329797446650349571e+02 6.961799311351010155e-01
1.373218756063034107e+03 1.321589351275139848e+02 6.962221174974981830e-01
1.373239589667161908e+03 1.319547036217277594e+02 6.952869967809038876e-01
1.373260423271232412e+03 1.320715189022497782e+02 6.952555129454358607e-01
1.373281256875245163e+03 1.316418326999280737e+02 6.951009664333706040e-01
1.373302090479140588e+03 1.333400914767997563e+02 6.967660733269146478e-01
1.373322924082977352e+03 1.329192394906194465e+02 6.962704007294916453e-01
1.373343757686698154e+03 1.326689755734731477e+02 6.957024969990213137e-01
1.373364591290360522e+03 1.326490609097269555e+02 6.955870397103467440e-01
1.373385424893964455e+03 1.324943859169166274e+02 6.956732810471711881e-01
1.373406258497510862e+03 1.330652129521817812e+02 6.960550479426639292e-01
1.373427092100940627e+03 1.335552559113166069e+02 6.964299084926527383e-01
1.373447925704311501e+03 1.339003663337475132e+02 6.968571510937205948e-01
1.373468759307566870e+03 1.324169794442400132e+02 6.975399300552290738e-01
1.373489592910764031e+03 1.341069759259787304e+02 6.962188428485506231e-01
1.373510426513902530e+03 1.318984929169905342e+02 6.959412764201416968e-01
1.373531260116923931e+03 1.332104540340964718e+02 6.963671497360581775e-01
1.373552093719888035e+03 1.324994960604287257e+02 6.961738523211827845e-01
1.373572927322736632e+03 1.343159706333494228e+02 6.964854515867529017e-01
1.373593760925525430e+03 1.334109329984944452e+02 6.965135423818392679e-01
1.373656261733370002e+03 1.354358708453610802e+02 6.981596357723565127e-01
1.373677095335868671e+03 1.347709447681266965e+02 6.969088328064637627e-01
1.373697928938250925e+03 1.342946441327754314e+02 6.964224624715186218e-01
1.373718762540516536e+03 1.346051152982451242e+02 6.966459154349742278e-01
1.373739596142724622e+03 1.341472754454205472e+02 6.967697089671832655e-01
1.373760429744814928e+03 1.331873009824451799e+02 6.959009787710909167e-01
1.373781263346847481e+03 1.333842214728687736e+02 6.960586230730160251e-01
1.373802096948822054e+03 1.338628487802150460e+02 6.974213156532838020e-01
1.373822930550679530e+03 1.352040897117456097e+02 6.967650040173429815e-01
1.373843764152421500e+03 1.337623814818113601e+02 6.970137453735213429e-01
1.373864597754105034e+03 1.343541783299629913e+02 6.985313190369211167e-01
1.373885431355729906e+03 1.354463180152717996e+02 6.967086704685960807e-01
1.373906264957238818e+03 1.341753523921978228e+02 6.970551544448179149e-01
1.373927098558631542e+03 1.360783185752298152e+02 6.986587668896221404e-01
1.373947932159965603e+03 1.336565564453728996e+02 6.967146376774819849e-01
1.373989599362344052e+03 1.332677376583974933e+02 6.965576980514295302e-01
1.374010432963445510e+03 1.344856158883619344e+02 6.975055356643484750e-01
1.374031266564371890e+03 1.331560821956927896e+02 6.969000020695376163e-01
1.374052100165298498e+03 1.335908756700484332e+02 6.961070246773993775e-01
1.374072933766051392e+03 1.341108213578795585e+02 6.965553234718124820e-01
1.374093767366744942e+03 1.343300975014283836e+02 6.964090465945691477e-01
1.374114600967380511e+03 1.360354435727899158e+02 6.999921730148876975e-01
1.374135434567841003e+03 1.335203576470063638e+02 6.959493699279845069e-01
1.374156268168302631e+03 1.344395775201278411e+02 6.968884556587461310e-01
1.374177101768590092e+03 1.337123379616323859e+02 6.963321624299840806e-01
1.374197935368818889e+03 1.332936365965880157e+02 6.961778977349447617e-01
1.374218768968988570e+03 1.346877488798102718e+02 6.960947586891409467e-01
1.374239602569042063e+03 1.335670270957933781e+02 6.975671666459783982e-01
1.374260436168979140e+03 1.332957987321697431e+02 6.962033469152286713e-01
1.374281269768800030e+03 1.339962746161702114e+02 6.960769908184809562e-01
1.374302103368562939e+03 1.323131859129092618e+02 6.967470607579229203e-01
1.374322936968267186e+03 1.335006156558500550e+02 6.985697798092369570e-01
1.374343770567797037e+03 1.338453521104132165e+02 6.971655594858522376e-01
1.374364604167269135e+03 1.335374828095152679e+02 6.962013777940305737e-01
1.374385437766624818e+03 1.320077516485831381e+02 6.956133245292051015e-01
1.374406271365920929e+03 1.329692754451396581e+02 6.974189226479662329e-01
1.374427104965101535e+03 1.329995850179945762e+02 6.962310638455154743e-01
1.374447938564166634e+03 1.328838787035134317e+02 6.958011453192578522e-01
1.374468772163113954e+03 1.325926688715885291e+02 6.960886149104639209e-01
1.374489605762003066e+03 1.341624189841296015e+02 6.961922598341419022e-01
1.374510439360776672e+03 1.337662156183176307e+02 6.964483306338385971e-01
1.374531272959433863e+03 1.333182000420296731e+02 6.959007432306824059e-01
1.374552106558032847e+03 1.343565385615024184e+02 6.965676027421687788e-01
1.374572940156514960e+03 1.337260338046393997e+02 6.960626905642599560e-01
1.374593773754880203e+03 1.326566719200121724e+02 6.957045746262883190e-01
1.374614607353129486e+03 1.323648684144529852e+02 6.973493082387841602e-01
1.374635440951320106e+03 1.333238450273994147e+02 6.962368425259488625e-01
1.374656274549394539e+03 1.336835224566593183e+02 6.965845879962804243e-01
1.374677108170869360e+03 1.334386433870610631e+02 6.956081404789303813e-01
1.374697941768769851e+03 1.330426791268334910e+02 6.965562005697309989e-01
1.374718775366495493e+03 1.321699221857692805e+02 6.955967011569278435e-01
1.374739608964162016e+03 1.338234772534059687e+02 6.959681473601306845e-01
1.374760442561712807e+03 1.333524438054655263e+02 6.954779053160212721e-01
1.374781276159148092e+03 1.319314573540256106e+02 6.955693445622164184e-01
1.374802109756464915e+03 1.320164122029737257e+02 6.959230978014659952e-01
1.374822943353667597e+03 1.322178336802141985e+02 6.972314094248034388e-01
1.374843776950810934e+03 1.314179419944740630e+02 6.949451633473064938e-01
1.374864610547779648e+03 1.308363145386504129e+02 6.948856157746711171e-01
1.374885444144690609e+03 1.334035797240557883e+02 6.958487725020294778e-01
1.374906277741484018e+03 1.324751467459178969e+02 6.958698010929673661e-01
1.374927111338161467e+03 1.314721894724166305e+02 6.954787409211972138e-01
1.374947944934781844e+03 1.327093680128286053e+02 6.964203655891316735e-01
1.374968778531226917e+03 1.307359217040540500e+02 6.945694156626135429e-01
1.374989612127555574e+03 1.313412627351881952e+02 6.947229007241580989e-01
1.375010445723824887e+03 1.314561020398940911e+02 6.971526708926973903e-01
1.375031279319979149e+03 1.303277073138708317e+02 6.981464026849305560e-01
1.375052112915958332e+03 1.325729641938598604e+02 6.958214686480554967e-01
1.375072946511880218e+03 1.314893541929709500e+02 6.948120587934222270e-01
1.375093780107684324e+03 1.316219119352704183e+02 6.965693141215473227e-01
1.375114613703372925e+03 1.318873959833706806e+02 6.949093324881344680e-01
1.375135447298944200e+03 1.299722225809940426e+02 6.942783551811461118e-01
1.375156280894399970e+03 1.314938108942104407e+02 6.952176190050419757e-01
1.375177114489737960e+03 1.312339050591702687e+02 6.972572262041766278e-01
1.375197948084961354e+03 1.296571879879578830e+02 6.951662402679493757e-01
1.375218781680068332e+03 1.313677683670308056e+02 6.961263972203485251e-01
1.375239615275057986e+03 1.309018227574207458e+02 6.948016358041146923e-01
1.375260448869930542e+03 1.322218629531042779e+02 6.957110216569689642e-01
1.375281282464686910e+03 1.307761359439626290e+02 6.939668599977899532e-01
1.375302116059328455e+03 1.308488511901199161e+02 6.946793791947935004e-01
1.375322949653853357e+03 1.307068142698515203e+02 6.945455157056048545e-01
1.375343783248260479e+03 1.304787544780399458e+02 6.952260210071367075e-01
1.375364616842551641e+03 1.295821920364015227e+02 6.957742465129562737e-01
1.375385450436726387e+03 1.313029387401466010e+02 6.948783890925801510e-01
1.375406284030785628e+03 1.313162201195787304e+02 6.954597145852903228e-01
1.375427117624727543e+03 1.323772637550013940e+02 6.949022990445213876e-01
1.375447951218494381e+03 1.320747069459942793e+02 6.960316913997086630e-01
1.375468784812203467e+03 1.321014214473011634e+02 6.948909767662412307e-01
1.375489618405737929e+03 1.312662555940028710e+02 6.957861112420071770e-01
1.375510451999156430e+03 1.314302895079813425e+02 6.951583091274914361e-01
1.375531285592517179e+03 1.310012845666259693e+02 6.957707341716813376e-01
1.375552119185701940e+03 1.325590170034952280e+02 6.956437853995451892e-01
1.375572952778712079e+03 1.317174590547009529e+02 6.953688823685253428e-01
1.375593786371664919e+03 1.315869324068775086e+02 6.957023684857907009e-01
1.375614619964501344e+03 1.323449713372359042e+02 6.959196932723841211e-01
1.375635453557163146e+03 1.336876994405552352e+02 6.961016088313957129e-01
1.375656287149708078e+03 1.324408921226447546e+02 6.963450876089669617e-01
1.375677120742136594e+03 1.325630756532584371e+02 6.967548027215234585e-01
1.375697954334448468e+03 1.336326837669848544e+02 6.974636833074910891e-01
1.375718787926644382e+03 1.334946711979195584e+02 6.970994468152131862e-01
1.375739621518665899e+03 1.327398081634159155e+02 6.967490924970275445e-01
1.375760455110571002e+03 1.328380920125318028e+02 6.967766807889824721e-01
1.375781288702359006e+03 1.339717664460159767e+02 6.968310414977372247e-01
1.375802122294031051e+03 1.337712083242201970e+02 6.968506505159126618e-01
1.375822955885529609e+03 1.331032625634827866e+02 6.968730173809775108e-01
1.375843789476967913e+03 1.338670088945114856e+02 6.981250584669780324e-01
1.375885456659321790e+03 1.342185920000507622e+02 6.966353701523460007e-01
1.375906290250296024e+03 1.332173966447360840e+02 6.956463558760982435e-01
1.375927123841153389e+03 1.331761198477949790e+02 6.963583335285776776e-01
1.375947957431892974e+03 1.324321819977749612e+02 6.956065338439370027e-01
1.375968791022459527e+03 1.325960126486011177e+02 6.991282143398731552e-01
1.375989624612910120e+03 1.353462855485142597e+02 6.971355071060032493e-01
1.376010458203184044e+03 1.336697067977883364e+02 6.968671584436548772e-01
1.376031291793401124e+03 1.342979002311939780e+02 6.969425083186046033e-01
1.376052125383385373e+03 1.333548081278086670e+02 6.966662355091579606e-01
1.376072958973311415e+03 1.325566051030943981e+02 6.958374870389514300e-01
1.376093792563062379e+03 1.330989272530728726e+02 6.963191086116775619e-01
1.376156293331443067e+03 1.346093153231468307e+02 6.965740845693696448e-01
1.376177126920611499e+03 1.356718448367558096e+02 6.976543593087373152e-01
1.376197960509664426e+03 1.351358651433252476e+02 6.962119938597803870e-01
1.376218794098542503e+03 1.342360273791510394e+02 6.963561080605019660e-01
1.376239627687304619e+03 1.344849182942880361e+02 6.975452279224666485e-01
1.376260461275891430e+03 1.348476534558971593e+02 6.964644201889254038e-01
1.376281294864362053e+03 1.357176292546954812e+02 6.980185410652118838e-01
1.376302128452658053e+03 1.349872782374107203e+02 6.964920197568499338e-01
1.376322962040837865e+03 1.348357696080617245e+02 6.965476862554558224e-01
1.376343795628842145e+03 1.344501612947896660e+02 6.960508305497191683e-01
1.376364629216730918e+03 1.332576401354447171e+02 6.955410228192976385e-01
1.376385462804445069e+03 1.340579287637875154e+02 6.967173753045997620e-01
1.376406296391984597e+03 1.337287811756695248e+02 6.961219876060305012e-01
1.376427129979407027e+03 1.336868367032752758e+02 6.956974207083618245e-01
1.376447963566655517e+03 1.347360293017815991e+02 6.959060964021029916e-01
1.376468797153787818e+03 1.338986173308564673e+02 6.958589014240390558e-01
1.376489630740744360e+03 1.349410976615175741e+02 6.978007595169644084e-01
1.376510464327526506e+03 1.350213479992569034e+02 6.969940768062720116e-01
1.376531297914135394e+03 1.342734540403127141e+02 6.964368837160931358e-01
1.376552131500626956e+03 1.336029654574514609e+02 6.959074239822428121e-01
1.376572965087002103e+03 1.342412639568854047e+02 6.966818494792617056e-01
1.376593798673144647e+03 1.354552423295104120e+02 6.971912290917098298e-01
1.376614632259170321e+03 1.350486647641205309e+02 6.973049035215436176e-01
1.376635465845021827e+03 1.353762729944351122e+02 6.966559899879407602e-01
1.376656299430698027e+03 1.358779914947404563e+02 6.972512636388664697e-01
1.376677133016258495e+03 1.343833083860142210e+02 6.960802661347590403e-01
1.376697966601586813e+03 1.347401736111978607e+02 6.968979280061391446e-01
1.376718800186797125e+03 1.344688779586279566e+02 6.968436152827871544e-01
1.376739633771833496e+03 1.336258505396258158e+02 6.970982497611241113e-01
1.376760467356753907e+03 1.339734448772025530e+02 6.972493615911767861e-01
1.376781300941440350e+03 1.344392397136067245e+02 6.967684685744001127e-01
1.376802134526011514e+03 1.330862685530356941e+02 6.961067892067102081e-01
1.376822968110350075e+03 1.330043026335169714e+02 6.976265280480764552e-01
1.376843801694571084e+03 1.332581835362424272e+02 6.990606885877186372e-01
1.376864635278618152e+03 1.326022557359117400e+02 6.971597030070565415e-01
1.376885468862490598e+03 1.338080217102037182e+02 6.974562910529276127e-01
1.376906302446187965e+03 1.327162805428791614e+02 6.975366402303223579e-01
1.376927136029711619e+03 1.330921889402656859e+02 6.971652602509020857e-01
1.376947969613059513e+03 1.311024153037932081e+02 6.969637818511116301e-01
1.376968803196233466e+03 1.316689362441214541e+02 6.979048334133888254e-01
1.376989636779232114e+03 1.305005067569166215e+02 6.986645468184959906e-01
1.377010470362115484e+03 1.323905349166879262e+02 6.979993064311278417e-01
1.377031303944765114e+03 1.329813308437321098e+02 6.975505257494671874e-01
1.377072971109541413e+03 1.327481594675202246e+02 6.981512904190151358e-01
1.377093804691666946e+03 1.325778941432245972e+02 6.980054974366806109e-01
1.377114638273560104e+03 1.344173293315685100e+02 7.006773413402441752e-01
1.377135471855337528e+03 1.325724275687575471e+02 6.983479879824837644e-01
1.377156305436939874e+03 1.325298731508579237e+02 6.984789893609140154e-01
1.377177139018308480e+03 1.312928988122545491e+02 6.984112941596145596e-01
1.377218806180524098e+03 1.325103623790805614e+02 6.980123501753493498e-01
1.377239639761369517e+03 1.320144150946528896e+02 6.985346041772795278e-01
1.377260473342040541e+03 1.317624381443145012e+02 6.986686631224525712e-01
1.377281306922478507e+03 1.323697781793016475e+02 6.988602896847774248e-01
1.377302140502742077e+03 1.319310425390181649e+02 6.994909683637007269e-01
1.377322974082831024e+03 1.322313892661773025e+02 7.001922692481481469e-01
1.377343807662687141e+03 1.316467621377697981e+02 6.993075053396089480e-01
1.377364641242426387e+03 1.323839388961209522e+02 6.994126333452721500e-01
1.377385474821875050e+03 1.322273643578795657e+02 6.999452109693423685e-01
1.377406308401207525e+03 1.337286038359873146e+02 7.009212290303525883e-01
1.377427141980306487e+03 1.316640407781586930e+02 7.001200360171728754e-01
1.377447975559231509e+03 1.322310915600141641e+02 7.008316574764588136e-01
1.377468809137923017e+03 1.319822660650478952e+02 7.010965333377074948e-01
1.377489642716440358e+03 1.319129890182218787e+02 7.015944671144643818e-01
1.377510476294724867e+03 1.316522298830690829e+02 7.009754809065388281e-01
1.377531309872834072e+03 1.308228279563519152e+02 7.014777066446689080e-01
1.377552143450769563e+03 1.298708266607672499e+02 7.003691176916893024e-01
1.377572977028472451e+03 1.301700228988112258e+02 7.006301912699020029e-01
1.377593810605942053e+03 1.317861371929660379e+02 7.039186449049825711e-01
1.377614644183237033e+03 1.305759353822002709e+02 7.027630828201456570e-01
1.377635477760298500e+03 1.309001047141783260e+02 7.021887373732974558e-01
1.377656311337185798e+03 1.301317752359945246e+02 7.017580944881408600e-01
1.377677144913840948e+03 1.296076064718485554e+02 7.024694141503760036e-01
1.377697978490261903e+03 1.298849133898842751e+02 7.038271471089384557e-01
1.377718812066509599e+03 1.286110383326318072e+02 7.036892216593017002e-01
1.377739645642524010e+03 1.287472073555638872e+02 7.059275405809432025e-01
1.377760479218305591e+03 1.309868805492286867e+02 7.071576506029216835e-01
1.377781312793854795e+03 1.289793089749878163e+02 7.072544061868035747e-01
1.377802146369228012e+03 1.298925645245028591e+02 7.073759640183041597e-01
1.377822979944369536e+03 1.299312908444957486e+02 7.078894785943434798e-01
1.377843813519278456e+03 1.287093572172288702e+02 7.079908066384378307e-01
1.377864647094012071e+03 1.289452786535589155e+02 7.108121069690124250e-01
1.377885480668454875e+03 1.283993459758461881e+02 7.097726858288546659e-01
1.377927147816699517e+03 1.276144132005652523e+02 7.091893511938192063e-01
1.377947981390502491e+03 1.281220477816936523e+02 7.106990623966041865e-01
1.377968814964072408e+03 1.278782505055144441e+02 7.101404521934961966e-01
1.377989648537408812e+03 1.260366154637237912e+02 7.103865867876699713e-01
1.378010482110455087e+03 1.277106693475411703e+02 7.110098498073935680e-01
1.378052149255964650e+03 1.259751693284816270e+02 7.115652645360612816e-01
1.378072982828311524e+03 1.247293305189816408e+02 7.120253236585528667e-01
1.378093816400484002e+03 1.271563916398389154e+02 7.142852519238201969e-01
1.378114649972365896e+03 1.289044813683678115e+02 7.147207102129686795e-01
1.378135483544072486e+03 1.282477348446834640e+02 7.138783757993794055e-01
1.378156317115488491e+03 1.261339053211727332e+02 7.136578755292349863e-01
1.378177150686613459e+03 1.255273910065808707e+02 7.143879672498076872e-01
1.378197984257563803e+03 1.268026192849513052e+02 7.135817848306670319e-01
1.378218817828223564e+03 1.276102710919836056e+02 7.137494074857426707e-01
1.378239651398650039e+03 1.271541439754755913e+02 7.156796596924817067e-01
1.378260484968842775e+03 1.266877223507810584e+02 7.129223960172101915e-01
1.378281318538746518e+03 1.275747467377420890e+02 7.133334104220030447e-01
1.378302152108416067e+03 1.263540662334827402e+02 7.129677926716928571e-01
1.378322985677794350e+03 1.266502508545064813e+02 7.148904003492886350e-01
1.378343819246940939e+03 1.275267466010561463e+02 7.140738922479157313e-01
1.378364652815795580e+03 1.263727503985549276e+02 7.136673132171742484e-01
1.378385486384418073e+03 1.262870780108617339e+02 7.139285122561888075e-01
1.378406319952806371e+03 1.264549822317303267e+02 7.142739865498294316e-01
1.378427153520904540e+03 1.279329584775364594e+02 7.149265845828025601e-01
1.378489654223511479e+03 1.265169119319516540e+02 7.165635896084698864e-01
1.378510487790504158e+03 1.269325799852533123e+02 7.191483181734118491e-01
1.378531321357263096e+03 1.273102358557959519e+02 7.183951870411900975e-01
1.378656322751708103e+03 1.275867586021076363e+02 7.178007159596484499e-01
1.378677156316430001e+03 1.278326250585135142e+02 7.176584995134023259e-01
1.378697989880861542e+03 1.284713501981556476e+02 7.167399952951648556e-01
1.378718823445060025e+03 1.259758692769261188e+02 7.151061446756863393e-01
1.378739657008909035e+03 1.275476302920266676e+02 7.185759955707694546e-01
1.378760490572467006e+03 1.281936801516442301e+02 7.151409844470919541e-01
1.378781324135733485e+03 1.287398147556197046e+02 7.165573093976604913e-01
1.378802157698651627e+03 1.286726385559022106e+02 7.174033527876579885e-01
1.378822991261336028e+03 1.271042736007973701e+02 7.161610873360642060e-01
1.378843824823672094e+03 1.270865408422715461e+02 7.138868086554089887e-01
1.378864658385716666e+03 1.268308206987448159e+02 7.148638446255651813e-01
1.378885491947412447e+03 1.261939410045667387e+02 7.135101135034357389e-01
1.378906325508816508e+03 1.283841884864829694e+02 7.148619269055980219e-01
1.378927159069929530e+03 1.266766794101888820e+02 7.154685869818637745e-01
1.378947992630693989e+03 1.279572965490944512e+02 7.163850188359294213e-01
1.378968826191166499e+03 1.280518862072688933e+02 7.175247695847519758e-01
1.378989659751291128e+03 1.271004533290160907e+02 7.184893923449611197e-01
1.379010493311065602e+03 1.253176314106007680e+02 7.186031191472839197e-01
1.379031326870548583e+03 1.257316340069245086e+02 7.200555140233645401e-01
1.379052160429682544e+03 1.268232389564294067e+02 7.216052273754449686e-01
1.379072993988525923e+03 1.254928752054532310e+02 7.210182390114994178e-01
1.379093827546962530e+03 1.238725720401658918e+02 7.203655330969888082e-01
1.379114661105106961e+03 1.247060314866007218e+02 7.214193532710904133e-01
1.379135494662902602e+03 1.248249612318257391e+02 7.213163997160317864e-01
1.379156328220349224e+03 1.244520281477471428e+02 7.211576852940803084e-01
1.379177161777446145e+03 1.253818809550165838e+02 7.208850496589433998e-01
1.379197995334193365e+03 1.242991110505290067e+02 7.219879772078171554e-01
1.379218828890591794e+03 1.256566740534354381e+02 7.213180523770974517e-01
1.379239662446640978e+03 1.239538808098737377e+02 7.198979705468244727e-01
1.379260496002341370e+03 1.253626139236455685e+02 7.213215642692897278e-01
1.379281329557692061e+03 1.239908709005404432e+02 7.202897786096406074e-01
1.379302163112635526e+03 1.249673790399056088e+02 7.207484450732026815e-01
1.379322996667287953e+03 1.253821171806868620e+02 7.208935659156634479e-01
1.379343830221474491e+03 1.247609517617272274e+02 7.215541787243874294e-01
1.379385497328858037e+03 1.250391511277510403e+02 7.242311379896791967e-01
1.379406330881967506e+03 1.248982140522854536e+02 7.228841886086462276e-01
1.379427164434699534e+03 1.245709814504583335e+02 7.237680079800832278e-01
1.379447997987052986e+03 1.254302822644604021e+02 7.260643676828362203e-01
1.379468831539027633e+03 1.261958812130028775e+02 7.258370992896410190e-01
1.379489665090593917e+03 1.249835431291055556e+02 7.265028980378477330e-01
1.379510498641783670e+03 1.257419502728914438e+02 7.301643675784122989e-01
1.379531332192565060e+03 1.249737395180344208e+02 7.280259928700368866e-01
1.379552165742968100e+03 1.249370771253920509e+02 7.286701600979019755e-01
1.379572999292935492e+03 1.239987469624511505e+02 7.299187777679199129e-01
1.379593832842524080e+03 1.236752899119266829e+02 7.302990476571509237e-01
1.379614666391704532e+03 1.231629576693280512e+02 7.306108387536521809e-01
1.379635499940477530e+03 1.239243803072894252e+02 7.312082637385631800e-01
1.379656333488814653e+03 1.233426464123505184e+02 7.308070577452913108e-01
1.379677167036772516e+03 1.232887133816393828e+02 7.325659444894127015e-01
1.379698000584266083e+03 1.243554513887590360e+02 7.309057794923575768e-01
1.379718834131379936e+03 1.242264191782672071e+02 7.313343977519066730e-01
1.379739667678028582e+03 1.241238660998957357e+02 7.313200126453113237e-01
1.379760501224270456e+03 1.241352628067566286e+02 7.349112156033823506e-01
1.379781334770074864e+03 1.248496915255526005e+02 7.340739830421356693e-01
1.379802168315443396e+03 1.232367641022953251e+02 7.352962397095968994e-01
1.379823001860346039e+03 1.236746775186419143e+02 7.386790419966668964e-01
1.379843835404841457e+03 1.239900482162591970e+02 7.393025595099653735e-01
1.379864668948870985e+03 1.253830008900308997e+02 7.409108475453135556e-01
1.379885502492463502e+03 1.256737552407149394e+02 7.431114468890642755e-01
1.379906336035590812e+03 1.232021111382346419e+02 7.430090924370251759e-01
1.379927169578251778e+03 1.235262057994761449e+02 7.441180768939712475e-01
1.379948003120477097e+03 1.245517553051733444e+02 7.458966778826578992e-01
1.379968836662207650e+03 1.238413598308407870e+02 7.491292269527162206e-01
1.379989670203502101e+03 1.247190603091383707e+02 7.491309773858936261e-01
1.380010503744300422e+03 1.235243028754149179e+02 7.494539816422121081e-01
1.380031337284634446e+03 1.231363116934269613e+02 7.510726331516264231e-01
1.380052170824501900e+03 1.232509939044987277e+02 7.528531719668164479e-01
1.380073004363874588e+03 1.226381167267680325e+02 7.534971955746491146e-01
1.380093837902752057e+03 1.238686532231549222e+02 7.544131773585620593e-01
1.380114671441164319e+03 1.258388749604559962e+02 7.561715440013376810e-01
1.380135504979083635e+03 1.237183919235175722e+02 7.561166409273074596e-01
1.380156338516505912e+03 1.235226315761032083e+02 7.565155729467178958e-01
1.380177172053404320e+03 1.234417863831448869e+02 7.573934359865140964e-01
1.380218839125747536e+03 1.245084987037291171e+02 7.579152145777279248e-01
1.380239672661161876e+03 1.239298839030623185e+02 7.582279914657835684e-01
1.380260506196053029e+03 1.239014725582203766e+02 7.586653717833912181e-01
1.380302173264321937e+03 1.227536702365153474e+02 7.561683516130122129e-01
1.380323006797670587e+03 1.226762721007519303e+02 7.552638504844328970e-01
1.380343840330494459e+03 1.228426075757452622e+02 7.563152269339934453e-01
1.380364673862794916e+03 1.219330052902593309e+02 7.552365045664453103e-01
1.380385507394572414e+03 1.235610955437630594e+02 7.567111398494215102e-01
1.380406340925825589e+03 1.239346130814754758e+02 7.565440938066454457e-01
1.380427174456524881e+03 1.220923538146202247e+02 7.563049816605575959e-01
1.380448007986729863e+03 1.219972845100621441e+02 7.571626216565700007e-01
1.380468841516353677e+03 1.231265773181415568e+02 7.579904720895266346e-01
1.380489675045482500e+03 1.226167700911688598e+02 7.597857867314018465e-01
1.380510508574057440e+03 1.236595925608214941e+02 7.608237461545923619e-01
1.380531342102079634e+03 1.231074860003008382e+02 7.629457812237562253e-01
1.380552175629548856e+03 1.224700231621853845e+02 7.648240785338770165e-01
1.380573009156494663e+03 1.237749848563330204e+02 7.679643508614385494e-01
1.380593842682887953e+03 1.240899178568532193e+02 7.694841167131851734e-01
1.380614676208756464e+03 1.233987489792495751e+02 7.725191154707437002e-01
1.380635509734043353e+03 1.229841054389220005e+02 7.726589870115119218e-01
1.380656343258805919e+03 1.228809526299708637e+02 7.770978835910973270e-01
1.380677176783044615e+03 1.225459343477315315e+02 7.763376290314563111e-01
1.380698010306702145e+03 1.237712116346900473e+02 7.779986819033011258e-01
1.380718843829834441e+03 1.222992155162344545e+02 7.779440167616044066e-01
1.380739677352414674e+03 1.236657592106504353e+02 7.807408390271139975e-01
1.380760510874471493e+03 1.224997583799040228e+02 7.802157231495727707e-01
1.380781344395974429e+03 1.229044295160988440e+02 7.817647382654057120e-01
1.380802177916953497e+03 1.229666004995774244e+02 7.833753667538083665e-01
1.380823011437408468e+03 1.214602692768572183e+02 7.847065183217850626e-01
1.380843844957311376e+03 1.215703447812626052e+02 7.869531367550086642e-01
1.380864678476719519e+03 1.221598389137499794e+02 7.907544493717391099e-01
1.380885511995573324e+03 1.232976435638714463e+02 7.924592960747013359e-01
1.380906345513934411e+03 1.230016230363467855e+02 7.962197246215417801e-01
1.380927179031799824e+03 1.238629902136869418e+02 7.975712894397506414e-01
1.380948012549170016e+03 1.229712971971407285e+02 7.991100084416308258e-01
1.380968846066045444e+03 1.214245641931107116e+02 7.997714118416513474e-01
1.380989679582426561e+03 1.213650523773293912e+02 8.020163338821989507e-01
1.381010513098342017e+03 1.229238498945015863e+02 8.068817369459043709e-01
1.381031346613820460e+03 1.206027375472206984e+02 8.032078889457480164e-01
1.381052180128834152e+03 1.217467770700066865e+02 8.051160393476709531e-01
1.381073013643410832e+03 1.194774656173314042e+02 8.062651640183101653e-01
1.381156347697699402e+03 1.231267342643360507e+02 8.074598239789320120e-01
1.381177181210384788e+03 1.218893616818653243e+02 8.064659982598039178e-01
1.381198014722690914e+03 1.234389322575783012e+02 8.080735675703830667e-01
1.381218848234735560e+03 1.249113827049179406e+02 8.088027757644187243e-01
1.381239681746488941e+03 1.219129539405517448e+02 8.086513185509571766e-01
1.381260515258009491e+03 1.223554786358188835e+02 8.087913529732796425e-01
1.381281348769268334e+03 1.239594180195290960e+02 8.084158217889675369e-01
1.381302182280382112e+03 1.223539717240285540e+02 8.077753689346823807e-01
1.381323015791290345e+03 1.218343053951572870e+02 8.060280827133308179e-01
1.381343849302113540e+03 1.228345329729432933e+02 8.065077184956964684e-01
1.381364682812848969e+03 1.228840230098567474e+02 8.035310008460648801e-01
1.381385516323525508e+03 1.237680769255439088e+02 8.031222109616310556e-01
1.381406349834201592e+03 1.227517365390374948e+02 8.008263551988222817e-01
1.381427183344907462e+03 1.228117284549510089e+02 7.984176364525562564e-01
1.381448016855701098e+03 1.231808523943779790e+02 7.952865401492316133e-01
1.381468850366639344e+03 1.223853612103511068e+02 7.918664947751516969e-01
1.381489683877752668e+03 1.241438525659435470e+02 7.881325633497590077e-01
