1.518615828030650391e+03 4.826963294886083418e+02 7.425671058411126291e-01
1.518636661227067179e+03 4.809624726243804389e+02 7.420379487998618462e-01
1.518657494423308890e+03 4.807657926756672850e+02 7.408914593727836673e-01
1.518678327619375523e+03 4.812670953918512282e+02 7.412586221949344356e-01
1.518699160815208415e+03 4.841047971950376905e+02 7.422261679765600473e-01
1.518719994010868049e+03 4.808694623610081180e+02 7.411897075763987930e-01
1.518740827206294853e+03 4.811243800953447476e+02 7.414098580757997325e-01
1.518761660401488371e+03 4.821970522772980985e+02 7.426428351784841730e-01
1.518782493596508175e+03 4.811528522671752626e+02 7.428097575854822887e-01
1.518803326791293330e+03 4.795144468959360893e+02 7.409659522364420159e-01
1.518824159985847018e+03 4.812388930671373828e+02 7.411871744199076684e-01
1.518844993180226538e+03 4.798001937045257250e+02 7.424953424583804473e-01
1.518865826374314565e+03 4.796491063298415725e+02 7.401424139467847052e-01
1.518886659568226605e+03 4.807860662452529255e+02 7.417442202649837668e-01
1.518907492761906497e+03 4.789154685893659007e+02 7.402507609061028671e-01
1.518928325955354467e+03 4.792365395280901907e+02 7.419058014180744953e-01
1.518949159148569379e+03 4.776547802708543600e+02 7.405461683852471166e-01
1.518969992341550551e+03 4.808740043551945291e+02 7.404509859033053809e-01
1.518990825534299347e+03 4.783618894933944716e+02 7.458167635464053591e-01
1.519011658726757560e+03 4.774149513999068972e+02 7.401643584058720249e-01
1.519032491919040467e+03 4.801361628702599091e+02 7.405240340160772483e-01
1.519053325111091908e+03 4.785916389083120634e+02 7.416840301224203458e-01
1.519074158302851629e+03 4.797196405304269433e+02 7.413906035465583910e-01
1.519094991494376927e+03 4.787351327446064602e+02 7.403121142468910287e-01
1.519115824685669395e+03 4.800960330724112737e+02 7.409342977067663316e-01
1.519136657876731533e+03 4.792422390540531865e+02 7.411144329468749570e-01
1.519157491067560386e+03 4.793906074595856808e+02 7.414767023826432935e-01
1.519178324258096382e+03 4.785405741531850481e+02 7.408468887868275843e-01
1.519199157448400911e+03 4.798186445180583064e+02 7.415640772542725356e-01
1.519219990638473064e+03 4.785661177865804916e+02 7.422453606789141123e-01
1.519240823828311477e+03 4.791501470779970191e+02 7.412767544400176156e-01
1.519261657017858852e+03 4.801696542727730161e+02 7.418628183214776017e-01
1.519282490207173396e+03 4.782147358125225196e+02 7.406293876936468346e-01
1.519303323396254655e+03 4.803916634579807692e+02 7.418005888465771802e-01
1.519324156585044875e+03 4.796775258274244607e+02 7.410114406855660141e-01
1.519344989773604084e+03 4.799085188006065437e+02 7.411834751917013575e-01
1.519365822961929553e+03 4.769834624105487251e+02 7.405550621908989495e-01
1.519386656149962619e+03 4.796849085418957657e+02 7.421840466870729403e-01
1.519407489337763536e+03 4.775757366711973191e+02 7.399504829284011542e-01
1.519428322525332987e+03 4.793891672741436309e+02 7.400147205254709037e-01
1.519449155712610491e+03 4.788261688229467268e+02 7.399649419083640378e-01
1.519469988899595592e+03 4.774491259250344228e+02 7.394073617258634101e-01
1.519490822086407661e+03 4.780616331194347026e+02 7.418954776679044238e-01
1.519511655272929147e+03 4.775832493348120238e+02 7.401070598534111866e-01
1.519532488459158685e+03 4.765530103486054827e+02 7.394633442071316676e-01
1.519553321645155393e+03 4.782866769480876314e+02 7.397739719891260890e-01
1.519574154830861517e+03 4.776189524106785598e+02 7.395687683892061548e-01
1.519594988016333446e+03 4.775576392863763999e+02 7.389854019953185915e-01
1.519615821201573453e+03 4.781435159695701600e+02 7.396037452639030452e-01
1.519636654386522878e+03 4.805164156104699487e+02 7.402767682580543296e-01
1.519657487571239471e+03 4.792270662121154601e+02 7.399309084830916206e-01
1.519678320755664117e+03 4.785417452142694401e+02 7.393898285437286999e-01
1.519699153939855478e+03 4.792186660520919190e+02 7.400549517667734944e-01
1.519719987123757619e+03 4.779241606337350845e+02 7.401993876620884816e-01
1.519740820307426475e+03 4.782607037022259533e+02 7.407384680894143481e-01
1.519761653490803383e+03 4.791337052450833198e+02 7.394363409476135685e-01
1.519782486673948370e+03 4.773764259794207305e+02 7.389476130349350580e-01
1.519803319856801409e+03 4.806952432972140059e+02 7.396850157850328733e-01
1.519824153039422526e+03 4.797327979752400324e+02 7.402332879614585970e-01
1.519844986221810359e+03 4.777839466452185206e+02 7.387731215445847432e-01
1.519865819403907608e+03 4.761844020279241363e+02 7.393931336811264687e-01
1.519886652585713364e+03 4.782774597854255489e+02 7.388576699555733374e-01
1.519907485767285834e+03 4.772435976549985526e+02 7.388654950349660133e-01
1.519928318948568631e+03 4.763837110324915329e+02 7.378500834889503146e-01
1.519949152129617460e+03 4.767345692730626183e+02 7.387061132830551324e-01
1.519969985310375478e+03 4.791148669174952488e+02 7.407145691482353023e-01
1.519990818490900438e+03 4.787376594957248130e+02 7.403109870660087299e-01
1.520011651671134587e+03 4.770531856025677939e+02 7.382022875989899813e-01
1.520032484851136815e+03 4.789873502049942999e+02 7.393501254336951600e-01
1.520053318030847095e+03 4.778045350199362815e+02 7.380582280849006249e-01
1.520074151210323635e+03 4.774360228480450132e+02 7.381512562784038334e-01
1.520094984389509591e+03 4.751319396990325572e+02 7.377457467903125732e-01
1.520115817568464081e+03 4.754621125135288935e+02 7.377216701025597345e-01
1.520136650747127533e+03 4.756016145177943599e+02 7.374329714299393546e-01
1.520157483925556335e+03 4.761871825906879394e+02 7.374751620231932980e-01
1.520178317103694553e+03 4.765625959651982271e+02 7.381607845459908779e-01
1.520199150281543098e+03 4.762422425438660980e+02 7.388501271459632092e-01
1.520219983459216564e+03 4.766148622021250958e+02 7.373179049286096021e-01
1.520240816636539876e+03 4.761497968305789072e+02 7.378018553506009436e-01
1.520261649813630356e+03 4.756937648217543142e+02 7.389376916001871853e-01
1.520282482990488461e+03 4.778106689733323265e+02 7.387742914120849491e-01
1.520303316167056437e+03 4.765255356276639418e+02 7.399836294193434805e-01
1.520324149343332465e+03 4.766203347328221867e+02 7.380336366420944261e-01
1.520344982519375662e+03 4.770018682819052742e+02 7.381850891461486652e-01
1.520365815695186029e+03 4.780085801941985437e+02 7.384181223751187240e-01
1.520386648870705358e+03 4.775544931946956808e+02 7.404143987680656958e-01
1.520407482045933648e+03 4.764822947423986648e+02 7.378971776070558652e-01
1.520428315220929107e+03 4.771615464024792459e+02 7.406265709453935253e-01
1.520449148395633529e+03 4.780381391769532797e+02 7.384292615639996837e-01
1.520469981570105574e+03 4.771313860367795883e+02 7.382143585742353409e-01
1.520490814744343425e+03 4.787484926731234509e+02 7.403214134236865140e-01
1.520532481091947830e+03 4.766313432296921633e+02 7.383349363799018850e-01
1.520553314265372137e+03 4.791034714535838361e+02 7.391677458911860565e-01
1.520574147438504497e+03 4.782921078645865691e+02 7.389376916001871853e-01
1.520594980611404935e+03 4.784526379349974832e+02 7.385249063789735002e-01
1.520615813784013881e+03 4.787548953663991256e+02 7.412380771417860226e-01
1.520636646956389995e+03 4.787738594091033519e+02 7.387539596580592338e-01
1.520657480128475527e+03 4.789465496913998095e+02 7.384464139719166820e-01
1.520678313300326863e+03 4.794188277924337740e+02 7.414718791827954458e-01
1.520699146471888071e+03 4.774528445605255911e+02 7.385008954486312893e-01
1.520719979643216448e+03 4.801774647089411587e+02 7.389774975273649682e-01
1.520740812814254014e+03 4.817795281826935820e+02 7.402196394528132162e-01
1.520761645985000541e+03 4.797036620471322976e+02 7.395391495808841809e-01
1.520782479155571309e+03 4.796525954089615311e+02 7.399084737597437789e-01
1.520803312325794195e+03 4.803266249903297194e+02 7.419217888877613909e-01
1.520824145495784478e+03 4.790703785502417418e+02 7.387743720925339375e-01
1.520844978665541475e+03 4.800580275612759351e+02 7.390102037311253591e-01
1.520865811835006525e+03 4.803690663731579775e+02 7.405464500911366210e-01
1.520886645004240108e+03 4.808379856348538510e+02 7.407463939989672452e-01
1.520907478173181516e+03 4.800472713831153442e+02 7.405654851122640547e-01
1.520928311341832796e+03 4.799847221449091990e+02 7.405328073542760681e-01
1.520949144510250335e+03 4.809027638488212801e+02 7.415178590785854729e-01
1.520969977678435498e+03 4.810355477792311376e+02 7.399079098620628958e-01
1.520990810846329623e+03 4.832952007370127490e+02 7.399154821664866155e-01
1.521011644013990463e+03 4.801018640036857050e+02 7.393096542826059769e-01
1.521032477181361173e+03 4.829929275711472201e+02 7.399138307662781466e-01
1.521053310348440391e+03 4.816818437617607174e+02 7.409308385529437269e-01
1.521074143515286323e+03 4.823283935093878654e+02 7.403888792778350325e-01
1.521094976681899880e+03 4.804823757690847970e+02 7.409920149255804223e-01
1.521115809848222398e+03 4.804593766507991290e+02 7.393920454058098279e-01
1.521136643014312085e+03 4.821533216146716541e+02 7.400312321103406088e-01
1.521157476180111644e+03 4.829253374815185111e+02 7.400385615250720805e-01
1.521178309345618345e+03 4.832729494024795258e+02 7.421491914198480311e-01
1.521199142510893125e+03 4.824320064293872292e+02 7.398097045541401906e-01
1.521219975675935530e+03 4.841784036624503074e+02 7.398641259228451172e-01
1.521240808840685986e+03 4.825306241407710672e+02 7.414271425091145673e-01
1.521261642005204521e+03 4.832190445514686985e+02 7.400095656137558597e-01
1.521282475169431109e+03 4.829028665677280401e+02 7.404161295533758791e-01
1.521303308333367568e+03 4.834350555827350036e+02 7.401537285106084552e-01
1.521324141497070514e+03 4.830147781502853377e+02 7.397208735129450208e-01
1.521344974660540629e+03 4.840066275339108870e+02 7.401363338072335374e-01
1.521365807823719933e+03 4.830670018906295127e+02 7.404622555037589926e-01
1.521386640986666407e+03 4.844333880274859325e+02 7.407768898549771386e-01
1.521407474149322525e+03 4.834714688073502202e+02 7.403651300661526768e-01
1.521428307311743993e+03 4.840590761695578976e+02 7.406490643933613116e-01
1.521449140473876014e+03 4.838181374785333446e+02 7.399715067558662041e-01
1.521469973635716542e+03 4.834211617896701227e+02 7.397950411173258578e-01
1.521490806797324012e+03 4.836203362275104496e+02 7.400934090169172253e-01
1.521511639958699561e+03 4.834378005362783597e+02 7.401497825257854490e-01
1.521532473119782480e+03 4.847549176397287738e+02 7.398789491104967864e-01
1.521553306280632569e+03 4.838997728507950455e+02 7.400956640397168274e-01
1.521574139441193438e+03 4.830470097421917899e+02 7.393282777368606062e-01
1.521594972601521476e+03 4.824745845003180875e+02 7.400166536081064228e-01
1.521615805761557112e+03 4.833780762899017418e+02 7.395269793321236351e-01
1.521636638921301483e+03 4.842779496636628096e+02 7.401772026589711340e-01
1.521657472080871685e+03 4.839198566325779325e+02 7.401941937736034038e-01
1.521678305240093096e+03 4.841631507455124392e+02 7.397446434082316502e-01
1.521699138399082585e+03 4.851920160802675923e+02 7.400635293161382799e-01
1.521719971557837653e+03 4.841161823983486556e+02 7.401322266648341364e-01
1.521740804716301682e+03 4.847929021679687480e+02 7.403346172489378985e-01
1.521761637874532425e+03 4.851070924203817754e+02 7.409228743932142480e-01
1.521782471032473040e+03 4.851877793849059799e+02 7.415469165809144281e-01
1.521803304190181507e+03 4.862008130417261214e+02 7.429783271950461954e-01
1.521824137347598480e+03 4.874739773375333129e+02 7.413139824488597096e-01
1.521844970504781486e+03 4.863180138745604495e+02 7.412158428125316112e-01
1.521865803661674818e+03 4.869610291566207252e+02 7.410111591564494393e-01
1.521886636818334409e+03 4.869472092909184653e+02 7.409519552287282540e-01
1.521907469974703417e+03 4.852912429745350096e+02 7.406533296212929329e-01
1.521928303130840050e+03 4.862892048210945291e+02 7.414083305948727665e-01
1.521949136286684507e+03 4.858679544809619983e+02 7.417082192714261613e-01
1.521969969442238835e+03 4.862896878320761971e+02 7.416009291615267562e-01
1.521990802597618313e+03 4.859534459309409158e+02 7.410695540491449851e-01
1.522011635752648544e+03 4.852740170230081844e+02 7.415119509823877575e-01
1.522032468907503471e+03 4.866623361746090382e+02 7.430574237843574625e-01
1.522053302062009607e+03 4.864654095905914346e+02 7.415173767867828669e-01
1.522074135216283594e+03 4.861293799509950304e+02 7.429437498746137569e-01
1.522094968370324523e+03 4.866956811825984914e+02 7.405109543051286991e-01
1.522115801524073504e+03 4.861417513262805983e+02 7.401776455602749882e-01
1.522136634677590337e+03 4.874927643473536705e+02 7.411494172993207119e-01
1.522157467830815676e+03 4.865797683440998185e+02 7.417705770273457233e-01
1.522178300983749978e+03 4.850188221170043903e+02 7.399972822809575135e-01
1.522199134136511020e+03 4.851746342909796681e+02 7.411134678378833440e-01
1.522219967288922362e+03 4.852724280099080261e+02 7.398938122803671025e-01
1.522240800441099509e+03 4.859498003361243263e+02 7.421400356173526447e-01
1.522261633593045190e+03 4.848362274856900740e+02 7.396709139551405077e-01
1.522282466744699377e+03 4.836476666444266357e+02 7.395832348317541438e-01
1.522303299896061617e+03 4.849980910349398187e+02 7.397452074303684233e-01
1.522324133047191481e+03 4.836401976510777558e+02 7.412533955230907745e-01
1.522344966198088969e+03 4.830802549385271618e+02 7.388652126881817273e-01
1.522365799348695873e+03 4.839081199618284472e+02 7.397418635785609764e-01
1.522386632499011512e+03 4.837103899587519322e+02 7.400108543450510945e-01
1.522407465649093410e+03 4.814863878653711708e+02 7.388596060654067932e-01
1.522428298798884498e+03 4.816433350852890953e+02 7.388439153625822042e-01
1.522449131948442528e+03 4.844758172302983894e+02 7.411953367820496297e-01
1.522469965097769091e+03 4.826935279898777935e+02 7.387977287120222059e-01
1.522490798246745499e+03 4.828667327996582230e+02 7.392643836269833235e-01
1.522511631395548193e+03 4.837426512859744889e+02 7.393862412437355314e-01
1.522532464544000504e+03 4.830308311926203828e+02 7.385563413581603953e-01
1.522553297692220895e+03 4.829473038487012673e+02 7.383665408968453914e-01
1.522574130840207545e+03 4.819725585889984814e+02 7.380247124511886136e-01
1.522594963987903611e+03 4.815073112916843456e+02 7.379848551320455918e-01
1.522615797135365938e+03 4.825659466208032313e+02 7.414944675648158512e-01
1.522636630282537681e+03 4.823632177430147294e+02 7.383812730637986377e-01
1.522657463429419522e+03 4.829504710047069125e+02 7.391679474849276454e-01
1.522678296576068533e+03 4.830059575448610758e+02 7.388178172344931349e-01
1.522699129722425369e+03 4.842523577489874924e+02 7.391613755006293252e-01
1.522719962868549374e+03 4.830287075230220353e+02 7.389888702555900135e-01
1.522740796014382340e+03 4.815058892587404102e+02 7.378474580851658304e-01
1.522761629159982931e+03 4.815812033663683565e+02 7.393412171334190486e-01
1.522782462305292484e+03 4.825750575345530251e+02 7.385527903620778822e-01
1.522803295450310543e+03 4.837652111713999261e+02 7.396332003119675536e-01
1.522824128595095317e+03 4.812840585579098160e+02 7.376773928000207592e-01
1.522844961739648625e+03 4.814202580813940244e+02 7.386432143874016587e-01
1.522865794883853141e+03 4.808030219957864233e+02 7.408346997932502287e-01
1.522886628027823463e+03 4.820973730658655541e+02 7.378002396129985652e-01
1.522907461171560954e+03 4.815837779025806071e+02 7.378937446039592896e-01
1.522928294315007406e+03 4.819017649356829338e+02 7.376009112356601838e-01
1.522949127458221483e+03 4.814095228029633518e+02 7.372487836448076148e-01
1.522969960601086314e+03 4.814927113024784262e+02 7.379594939340149429e-01
1.522990793743776521e+03 4.797182955734170946e+02 7.395266166395176866e-01
1.523011626886116574e+03 4.803660536833269248e+02 7.367929059244194834e-01
1.523032460028224477e+03 4.791704999619920500e+02 7.361488832423439543e-01
1.523053293170100915e+03 4.798632448324432858e+02 7.365121383832103907e-01
1.523074126311685632e+03 4.789228971167449913e+02 7.383607690362280485e-01
1.523094959452977491e+03 4.799800606068110369e+02 7.365167917433780298e-01
1.523115792594037430e+03 4.798299247736858888e+02 7.363959971749601818e-01
1.523136625734806330e+03 4.794249877125106423e+02 7.366250246527962231e-01
1.523157458875285101e+03 4.782797328703706512e+02 7.363735356987333169e-01
1.523178292015530587e+03 4.793927740769697152e+02 7.367774139057206018e-01
1.523199125155484580e+03 4.803189307069489473e+02 7.372625275741144790e-01
1.523219958295147080e+03 4.785998152985879983e+02 7.399985307601570916e-01
1.523240791434578568e+03 4.796857303210745727e+02 7.369710609520472300e-01
1.523261624573718564e+03 4.799048178086179064e+02 7.382702700489730541e-01
1.523282457712624364e+03 4.795847974179532685e+02 7.388672294485597591e-01
1.523303290851240035e+03 4.795746954025495938e+02 7.371030013754442667e-01
1.523324123989563986e+03 4.795642505060141048e+02 7.367117208912088433e-01
1.523344957127656016e+03 4.794066827607076107e+02 7.366196437286868237e-01
1.523365790265456326e+03 4.806550941165690460e+02 7.371014245377239815e-01
1.523386623402965597e+03 4.780046890667697426e+02 7.370658437128528861e-01
1.523407456540242492e+03 4.785733885978368107e+02 7.366306887409737048e-01
1.523428289677227440e+03 4.797273559409203472e+02 7.366187536472259545e-01
1.523449122813922486e+03 4.791828805826598341e+02 7.387443583574800909e-01
1.523469955950384474e+03 4.796730915353154501e+02 7.362770042583595131e-01
1.523490789086555651e+03 4.799051137951370833e+02 7.371964330968809875e-01
1.523511622222435562e+03 4.789599618355210850e+02 7.376861999934640757e-01
1.523532455385090543e+03 4.800715923538502921e+02 7.363014924674222694e-01
1.523553288520446586e+03 4.784333081074115057e+02 7.368625957554763017e-01
1.523574121655511590e+03 4.792380281636164341e+02 7.367319067450718295e-01
1.523594954790285556e+03 4.784482846058997438e+02 7.364883450908652485e-01
1.523615787924825327e+03 4.788983029667468827e+02 7.366512004672919334e-01
1.523657454193034482e+03 4.777409845867740614e+02 7.358677484781315226e-01
1.523678287326760483e+03 4.775073280934111040e+02 7.360527677227043375e-01
1.523699120460195445e+03 4.782828389818421329e+02 7.356329755585705454e-01
1.523719953593338687e+03 4.782368589026407335e+02 7.357163455354952530e-01
1.523740786726191800e+03 4.773281097344133741e+02 7.372881148541015062e-01
1.523761619858812992e+03 4.781982183240872928e+02 7.380371093750000000e-01
1.523782452991142691e+03 4.791350520830234814e+02 7.361025679790331733e-01
1.523803286123179532e+03 4.786981223595298047e+02 7.360807048667614705e-01
1.523824119254926472e+03 4.765201482324250719e+02 7.355983365654612527e-01
1.523844952386441037e+03 4.790581007561073648e+02 7.368172960926949733e-01
1.523865785517606582e+03 4.772194679969691720e+02 7.354709482737572523e-01
1.523886618648537478e+03 4.767290125968175403e+02 7.355694897498084028e-01
1.523907451779178473e+03 4.783531251187418434e+02 7.356162842239892807e-01
1.523928284909587092e+03 4.781861974323674076e+02 7.357996250595418841e-01
1.523949118039646692e+03 4.792438131527551377e+02 7.367022143355916874e-01
1.523969951169472097e+03 4.783146201654278116e+02 7.363703384238914351e-01
1.523990784299006464e+03 4.787767885657706870e+02 7.367277806235231763e-01
1.524011617428250474e+03 4.798546649140152454e+02 7.376215575951915460e-01
1.524032450557203447e+03 4.804930320397950254e+02 7.367137839998447735e-01
1.524053283685924498e+03 4.809762315780305357e+02 7.363044067124528969e-01
1.524074116814294484e+03 4.783032231454234875e+02 7.354945718784087205e-01
1.524094949942432322e+03 4.809559669295269941e+02 7.366503508804987943e-01
1.524115783070279122e+03 4.800552952132097744e+02 7.362768828271942789e-01
1.524136616197836020e+03 4.788229749521138388e+02 7.367798813247636858e-01
1.524157449325101879e+03 4.796532922864506645e+02 7.374966201058219539e-01
1.524178282452075564e+03 4.786750440329493586e+02 7.359092998568602662e-01
1.524199115578816418e+03 4.795720921690882506e+02 7.355865872967564112e-01
1.524219948705208481e+03 4.793772239544177864e+02 7.352299684703182958e-01
1.524240781831367485e+03 4.784216859978664047e+02 7.346723644363920558e-01
1.524261614957235452e+03 4.797855973139614889e+02 7.356922429416140607e-01
1.524282448082753490e+03 4.784326025435627798e+02 7.354001539572024848e-01
1.524303281208039607e+03 4.781584647150007186e+02 7.372919144692444693e-01
1.524324114333034458e+03 4.773509417797339438e+02 7.348731765841244323e-01
1.524344947457738499e+03 4.771855792537724597e+02 7.340409756976400413e-01
1.524365780582150364e+03 4.783452421833767971e+02 7.346175178872489386e-01
1.524386613706272328e+03 4.787960540968823011e+02 7.348082056032796405e-01
1.524407446830102344e+03 4.783163434333692976e+02 7.347358872004804420e-01
1.524428279953642459e+03 4.776434588916037001e+02 7.346308647987461748e-01
1.524449113076949516e+03 4.785260206375226630e+02 7.360818385255828433e-01
1.524469946199907554e+03 4.762943460394438375e+02 7.345226220632642411e-01
1.524490779322573417e+03 4.784410201182280389e+02 7.359799642116267027e-01
1.524511612444948696e+03 4.784284536516742605e+02 7.348449096410979431e-01
1.524532445567032937e+03 4.768624870475304647e+02 7.339983034867889611e-01
1.524553278688826595e+03 4.783160813446104953e+02 7.351385165111755660e-01
1.524574111810328304e+03 4.787296492263839696e+02 7.349750826627814426e-01
1.524594944931539885e+03 4.787050613287435681e+02 7.348570357656114549e-01
1.524615778052519090e+03 4.791918827084656414e+02 7.346410066666217986e-01
1.524636611173090387e+03 4.775035614510224491e+02 7.355658433021231568e-01
1.524657444293427943e+03 4.783776733104184586e+02 7.356790368158291349e-01
1.524678277413474461e+03 4.760148922621835368e+02 7.337559058684434143e-01
1.524699110533230396e+03 4.769259428367826672e+02 7.345144261241219885e-01
1.524719943652637994e+03 4.774669296610576339e+02 7.344495045629805263e-01
1.524740776771812307e+03 4.763501007130817584e+02 7.338505353402331455e-01
1.524761609890636464e+03 4.769624248488846092e+02 7.348269025853320091e-01
1.524782443009228473e+03 4.767018888751258601e+02 7.358175678083515026e-01
1.524803276127470326e+03 4.761556637108421342e+02 7.340778804903769217e-01
1.524824109245423188e+03 4.763174561225732759e+02 7.334087589517964689e-01
1.524844942363025439e+03 4.767363060625488060e+02 7.334053455743646532e-01
1.524865775480394859e+03 4.776080589235549496e+02 7.357246091001975463e-01
1.524886608597473696e+03 4.757531049878306817e+02 7.365673698487652521e-01
1.524907441714202832e+03 4.765724008919035555e+02 7.335949671271061456e-01
1.524928274830641385e+03 4.766138492110579818e+02 7.346796256178428353e-01
1.524949107946788445e+03 4.760102106202782011e+02 7.330347777361153616e-01
1.524969941062586486e+03 4.763790468827636460e+02 7.375373927836400556e-01
1.524990774178151014e+03 4.768667629637082541e+02 7.344607039418552530e-01
1.525011607293367433e+03 4.765212309424752561e+02 7.342486577214930588e-01
1.525032440408292587e+03 4.765159399730506493e+02 7.343646921286637319e-01
1.525053273522867585e+03 4.754787394836286580e+02 7.332501826684401092e-01
1.525074106637210662e+03 4.775138534022823364e+02 7.336968070249944018e-01
1.525094939751203583e+03 4.768758796730273275e+02 7.336375815527645949e-01
1.525115772864848623e+03 4.758054693047389492e+02 7.334496369757492751e-01
1.525136605978260377e+03 4.765099394039656886e+02 7.353313387537950829e-01
1.525157439091322431e+03 4.763081392016193263e+02 7.336276289294313413e-01
1.525178272204034329e+03 4.770408351310462081e+02 7.335486531234148844e-01
1.525199105316514306e+03 4.751567048327448788e+02 7.333565813049766069e-01
1.525219938428645946e+03 4.762575664958655466e+02 7.329949336924206360e-01
1.525240771540427886e+03 4.749382404934369220e+02 7.336442436415162582e-01
1.525261604651976540e+03 4.758760601084900372e+02 7.333980717766024338e-01
1.525282437763117514e+03 4.761490908015455830e+02 7.336219416554761175e-01
1.525303270874026566e+03 4.771008297213224409e+02 7.334382596233450791e-01
1.525324103984586600e+03 4.761250056567321849e+02 7.387719113348764077e-01
1.525344937094795569e+03 4.755008583268124767e+02 7.333866529876695850e-01
1.525365770204714408e+03 4.759907646441800466e+02 7.329724899713767616e-01
1.525386603314284002e+03 4.766875466502678478e+02 7.330710420646662229e-01
1.525407436423563013e+03 4.758872993018439388e+02 7.330778719168229429e-01
1.525428269532551440e+03 4.751309070991525232e+02 7.324697249994510662e-01
1.525449102641189484e+03 4.748507780124139686e+02 7.327655443711706962e-01
1.525469935749478509e+03 4.754257642064821425e+02 7.329084890652881601e-01
1.525490768857476496e+03 4.743101848544461632e+02 7.321284812751992499e-01
1.525511601965125465e+03 4.744966755440858037e+02 7.330415672704471142e-01
1.525532435072483622e+03 4.751455046753572447e+02 7.332958652576927472e-01
1.525553268179492079e+03 4.751994944047742706e+02 7.322344323948991596e-01
1.525574101286209498e+03 4.746386607868653300e+02 7.322663816063310627e-01
1.525594934392578125e+03 4.749966740471900835e+02 7.321988999785449259e-01
1.525615767498597506e+03 4.743439069616428583e+02 7.326971731962057532e-01
1.525636600604266960e+03 4.731633959621401004e+02 7.335972827505375937e-01
1.525657433709645375e+03 4.749253181695759167e+02 7.326917227506468677e-01
1.525678266814674316e+03 4.742139931444770014e+02 7.332236822108975094e-01
1.525699099919414039e+03 4.739961026015154175e+02 7.320048047543828984e-01
1.525719933023745398e+03 4.747467195995109250e+02 7.326205785149626504e-01
1.525740766127784809e+03 4.747405245276373194e+02 7.329420353451583381e-01
1.525761599231475429e+03 4.747905800269325027e+02 7.343826699363640298e-01
1.525782432334874557e+03 4.732082531021970340e+02 7.323934320649098106e-01
1.525803265437867594e+03 4.732981869213455184e+02 7.330330701786621495e-01
1.525824098540569594e+03 4.740449563897076928e+02 7.328283377361380913e-01
1.525844931642920074e+03 4.740700532712222639e+02 7.325180600905104589e-01
1.525865764744921989e+03 4.731286247947404604e+02 7.329416287327767954e-01
1.525886597846575569e+03 4.724099617339210226e+02 7.354474049557080395e-01
1.525907430947880130e+03 4.728550716614888074e+02 7.322932015878174106e-01
1.525928264048835445e+03 4.745813081429708973e+02 7.325030065741694463e-01
1.525949097149440604e+03 4.738438406455416043e+02 7.333652371994870967e-01
1.525969930249755635e+03 4.726364546867696959e+02 7.337364098689173053e-01
1.525990763349662984e+03 4.742313146734335874e+02 7.325674904076530103e-01
1.526011596449221543e+03 4.743742139786897951e+02 7.319621359850368991e-01
1.526032429548487926e+03 4.727938738279771655e+02 7.322951143562548282e-01
1.526053262647347310e+03 4.733700085002119522e+02 7.322962945725853823e-01
1.526074095745857448e+03 4.718828315734527905e+02 7.316187002437722908e-01
1.526094928844018796e+03 4.731560503763058705e+02 7.331399881273116259e-01
1.526115761941830897e+03 4.718304032958665744e+02 7.321565274547376934e-01
1.526136595039293525e+03 4.740846227399258055e+02 7.335800982130254999e-01
1.526157428136406452e+03 4.735177824722038054e+02 7.320132730692904266e-01
1.526178261233111698e+03 4.728580969608051419e+02 7.319022407967562538e-01
1.526199094329526815e+03 4.728295745344530019e+02 7.318847314202282517e-01
1.526219927425534024e+03 4.740290697389158368e+02 7.321773680418598440e-01
1.526240760521133325e+03 4.736919451631458173e+02 7.315542549929923144e-01
1.526261593616441587e+03 4.730895251405278827e+02 7.327348777800996027e-01
1.526282426711342850e+03 4.729037769340441741e+02 7.314946115990198505e-01
1.526303259805895323e+03 4.733790531006241054e+02 7.313675679957316600e-01
1.526324092900098549e+03 4.730237211891483184e+02 7.315889632544361199e-01
1.526344925993893412e+03 4.724924024769574089e+02 7.315857858060175190e-01
1.526365759087281504e+03 4.739009921721644218e+02 7.311375865769202953e-01
1.526386592180379012e+03 4.725681170797184905e+02 7.318884776476392018e-01
1.526407425273068384e+03 4.728398982359572074e+02 7.329566325802486793e-01
1.526428258365350302e+03 4.737597714467100900e+02 7.341837126592863916e-01
1.526449091457283430e+03 4.720953165590182152e+02 7.306807511255926091e-01
1.526469924548808649e+03 4.728059782840082903e+02 7.316897382407894224e-01
1.526490757639984622e+03 4.749591944196222357e+02 7.323105384127761575e-01
1.526511590730752687e+03 4.722709520920089972e+02 7.312854953856350315e-01
1.526532423821113525e+03 4.744778301900806241e+02 7.321439495477268800e-01
1.526553256911125573e+03 4.748108455570333604e+02 7.320748689698073353e-01
1.526574090000729484e+03 4.739716704708609427e+02 7.321184674297699368e-01
1.526594923089985059e+03 4.743724430145499014e+02 7.315544586847761988e-01
1.526615756178774973e+03 4.740458726008221220e+02 7.317771820842787767e-01
1.526636589267215641e+03 4.724632421730522083e+02 7.310763193568960983e-01
1.526657422355247490e+03 4.754632797241322919e+02 7.323481001255740530e-01
1.526678255442931913e+03 4.734684790767400386e+02 7.316266434815765773e-01
1.526699088530150675e+03 4.739496490481021738e+02 7.322444446544438268e-01
1.526719921616959482e+03 4.741871570830977589e+02 7.311723146173357835e-01
1.526740754703420407e+03 4.730630584827605958e+02 7.316223256296733313e-01
1.526782420875062144e+03 4.759297659092129038e+02 7.322612942455937191e-01
1.526803253960243637e+03 4.733096305117130669e+02 7.317044011887546828e-01
1.526824087045074521e+03 4.738211160343599317e+02 7.325325030383702529e-01
1.526844920129440652e+03 4.745860192320549231e+02 7.344099401724840659e-01
1.526865753213398420e+03 4.738849082434434763e+02 7.323712140682280269e-01
1.526886586296949645e+03 4.740328320796784283e+02 7.322285714965187653e-01
1.526907419380093415e+03 4.741158979780310574e+02 7.320467789508164902e-01
1.526928252462769933e+03 4.735595199337615213e+02 7.322197393596516779e-01
1.526949085545039452e+03 4.744003558279045478e+02 7.325263597347871913e-01
1.526969918626903109e+03 4.735864709032949804e+02 7.313978844457400541e-01
1.526990751708300650e+03 4.741401238120581638e+02 7.323485477616722417e-01
1.527011584789290509e+03 4.736168560205527456e+02 7.332227067156558142e-01
1.527032417869872006e+03 4.731788259043777316e+02 7.324768452678945829e-01
1.527053250949988524e+03 4.756301688099686089e+02 7.325270920518263118e-01
1.527074084029639835e+03 4.740756704110427222e+02 7.324319660763175532e-01
1.527094917108883692e+03 4.742699638128459583e+02 7.323027653800427972e-01
1.527115750187660979e+03 4.759354534824019538e+02 7.325018673765576471e-01
1.527136583266030357e+03 4.767586686466282231e+02 7.340933482840609203e-01
1.527157416343934528e+03 4.765209817746458043e+02 7.329015763077275647e-01
1.527178249421373948e+03 4.770039629095626879e+02 7.327660730942449074e-01
1.527199082498348616e+03 4.749271141457793988e+02 7.329124333742107478e-01
1.527219915574855349e+03 4.754757277824414814e+02 7.326534871419243533e-01
1.527240748650955538e+03 4.755631309889622571e+02 7.334005912007532935e-01
1.527261581726532540e+03 4.760445156416315626e+02 7.337053370489237114e-01
1.527282414801700952e+03 4.756999081364384097e+02 7.331922218353459364e-01
1.527303247876345495e+03 4.758270333108326327e+02 7.327553765455319112e-01
1.527324080950582356e+03 4.764490715232531102e+02 7.335784325508734049e-01
1.527344914024296486e+03 4.760443848511621923e+02 7.324132486471167658e-01
1.527365747097544954e+03 4.740104116878203513e+02 7.329043820818929023e-01
1.527386580170269553e+03 4.756062748308148684e+02 7.330125385216434974e-01
1.527407413242586472e+03 4.752254312125526212e+02 7.319746763012832114e-01
1.527428246314378612e+03 4.759426291252043484e+02 7.335872077040792583e-01
1.527449079385647110e+03 4.773404391485446467e+02 7.342246287180150821e-01
1.527469912456449947e+03 4.746756349982131837e+02 7.324921027529225359e-01
1.527490745526788487e+03 4.752891857502087305e+02 7.332171382388019687e-01
1.527511578596602021e+03 4.763371718243910209e+02 7.329014949807799439e-01
1.527532411665891686e+03 4.760882894581941969e+02 7.327433376575530621e-01
1.527553244734715463e+03 4.763727243702732039e+02 7.325194026864013663e-01
1.527574077802958527e+03 4.764553916934350468e+02 7.328672555341528838e-01
1.527594910870735021e+03 4.771944162278663839e+02 7.328203261878661889e-01
1.527615743937986508e+03 4.774507881523530273e+02 7.344207343612119132e-01
1.527636577004715491e+03 4.773307357166282827e+02 7.332881839537344071e-01
1.527657410070920832e+03 4.774190548304798085e+02 7.333966901532321669e-01
1.527678243136602305e+03 4.776922207846717470e+02 7.334419979157456027e-01
1.527699076201759453e+03 4.773507169957153451e+02 7.336814933522526339e-01
1.527719909266392506e+03 4.788777632421685553e+02 7.345346723621637430e-01
1.527740742330443027e+03 4.769112389352054606e+02 7.356093563986610961e-01
1.527761575393912153e+03 4.765345481014551865e+02 7.336821432758929840e-01
1.527782408456915618e+03 4.762450427058586229e+02 7.343295874656667888e-01
1.527803241519337462e+03 4.778781673126649139e+02 7.341749040428018347e-01
1.527824074581176319e+03 4.772544635696867203e+02 7.332515645678658878e-01
1.527844907642433554e+03 4.773593781966746405e+02 7.337216656752575394e-01
1.527865740703166466e+03 4.768092327103388470e+02 7.340648889157660451e-01
1.527886573763317529e+03 4.764036932102807214e+02 7.320964446293204420e-01
1.527907406822886969e+03 4.780104370337837167e+02 7.329762712986036544e-01
1.527928239881874106e+03 4.771994100885563626e+02 7.340536022986798859e-01
1.527949072940279621e+03 4.746726485787602883e+02 7.324388425768987299e-01
1.527969905998103513e+03 4.756638668933992449e+02 7.324337564140459556e-01
1.527990739055284848e+03 4.746289483850981128e+02 7.335228135137303873e-01
1.528011572111942996e+03 4.765275006855147240e+02 7.347631443271812612e-01
1.528032405167903562e+03 4.780736312582532719e+02 7.327988938489835569e-01
1.528053238223340031e+03 4.779233889566177140e+02 7.329969259460438202e-01
1.528074071278078463e+03 4.752482573837862105e+02 7.335139969606460086e-01
1.528094904332234364e+03 4.772365290985715660e+02 7.340883547799925690e-01
1.528115737385807506e+03 4.778072364632075164e+02 7.394129641952632559e-01
1.528136570438681929e+03 4.785160380209144932e+02 7.351655560187223548e-01
1.528157403490917659e+03 4.759524098614916738e+02 7.340513287145259413e-01
1.528178236542571540e+03 4.793263625867077167e+02 7.340592862282562248e-01
1.528199069593525564e+03 4.780782237585158896e+02 7.361289243122266512e-01
1.528219902643839305e+03 4.766747225238087822e+02 7.343989429223175547e-01
1.528240735693454553e+03 4.788525650348238969e+02 7.339585523544563950e-01
1.528261568742429517e+03 4.810916850289261788e+02 7.357786845488346605e-01
1.528282401790765562e+03 4.787649053079666714e+02 7.356390929188834082e-01
1.528303234838401522e+03 4.785160250649567502e+02 7.357301180917686922e-01
1.528324067885339900e+03 4.800410624666469630e+02 7.342788146316645559e-01
1.528344900931579559e+03 4.777967318004672279e+02 7.339964357596191480e-01
1.528365733977120499e+03 4.795517997287790308e+02 7.362146264793069106e-01
1.528386567021962946e+03 4.787597663927294320e+02 7.344713756548594263e-01
1.528407400066107584e+03 4.782892624918300726e+02 7.332655053487660002e-01
1.528428233109494613e+03 4.804259153251424550e+02 7.371999501999845217e-01
1.528449066152183605e+03 4.782553679161392779e+02 7.336851897852826321e-01
1.528469899194173649e+03 4.806557845715492476e+02 7.346189783513862315e-01
1.528490732235349014e+03 4.803728312385370600e+02 7.341740921834287725e-01
1.528511565275826342e+03 4.791929700025426087e+02 7.352461416356638191e-01
1.528532398315546516e+03 4.797478122429542395e+02 7.341073948694399887e-01
1.528553231354509535e+03 4.798772103011849595e+02 7.343372578763512903e-01
1.528574064392716537e+03 4.806622410596244208e+02 7.346722021745342168e-01
1.528594897430108631e+03 4.799715297097553162e+02 7.358057410343599170e-01
1.536886471142896426e+03 4.898825463665490929e+02 7.352692455404704619e-01
1.536907304223187566e+03 4.892840489005436666e+02 7.351353949447708702e-01
1.536928137303186531e+03 4.896794876182648864e+02 7.370429578655485203e-01
1.536948970382952439e+03 4.884892735578890210e+02 7.354968004811893723e-01
1.536969803462427080e+03 4.887197951087720753e+02 7.355654786563604608e-01
1.536990636541611821e+03 4.885269178183154395e+02 7.365050975910610864e-01
1.537011469620564412e+03 4.883904786446948947e+02 7.353182477357582680e-01
1.537032302699281900e+03 4.875385944638994147e+02 7.361169405972276536e-01
1.537053135777709485e+03 4.855645288824495083e+02 7.353021572178407572e-01
1.537073968855846488e+03 4.870285281995785454e+02 7.352459389666200495e-01
1.537094801933751114e+03 4.853101100181701213e+02 7.342851867946894595e-01
1.537115635011362883e+03 4.854508126682002285e+02 7.350639601534753043e-01
1.537136468088684069e+03 4.849923315023239070e+02 7.347515033863596390e-01
1.537157301165773333e+03 4.853290890268953603e+02 7.344078300117879987e-01
1.537178134242571559e+03 4.863437017012556680e+02 7.351165841860924921e-01
1.537198967319136955e+03 4.862946627104502113e+02 7.368448806832323950e-01
1.537219800395409948e+03 4.857577546084921210e+02 7.402094129716805249e-01
1.537240633471392812e+03 4.862408952178289496e+02 7.360401349268146376e-01
1.537261466547143073e+03 4.858658332282229821e+02 7.348103957298981470e-01
1.537282299622602523e+03 4.850250142732544418e+02 7.371580672846714810e-01
1.537303132697770025e+03 4.871806243330212283e+02 7.351358003437541422e-01
1.537323965772705378e+03 4.849236470072870588e+02 7.346849396213585015e-01
1.537344798847349466e+03 4.851846899588819042e+02 7.350874346673563764e-01
1.537365631921760041e+03 4.854925635073892067e+02 7.365097914599726403e-01
1.537386464995822507e+03 4.861805477810695493e+02 7.369138780841854031e-01
1.537407298069652370e+03 4.853799797292667790e+02 7.362626347647753811e-01
1.537428131143190512e+03 4.840125369062664618e+02 7.346224672261835176e-01
1.537448964216494915e+03 4.843102475584219633e+02 7.364689618916970826e-01
1.537469797289509643e+03 4.843994855799273296e+02 7.352780815788089175e-01
1.537490630362233333e+03 4.846547603270461764e+02 7.354068811286101903e-01
1.537511463434665984e+03 4.866776825699535038e+02 7.357286193260876850e-01
1.537532296506864441e+03 4.837905635716095389e+02 7.355870734771146058e-01
1.537553129578772541e+03 4.864489017176801440e+02 7.358846771008286103e-01
1.537573962650390513e+03 4.843534146292065543e+02 7.346581258219653243e-01
1.537594795721717446e+03 4.856902044084050090e+02 7.360593674625381944e-01
1.537615628792751977e+03 4.857828397454037486e+02 7.357278496884703811e-01
1.537636461863553905e+03 4.842005952889412015e+02 7.364837724823417586e-01
1.537657294934064566e+03 4.841459347137410987e+02 7.353262725979886616e-01
1.537678128004286009e+03 4.847255106595852681e+02 7.359010383660835597e-01
1.537698961074215958e+03 4.837125041546987063e+02 7.378731866394538930e-01
1.537719794143911486e+03 4.823163403278104511e+02 7.347098459652839919e-01
1.537740627213257994e+03 4.838756339302777860e+02 7.365178033395241020e-01
1.537761460282372809e+03 4.833624457512332242e+02 7.361859657406981672e-01
1.537782293351197495e+03 4.822803535218332627e+02 7.353460912006990480e-01
1.537803126419728869e+03 4.836444188812793641e+02 7.359056955904262898e-01
1.537823959487969432e+03 4.824464825060618409e+02 7.352495870008608492e-01
1.537844792555919412e+03 4.831812071672903812e+02 7.352706236451820310e-01
1.537865625623579035e+03 4.824600766547143849e+02 7.356959697808478360e-01
1.537886458690948075e+03 4.814203295197732473e+02 7.358184588589654629e-01
1.537907291758082465e+03 4.817639514147670639e+02 7.367440422627534735e-01
1.537928124824868064e+03 4.807670100152370196e+02 7.374190286055427590e-01
1.537948957891362397e+03 4.821852982797544769e+02 7.361150782456250541e-01
1.537969790957625492e+03 4.833922687493926560e+02 7.356183504048771082e-01
1.537990624023539567e+03 4.821857703184850266e+02 7.350460395536589919e-01
1.538011457089218993e+03 4.807373147976365431e+02 7.353616539008139830e-01
1.538032290154548946e+03 4.805474090563129153e+02 7.346465643508324206e-01
1.538053123219647659e+03 4.804515002727197839e+02 7.356195252894603964e-01
1.538073956284396445e+03 4.811897641837035735e+02 7.345146695691767702e-01
1.538094789348912855e+03 4.812254061517649575e+02 7.366621640946658944e-01
1.538115622413079109e+03 4.801849667024589507e+02 7.348496141144984506e-01
1.538136455476953870e+03 4.798144147275070850e+02 7.342547054380282878e-01
1.538157288540538502e+03 4.796909615524977539e+02 7.344889450955196519e-01
1.538178121603833006e+03 4.801709347076841254e+02 7.393038897850215951e-01
1.538198954666836016e+03 4.811025952526482570e+02 7.351393273054758204e-01
1.538219787729546397e+03 4.818206870872303398e+02 7.345527271538212499e-01
1.538240620791966421e+03 4.798742558572265580e+02 7.346713097336758924e-01
1.538261453854037427e+03 4.812810602619613292e+02 7.349481172480045732e-01
1.538282286915876512e+03 4.787319889966650521e+02 7.378188203818025759e-01
1.538303119977365441e+03 4.802539278366353983e+02 7.342249128493397725e-01
1.538323953038564014e+03 4.803218459212818630e+02 7.343717128598930000e-01
1.538344786099470412e+03 4.797554787229569229e+02 7.357223811874801234e-01
1.538365619160028473e+03 4.785237822637593013e+02 7.350521617986579548e-01
1.538386452220353476e+03 4.802767751376122192e+02 7.345007524973401480e-01
1.538407285280328551e+03 4.791261693113046931e+02 7.351371786986251600e-01
1.538428118340013498e+03 4.787081201008534777e+02 7.345045665315960148e-01
1.538448951399349426e+03 4.799944237079163258e+02 7.346375990146341017e-01
1.538469784458452068e+03 4.808815904370349585e+02 7.353242461258929774e-01
1.538490617517205010e+03 4.804881428710415321e+02 7.346279439148294399e-01
1.538511450575608478e+03 4.798507270846185975e+02 7.346920789854207712e-01
1.538532283633720908e+03 4.797329540300581812e+02 7.349660807847000488e-01
1.538553116691543892e+03 4.794721644743584079e+02 7.352537619511704259e-01
1.538573949749075382e+03 4.791807492201536434e+02 7.345851840902704044e-01
1.538594782806256944e+03 4.802858950998588057e+02 7.362170148238270651e-01
1.538615615863147013e+03 4.781531619970574525e+02 7.352124978092844376e-01
1.538636448919688064e+03 4.797517803956641842e+02 7.357780364771002724e-01
1.538657281975938531e+03 4.782794241731928651e+02 7.345126814322016084e-01
1.538678115031840662e+03 4.802766089769744440e+02 7.347515033863596390e-01
1.538698948087450390e+03 4.788707809152874120e+02 7.354492689980355324e-01
1.538719781142710872e+03 4.792131014140098273e+02 7.347607512568458121e-01
1.538740614197680998e+03 4.782932494712489415e+02 7.344891885490200112e-01
1.538761447252360085e+03 4.774493266103043538e+02 7.340346420153195384e-01
1.538782280306631037e+03 4.778819176807706981e+02 7.341165696616002156e-01
1.538803113360668476e+03 4.783965371243604068e+02 7.339539639850647390e-01
1.538823946414299826e+03 4.773899028861297893e+02 7.349721225979212180e-01
1.538844779467640365e+03 4.775388920003682074e+02 7.351621913365790073e-01
1.538865612520631430e+03 4.768389625568727297e+02 7.348895603689924449e-01
1.538886445573331002e+03 4.775831986406630563e+02 7.341842809534949721e-01
1.538907278625681101e+03 4.791870465916013586e+02 7.363456906113107214e-01
1.538928111677681500e+03 4.793847771130443220e+02 7.353755952066557411e-01
1.538948944729391314e+03 4.779352098535588880e+02 7.338978455005233936e-01
1.538969777780753475e+03 4.790036082835419506e+02 7.357332776418505915e-01
1.538990610831765480e+03 4.786700473912654274e+02 7.340228677170579363e-01
1.539011443882427557e+03 4.797545757699669480e+02 7.372721885946011966e-01
1.539032276932798595e+03 4.777511182696558762e+02 7.336283195239811095e-01
1.539053109982820388e+03 4.779719849726022289e+02 7.339198548532246402e-01
1.539073943032435409e+03 4.790589013552279880e+02 7.341471785370258241e-01
1.539094776081758482e+03 4.794843088785671625e+02 7.357899042002522538e-01
1.539115609130732992e+03 4.786794823000127508e+02 7.340181985464830916e-01
1.539136442179416917e+03 4.783317957587859155e+02 7.363451239852283337e-01
1.539157275227694072e+03 4.804784704440700693e+02 7.348900875639248209e-01
1.539178108275619934e+03 4.811217740492745634e+02 7.360482328978438238e-01
1.539198941323197005e+03 4.797218144900959373e+02 7.349159602043486839e-01
1.539219774370483037e+03 4.797536292833582365e+02 7.351818522131220446e-01
1.539240607417361389e+03 4.796367543099721615e+02 7.345656695291439275e-01
1.539261440463891404e+03 4.780702427930467024e+02 7.355892612847497736e-01
1.539282273510071946e+03 4.787017433125332104e+02 7.343350663386170041e-01
1.539303106555902559e+03 4.774690982857702579e+02 7.379714073441844269e-01
1.539323939601384609e+03 4.800419592914763030e+02 7.356613337538538966e-01
1.539344772646459660e+03 4.774182199417015227e+02 7.337888041930649141e-01
1.539365605691243445e+03 4.795996175973053823e+02 7.347503271137870717e-01
1.539386438735618867e+03 4.773065304108652072e+02 7.340931452967529580e-01
1.539407271779645498e+03 4.798343119512137491e+02 7.344028386460089708e-01
1.539428104823322883e+03 4.775376208546446151e+02 7.340777992937496110e-01
1.539448937866593042e+03 4.792618718629273076e+02 7.344204097262708730e-01
1.539469770909513500e+03 4.775183961221724189e+02 7.344477597168380667e-01
1.539490603952084484e+03 4.786509081022218766e+02 7.341313871147712167e-01
1.539511436994248015e+03 4.791500152262939309e+02 7.350327407265835333e-01
1.539532270036063892e+03 4.774855586500007689e+02 7.352300090050120085e-01
1.539553103077471860e+03 4.777973560470229017e+02 7.343232156879330175e-01
1.539573936118530128e+03 4.764001222446265729e+02 7.340957435300556888e-01
1.539594769159238467e+03 4.777930198755334459e+02 7.344285255567479798e-01
1.539615602199481145e+03 4.790619205281183213e+02 7.372382329840618809e-01
1.539636435239433467e+03 4.786062605874869860e+02 7.348669311838343932e-01
1.539657268278920128e+03 4.776701622703553198e+02 7.346625475294921159e-01
1.539698934356786594e+03 4.786637453046017754e+02 7.342657048484696469e-01
1.539719767395166400e+03 4.778096972100586299e+02 7.332605062070871593e-01
1.539740600433139662e+03 4.795527876251765065e+02 7.338317728698182663e-01
1.539761433470705470e+03 4.784258784386597654e+02 7.344321776512031663e-01
1.539782266507864506e+03 4.787618887415140989e+02 7.348022030005658678e-01
1.539803099544614952e+03 4.786241651232667778e+02 7.338246657481777291e-01
1.539823932581016379e+03 4.780869465280149484e+02 7.342579525136024854e-01
1.539844765616953055e+03 4.803479636284365029e+02 7.354543343065848005e-01
1.539865598652539120e+03 4.798884152215445624e+02 7.350836236573536908e-01
1.539886431687659524e+03 4.793625092936939609e+02 7.351368138402343266e-01
1.539907264722431137e+03 4.799571605449566505e+02 7.353126545981695239e-01
1.539928097756737316e+03 4.797450706456857574e+02 7.355830219643112455e-01
1.539948930790636041e+03 4.806001072912002314e+02 7.355860606010058422e-01
1.539969763824126403e+03 4.801311530151996294e+02 7.353837004955292578e-01
1.539990596857209994e+03 4.799973204439946244e+02 7.354704620166349072e-01
1.540011429889885449e+03 4.804252310180311838e+02 7.373274035459663756e-01
1.540032262922096379e+03 4.808861487558972385e+02 7.351205166474213959e-01
1.540053095953899401e+03 4.800388050360469379e+02 7.364330267616149284e-01
1.540073928985294970e+03 4.829557832215603526e+02 7.356028741638306334e-01
1.540094762016225559e+03 4.792790860190883109e+02 7.350937592786513930e-01
1.540115595046748695e+03 4.812909098783594004e+02 7.353754736266425729e-01
1.540136428076805487e+03 4.805734023380732651e+02 7.357146847098190445e-01
1.540157261106396618e+03 4.800161361618850719e+02 7.350194416588901047e-01
1.540178094135579613e+03 4.795121585722455961e+02 7.352647058831518478e-01
1.540198927164296947e+03 4.796162220448064204e+02 7.340588396353826539e-01
1.540219760192608646e+03 4.800299021601375102e+02 7.359132280821955030e-01
1.540240593220453547e+03 4.798864405025366864e+02 7.349058221308945038e-01
1.540261426247831878e+03 4.811502422506253538e+02 7.360901384744813480e-01
1.540282259274745456e+03 4.807394798690526727e+02 7.347850060834802965e-01
1.540303092301192919e+03 4.816419424415838648e+02 7.353186530339304028e-01
1.540323925327175402e+03 4.812817045920282339e+02 7.379704785089484798e-01
1.540344758352692452e+03 4.807872441941905208e+02 7.348608885057599238e-01
1.540365591377801138e+03 4.791369052127921009e+02 7.355010955874998757e-01
1.540386424402385956e+03 4.794545872019950252e+02 7.350198471218273299e-01
1.540407257426446904e+03 4.802167785527062733e+02 7.369618003785084470e-01
1.540428090450101536e+03 4.809265470275441885e+02 7.350717039878913450e-01
1.540448923473232071e+03 4.788231160359076739e+02 7.350867859861980325e-01
1.540469756495896036e+03 4.800024954370816772e+02 7.353679356265683253e-01
1.540490589518035904e+03 4.789194930468252096e+02 7.366821085777166545e-01
1.540511422539711475e+03 4.783887031145305286e+02 7.365509424609739675e-01
1.540532255560920476e+03 4.804421520306626689e+02 7.371433915303173823e-01
1.540553088581606062e+03 4.799546433954066060e+02 7.358746333716678079e-01
1.540573921601766870e+03 4.783115573738878652e+02 7.357566497896269597e-01
1.540594754621404036e+03 4.813050154583044105e+02 7.357667761395927375e-01
1.540615587640518697e+03 4.801363026831209027e+02 7.373502805646575675e-01
1.540636420659166561e+03 4.796996941315144340e+02 7.355468814827568202e-01
1.540657253677290555e+03 4.796044811354245212e+02 7.359331928621182239e-01
1.540678086694890453e+03 4.780960290644032966e+02 7.363480785307243703e-01
1.540698919711908502e+03 4.805932029638765357e+02 7.361497738919270395e-01
1.540719752728461572e+03 4.793230517433807449e+02 7.348878976748054459e-01
1.540740585744431883e+03 4.807342437163305249e+02 7.352095387002935967e-01
1.540761418759878552e+03 4.808991610917723847e+02 7.360979120002840714e-01
1.540782251774742463e+03 4.809837898054781817e+02 7.372617595377649602e-01
1.540803084789083641e+03 4.798791973123909997e+02 7.366220307600223061e-01
1.540823917802900951e+03 4.807993800500394173e+02 7.360728501826854231e-01
1.540844750816135047e+03 4.816620756582942704e+02 7.364135206977745485e-01
1.540865583828787521e+03 4.816718352021986789e+02 7.365041264420341127e-01
1.540886416840915899e+03 4.823045214013910709e+02 7.393585902349574246e-01
1.540907249852404675e+03 4.807100005664649416e+02 7.359148074658531380e-01
1.540928082863370037e+03 4.793004711377873832e+02 7.370592529851593966e-01
1.540948915873693977e+03 4.809523212871865780e+02 7.353401335173844755e-01
1.540969748883494049e+03 4.827353570680581356e+02 7.367620024620855634e-01
1.540990581892654063e+03 4.807089119444465268e+02 7.367738543358208769e-01
1.541011414901232456e+03 4.816182221144800906e+02 7.374726969304042923e-01
1.541032247909229000e+03 4.805700873361382151e+02 7.377289416682589751e-01
1.541053080916583895e+03 4.815478070004039637e+02 7.366949326355547445e-01
1.541073913923357395e+03 4.816062996060591672e+02 7.364842176047727840e-01
1.541094746929491521e+03 4.808043200919018432e+02 7.356919593769863930e-01
1.541115579934984453e+03 4.807426759077818019e+02 7.390603289259782827e-01
1.541136412939837101e+03 4.798240940517643480e+02 7.353820389185898865e-01
1.541157245944049464e+03 4.806360152410549063e+02 7.367091318839618097e-01
1.541178078947679523e+03 4.802395329978124892e+02 7.359233927741365422e-01
1.541198911950611546e+03 4.794160326754094967e+02 7.354840770945397788e-01
1.541219744952903966e+03 4.809664484023322188e+02 7.357691659378581273e-01
1.541240577954496985e+03 4.800120126731923733e+02 7.365665606264190091e-01
1.541261410955449492e+03 4.804864963594099549e+02 7.354948960392329038e-01
1.541282243955761487e+03 4.804429160576398203e+02 7.357359510967066418e-01
1.541303076955318375e+03 4.809214403409759484e+02 7.354828209520728466e-01
1.541323909954234068e+03 4.798724352711338952e+02 7.374048430266959553e-01
1.541344742952509023e+03 4.805164688889885838e+02 7.352047959939187471e-01
1.541365575950027505e+03 4.805023188375877226e+02 7.358220635527097375e-01
1.541386408946789061e+03 4.799659661040264496e+02 7.352059310033572936e-01
1.541407241942911014e+03 4.793655171262812473e+02 7.364341194096606369e-01
1.541428074938276495e+03 4.785704110006189467e+02 7.350871103268488138e-01
1.541448907932942575e+03 4.793753536420289834e+02 7.351081516207769173e-01
1.541469740926909935e+03 4.780936292472472360e+02 7.342186619347980114e-01
1.541490573920063525e+03 4.788812662090791150e+02 7.345282617900530386e-01
1.541511406912518396e+03 4.781727588647653420e+02 7.342234110110926748e-01
1.541532239904216112e+03 4.774630026223106256e+02 7.349270713722201309e-01
1.541553072895128025e+03 4.753023216469641170e+02 7.330697004790868165e-01
1.541573905885311888e+03 4.766729627066847570e+02 7.336835243617171320e-01
1.541594738874682662e+03 4.770564068575358192e+02 7.346074568331839583e-01
1.541615571863324021e+03 4.755877979591792837e+02 7.336580144746674970e-01
1.541636404851150019e+03 4.759231306097419747e+02 7.344474756717248587e-01
1.541657237838191122e+03 4.745520490575624990e+02 7.334517092602225175e-01
1.541678070824416864e+03 4.756203892192676790e+02 7.332161220888279152e-01
1.541698903809857484e+03 4.733182466548043976e+02 7.321963764194788782e-01
1.541719736794512983e+03 4.753721872539570086e+02 7.332196989304905488e-01
1.541740569778323561e+03 4.739856773370350993e+02 7.329480531820314892e-01
1.541761402761319005e+03 4.738705011313805358e+02 7.325542686331264486e-01
1.541782235743500678e+03 4.728109440197999902e+02 7.326885907598555958e-01
1.541803068724866534e+03 4.722650155601211281e+02 7.326174868992656464e-01
1.541823901705387925e+03 4.723433270184909816e+02 7.313624743828427421e-01
1.541844734685065987e+03 4.702513642102455833e+02 7.334739757906062474e-01
1.541865567663899583e+03 4.707858089046164309e+02 7.329045040718303872e-01
1.541886400641919408e+03 4.708736199379043228e+02 7.322130236082450283e-01
1.541907233619094541e+03 4.711215691322279326e+02 7.318758544135053334e-01
1.541928066595424980e+03 4.706490687680945371e+02 7.320278888246607440e-01
1.541948899570910498e+03 4.695755249432415326e+02 7.323599013494135335e-01
1.541969732545582474e+03 4.707476228444999151e+02 7.318502815170461195e-01
1.541990565519411120e+03 4.687473564423816015e+02 7.310648643036022909e-01
