1.492136673721020088e+03 1.573711981696442876e+02 6.859737056483485862e-01
1.492157506915928025e+03 1.583556845164463027e+02 6.858602171789626167e-01
1.492178340110835961e+03 1.581950474626684127e+02 6.870763296885011862e-01
1.492199173305568820e+03 1.585083552488734142e+02 6.893051247966150985e-01
1.492220006500243926e+03 1.586939563784398217e+02 6.877961821225784256e-01
1.492240839694802617e+03 1.592037556247571217e+02 6.887003217113414344e-01
1.492261672889244437e+03 1.578919769070282939e+02 6.862662472564780014e-01
1.492282506083570979e+03 1.573061484564150589e+02 6.863685747970273976e-01
1.492303339277721989e+03 1.591522640671201430e+02 6.866159390334838353e-01
1.492324172471755901e+03 1.585181554028441724e+02 6.862502008795661190e-01
1.492345005665674989e+03 1.609551837799198211e+02 6.883408432967242918e-01
1.492365838859418091e+03 1.565185033205982563e+02 6.865249785708499308e-01
1.492386672053045459e+03 1.596152966850580128e+02 6.870163603560107690e-01
1.492407505246439996e+03 1.567869353831989088e+02 6.861997793752637742e-01
1.492428338439719028e+03 1.589838319788765943e+02 6.875588218494183002e-01
1.492449171632822981e+03 1.558261702907696247e+02 6.866752489218744815e-01
1.492470004825751403e+03 1.581447123066077722e+02 6.874641279051936227e-01
1.492490838018506111e+03 1.608797935314350696e+02 6.865847086797934873e-01
1.492511671211085513e+03 1.581813123794346438e+02 6.863378325434214000e-01
1.492532504403432085e+03 1.589194189417182201e+02 6.880353663774849693e-01
1.492553337595662924e+03 1.580836452282920277e+02 6.879838627929887318e-01
1.492574170787602498e+03 1.585997341546534471e+02 6.870443177775199528e-01
1.492595003979424973e+03 1.591015619279033331e+02 6.869919373484754122e-01
1.492615837171015073e+03 1.571647819913228545e+02 6.865567542466401996e-01
1.492636670362430550e+03 1.608280469676232087e+02 6.869325029567819874e-01
1.492657503553612969e+03 1.575525487863279466e+02 6.867051731889682875e-01
1.492678336744563012e+03 1.596482895687568373e+02 6.874034336936082346e-01
1.492699169935337977e+03 1.558125004740427642e+02 6.870530799935492539e-01
1.492720003125879884e+03 1.571770832813684251e+02 6.872263060156059700e-01
1.492740836316248078e+03 1.603641791207007259e+02 6.880111744674594076e-01
1.492761669506382987e+03 1.609071256697544925e+02 6.875018423229154463e-01
1.492782502696284610e+03 1.603471485880197633e+02 6.879883462270972583e-01
1.492803335885953857e+03 1.599115597406592713e+02 6.881788326968640845e-01
1.492824169075390046e+03 1.583106016322591643e+02 6.878499310927048693e-01
1.492845002264652067e+03 1.598168382411391804e+02 6.899863496411478003e-01
1.492865835453622367e+03 1.607630737868097128e+02 6.886301072340339502e-01
1.492886668642418499e+03 1.623811741293190209e+02 6.881113152178313097e-01
1.492907501830981573e+03 1.604250374824102892e+02 6.882826078750085008e-01
1.492928335019254519e+03 1.610652323158982995e+02 6.881291371843940574e-01
1.492949168207353068e+03 1.593571441745017125e+02 6.897647358798639772e-01
1.492970001395217423e+03 1.599347042928529845e+02 6.881037358698017803e-01
1.492990834582790967e+03 1.590991434851150927e+02 6.891538494568033579e-01
1.493011667770189888e+03 1.612228171738582319e+02 6.891580225676482430e-01
1.493032500957298453e+03 1.601196534283498067e+02 6.885242418593817693e-01
1.493053334144231485e+03 1.621874424300556257e+02 6.890429824867594366e-01
1.493074167330873934e+03 1.635173356417091668e+02 6.903225223406033173e-01
1.493095000517283552e+03 1.622490370585560413e+02 6.889690828902628184e-01
1.493115833703459884e+03 1.613768595154245702e+02 6.885894466410232839e-01
1.493136666889403841e+03 1.618903169824292263e+02 6.889888075264122280e-01
1.493157500075114967e+03 1.635427909143010936e+02 6.889761769033767580e-01
1.493178333260535055e+03 1.592905354712877681e+02 6.884425810956696923e-01
1.493199166445780520e+03 1.597173214634122758e+02 6.911648474355757132e-01
1.493219999630734947e+03 1.584319526125373443e+02 6.880380519085961266e-01
1.493240832815397880e+03 1.609158269280711693e+02 6.879957319171613461e-01
1.493261665999887100e+03 1.610282120009966036e+02 6.887978311466337322e-01
1.493282499184083917e+03 1.599245865467886176e+02 6.882107268801435085e-01
1.493303332368107021e+03 1.613667395634190882e+02 6.873932452113860059e-01
1.493324165551780879e+03 1.619564416729641039e+02 6.884596369401108085e-01
1.493344998735280114e+03 1.597453364781201799e+02 6.876071716352347707e-01
1.493365831918488539e+03 1.592579413611866812e+02 6.879206367630733565e-01
1.493386665101463450e+03 1.603404177813441152e+02 6.885243067858995980e-01
1.493407498284205985e+03 1.594122200566608001e+02 6.882339807704498380e-01
1.493428331466715917e+03 1.593064708295277114e+02 6.885624608772781263e-01
1.493449164648934129e+03 1.606078835062223789e+02 6.882467765704907148e-01
1.493469997830920420e+03 1.591504628256064109e+02 6.881712107859045968e-01
1.493490831012616127e+03 1.587905087309433156e+02 6.876292757387825194e-01
1.493511664194078094e+03 1.605032765779814952e+02 6.895644662663579227e-01
1.493532497375308139e+03 1.592887203545001853e+02 6.894108702595265203e-01
1.493553330556303990e+03 1.588970400046631823e+02 6.873420403821963731e-01
1.493574163737009030e+03 1.625227311074802401e+02 6.890663596670133506e-01
1.493594996917481467e+03 1.606666044527046608e+02 6.881570710513834621e-01
1.493615830097663093e+03 1.602496020525026381e+02 6.877529589243739361e-01
1.493636663277610978e+03 1.586637561115338144e+02 6.873188647157361109e-01
1.493657496457326943e+03 1.610854192795768540e+02 6.889334386944466759e-01
1.493678329636809394e+03 1.586541660280857684e+02 6.877279770603480502e-01
1.493699162816001490e+03 1.587966327846469028e+02 6.877205451598341623e-01
1.493719995994960527e+03 1.575147612346018207e+02 6.886039453716412684e-01
1.493740829173627844e+03 1.573278941682615368e+02 6.876541311712024429e-01
1.493761662352063468e+03 1.612414970700029926e+02 6.882631228048424754e-01
1.493782495530265578e+03 1.584262564932072905e+02 6.881097560444857653e-01
1.493803328708176423e+03 1.598506821536371092e+02 6.874784336175384647e-01
1.493824161885855119e+03 1.585129230829124651e+02 6.878405724446380320e-01
1.493844995063242550e+03 1.587976886843910904e+02 6.891360323676907207e-01
1.493865828240454903e+03 1.599925878548203286e+02 6.882203836189977331e-01
1.493886661417377127e+03 1.581588869091744414e+02 6.873863949980142385e-01
1.493907494594007403e+03 1.581394908444437704e+02 6.873198186407208921e-01
1.493928327770405531e+03 1.608111746893829945e+02 6.883420988760923231e-01
1.493949160946569918e+03 1.592459095293274913e+02 6.886864957593544778e-01
1.493969994122443950e+03 1.592724240260811541e+02 6.882621052360223812e-01
1.493990827298085151e+03 1.610626063103917716e+02 6.881937298245467405e-01
1.494011660473493521e+03 1.583482228145304873e+02 6.895760920932886284e-01
1.494032493648610853e+03 1.572967407576394692e+02 6.902877035734312772e-01
1.494053326823494899e+03 1.563692765732578493e+02 6.879189688514836254e-01
1.494074159998088817e+03 1.590948706383842364e+02 6.888749072705245835e-01
1.494094993172449904e+03 1.596497349625788900e+02 6.881321038581951210e-01
1.494115826346578160e+03 1.605414914332699254e+02 6.873795880728029717e-01
1.494136659520414923e+03 1.560196972042994901e+02 6.891190365111721228e-01
1.494157492694018856e+03 1.578325966685201251e+02 6.874107172819500233e-01
1.494178325867389958e+03 1.571181492394377983e+02 6.870274003115999228e-01
1.494511656606343877e+03 1.610782435909324022e+02 6.892354475691319093e-01
1.494532489775348949e+03 1.602232756419546149e+02 6.898587252243225665e-01
1.494553322944122101e+03 1.603800359621799032e+02 6.887723895897530646e-01
1.494574156112603532e+03 1.616146349286597115e+02 6.895394852019185450e-01
1.494594989280852133e+03 1.616334884505711500e+02 6.913223862299353595e-01
1.494615822448868130e+03 1.621571235771393447e+02 6.889005829752563592e-01
1.494636655616650842e+03 1.615008643086723907e+02 6.897704607178037906e-01
1.494657488784142970e+03 1.620766469634770033e+02 6.897653407706459960e-01
1.494678321951402040e+03 1.646771539121352532e+02 6.898858546781825307e-01
1.494699155118370527e+03 1.606386338605810806e+02 6.894461007341252667e-01
1.494719988285105956e+03 1.604860869506861150e+02 6.893103130145741275e-01
1.494740821451608099e+03 1.638821521738834690e+02 6.896129347295645307e-01
1.494761654617820113e+03 1.620815594088734315e+02 6.892541052398905022e-01
1.494782487783797933e+03 1.637797811466344911e+02 6.899353804598524764e-01
1.494824154114998919e+03 1.605308640918194385e+02 6.898228461791052757e-01
1.494844987280221176e+03 1.631086008453948182e+02 6.921315887465500083e-01
1.494865820445151940e+03 1.631948693256426566e+02 6.897084787183067611e-01
1.494886653609849873e+03 1.639294732337559992e+02 6.920355610681969694e-01
1.494907486774316112e+03 1.619183024100127852e+02 6.903888523052715831e-01
1.494928319938549066e+03 1.634933785943797204e+02 6.900267551597573101e-01
1.494949153102490072e+03 1.652653502703517461e+02 6.909069478264681097e-01
1.494969986266140495e+03 1.614492002507470261e+02 6.903091174310896916e-01
1.494990819429616067e+03 1.656805717567524709e+02 6.907250232674853052e-01
1.495011652592801056e+03 1.644033109380381745e+02 6.906651765693450074e-01
1.495032485755752987e+03 1.658269298374509901e+02 6.917498106754597087e-01
1.495053318918413424e+03 1.682730182829306216e+02 6.909192843475218115e-01
1.495074152080841486e+03 1.656385685255304452e+02 6.913061769984529814e-01
1.495094985243036490e+03 1.633863973363948787e+02 6.916605810296004853e-01
1.495115818404940455e+03 1.673907983485229920e+02 6.914655584555701173e-01
1.495136651566611818e+03 1.645415618012610537e+02 6.903930827018606164e-01
1.495157484728050576e+03 1.675026540628963687e+02 6.911389755640883203e-01
1.495178317889197842e+03 1.649579303335408440e+02 6.907827939281798724e-01
1.495199151050112505e+03 1.686942944364570849e+02 6.931029584388078701e-01
1.495219984210793882e+03 1.663555500906559814e+02 6.910076177552543220e-01
1.495240817371185130e+03 1.664303126956930896e+02 6.911613332298714996e-01
1.495261650531343093e+03 1.667795083494032440e+02 6.917231636259846272e-01
1.495282483691267998e+03 1.673584935054784637e+02 6.910998856412063907e-01
1.495303316850901865e+03 1.667459853013635893e+02 6.930283306875846261e-01
1.495324150010303129e+03 1.649518823373962846e+02 6.915886417486567517e-01
1.495344983169471107e+03 1.636478164624453484e+02 6.906626738547317901e-01
1.495365816328348501e+03 1.671223652540519993e+02 6.922561465080382392e-01
1.495386649486993065e+03 1.674050024724870411e+02 6.933646188457074366e-01
1.495407482645346590e+03 1.661868387216175051e+02 6.915864871174921547e-01
1.495428315803525038e+03 1.656293438300619130e+02 6.910978588557369351e-01
1.495449148961355149e+03 1.651800595445277509e+02 6.910900535200024120e-01
1.495469982119010638e+03 1.665030984444512399e+02 6.910307343999911867e-01
1.495490815276374633e+03 1.659169311957202240e+02 6.919359021144689814e-01
1.495511648433505570e+03 1.657458746920056569e+02 6.931786529991780244e-01
1.495532481590403449e+03 1.646228653457153257e+02 6.910390363644520750e-01
1.495553314747010972e+03 1.639324465343521808e+02 6.906427812660653753e-01
1.495574147903384983e+03 1.663911886887097751e+02 6.912674845438128157e-01
1.495594981059527072e+03 1.662160533473152100e+02 6.935146963739188264e-01
1.495615814215376986e+03 1.647815640863677800e+02 6.914538135440226885e-01
1.495636647370994979e+03 1.640695385131355977e+02 6.911295752109125612e-01
1.495657480526321478e+03 1.660351613760345231e+02 6.917750781097097290e-01
1.495678313681414920e+03 1.656200374262196817e+02 6.913226879939391445e-01
1.495699146836275986e+03 1.690767175724594154e+02 6.923443739192409740e-01
1.495719979990904449e+03 1.640257528595695078e+02 6.901291512818931162e-01
1.495740813145241418e+03 1.641760213525202801e+02 6.905095595113108775e-01
1.495761646299346012e+03 1.654329507637906147e+02 6.923861483344249113e-01
1.495782479453217093e+03 1.627130450342072265e+02 6.899606063557760516e-01
1.495803312606797590e+03 1.621903203916880614e+02 6.895453415707294420e-01
1.495824145760145029e+03 1.618370877120088664e+02 6.898450304928880339e-01
1.495844978913201430e+03 1.649506921525149323e+02 6.900340974371595992e-01
1.495865812066025455e+03 1.625924834484853534e+02 6.898674300936736836e-01
1.495886645218615968e+03 1.630840968931723864e+02 6.900637248922967260e-01
1.495907478370973877e+03 1.642643212985971672e+02 6.891383460205783296e-01
1.495928311523040975e+03 1.632761189905606045e+02 6.899397432235685468e-01
1.495949144674875470e+03 1.631015377144675256e+02 6.905173066696024264e-01
1.495969977826418926e+03 1.612969660362225852e+02 6.897661184865863104e-01
1.495990810977728870e+03 1.615003954913257473e+02 6.903339627177256244e-01
1.496011644128806438e+03 1.617517473423850447e+02 6.898218309110616397e-01
1.496032477279651175e+03 1.600366357015569463e+02 6.895948053732998684e-01
1.496053310430204419e+03 1.609805672867329633e+02 6.895033734303386286e-01
1.496074143580525515e+03 1.602220774597832076e+02 6.884943750119832950e-01
1.496094976730555118e+03 1.613367310806056025e+02 6.892473167599656447e-01
1.496115809880352117e+03 1.607388133716696927e+02 6.883748730170494712e-01
1.496136643029916058e+03 1.603857782472318547e+02 6.887763703035245655e-01
1.496157476179188961e+03 1.585169188635607327e+02 6.886498848557367491e-01
1.496178309328229489e+03 1.619743739288218194e+02 6.887137795701712140e-01
1.496199142477036958e+03 1.621015115906045025e+02 6.878220930734710858e-01
1.496219975625610914e+03 1.607734431356372795e+02 6.879000583502257182e-01
1.496240808773894969e+03 1.603213772590643202e+02 6.881706694537905733e-01
1.496261641921887531e+03 1.607092243365680702e+02 6.874778267145765787e-01
1.496282475069647035e+03 1.616386546533025808e+02 6.879727298882236664e-01
1.496303308217173935e+03 1.599183688223719741e+02 6.871797943030147904e-01
1.496324141364468005e+03 1.593920026607648026e+02 6.875066756878041030e-01
1.496344974511470582e+03 1.574246298472148169e+02 6.878470715193049090e-01
1.496365807658241010e+03 1.586182548842202777e+02 6.875677725592629352e-01
1.496386640804777926e+03 1.573918326715667035e+02 6.871985294693788715e-01
1.496407473951024031e+03 1.580297309066148159e+02 6.885591065183896964e-01
1.496428307096980006e+03 1.550637033094301387e+02 6.889133447639527175e-01
1.496449140242760450e+03 1.569923010772040470e+02 6.866546765880902070e-01
1.496469973388249855e+03 1.586100630340406212e+02 6.872155728228759308e-01
1.496490806533507111e+03 1.582888044985345175e+02 6.869085325225119387e-01
1.496511639678472875e+03 1.570694324399612753e+02 6.867517170462791309e-01
1.496532472823205580e+03 1.583289132937106274e+02 6.875993050034158172e-01
1.496553305967647020e+03 1.562653062034437710e+02 6.857386263823063155e-01
1.496574139111914519e+03 1.573273997416585814e+02 6.867510661049904819e-01
1.496594972255832090e+03 1.564632086237855333e+02 6.869114610819601063e-01
1.496615805399575947e+03 1.569439183140385126e+02 6.865353535775177152e-01
1.496636638543027857e+03 1.546485373295683985e+02 6.863540505564349470e-01
1.496657471686247391e+03 1.578576495704101887e+02 6.858718406169269644e-01
1.496678304829175886e+03 1.565064751977531898e+02 6.862135034247064391e-01
1.496699137971871551e+03 1.565243794088917468e+02 6.881789626150691674e-01
1.496719971114276177e+03 1.540831089055576513e+02 6.872802946852184514e-01
1.496740804256447518e+03 1.569761853822555793e+02 6.851127097411258138e-01
1.496761637398386483e+03 1.569857685288050391e+02 6.867592245245481841e-01
1.496782470540033955e+03 1.514584173842554264e+02 6.855366154525217581e-01
1.496803303681449052e+03 1.567179952457847492e+02 6.855787612150834320e-01
1.496824136822631544e+03 1.553037088623260900e+02 6.853899436502908227e-01
1.496844969963522999e+03 1.559107444237256175e+02 6.859761385799323374e-01
1.496865803104180941e+03 1.540083232553678272e+02 6.847017953721836747e-01
1.496886636244547844e+03 1.531577090551743083e+02 6.844079536621270332e-01
1.496907469384682372e+03 1.538349077011546058e+02 6.841042710364289015e-01
1.496928302524525861e+03 1.553372320650986751e+02 6.870535571407188069e-01
1.496949135664136520e+03 1.573088578354893343e+02 6.863702464761467503e-01
1.496969968803513893e+03 1.524671181494359757e+02 6.850436284448785385e-01
1.496990801942600910e+03 1.526980273013360261e+02 6.856224474863754637e-01
1.497011635081455097e+03 1.549984993235408695e+02 6.859620187674260183e-01
1.497032468220018018e+03 1.549956556263953189e+02 6.852115995871093101e-01
1.497053301358348108e+03 1.563242206272566932e+02 6.867357471085477894e-01
1.497074134496444913e+03 1.531256782729525412e+02 6.854540118060622467e-01
1.497094967634251134e+03 1.547462078864184036e+02 6.863626261915550808e-01
1.497115800771766089e+03 1.528047527968031147e+02 6.857865395540780895e-01
1.497136633909047987e+03 1.537487210656744878e+02 6.861348687197319496e-01
1.497157467046097963e+03 1.543350257185876160e+02 6.866447374127622183e-01
1.497178300182855992e+03 1.557835069416648253e+02 6.855283990092868596e-01
1.497199133319381417e+03 1.531374680263400307e+02 6.853645495241200702e-01
1.497219966455674466e+03 1.530670492087095340e+02 6.860216241228219713e-01
1.497240799591676023e+03 1.553291816006137083e+02 6.861548485652786411e-01
1.497261632727386996e+03 1.546186125387932009e+02 6.855466359021239464e-01
1.497282465862864456e+03 1.550934952141702183e+02 6.867777107974842865e-01
1.497303298998051105e+03 1.558514742722483106e+02 6.857972733839181601e-01
1.497324132133004923e+03 1.574588441804349372e+02 6.859405126483772985e-01
1.497344965267725911e+03 1.553750915116940234e+02 6.855509831232079465e-01
1.497365798402156997e+03 1.526978786866754660e+02 6.855120745137337490e-01
1.497386631536354571e+03 1.514205944743300165e+02 6.855295293194890727e-01
1.497407464670261106e+03 1.528869427684371090e+02 6.857959045040340484e-01
1.497428297803875921e+03 1.544004423219591047e+02 6.850340356863677815e-01
1.497449130937257905e+03 1.509584856765183645e+02 6.847816173820744368e-01
1.497469964070407968e+03 1.562238478211760366e+02 6.863703767366863273e-01
1.497490797203266084e+03 1.531384002754152505e+02 6.856899275242575031e-01
1.497511630335892050e+03 1.507811336036420755e+02 6.847073449132122791e-01
1.497532463468226069e+03 1.533461671603742786e+02 6.857282610516451937e-01
1.497553296600269960e+03 1.533525893526314121e+02 6.876056113187233310e-01
1.497574129732081019e+03 1.530534570016083649e+02 6.849651422472168294e-01
1.497594962863658566e+03 1.543112723382432421e+02 6.856214477321853629e-01
1.497615795994886867e+03 1.530136457747310317e+02 6.855410279462078593e-01
1.497636629125941454e+03 1.564232727123692825e+02 6.860402171535413540e-01
1.497657462256704093e+03 1.546094214484491545e+02 6.852340636656583106e-01
1.497678295387175922e+03 1.526050861486737062e+02 6.850017978129497864e-01
1.497699128517414920e+03 1.532216632961323910e+02 6.847892334998013641e-01
1.497719961647363561e+03 1.545392629495015342e+02 6.854769027082528998e-01
1.497740794777078918e+03 1.545212750057867197e+02 6.854153803163031133e-01
1.497761627933569571e+03 1.569042201800341161e+02 6.858695811229149619e-01
1.497782461062703078e+03 1.524872931383334844e+02 6.849678180611141753e-01
1.497803294191603072e+03 1.542307885554421034e+02 6.854159238245067787e-01
1.497824127320270463e+03 1.542510386869582817e+02 6.868807648199027893e-01
1.497844960448589063e+03 1.524175480792148107e+02 6.855058576262642589e-01
1.497865793576732585e+03 1.565538273236526550e+02 6.862157617862897352e-01
1.497886626704527089e+03 1.562930047750830624e+02 6.856189918080944912e-01
1.497907459832088534e+03 1.534006112083108633e+02 6.854438160869390506e-01
1.497949126086396973e+03 1.541428854749533173e+02 6.855795436802459841e-01
1.497969959213143511e+03 1.545541805482852453e+02 6.850875010954300404e-01
1.497990792339656991e+03 1.569498915564449817e+02 6.859942115158560449e-01
1.498011625465880115e+03 1.563810907428222379e+02 6.862760182088281091e-01
1.498032458591811064e+03 1.562642214369136298e+02 6.861593656671146624e-01
1.498053291717450975e+03 1.561061585026701550e+02 6.852722269897867369e-01
1.498074124842858964e+03 1.581548333048273207e+02 6.858666481147779326e-01
1.498094957968034123e+03 1.552263505624729305e+02 6.858359485435761016e-01
1.498115791092860036e+03 1.563784160095495963e+02 6.858053127820606942e-01
1.498136624217453118e+03 1.524692058063185414e+02 6.854620552301263769e-01
1.498157457341755162e+03 1.546876865280196114e+02 6.861928086690898265e-01
1.498178290465823920e+03 1.563579117155755682e+02 6.890266547535341957e-01
1.498199123589602095e+03 1.576498039019218993e+02 6.863861163699276347e-01
1.498219956713089005e+03 1.551612869959569139e+02 6.865155801554048143e-01
1.498240789836284875e+03 1.558546321991827597e+02 6.859981431852518741e-01
1.498261622959247916e+03 1.551246101130716681e+02 6.852735969157518481e-01
1.498282456081919918e+03 1.554458052830076156e+02 6.853017776422783980e-01
1.498303289204301564e+03 1.559396942593611186e+02 6.867424302255035196e-01
1.498324122326449924e+03 1.575456542174518120e+02 6.862525894032804885e-01
1.498344955448308156e+03 1.558474211619064533e+02 6.852689435052936595e-01
1.498365788569873985e+03 1.569264283315973216e+02 6.852692914249255418e-01
1.498386621691149003e+03 1.560088361527049585e+02 6.859740097652684554e-01
1.498407454812190963e+03 1.587536479034316983e+02 6.868038771359933348e-01
1.498428287932883904e+03 1.550323834889415764e+02 6.858146774756641584e-01
1.498449121053344470e+03 1.556229387188671467e+02 6.856086246687457253e-01
1.498469954173513997e+03 1.555951596519271334e+02 6.861973472366045268e-01
1.498490787293450467e+03 1.540593846753913851e+02 6.865090684757163553e-01
1.498511620413037463e+03 1.551381106959908607e+02 6.865536505398395217e-01
1.498532453532391628e+03 1.569904279320339811e+02 6.859102291516800953e-01
1.498553286651454982e+03 1.532339410315778991e+02 6.853719852303977733e-01
1.498574119770227071e+03 1.586516528065831722e+02 6.858507444744904591e-01
1.498594952888767011e+03 1.563087326233109025e+02 6.866464084195482709e-01
1.498615786006957023e+03 1.540426456628105711e+02 6.856779532904538899e-01
1.498636619124913977e+03 1.567540255701549938e+02 6.855963447306440139e-01
1.498657452242521913e+03 1.576283879329060653e+02 6.861507874916081828e-01
1.498678285359897018e+03 1.541096205425329515e+02 6.872074631883012819e-01
1.498699118476981539e+03 1.544344865954704744e+02 6.864174643020962696e-01
1.498719951593775022e+03 1.582293460653248758e+02 6.853688979001583137e-01
1.498740784710275875e+03 1.561181138802552937e+02 6.858765985655540520e-01
1.498761617826545034e+03 1.580488273169207787e+02 6.863695951730778289e-01
1.498782450942464948e+03 1.554426254032919701e+02 6.863758042371960189e-01
1.498803284058094050e+03 1.541927415658331029e+02 6.852147528661880482e-01
1.498824117173489867e+03 1.561804390804303750e+02 6.864698451518763678e-01
1.498844950288536893e+03 1.579678208193352020e+02 6.861726561981309480e-01
1.498865783403351088e+03 1.536242796901667873e+02 6.857706340560008051e-01
1.498886616517874018e+03 1.572001648228888087e+02 6.854312505784116993e-01
1.498907449632047928e+03 1.567959241019485148e+02 6.858085936985484077e-01
1.498928282745989009e+03 1.565111431997696911e+02 6.856354441581877790e-01
1.498949115859639051e+03 1.581569184143723135e+02 6.862064025663042743e-01
1.498969948972939619e+03 1.525285872633648694e+02 6.854765983707876709e-01
1.498990782086007130e+03 1.564955712862110602e+02 6.858059863489776031e-01
1.499011615198725849e+03 1.564662117474802869e+02 6.854250981779480556e-01
1.499032448311211965e+03 1.558639490492670632e+02 6.868211689369916328e-01
1.499053281423348380e+03 1.545021200117228943e+02 6.847047768958960390e-01
1.499074114535251965e+03 1.539303762711214745e+02 6.852442625056786030e-01
1.499094947646806531e+03 1.538846160141324901e+02 6.856721073544289613e-01
1.499115780758070059e+03 1.555996310579620570e+02 6.849726475524214875e-01
1.499136613869100984e+03 1.558474690685427504e+02 6.863037452427699359e-01
1.499157446979781980e+03 1.570323805321943382e+02 6.851949195867214071e-01
1.499178280090171938e+03 1.529961733846508594e+02 6.854639682468210982e-01
1.499199113200213105e+03 1.555467769108402649e+02 6.852556571921770701e-01
1.499219946310021442e+03 1.530880833226912046e+02 6.851678436237947922e-01
1.499240779419480532e+03 1.520252453421356904e+02 6.854051840225185988e-01
1.499261612528705882e+03 1.541258147795030027e+02 6.871470715893728265e-01
1.499282445637582896e+03 1.552111236541936137e+02 6.855161176340692775e-01
1.499303278746168871e+03 1.541967652694004300e+02 6.866639862964993846e-01
1.499324111854464036e+03 1.566539602817973389e+02 6.853144107553655884e-01
1.499344944962409045e+03 1.568184936823651014e+02 6.865798905279317799e-01
1.499365778070064152e+03 1.539058787110816979e+02 6.858416844489528819e-01
1.499386611177427085e+03 1.545324112781370332e+02 6.856874283820193483e-01
1.499407444284499888e+03 1.548961930069965547e+02 6.853943570882339298e-01
1.499428277391280972e+03 1.578603324255223015e+02 6.866584959709119973e-01
1.499449110497713491e+03 1.547430170725152720e+02 6.853830734144770176e-01
1.499469943603854517e+03 1.563496577942458998e+02 6.858334499334310941e-01
1.499490776709646525e+03 1.561163407622823058e+02 6.854572944040393523e-01
1.499511609815147494e+03 1.573663907284444008e+02 6.860095905142373773e-01
1.499532442920356971e+03 1.541326922965228619e+02 6.855177261806901789e-01
1.499553276025276091e+03 1.544141064081695163e+02 6.855796523558923550e-01
1.499574109129845510e+03 1.558242404986847021e+02 6.851741070742008999e-01
1.499594942234065911e+03 1.563615353845968912e+02 6.858172413369986176e-01
1.499615775338053027e+03 1.551921270704032452e+02 6.849446273267193463e-01
1.499636608441691578e+03 1.526335502455084168e+02 6.848167813783394564e-01
1.499657441544980429e+03 1.544075030087703908e+02 6.858568713304008524e-01
1.499678274647978469e+03 1.584676029027772586e+02 6.858210653835525861e-01
1.499699107750685016e+03 1.527695566780298861e+02 6.890906010301884876e-01
1.499719940853041408e+03 1.581442109014337234e+02 6.854845328391134807e-01
1.499740773955049917e+03 1.550550780512616882e+02 6.854895978078544561e-01
1.499761607056767389e+03 1.568335902585179440e+02 6.856371176247821886e-01
1.499782440158193822e+03 1.569368318170058672e+02 6.858752298439882988e-01
1.499803273259212574e+03 1.564773959422077780e+02 6.865244576458792158e-01
1.499824106359998950e+03 1.567868624205485446e+02 6.860473848929578011e-01
1.499844939460376963e+03 1.558980681778920143e+02 6.851084902395275789e-01
1.499865772560523055e+03 1.549554075970843314e+02 6.852499163814411709e-01
1.499886605660261466e+03 1.550730926456342900e+02 6.858238030401482277e-01
1.499907438759708839e+03 1.565905963458015719e+02 6.859772898749062486e-01
1.499928271858806966e+03 1.548741491806159445e+02 6.857982946099887567e-01
1.499949104957614054e+03 1.546010946216768787e+02 6.845490891762399110e-01
1.499969938056013461e+03 1.543828643644791896e+02 6.853952919507517727e-01
1.499990771154121830e+03 1.521984906405421043e+02 6.847529364986343348e-01
1.500011604251938934e+03 1.580584302414750937e+02 6.855442014462758138e-01
1.500032437349349038e+03 1.530835219533953762e+02 6.842048093739369063e-01
1.500053270446467650e+03 1.563518779399201151e+02 6.898800227996181311e-01
1.500074103543236561e+03 1.516641802884665822e+02 6.841656499670034641e-01
1.500094936639656908e+03 1.550598936594963959e+02 6.851553382997960240e-01
1.500115769735728009e+03 1.534273068580106099e+02 6.845251876607887365e-01
1.500136602831508526e+03 1.555900113286173791e+02 6.857818896242202644e-01
1.500157435926881135e+03 1.527314161583720988e+02 6.852732924879962884e-01
1.500178269021962933e+03 1.534673430030741486e+02 6.844309666363321831e-01
1.500199102116636823e+03 1.563597730199307705e+02 6.858642147948040835e-01
1.500219935211020129e+03 1.546780907554350506e+02 6.854196848894662519e-01
1.500240768305053962e+03 1.551005374714677885e+02 6.850329045585968890e-01
1.500261601398739913e+03 1.534924061489833775e+02 6.853977486764061267e-01
1.500282434492017046e+03 1.539410689679596089e+02 6.852421749089894210e-01
1.500303267585003141e+03 1.560948669289827251e+02 6.869038901878776748e-01
1.500324100677639990e+03 1.544880765084191694e+02 6.853585269777408007e-01
1.500344933769869840e+03 1.522184654736353764e+02 6.856577422218502749e-01
1.500365766861749989e+03 1.532731356038516424e+02 6.849275274642870892e-01
1.500386599953338418e+03 1.553456583861373588e+02 6.856962514000176645e-01
1.500407433044519621e+03 1.533129958832654438e+02 6.857699169961675167e-01
1.500428266135352033e+03 1.547593555384376600e+02 6.860002936468246881e-01
1.500449099225777445e+03 1.545018913084086023e+02 6.870334082286078115e-01
1.500469932315911137e+03 1.533876582820501824e+02 6.852777066772153258e-01
1.500490765405638058e+03 1.552502962384424734e+02 6.867184097584303482e-01
1.500511598495014823e+03 1.552538269083497653e+02 6.891532440292967854e-01
1.500532431583985044e+03 1.558659354569435607e+02 6.866732741781793603e-01
1.500553264672606019e+03 1.559645189472431355e+02 6.857836279194460261e-01
1.500574097760877066e+03 1.566960414280192424e+02 6.852626156861663098e-01
1.500594930848741114e+03 1.545554377992619379e+02 6.854060971296380700e-01
1.500615763936255917e+03 1.562606855979607872e+02 6.857141361349942121e-01
1.500636597023421018e+03 1.548205832568414735e+02 6.849306820511751326e-01
1.500657430110179575e+03 1.534695228446973942e+02 6.845076637061968672e-01
1.500678263196529088e+03 1.536831114381044188e+02 6.848957632279933927e-01
1.500699096282530036e+03 1.531976855773118018e+02 6.849609653460929648e-01
1.500719929368123985e+03 1.547566302648313865e+02 6.843379737906016835e-01
1.500740762453368461e+03 1.529176021710816542e+02 6.856054079982564220e-01
1.500761595538147049e+03 1.525313293950505340e+02 6.850566796012994564e-01
1.500782428622635052e+03 1.560647114401235171e+02 6.850988331380697405e-01
1.500803261706657395e+03 1.519893687008623147e+02 6.846780732975820127e-01
1.500824094790330491e+03 1.522489268190269343e+02 6.845716838305964114e-01
1.500844927873596134e+03 1.532446444237560002e+02 6.857557277488911529e-01
1.500865760956453869e+03 1.521540367642360536e+02 6.860212114213298795e-01
1.500886594038905059e+03 1.524141908255116959e+02 6.866442599815050229e-01
1.500907427121006094e+03 1.492906673839665359e+02 6.848174341582287106e-01
1.500928260202641923e+03 1.537797650755353231e+02 6.838607266748922831e-01
1.500949093283928505e+03 1.527652731966770716e+02 6.845037887836201707e-01
1.500969926364748517e+03 1.534168779782519891e+02 6.844450744914826190e-01
1.500990759445161075e+03 1.531428659820724647e+02 6.842433132127831996e-01
1.501011592525224842e+03 1.550187264327630601e+02 6.835988071799543597e-01
1.501032425604823402e+03 1.522288099122567928e+02 6.847540680888773990e-01
1.501074091762797934e+03 1.550686230137312123e+02 6.834652371178705499e-01
1.501094924841116153e+03 1.498633747125818729e+02 6.834266240318987995e-01
1.501115757919084899e+03 1.519311512446126358e+02 6.840798747582109707e-01
1.501136590996587984e+03 1.523580547085565797e+02 6.848278132748689684e-01
1.501157424073624952e+03 1.532591266773029304e+02 6.872054249228508604e-01
1.501178257150254922e+03 1.499101063207702396e+02 6.827640621018046252e-01
1.501199090226477892e+03 1.508739758815413836e+02 6.823678714235196230e-01
1.501219923302234520e+03 1.528664083033219754e+02 6.828145409036334712e-01
1.501240756377583011e+03 1.533308776437701795e+02 6.837012070257254548e-01
1.501261589452466524e+03 1.529246347413397302e+02 6.829774312567464811e-01
1.501282422526943037e+03 1.508159270389121787e+02 6.832920389568881703e-01
1.501303255600895000e+03 1.527922324027235277e+02 6.829670676562155096e-01
1.501324088674439963e+03 1.510775300509139356e+02 6.837972937412382102e-01
1.501344921747519038e+03 1.532063470912305263e+02 6.832547246292968168e-01
1.501365754820190887e+03 1.518080028852983503e+02 6.822516427179327048e-01
1.501386587892338412e+03 1.497724797425931911e+02 6.824290134905979244e-01
1.501407420964078938e+03 1.510860193781213923e+02 6.835278288527557589e-01
1.501428254035295595e+03 1.526345701924325908e+02 6.830549241863240750e-01
1.501449087106105026e+03 1.513805947348287191e+02 6.823236928708211746e-01
1.501469920176389678e+03 1.521996755441376763e+02 6.832634263992833912e-01
1.501490753246207987e+03 1.505822021382232947e+02 6.826850082476315640e-01
1.501511586315561999e+03 1.515498019980619233e+02 6.829949072037773128e-01
1.501532419384449895e+03 1.487172320320145502e+02 6.821995277410419778e-01
1.501553252452873039e+03 1.500435469478937307e+02 6.825148433426606598e-01
1.501574085520771860e+03 1.544137202684509873e+02 6.831694239684603653e-01
1.501594918588146584e+03 1.503819316575218750e+02 6.845367466945991852e-01
1.501615751655056101e+03 1.512089025921857512e+02 6.827644112978613622e-01
1.501636584721499503e+03 1.515389037752084676e+02 6.823347213982888793e-01
1.501657417787360828e+03 1.523686509395093083e+02 6.839114513552396746e-01
1.501678250852814926e+03 1.526656856350940643e+02 6.839529347233306300e-01
1.501699083917686039e+03 1.522397696214370626e+02 6.828309298893489032e-01
1.501719916982033510e+03 1.510412927951083759e+02 6.832240821760467986e-01
1.501740750045916002e+03 1.494098912795249134e+02 6.832316502264587088e-01
1.501761583109273943e+03 1.547751034658441256e+02 6.842336003446644055e-01
1.501782416172050944e+03 1.513615180397271445e+02 6.833025720890963939e-01
1.501803249234361374e+03 1.526277445119343099e+02 6.834807384263325014e-01
1.501824082296090182e+03 1.518710747546082587e+02 6.823625649071942689e-01
1.501844915357295122e+03 1.512844481776719476e+02 6.838950446860047050e-01
1.501865748417975965e+03 1.510460614378320372e+02 6.838142911195287388e-01
1.501886581478074959e+03 1.548209781662409910e+02 6.835263464258271027e-01
1.501907414537648947e+03 1.519059692671120843e+02 6.839649173707448293e-01
1.501928247596641540e+03 1.538000656854891588e+02 6.842154155683926042e-01
1.501949080655110492e+03 1.529929320977839780e+02 6.835224005384809010e-01
1.501969913712939615e+03 1.546686267184902590e+02 6.847505645053258982e-01
1.501990746770244414e+03 1.546986995857132570e+02 6.840099702465363141e-01
1.502011579827025571e+03 1.564635759613357493e+02 6.840535388706375786e-01
1.502032412883165989e+03 1.534016463740454697e+02 6.847212294501930918e-01
1.502053245938725013e+03 1.544114058469901920e+02 6.845996322556738845e-01
1.502074078993701505e+03 1.548017185621155818e+02 6.837938506310976550e-01
1.502094912048037941e+03 1.556125163987236419e+02 6.847187267723217063e-01
1.502115745101791617e+03 1.557920682974230431e+02 6.852527867928208671e-01
1.502136578154962990e+03 1.556316315754700668e+02 6.853191943174358203e-01
1.502157411207552968e+03 1.570624250132831321e+02 6.853519173352422555e-01
1.502178244259444909e+03 1.543585008880551754e+02 6.849999922731496715e-01
1.502199077310755001e+03 1.545496899371092070e+02 6.853313487635845913e-01
1.502219910361423899e+03 1.579187634814612409e+02 6.856998805394930452e-01
1.502240743411452968e+03 1.534421245490826493e+02 6.852387825508051700e-01
1.502261576460841979e+03 1.552064557581652764e+02 6.849446273267193463e-01
1.502282409509590025e+03 1.577128918612625625e+02 6.856708468858545569e-01
1.502303242557697558e+03 1.577729096044481878e+02 6.854347506826524716e-01
1.502324075605106373e+03 1.562133939375356704e+02 6.858354705492959447e-01
1.502344908651876040e+03 1.603990997966635916e+02 6.871018340459803531e-01
1.502365741697946987e+03 1.585075622188261946e+02 6.877849161872869876e-01
1.502386574743377423e+03 1.561477086621458454e+02 6.866655921541837682e-01
1.502407407788050932e+03 1.546677072587144721e+02 6.867651262995582151e-01
1.502428240832085066e+03 1.566058838119608083e+02 6.866047405432623707e-01
1.502449073875420027e+03 1.557088855678084087e+02 6.870552922185418909e-01
1.502469906917997832e+03 1.576727960235689352e+02 6.866926524614000993e-01
1.502490739959935581e+03 1.574478420056256596e+02 6.899951608806039749e-01
1.502511573001057968e+03 1.557644511386189663e+02 6.864746206625315095e-01
1.502532406041540980e+03 1.586884391310064188e+02 6.867485708243348252e-01
1.502553239081209085e+03 1.553040180414628821e+02 6.903281777960090793e-01
1.502574072120178926e+03 1.543050968427617704e+02 6.875630696584482671e-01
1.502594905158391612e+03 1.574435956348174841e+02 6.880563522245788377e-01
1.502615738195847371e+03 1.541430375806020550e+02 6.862055556700308312e-01
1.502636571232546885e+03 1.565503793418586440e+02 6.866759650363168932e-01
1.502657404268489927e+03 1.566776615476325105e+02 6.870557693641750063e-01
1.502678237303616925e+03 1.572336691317072166e+02 6.866456271701285585e-01
1.502699070337929015e+03 1.552017569592521795e+02 6.869963404948066232e-01
1.502719903371485088e+03 1.561297058924346857e+02 6.869201599145497994e-01
1.502740736404284462e+03 1.543577472180634800e+02 6.866867500635087662e-01
1.505074039993089627e+03 1.583531246599735596e+02 7.000388551895535549e-01
1.505094873132466546e+03 1.603712476809865279e+02 6.983822555369931795e-01
1.505115706271843464e+03 1.630943389306713129e+02 6.993554264087447070e-01
1.505136539411163085e+03 1.597367774984465427e+02 6.990801711187334400e-01
1.505157372550482478e+03 1.643792988909128781e+02 6.990574698678605481e-01
1.505178205689801871e+03 1.625634919068056377e+02 6.977322083203468805e-01
1.505199038829004621e+03 1.610966441284575410e+02 6.969460788965434750e-01
1.505219871968148937e+03 1.606307993265286029e+02 6.974402671107506890e-01
1.505240705107235499e+03 1.624163515222468845e+02 6.972475663953392466e-01
1.505261538246264081e+03 1.633590616109134430e+02 6.971474341657126761e-01
1.505282371385234001e+03 1.625914006121315651e+02 6.964728927307664019e-01
1.505303204524029979e+03 1.595315062837050846e+02 6.956641133255002662e-01
1.505324037662766386e+03 1.629496605313578641e+02 6.964798675237210412e-01
1.505344870801387060e+03 1.603413924074613703e+02 6.960143501046549552e-01
1.505365703939892001e+03 1.639241548129872115e+02 6.958637195698650357e-01
1.505386537078221409e+03 1.616921041891601476e+02 6.950784353551593409e-01
1.505407370216492836e+03 1.632632555031713366e+02 6.984728025522192185e-01
1.505428203354589641e+03 1.628967003907290803e+02 6.950779637167933123e-01
1.505449036492570031e+03 1.648268892139001593e+02 6.964859436667893977e-01
1.505469869630376024e+03 1.616354724803638305e+02 6.955153351580193322e-01
1.505490702768007395e+03 1.639372121882626629e+02 6.955212911806479825e-01
1.505511535905522578e+03 1.614825672470708469e+02 6.945496778757497269e-01
1.505532369042863138e+03 1.639711303919774537e+02 6.948207016063038255e-01
1.505553202180028620e+03 1.623301420272045164e+02 6.949213191990294414e-01
1.505574035317077005e+03 1.635938570073665517e+02 6.943686004124020039e-01
1.505594868453893469e+03 1.659573617438862811e+02 6.948514545649164820e-01
1.505615701590535991e+03 1.639392181552101988e+02 6.944140726971318456e-01
1.505636534727002982e+03 1.669030012506136416e+02 6.944854832814892909e-01
1.505657367863294894e+03 1.656018094944812447e+02 6.946483182990126348e-01
1.505678200999411956e+03 1.623920029010490111e+02 6.948149111480205198e-01
1.505699034135355987e+03 1.659227596462011718e+02 6.939910160714463094e-01
1.505719867271066505e+03 1.665263025131035306e+02 6.939182876405198819e-01
1.505740700406602627e+03 1.650314996602342319e+02 6.937592548749677013e-01
1.505761533541904555e+03 1.630383245436656807e+02 6.934371045022518221e-01
1.505782366677032996e+03 1.663602608478112757e+02 6.933532929489517604e-01
1.505803199811987042e+03 1.641319020722439461e+02 6.941980152523777869e-01
1.505824032946708030e+03 1.663680391042456677e+02 6.962314918975627265e-01
1.505844866081195960e+03 1.664841455979238276e+02 6.935268575917448164e-01
1.505865699215509039e+03 1.655937558560870002e+02 6.944118839153993195e-01
1.505886532349647496e+03 1.668621018768355952e+02 6.939025470623674252e-01
1.505907365483495596e+03 1.683812145185253542e+02 6.939713906676672206e-01
1.505928198617169073e+03 1.656670548517183761e+02 6.948704761111512695e-01
1.505949031750667928e+03 1.676631923359709901e+02 6.942987445468312702e-01
1.505969864883874379e+03 1.678140730710812250e+02 6.941829249900216547e-01
1.505990698016907118e+03 1.695553907294768976e+02 6.941662458973403282e-01
1.506011531149707935e+03 1.727904158253874414e+02 6.953678109104077798e-01
1.506032364282333447e+03 1.708535037785677844e+02 6.970220188332560962e-01
1.506053197414667920e+03 1.711336218322547609e+02 6.945002665865931402e-01
1.506074030546827544e+03 1.688690166884863402e+02 6.959964089026927647e-01
1.506094863678753882e+03 1.692846643026148570e+02 6.964946940754643823e-01
1.506115696810448526e+03 1.707410649052243343e+02 6.959271446728602095e-01
1.506136529941909885e+03 1.731761031368040733e+02 6.964113146876131921e-01
1.506157363073138413e+03 1.732966352176039777e+02 6.954953028371503310e-01
1.506178196204133428e+03 1.716555612096433947e+02 6.975183536480185076e-01
1.506199029334954048e+03 1.708205368595544371e+02 6.954531152390921456e-01
1.506219862465483857e+03 1.727069122444044922e+02 6.957029039574281759e-01
1.506240695595839952e+03 1.713733743884968987e+02 6.961403536796147984e-01
1.506261528725904100e+03 1.723510762207616267e+02 6.953581034246246739e-01
1.506282361855792942e+03 1.708508017825308514e+02 6.947787947560940536e-01
1.506303194985392111e+03 1.727610304451794718e+02 6.955986719898623605e-01
1.506324028114815974e+03 1.740915906545220651e+02 6.962569391189038503e-01
1.506344861243949026e+03 1.724570413435941418e+02 6.955940662302595445e-01
1.506365694372907001e+03 1.686896001227283080e+02 6.958036509672180792e-01
1.506386527501631917e+03 1.729908318837356092e+02 6.951584163056683252e-01
1.506407360630066933e+03 1.715838481203351193e+02 6.949236993620986347e-01
1.506428193758326870e+03 1.725871302685226851e+02 6.952276285214754603e-01
1.506449026886295997e+03 1.717759406256091097e+02 6.959983143744938872e-01
1.506469860014031383e+03 1.720019007184842508e+02 6.947638457951208490e-01
1.506490693141591919e+03 1.734860136090218248e+02 6.951678907912104410e-01
1.506511526268863008e+03 1.751701797316382851e+02 6.961421945413914791e-01
1.506532359395900585e+03 1.736898490621537405e+02 6.969026320585790524e-01
1.506553192522763084e+03 1.691792678340477494e+02 6.946354473550955255e-01
1.506574025649334089e+03 1.728151246527916385e+02 6.948760087743094394e-01
1.506594858775673401e+03 1.720436231554866424e+02 6.957104861915793803e-01
1.506615691901779883e+03 1.711731791590762555e+02 6.943796307729549477e-01
1.506636525027594871e+03 1.698548530010170907e+02 6.954487013557119068e-01
1.506657358153235464e+03 1.729561751205733060e+02 6.957740751796468448e-01
1.506678191278642544e+03 1.712374070195296838e+02 6.946494552209285800e-01
1.506699024403759495e+03 1.743926963584159751e+02 6.945738136800104767e-01
1.506719857528702050e+03 1.720656698456980109e+02 6.952583206156212059e-01
1.506740690653352431e+03 1.726056105894232360e+02 6.944431055903773631e-01
1.506761523777827961e+03 1.713861094115162871e+02 6.943713472890018501e-01
1.506782356902013362e+03 1.720179933333321856e+02 6.944276129484225901e-01
1.506803190025966160e+03 1.721961252660983064e+02 6.960661372092892263e-01
1.506824023149686127e+03 1.714952442013539553e+02 6.945781687624789091e-01
1.506844856273172581e+03 1.691788394172034202e+02 6.935231190068467111e-01
1.506865689396367998e+03 1.728264911845217000e+02 6.948408391577155507e-01
1.506886522519389018e+03 1.717858937582092267e+02 6.946888602136636059e-01
1.506907355642177436e+03 1.716984821380536630e+02 6.938267381858475025e-01
1.506928188764674587e+03 1.728889570171841967e+02 6.945069393541806191e-01
1.506949021886938453e+03 1.741527196189425410e+02 6.948880603919569410e-01
1.506969855008970626e+03 1.717081328415703751e+02 6.952921832256037105e-01
1.506990688130769968e+03 1.727160601015505392e+02 6.944575250241389330e-01
1.507011521252335569e+03 1.724650522054884050e+02 6.959571207652544000e-01
1.507032354373668113e+03 1.715835741585607082e+02 6.949459352664928424e-01
1.507053187494768963e+03 1.724576447629958409e+02 6.939193613367987679e-01
1.507074020615577865e+03 1.700221546929137730e+02 6.938265663716209897e-01
1.507094853736213054e+03 1.715435790706386854e+02 6.939386231658045689e-01
1.507115686856556067e+03 1.688533027610122872e+02 6.930066998228069375e-01
1.507136519976724458e+03 1.707371456204470519e+02 6.928716314097301820e-01
1.507157353096602947e+03 1.704632244029814672e+02 6.937260692352431590e-01
1.507178186216247923e+03 1.692331137961400316e+02 6.935417687586071800e-01
1.507199019335660068e+03 1.711919456447690777e+02 6.937071666725667107e-01
1.507219852454780948e+03 1.684561316236172388e+02 6.936209816430446429e-01
1.507240685573728115e+03 1.732880204170989202e+02 6.949299606530442430e-01
1.507261518692441996e+03 1.687496812384057137e+02 6.930548630530244392e-01
1.507282351810863929e+03 1.694761622137642405e+02 6.938806213236418108e-01
1.507303184929053486e+03 1.697646686931184377e+02 6.934186238508549538e-01
1.507324018047068876e+03 1.699844411444172749e+02 6.949935567337609532e-01
1.507344851164793454e+03 1.707425723465747183e+02 6.934878163178512800e-01
1.507365684282284519e+03 1.710794772078370727e+02 6.932781977884002744e-01
1.507386517399484546e+03 1.702557149310408704e+02 6.938303677514382484e-01
1.507407350516510633e+03 1.710835567758396678e+02 6.935679377259920120e-01
1.507428183633303433e+03 1.703613302938037464e+02 6.940354181096064501e-01
1.507449016749804969e+03 1.698705398758000626e+02 6.931437197290868379e-01
1.507469849866131426e+03 1.715234251976279154e+02 6.930793519119193835e-01
1.507490682982167982e+03 1.700805343593676469e+02 6.936560842162651230e-01
1.507511516098029915e+03 1.695677981662976777e+02 6.930277286448164320e-01
1.507532349213599900e+03 1.715721175449094460e+02 6.939057682192872889e-01
1.507553182328937510e+03 1.708869212508797375e+02 6.959653425535353710e-01
1.507574015444042516e+03 1.695945328258692939e+02 6.924844298695277400e-01
1.507594848558914919e+03 1.680423433465567769e+02 6.943909613889036603e-01
1.507615681673495601e+03 1.694651581390463662e+02 6.931883695096695552e-01
1.507636514787901433e+03 1.688191410269700441e+02 6.953556604598389868e-01
1.507657347902074889e+03 1.694114273590650157e+02 6.928837824083704522e-01
1.507678181015957989e+03 1.682015694423767798e+02 6.923392514836187450e-01
1.507699014129606894e+03 1.696292198053778293e+02 6.929925727404944169e-01
1.507719847243082086e+03 1.680195189104224482e+02 6.924048717519667440e-01
1.507740680356266012e+03 1.654402819628048178e+02 6.921939350113218703e-01
1.507761513469217562e+03 1.650498546719524029e+02 6.922120393489167300e-01
1.507782346581935599e+03 1.675588857869535389e+02 6.922012543011388797e-01
1.507803179694420578e+03 1.674817419966937564e+02 6.912713646648184218e-01
1.507824012806673636e+03 1.680936356356012595e+02 6.909540281557509100e-01
1.507844845918693409e+03 1.664349859268967577e+02 6.913691796316607796e-01
1.507886512141976027e+03 1.659999889366298191e+02 6.908042355802949119e-01
1.507907345253297990e+03 1.656873238485879369e+02 6.916829433785706138e-01
1.507928178364329142e+03 1.663933871715545934e+02 6.906750147388953653e-01
1.507949011475125644e+03 1.658645566878448108e+02 6.902133759271118496e-01
1.507969844585748433e+03 1.655291581473773590e+02 6.907271158664177735e-01
1.507990677696080638e+03 1.663282756519931525e+02 6.910199524790853198e-01
1.508011510806180013e+03 1.652862696344622009e+02 6.902110011099779063e-01
1.508032343916045647e+03 1.651154159445692073e+02 6.912254053883072347e-01
1.508053177025678451e+03 1.663333507714289397e+02 6.901672382442954889e-01
1.508074010135078879e+03 1.646479618486148695e+02 6.900392801741713766e-01
1.508094843244246476e+03 1.646956832748101363e+02 6.906707860691556622e-01
1.508115676353181016e+03 1.618465515846075107e+02 6.908901896469442638e-01
1.508136509461883179e+03 1.615565450698013024e+02 6.888951104747979004e-01
1.508157342570294531e+03 1.640739037364577939e+02 6.895337152253320223e-01
1.508178175678530579e+03 1.637341632122723638e+02 6.900275325810627525e-01
1.508199008786533568e+03 1.631133297604247048e+02 6.898743420705061302e-01
1.508219841894245974e+03 1.638310276816139321e+02 6.895906997317943210e-01
1.508240675001784439e+03 1.626904668512331114e+02 6.904612834774468411e-01
1.508261508109030956e+03 1.657640778435392690e+02 6.891763147657434807e-01
1.508282341216044415e+03 1.623297187975304325e+02 6.905524159604152779e-01
1.508303174322883933e+03 1.632259866712414009e+02 6.906141064505364469e-01
1.508324007429431958e+03 1.638577262723225942e+02 6.891331132618433442e-01
1.508344840535747153e+03 1.633941396703793885e+02 6.890605641032940820e-01
1.508365673641829972e+03 1.624416993532623223e+02 6.905909111274967094e-01
1.508386506747679960e+03 1.623211794920977695e+02 6.885013657018210775e-01
1.508407339853296435e+03 1.630233788014225809e+02 6.890914443807291123e-01
1.508428172958680989e+03 1.620428004216102806e+02 6.885541723349722920e-01
1.508449006063832030e+03 1.621936736630407836e+02 6.884815188831455712e-01
1.508469839168751150e+03 1.658700827864765301e+02 6.884448537896978859e-01
1.508490672273436530e+03 1.635118909107122533e+02 6.903337900341972588e-01
1.508511505377830417e+03 1.639897181398906696e+02 6.902115840203947306e-01
1.508532338482051046e+03 1.642178958813199188e+02 6.898737588751360228e-01
1.508553171586037479e+03 1.618073332514582319e+02 6.900231919675668957e-01
1.508574004689733556e+03 1.646934780309344148e+02 6.908817349156183285e-01
1.508594837793255010e+03 1.645227920609925150e+02 6.905987221046752111e-01
1.508615670896485881e+03 1.664934995740907198e+02 6.909294639682538319e-01
1.508636503999541446e+03 1.629949198867067537e+02 6.892675090484988720e-01
1.508657337102305974e+03 1.647914081818404100e+02 6.902429956870380634e-01
1.508678170204837897e+03 1.645904398488151799e+02 6.903933201213090509e-01
1.508699003307194971e+03 1.628899728238514797e+02 6.905165945389023507e-01
1.508719836409261006e+03 1.639727370915579456e+02 6.901985439808028255e-01
1.508740669511094438e+03 1.656419811205730923e+02 6.916129024322497099e-01
1.508761502612695949e+03 1.617992449795856089e+02 6.905281611769376049e-01
1.508782335714063493e+03 1.621640163554285721e+02 6.895962315377868190e-01
1.508803168815255958e+03 1.642535458967472266e+02 6.896099528181369731e-01
1.508824001916158522e+03 1.668072359319642999e+02 6.912586032959783244e-01
1.508844835016827574e+03 1.630813307676043280e+02 6.894738731828479184e-01
1.508865668117205132e+03 1.634991522769246615e+02 6.908007195401048017e-01
1.508886501217408977e+03 1.632674357171035240e+02 6.897718865191078130e-01
1.508907334317380901e+03 1.634777722367097397e+02 6.893296171659406557e-01
1.508928167417118402e+03 1.650162054189267451e+02 6.896127402574732113e-01
1.508949000516623983e+03 1.634511527451616644e+02 6.893739087467081195e-01
1.508969833615838070e+03 1.612950448346997803e+02 6.890400629867078353e-01
1.508990666714877079e+03 1.624517108026474261e+02 6.901604587460283824e-01
1.509011499813683486e+03 1.609890094424813469e+02 6.912497219340366650e-01
1.509032332912198854e+03 1.610356603178525461e+02 6.887862787194235503e-01
1.509053166010539826e+03 1.610058444752893365e+02 6.885520731321830290e-01
1.509073999108589987e+03 1.614870796608325350e+02 6.892274698014150269e-01
1.509094832206465526e+03 1.579143996928328875e+02 6.876243998946702796e-01
1.509115665304050026e+03 1.592254982217017698e+02 6.883701756302933461e-01
1.509136498401401013e+03 1.586540040470770521e+02 6.889430853032345592e-01
1.509157331498577605e+03 1.596047670691093572e+02 6.879015530135753620e-01
1.509178164595463386e+03 1.604901487405634839e+02 6.869471668100853856e-01
1.509198997692115881e+03 1.600997496753766143e+02 6.871246049937791422e-01
1.509219830788536001e+03 1.584996732884634696e+02 6.878584014259712109e-01
1.509240663884723972e+03 1.603073969768418010e+02 6.876028157427857002e-01
1.509261496980677521e+03 1.588129188765276467e+02 6.874549374117230327e-01
1.509282330076398921e+03 1.591047435629219535e+02 6.880477760424257294e-01
1.509303163171887945e+03 1.598914311480958190e+02 6.878811040042855929e-01
1.509323996267145048e+03 1.598433976818953681e+02 6.878648353434282381e-01
1.509344829362167502e+03 1.597225714398992693e+02 6.870223900590459731e-01
1.509365662456957125e+03 1.600882872870942322e+02 6.871598876290596625e-01
1.509386495551457074e+03 1.569267375441338288e+02 6.872113445494099082e-01
1.509407328645781490e+03 1.580947688027189599e+02 6.861840571838229152e-01
1.509428161739873076e+03 1.612081118765740371e+02 6.860703863146074832e-01
1.509448994833674078e+03 1.609982279876192877e+02 6.871722914195446119e-01
1.509469827927241568e+03 1.566606699899518844e+02 6.869496179857974560e-01
1.509490661020634434e+03 1.594617964224026991e+02 6.875284362460746257e-01
1.509511494113736944e+03 1.574677581396435926e+02 6.882655043430089270e-01
1.509532327206605942e+03 1.585527300920657297e+02 6.866982510125165806e-01
1.509553160299300998e+03 1.594956328612728669e+02 6.881476732723162959e-01
1.509573993391705017e+03 1.578931316706780308e+02 6.869747149188503155e-01
1.509594826483875522e+03 1.583170073591821279e+02 6.877490806199046958e-01
1.509615659575813424e+03 1.617422644894435280e+02 6.868692669269088613e-01
1.509636492667518951e+03 1.592328972321751621e+02 6.866457356770455656e-01
1.509657325758992101e+03 1.585685978076369622e+02 6.871617959190920999e-01
1.509678158850173077e+03 1.555491932672007351e+02 6.852973636081070019e-01
1.509698991941179429e+03 1.557936760309846704e+02 6.853172808966144780e-01
1.509719825031954088e+03 1.563432458567837386e+02 6.862285735045916546e-01
1.509740658122436571e+03 1.552418418916053042e+02 6.851753684565923264e-01
1.509761491212744431e+03 1.556197193205152871e+02 6.841905223305414507e-01
1.509782324302761936e+03 1.566440846171997805e+02 6.861314807751873746e-01
1.509803157392546382e+03 1.559693697301556767e+02 6.859840238256728062e-01
1.509823990482097543e+03 1.566284629454207220e+02 6.845895544115015996e-01
1.509844823571416555e+03 1.570870462125602387e+02 6.849346850922408692e-01
1.509865656660502054e+03 1.549229525667150256e+02 6.845574915143806116e-01
1.509886489749355860e+03 1.562900329875575949e+02 6.849816973183203705e-01
1.509907322837975926e+03 1.549205996497679223e+02 6.843363624709485338e-01
1.509928155926363615e+03 1.559087912875220070e+02 6.849644243441488367e-01
1.509948989014459585e+03 1.565781980874610610e+02 6.855236821177500550e-01
1.509969822102381841e+03 1.562419658620817700e+02 6.845855058189402875e-01
1.509990655216496634e+03 1.563647620561125677e+02 6.863071974731961289e-01
1.510011488303894112e+03 1.531345452149686537e+02 6.845731204597034214e-01
1.510032321391059440e+03 1.581105418092607238e+02 6.871672822234161648e-01
1.510053154477991939e+03 1.582062017409719772e+02 6.840650405244106391e-01
1.510073987564690469e+03 1.564382520029556360e+02 6.839602550565191397e-01
1.510094820651157988e+03 1.572343215576296984e+02 6.847884718918404445e-01
1.510115653737391540e+03 1.564758966287807596e+02 6.857488829074818160e-01
1.510136486823334053e+03 1.549499992412926588e+02 6.844914019457748466e-01
1.510157319909101943e+03 1.561175339872530685e+02 6.842498246772159565e-01
1.510178152994579023e+03 1.563197251135143802e+02 6.851802399805776433e-01
1.510198986079823044e+03 1.551623057940050501e+02 6.846409433363561670e-01
1.510219819164834462e+03 1.575046855377896691e+02 6.849318133477609871e-01
1.510240652249612594e+03 1.562750706383511670e+02 6.843432214404711056e-01
1.510261485334157896e+03 1.579353278999734869e+02 6.848110586480042894e-01
1.510282318418413070e+03 1.571470109799826957e+02 6.871131762409732335e-01
1.510303151502492938e+03 1.540144010053414263e+02 6.855984964525057013e-01
1.510323984586281995e+03 1.576536832193771147e+02 6.850203315126111026e-01
1.510344817669837994e+03 1.562402310201378270e+02 6.851308272026424007e-01
1.510365650753161390e+03 1.581447015672110865e+02 6.843994188524741284e-01
1.510386483836251500e+03 1.578326244535229819e+02 6.855843688623483034e-01
1.510407316919109462e+03 1.562302839378578483e+02 6.846656896128581193e-01
1.510428150001675931e+03 1.575772668365582660e+02 6.844762500783430070e-01
1.510448983084068004e+03 1.548520414595466832e+02 6.849175632254498325e-01
1.510469816166169039e+03 1.548968977280910053e+02 6.846165661824299420e-01
1.510490649248037471e+03 1.590211784643720137e+02 6.875836798286728557e-01
1.510511482329672162e+03 1.577322457797138782e+02 6.845683534515255575e-01
1.510532315411016953e+03 1.555045341128035261e+02 6.851501403675381852e-01
1.510553148492186438e+03 1.592181647980956143e+02 6.869310061849184246e-01
1.510573981573064430e+03 1.544367774046343698e+02 6.835693137024700938e-01
1.510594814653710046e+03 1.557501435814672277e+02 6.841494454188470353e-01
1.510615647734123058e+03 1.571339150738768069e+02 6.842570982799361934e-01
1.510636480814245033e+03 1.572729608404586372e+02 6.836291058797711040e-01
1.510657313894133495e+03 1.548419752311517072e+02 6.838610099417152810e-01
1.510678146973848015e+03 1.560474114190949422e+02 6.859579131058634038e-01
1.510698980053271953e+03 1.572340499943221914e+02 6.843142608792731618e-01
1.510719813132403942e+03 1.577148741654494870e+02 6.838031339137318199e-01
1.510740646211361536e+03 1.575009002394823767e+02 6.845783663070511560e-01
1.510761479290029001e+03 1.564780937308858881e+02 6.837828674297277143e-01
1.510782312368462499e+03 1.554021184133643771e+02 6.835154243283201314e-01
1.510803145446663166e+03 1.529811744182091786e+02 6.841288189132327391e-01
1.510823978524574159e+03 1.536428387696104494e+02 6.842834916620538221e-01
1.510844811602251411e+03 1.559138478507692582e+02 6.833564128312179520e-01
1.510865644679694924e+03 1.571899853663696831e+02 6.856405732117075713e-01
1.510886477756906515e+03 1.544592454734678597e+02 6.837410904270733170e-01
1.510907310833884821e+03 1.556462468554605039e+02 6.843813691212998762e-01
1.510928143910572999e+03 1.548036615961693485e+02 6.840924650890036762e-01
1.510948976987027436e+03 1.553933703216453637e+02 6.829426962116387223e-01
1.510969810063191062e+03 1.537295330903712340e+02 6.838394377478816955e-01
1.511011476214820505e+03 1.554630019768831914e+02 6.845815225028917261e-01
1.511032309290285411e+03 1.529277065540547937e+02 6.828895865776040131e-01
1.511053142365517942e+03 1.548711791182263369e+02 6.844851322482063960e-01
1.511073975440459435e+03 1.559451381289087237e+02 6.829411906954930833e-01
1.511094808515109435e+03 1.542279888059026121e+02 6.833302453211659300e-01
1.511115641589585039e+03 1.542082133087788520e+02 6.825609743387486272e-01
1.511136474663769604e+03 1.546609545509495263e+02 6.830876466009075942e-01
1.511157307737722022e+03 1.554060161869907688e+02 6.827976714036406714e-01
1.511178140811382491e+03 1.542243812133986580e+02 6.824275941832916859e-01
1.511198973884810130e+03 1.524265722922497730e+02 6.821819440446798000e-01
1.511219806958006075e+03 1.528683646478217781e+02 6.830177278047137035e-01
1.511240640030909617e+03 1.507634465827066492e+02 6.818282516776249524e-01
1.511261473103581011e+03 1.547452060567716501e+02 6.828656269766031350e-01
1.511282306176019119e+03 1.535420179156064933e+02 6.832090112553635963e-01
1.511303139248165962e+03 1.521432980293614605e+02 6.813471252430588487e-01
1.511323972320080884e+03 1.554327756471770101e+02 6.822080682300336596e-01
1.511344805391704540e+03 1.554364769721831578e+02 6.834893719140555657e-01
1.511365638463094911e+03 1.543467685806920713e+02 6.821709348910250936e-01
1.511386471534253587e+03 1.537156130384633173e+02 6.818048448775422266e-01
1.511407304605120089e+03 1.533386668235550019e+02 6.817191223591170246e-01
1.511428137675753987e+03 1.532357365570523200e+02 6.816545064217699457e-01
1.511448970746096620e+03 1.534542530089474610e+02 6.823183860109109933e-01
1.511469803816206422e+03 1.535813504604274442e+02 6.828297951120679832e-01
1.511490636886083848e+03 1.549570113814063177e+02 6.815690492143061663e-01
1.511511469955670464e+03 1.525614705298212641e+02 6.828457036445417794e-01
1.511532303024965131e+03 1.534275915470797429e+02 6.820040938836220423e-01
1.511553136094028105e+03 1.555365607470021132e+02 6.826444956020060184e-01
1.511573969162857566e+03 1.558337487952252616e+02 6.818171712477737456e-01
1.511594802231395988e+03 1.538829404010394342e+02 6.815614627023924843e-01
1.511615635299701580e+03 1.526745201924007915e+02 6.816493910960883529e-01
1.511636468367716134e+03 1.542525565754015702e+02 6.817198436797359262e-01
1.511657301435498084e+03 1.525115749290500275e+02 6.821041116324627618e-01
1.511678134502988541e+03 1.524867688391062757e+02 6.821940451712997788e-01
1.511698967570188415e+03 1.551180089234325123e+02 6.831711470992217761e-01
1.511719800637155004e+03 1.523180391013654287e+02 6.813918919615261638e-01
1.511740633703888989e+03 1.541491089101703267e+02 6.835310989007890026e-01
1.511761466770332390e+03 1.542188210689183450e+02 6.846082733991692981e-01
1.511782299836484071e+03 1.532862702273351658e+02 6.816577854565037953e-01
1.511803132902403831e+03 1.514644386914818313e+02 6.815942568160373582e-01
1.511823965968031644e+03 1.539997058291191649e+02 6.840876293838236144e-01
1.511844799033427080e+03 1.505168234598218078e+02 6.817341387854690682e-01
1.511865632098531933e+03 1.506534819488102528e+02 6.816078987026017444e-01
1.511886465163345065e+03 1.513221308948625108e+02 6.811513374348525662e-01
1.511907298227924912e+03 1.519880091228095012e+02 6.820530340641912659e-01
1.511928131292213948e+03 1.556229938812730040e+02 6.815137772458434995e-01
1.511948964356270608e+03 1.533441513172072064e+02 6.814797547706475944e-01
1.511969797420036457e+03 1.525661971727978710e+02 6.849252648550886446e-01
1.511990630483510358e+03 1.541389777054562842e+02 6.826914472667524603e-01
1.512011463546693903e+03 1.553709044174702854e+02 6.823508161768990776e-01
1.512032296609644618e+03 1.526225304184649474e+02 6.813521990980688781e-01
1.512053129672303839e+03 1.546792738071130771e+02 6.818482265933005770e-01
1.512073962734730912e+03 1.522405575037051619e+02 6.823328214468602493e-01
1.512094795796866492e+03 1.551833877361433167e+02 6.820014064416338728e-01
1.512115628858711034e+03 1.520036931761584356e+02 6.824806961012467310e-01
1.512136461920264082e+03 1.540528309050636722e+02 6.819490101314621411e-01
1.512157294981584982e+03 1.580159944597875779e+02 6.843726597924479904e-01
1.512178128042614844e+03 1.561671749511131395e+02 6.823424085040890041e-01
1.512198961103353668e+03 1.523139268078172108e+02 6.810788569580015217e-01
1.512219794163800998e+03 1.521779358082821716e+02 6.812398437302892296e-01
1.512240627223957517e+03 1.527018889535247297e+02 6.819605909802607391e-01
1.512261460283880979e+03 1.543534615773277778e+02 6.818114014851949234e-01
1.512282293343514084e+03 1.541682426960222472e+02 6.844949721645615659e-01
1.512303126402855469e+03 1.530981583589366721e+02 6.812407405468986488e-01
1.512323959461906043e+03 1.519762102751508337e+02 6.807941766666900651e-01
1.512344792520724013e+03 1.533101414229319062e+02 6.821536344334494517e-01
1.512365625579192056e+03 1.524191266480309537e+02 6.826961618998665937e-01
1.512386458637428404e+03 1.533958288909579153e+02 6.839113206263630618e-01
1.512407291695372351e+03 1.530857343893239886e+02 6.827304293196235774e-01
1.512428124752967960e+03 1.539011906306114099e+02 6.831794355155708098e-01
1.512448957810330512e+03 1.532800012673111496e+02 6.823413384292087436e-01
1.512469790867402025e+03 1.508407624695913398e+02 6.820160670737082098e-01
1.512490623924182501e+03 1.532856144185212486e+02 6.824900409125573830e-01
1.512511456980730145e+03 1.528574299006420176e+02 6.828360581862340517e-01
1.512532290036928998e+03 1.531845120515988867e+02 6.822511622124400876e-01
1.512553123092835904e+03 1.522716832276946377e+02 6.836054337729201569e-01
1.512573956148452453e+03 1.519004368729314365e+02 6.816981381525056838e-01
1.512594789203777509e+03 1.524028066291958794e+02 6.812133761719449954e-01
1.512615622258811982e+03 1.516779021893637776e+02 6.819123652821063031e-01
1.512636455313554961e+03 1.530953594409839127e+02 6.818767892689923116e-01
1.512657288368006903e+03 1.502104066403968261e+02 6.829510964944283113e-01
1.512678121422168488e+03 1.516162239259869011e+02 6.816538506129303787e-01
1.512698954476038580e+03 1.531171235643876969e+02 6.819979542648419990e-01
1.512719787529617406e+03 1.523973928617355682e+02 6.811772605139705394e-01
1.512740620582906104e+03 1.523854374076268812e+02 6.833389461294574474e-01
1.512761453635845101e+03 1.526766410199497273e+02 6.817870105857261054e-01
1.512782286688492604e+03 1.545941919176722195e+02 6.811705227958871900e-01
1.512803119740907050e+03 1.515519265372440714e+02 6.818587820290519241e-01
1.512823952792973614e+03 1.537309223406186902e+02 6.830213711761533579e-01
1.512844785844689341e+03 1.522955925323468307e+02 6.810485760803214328e-01
1.512865618896173146e+03 1.518009954351256852e+02 6.807013218230942853e-01
1.512886451947307478e+03 1.548713742036565009e+02 6.822818483612032026e-01
1.512907284998150999e+03 1.525731088338433494e+02 6.817187070529600046e-01
1.512928118048702345e+03 1.527760741689020847e+02 6.808922274395362573e-01
1.512948951098964017e+03 1.500779908460189915e+02 6.818991883880175520e-01
1.512969784148876442e+03 1.531110089881858016e+02 6.805127932181931349e-01
1.512990617198496921e+03 1.532160409102858125e+02 6.808319103766161673e-01
1.513011450247769062e+03 1.517342513518030387e+02 6.807757686860985702e-01
1.513032283296807464e+03 1.512510305205510406e+02 6.801533034664156707e-01
1.513053116345439093e+03 1.511882265469417348e+02 6.802884875901785700e-01
1.513073949393837438e+03 1.529603691365487350e+02 6.805804952497904736e-01
1.513094782441886991e+03 1.505458636520547486e+02 6.805757878555015461e-01
1.513115615489586617e+03 1.523011022339728697e+02 6.826720208886900565e-01
1.513136448536995431e+03 1.524021592199388238e+02 6.806564440088795909e-01
1.513157281584114116e+03 1.526011624628738730e+02 6.794148698564108635e-01
1.513178114630882646e+03 1.524325328435424467e+02 6.812726314530241911e-01
1.513198947677301931e+03 1.527055940611710412e+02 6.799093520177053040e-01
1.513219780723430631e+03 1.539458717936015262e+02 6.808913958182483128e-01
1.513240613769267839e+03 1.553074144767471410e+02 6.815918082433934932e-01
1.513261446814755800e+03 1.512555907655268470e+02 6.808022313696651118e-01
1.513282279859894970e+03 1.526400425204646183e+02 6.810881991246636735e-01
1.513303112904742648e+03 1.508813375789775364e+02 6.805664824454125128e-01
1.513323945949182871e+03 1.527050460225462132e+02 6.804225936634618055e-01
1.513344778993390946e+03 1.525023838528341003e+02 6.804849397154577595e-01
1.513365612037191113e+03 1.529079285977226164e+02 6.815052061910614745e-01
1.513386445080700469e+03 1.531571625930270386e+02 6.809599355123917563e-01
1.513407278123860124e+03 1.528763914312890790e+02 6.803864798319372298e-01
1.513428111166670533e+03 1.523575142176579220e+02 6.826794204394457388e-01
1.513448944209189904e+03 1.528805864662183751e+02 6.806396742710962844e-01
1.513469777251360483e+03 1.525642337002155386e+02 6.800407061945098475e-01
1.513490610293122927e+03 1.530767811623377384e+02 6.808504481559332078e-01
1.513511443334595015e+03 1.539723152252380771e+02 6.807757686860985702e-01
1.513532276375717629e+03 1.536079979235989867e+02 6.811677226856515110e-01
1.513553109416490997e+03 1.537669647849187982e+02 6.808212295850853968e-01
1.513573942456972873e+03 1.548327961852249359e+02 6.808621790046315292e-01
1.513594775497047976e+03 1.536323085657535614e+02 6.822315485630381371e-01
1.513615608536773834e+03 1.542696304144338058e+02 6.813891583673824526e-01
1.513636441576150446e+03 1.531749022427677289e+02 6.807959058093291382e-01
1.513657274615176902e+03 1.565625457521251747e+02 6.815363194799518576e-01
1.513678107653855022e+03 1.529216588498858016e+02 6.804702241971397614e-01
1.513698940692183442e+03 1.552095955780817178e+02 6.815325588486791375e-01
1.513719773730105544e+03 1.511452491659405553e+02 6.822741605730788805e-01
1.513740606767735471e+03 1.525455187985099599e+02 6.815059714681924730e-01
1.513761439804957945e+03 1.530684107514657057e+02 6.821453553976448703e-01
1.513782272841830945e+03 1.539588044409845793e+02 6.823976570290976040e-01
1.513803105878296947e+03 1.507957023513920660e+02 6.804974651737917268e-01
1.513823938914471910e+03 1.528372584430512973e+02 6.814063251567922253e-01
1.513844771950239419e+03 1.533912485232887661e+02 6.811244507687812533e-01
1.513865604985599475e+03 1.524555880943473198e+02 6.803033384618301094e-01
1.513886438020668493e+03 1.530833069503925969e+02 6.812341784468616268e-01
1.513907271055271394e+03 1.542709361981755478e+02 6.811912607540160369e-01
1.513928104089583940e+03 1.528458695069216162e+02 6.805670955116392973e-01
1.513948937123430369e+03 1.526711480257730784e+02 6.815218890376911753e-01
1.513969770156986442e+03 1.512681524976308651e+02 6.809040232215846089e-01
1.513990603190076399e+03 1.507417642073391164e+02 6.808153419459825884e-01
1.514011436222816883e+03 1.519628380726503849e+02 6.812576048540285312e-01
1.514032269255150368e+03 1.483955020309010138e+02 6.804972899941460485e-01
1.514053102287134152e+03 1.514512459649197638e+02 6.817110784895945574e-01
1.514073935318710483e+03 1.507717989090597541e+02 6.818664745004132666e-01
1.514094768349879587e+03 1.504202256796142478e+02 6.810712212277836297e-01
1.514136434411053415e+03 1.517202030014056504e+02 6.812943286647384911e-01
1.514157267441000386e+03 1.555691364216111765e+02 6.816066525800640319e-01
1.514178100470597428e+03 1.500990400469426618e+02 6.803601323889155728e-01
1.514198933499729492e+03 1.533497458961295195e+02 6.812812710505633529e-01
1.514219766528512082e+03 1.530617994824253287e+02 6.806867642222228509e-01
1.514240599556828329e+03 1.530828580940193717e+02 6.810561464259605735e-01
1.514261432584738031e+03 1.532927900233703156e+02 6.809366958144237314e-01
1.514282265612298033e+03 1.494460226439531709e+02 6.808583708781433819e-01
1.514303098639391919e+03 1.530425128633315808e+02 6.825297549332537406e-01
1.514323931666021508e+03 1.529013624393138002e+02 6.810673486327486481e-01
1.514344764692300942e+03 1.519720169348260868e+02 6.804403761193857925e-01
1.514365597718114486e+03 1.512314898774544929e+02 6.805950332293907445e-01
1.514386430743462824e+03 1.532149405660856587e+02 6.817620942498189285e-01
1.514407263768403482e+03 1.532514408324587691e+02 6.818445332448925811e-01
1.514428096792937140e+03 1.524891214718533377e+02 6.817497013120762395e-01
1.514448929817004455e+03 1.541107706992125088e+02 6.802992205535021153e-01
1.514469762840664998e+03 1.548373786247196051e+02 6.812393625111341500e-01
1.514490595863859653e+03 1.511414529193473300e+02 6.809351420963494217e-01
1.514511428886588419e+03 1.514581235570258571e+02 6.818489477773415075e-01
1.514532261908851524e+03 1.525007287876209716e+02 6.810144209602218002e-01
1.514553094930707630e+03 1.521482520810208143e+02 6.805004432208701104e-01
1.514573927952039412e+03 1.509464788219150080e+02 6.814544773332857908e-01
1.514594760972963968e+03 1.515943802731739254e+02 6.810123422781405589e-01
1.514615593993422408e+03 1.550560477424917565e+02 6.819502119268036067e-01
1.514636427013357434e+03 1.536384273934986879e+02 6.813802795779463350e-01
1.514657260032885461e+03 1.562815235492029160e+02 6.835499994718969852e-01
1.514678093051888936e+03 1.535681425495744747e+02 6.834558184296301020e-01
1.514698926070426978e+03 1.504463660598065644e+02 6.813710945016067111e-01
1.514719759088499586e+03 1.553030224411048152e+02 6.820796656602213792e-01
1.514740592106106078e+03 1.546231240461164020e+02 6.819239904565222998e-01
1.514761425123188928e+03 1.547463499115100944e+02 6.828947144339982955e-01
1.514782258139747455e+03 1.542911946401980856e+02 6.819638029921657463e-01
1.514803091155841003e+03 1.524247169589588680e+02 6.819162986339794008e-01
1.514823924171410454e+03 1.544949698731303158e+02 6.813175780349680632e-01
1.514844757186514016e+03 1.509220614955236215e+02 6.815348764494751910e-01
1.514865590201035502e+03 1.543369828266163211e+02 6.812415717417262817e-01
1.514886423215091554e+03 1.517078909977749390e+02 6.811665851375804381e-01
1.514907256228623510e+03 1.516045330078640632e+02 6.816016462051520675e-01
1.514928089241632051e+03 1.537841531204211947e+02 6.815071084497718035e-01
1.514948922254116042e+03 1.538886630415912862e+02 6.823755581558775818e-01
1.514969755266017955e+03 1.520298906680149571e+02 6.818846563604795685e-01
1.514990588277396455e+03 1.511569597915263898e+02 6.814300955256669123e-01
1.515011421288251086e+03 1.543479802918857899e+02 6.816745957268622869e-01
1.515032254298582075e+03 1.546940230917662973e+02 6.809871131361050489e-01
1.515053087308330532e+03 1.523703446737796128e+02 6.816985534711937911e-01
1.515073920317496913e+03 1.541166092287217850e+02 6.814929835055578700e-01
1.515094753326138971e+03 1.518048710879124030e+02 6.815984762107579753e-01
1.515115586334199634e+03 1.541381673130119054e+02 6.813266326079608914e-01
1.515136419341677993e+03 1.548741111654082374e+02 6.820765634277287104e-01
1.515157252348574502e+03 1.512433466310557151e+02 6.815314219095580661e-01
1.515178085354888481e+03 1.548343344461122797e+02 6.818975276005446728e-01
1.515198918360621064e+03 1.516860027075674964e+02 6.816256720971397565e-01
1.515219751365771572e+03 1.529374073759883004e+02 6.808373820286821587e-01
1.515240584370280885e+03 1.554326545991791590e+02 6.817509034587607708e-01
1.515261417374208577e+03 1.545901811810657875e+02 6.825535953354101570e-01
1.515282250377496439e+03 1.569877347313415044e+02 6.818712385442746715e-01
1.515303083380201542e+03 1.549242287137615222e+02 6.811872138391942277e-01
1.515323916382238167e+03 1.578043343038555122e+02 6.826663674905550927e-01
1.515344749383662474e+03 1.548669728530007035e+02 6.832628811788543644e-01
1.515365582384447407e+03 1.550489696356772527e+02 6.817500073132516381e-01
1.515386415384591601e+03 1.569603475316986305e+02 6.817558431665226015e-01
1.515407248384066861e+03 1.585990733950869753e+02 6.825369595381889365e-01
1.515428081382901382e+03 1.584848717780492109e+02 6.836920967202091415e-01
1.515448914381036957e+03 1.558732505637322845e+02 6.815097322461767249e-01
1.515469747378532929e+03 1.546026371324800266e+02 6.820876614901880686e-01
1.515490580375329955e+03 1.579674012025134289e+02 6.821037620983724237e-01
1.515511413371428944e+03 1.588183400996488217e+02 6.836318305171825704e-01
1.515532246366858544e+03 1.563900648367026633e+02 6.819287540985697893e-01
1.515553079361560549e+03 1.604511220617687570e+02 6.837104479771580756e-01
1.515573912355592938e+03 1.566290153478856553e+02 6.818681353635204223e-01
1.515594745348868400e+03 1.585655682111808460e+02 6.829054937172138739e-01
1.515615578341446053e+03 1.594353472514289933e+02 6.826766701733087972e-01
1.515636411333267006e+03 1.577197116316275469e+02 6.817232972648513689e-01
1.515657244324360363e+03 1.565445155743774990e+02 6.822994294829082262e-01
1.515678077314696111e+03 1.573021299900441932e+02 6.820703152265003011e-01
1.515698910304304945e+03 1.573386489614753145e+02 6.820229275295065507e-01
1.515719743293127522e+03 1.600000160352151966e+02 6.827519492530444989e-01
1.515740576281194080e+03 1.572870541362491679e+02 6.818597873001251974e-01
1.515761409268473926e+03 1.582206818110790323e+02 6.818807665321440226e-01
1.515782242254968878e+03 1.617280846420329397e+02 6.828987075891189695e-01
1.515803075240678027e+03 1.606052891052755172e+02 6.823548125149241361e-01
1.515823908225571586e+03 1.603095797317781717e+02 6.826262466637222914e-01
1.515844741209680024e+03 1.593237997666685715e+02 6.822179628316714650e-01
1.515865574192972417e+03 1.629764586147467753e+02 6.830400240608116569e-01
1.515886407175421482e+03 1.592094317921629170e+02 6.822036560214493894e-01
1.515907240157055639e+03 1.617773283930789603e+02 6.834111869082828417e-01
1.515928073137874890e+03 1.612676969886376241e+02 6.827367587822190664e-01
1.515948906117821480e+03 1.608096648801831634e+02 6.828276564882200805e-01
1.515969739096952480e+03 1.618618221329745950e+02 6.833791777498952058e-01
1.515990572075210366e+03 1.589151998310452427e+02 6.842568587313773154e-01
1.516011405052654027e+03 1.625339783858410954e+02 6.840342383125331827e-01
1.516032238029195469e+03 1.591346031117969630e+02 6.832456519891970670e-01
1.516053071004921094e+03 1.642046329158352478e+02 6.830330429238617995e-01
1.516073903979744955e+03 1.643693139408148909e+02 6.829392269737937227e-01
