1.382365615807118047e+03 4.256100482857909242e+02 7.179071211074194991e-01
1.382386449391436599e+03 4.287893954916854682e+02 7.129675000689951192e-01
1.382428116565135952e+03 4.319204421153850149e+02 7.098949459422091435e-01
1.382469783745412087e+03 4.323521733126573849e+02 7.079996884636274856e-01
1.382490617337906997e+03 4.343391007336596772e+02 7.092281374380445813e-01
1.382511450931945546e+03 4.335792521026486952e+02 7.130020681567914576e-01
1.383698967200718016e+03 4.339221845715204608e+02 7.042988621096049062e-01
1.383719800830001077e+03 4.337791195950384804e+02 7.061508978458415076e-01
1.383740634459342800e+03 4.336552313350318855e+02 7.044810041190907590e-01
1.383761468088714082e+03 4.344235140276057905e+02 7.043864061571067925e-01
1.383782301718171084e+03 4.336524286619496138e+02 7.037788529858942654e-01
1.383803135347627631e+03 4.344309849175485851e+02 7.056951596745848487e-01
1.383823968977143068e+03 4.354213111450239353e+02 7.046267895651291413e-01
1.383844802606659869e+03 4.346576244561127851e+02 7.042837766930470922e-01
1.383865636236204864e+03 4.340222467843080949e+02 7.038807304405133580e-01
1.383886469865749859e+03 4.343313012030158120e+02 7.041029381176424629e-01
1.383907303495295082e+03 4.349150883237674634e+02 7.049792318125858159e-01
1.383928137124839850e+03 4.348350568367396818e+02 7.039861068560349100e-01
1.383948970754384845e+03 4.355609260248484702e+02 7.045475873747059081e-01
1.383969804383871633e+03 4.352894592413341570e+02 7.041961564053118572e-01
1.383990638013387070e+03 4.339665238272141323e+02 7.033913213959146482e-01
1.384011471642845208e+03 4.333394089324405059e+02 7.032990981835092192e-01
1.384032305272302438e+03 4.332502789208589888e+02 7.044740873908859058e-01
1.384053138901701459e+03 4.333009352344362242e+02 7.045263101823783236e-01
1.384073972531043182e+03 4.339368659200143270e+02 7.039358549846485014e-01
1.384094806160384906e+03 4.346869586380096848e+02 7.035077854463150926e-01
1.384115639789610213e+03 4.344498468876275865e+02 7.033481032016934975e-01
1.384136473418835067e+03 4.343138199944262396e+02 7.029488660819919188e-01
1.384157307047943505e+03 4.335290239354043820e+02 7.032420590762967771e-01
1.384178140677050578e+03 4.335879331703679327e+02 7.029963057680046479e-01
1.384198974306042146e+03 4.343124702923369682e+02 7.033587596991887070e-01
1.384219807934976870e+03 4.344872236839930792e+02 7.060003193754602613e-01
1.384240641563793815e+03 4.348241151590046343e+02 7.033554335334064600e-01
1.384261475192553007e+03 4.334260485165269188e+02 7.031153360338481262e-01
1.384344809706776005e+03 4.395440591758778623e+02 7.042676753519820920e-01
1.384365643335069535e+03 4.382014726570384369e+02 7.029391572976317892e-01
1.384386476963304631e+03 4.373608984016951808e+02 7.036563137430683623e-01
1.384407310591423084e+03 4.357269493896476433e+02 7.021548678086444450e-01
1.384428144219426031e+03 4.360927097582142551e+02 7.021914112167183530e-01
1.384448977847311653e+03 4.371676734665504114e+02 7.035195197506471931e-01
1.384469811475080860e+03 4.366335125311966294e+02 7.025817043671810369e-01
1.384490645102735016e+03 4.363620661488351971e+02 7.030773782497875546e-01
1.384511478730270937e+03 4.378996643749171653e+02 7.026997869948072850e-01
1.384532312357690898e+03 4.379831931861942280e+02 7.032907502524944343e-01
1.384553145984995808e+03 4.369986564394485526e+02 7.036875487714737698e-01
1.384573979612125186e+03 4.361195818178587729e+02 7.034865615323053767e-01
1.384594813239196810e+03 4.359556953982896630e+02 7.019770045562504501e-01
1.384615646866093812e+03 4.357605305974710177e+02 7.023746301229453204e-01
1.384636480492873488e+03 4.378587325161327612e+02 7.035681070072311583e-01
1.384657314119537205e+03 4.349979141571553214e+02 7.023604580904232453e-01
1.384678147746084960e+03 4.349959896209921340e+02 7.017629145992316797e-01
1.384698981372458093e+03 4.363958524848649176e+02 7.027361960437837896e-01
1.384719814998656148e+03 4.362979458389454521e+02 7.030409020887515847e-01
1.384740648624795995e+03 4.354315787603519539e+02 7.017404487769836052e-01
1.384761482250703011e+03 4.347268844925200710e+02 7.015018377436345043e-01
1.384782315876551365e+03 4.370217377738791242e+02 7.034895481696957775e-01
1.384803149502166889e+03 4.370226472937608264e+02 7.039229845096383054e-01
1.384823983127724659e+03 4.368949722439012930e+02 7.044322471405881636e-01
1.384844816753050054e+03 4.366115503781837219e+02 7.018362951094652136e-01
1.384865650378258124e+03 4.348474355305867221e+02 7.012896638080520217e-01
1.384886484003350006e+03 4.362296491678214352e+02 7.022942827942301180e-01
1.384907317628209057e+03 4.346768377651491164e+02 7.014422944533953430e-01
1.384928151252952830e+03 4.358433536961678669e+02 7.023970544464918087e-01
1.384948984877578823e+03 4.363515759285908757e+02 7.024018065290854596e-01
1.384969818501973350e+03 4.356998771225574387e+02 7.019885097239840777e-01
1.384990652126250552e+03 4.350817592396002169e+02 7.021023625097608800e-01
1.385011485750352449e+03 4.360580339145130893e+02 7.031363804214102453e-01
1.385032319374281087e+03 4.352230814257501947e+02 7.036371908685379317e-01
1.385053152998093083e+03 4.338369424688506228e+02 7.014591616708841793e-01
1.385073986621730000e+03 4.337099585299162641e+02 7.017024803271633138e-01
1.385094820245134088e+03 4.345492022294801018e+02 7.020977145192717206e-01
1.385115653868421987e+03 4.360416837612295353e+02 7.022172154045711601e-01
1.385136487491534808e+03 4.344523666109182614e+02 7.019721859152141530e-01
1.385157321114473007e+03 4.340285556458733254e+02 7.019260568977586656e-01
1.385198988359884879e+03 4.339517502445325476e+02 7.019639707989434596e-01
1.385219821982299891e+03 4.338807520130422404e+02 7.018535137879106101e-01
1.385240655604539370e+03 4.345178211787631994e+02 7.015308109594570185e-01
1.385261489226662889e+03 4.328612555652590572e+02 7.028646410932277711e-01
1.385282322848554031e+03 4.342803160340963018e+02 7.030473878199223758e-01
1.385303156470270096e+03 4.336898463110408102e+02 7.025209163117706046e-01
1.385323990091811993e+03 4.341478550263367993e+02 7.008732024119241899e-01
1.385344823713178357e+03 4.317578315185256201e+02 7.010330020166913867e-01
1.385365657334370098e+03 4.338479185919722454e+02 7.011541720309925063e-01
1.385386490955388581e+03 4.328892959990802183e+02 7.009544354185865966e-01
1.385407324576231986e+03 4.324750634400100466e+02 7.013916478768987828e-01
1.385428158196899858e+03 4.334120432703169286e+02 7.021473127204894693e-01
1.385448991817394017e+03 4.323114024724582123e+02 7.010580836542374961e-01
1.385469825437654890e+03 4.333896949420724809e+02 7.005848246752469644e-01
1.385490659057798894e+03 4.342548377241268440e+02 7.015953166737395330e-01
1.385511492677710976e+03 4.328264234303107969e+02 7.006577330811325499e-01
1.385532326297447980e+03 4.329982268822457172e+02 7.014487312353820947e-01
1.385553159917010817e+03 4.332904779341139943e+02 7.010662456207321647e-01
1.385573993536340822e+03 4.328978640609022932e+02 7.011420793498476245e-01
1.385594827155553958e+03 4.337042396080609592e+02 7.010241807189988572e-01
1.385615660774533808e+03 4.335992309338634527e+02 7.016086546194996165e-01
1.385636494393339945e+03 4.333518243277653710e+02 7.012088308982195040e-01
1.385657328011971003e+03 4.324608802875838478e+02 7.034881713526158764e-01
1.385678161630370141e+03 4.338857046775555091e+02 7.017813878461623966e-01
1.385698995248594201e+03 4.338511768732964242e+02 7.011198486748257963e-01
1.385719828866642501e+03 4.315105061366377299e+02 7.019985288308424609e-01
1.385740662484517088e+03 4.321013357881196839e+02 7.020144487277009127e-01
1.385761496102158617e+03 4.325734975702209795e+02 7.018743837036253153e-01
1.385782329719626432e+03 4.343542599895592957e+02 7.024446798922092672e-01
1.385803163336920079e+03 4.333041005597172557e+02 7.029492264491361553e-01
1.385823996954037057e+03 4.318755554676454835e+02 7.028637506669209722e-01
1.385844830570921658e+03 4.324246827930708150e+02 7.002766667007125356e-01
1.385969832268215214e+03 4.336455105015759273e+02 7.014501120555064473e-01
1.385990665883703059e+03 4.333986425202429587e+02 7.011989280135952907e-01
1.386011499499074944e+03 4.310469373965241289e+02 6.995932998386549251e-01
1.386032333114213998e+03 4.329173977366991721e+02 7.015403480685807880e-01
1.386053166729119994e+03 4.313851592549357861e+02 7.018089269448077872e-01
1.386074000343850912e+03 4.333500361807573427e+02 7.016806071890784313e-01
1.386094833958406980e+03 4.316397406409425912e+02 7.015348679638164775e-01
1.386115667572731127e+03 4.328245764270230893e+02 7.011303902682545219e-01
1.386136501186880196e+03 4.321235916442734037e+02 7.005174818750543597e-01
1.386157334800797344e+03 4.323557660028401415e+02 7.011537469842251680e-01
1.386178168414539869e+03 4.327017714305957838e+02 7.008063125806690552e-01
1.386199002028107088e+03 4.334631489904346608e+02 7.010255411191351760e-01
1.386219835641441023e+03 4.312898146344538191e+02 7.026338557330156220e-01
1.386240669254601016e+03 4.319083437372798926e+02 7.035720887260576983e-01
1.386261502867528179e+03 4.315724387178062216e+02 7.034239239528646825e-01
1.386282336480222057e+03 4.311633895231250904e+02 7.009555195955241569e-01
1.386303170092799974e+03 4.323169645777942378e+02 7.003627348164085387e-01
1.386324003705085943e+03 4.331227721209697279e+02 7.010379333925721435e-01
1.386344837317255951e+03 4.318272080862056441e+02 7.013691064250108242e-01
1.386365670929134922e+03 4.319820341029493989e+02 7.007026696349862860e-01
1.386386504540897931e+03 4.326507514140055264e+02 7.024714929763103965e-01
1.386407338152370357e+03 4.325523604512301290e+02 7.011385513930264990e-01
1.386428171763725913e+03 4.332091361675743997e+02 7.028399631465562791e-01
1.386449005374789522e+03 4.312083393690130606e+02 7.007704411824505764e-01
1.386469838985738079e+03 4.334054865978204703e+02 7.016013272762249287e-01
1.386490672596395143e+03 4.328577932409400546e+02 7.016478811529571757e-01
1.386511506206934882e+03 4.319775850089940832e+02 7.005570460228119911e-01
1.386532339817184948e+03 4.318668616446576038e+02 7.010090248326915630e-01
1.386553173427259026e+03 4.329804698422116189e+02 7.014921939004969964e-01
1.386574007037158026e+03 4.328844806889562733e+02 7.013619465474111303e-01
1.386594840646826015e+03 4.330312929459200291e+02 7.014957625627497029e-01
1.386615674256260945e+03 4.332665721609567413e+02 7.008494748998257418e-01
1.386636507865522162e+03 4.321105713824582040e+02 7.009675517211212403e-01
1.386657341474548957e+03 4.330827240066110448e+02 7.053454412796912321e-01
1.386678175083400902e+03 4.325132621766393868e+02 7.005929921552480621e-01
1.386699008692020016e+03 4.339675650043626547e+02 7.013801329184747857e-01
1.386719842300465189e+03 4.329773495048777932e+02 7.035088021446874729e-01
1.386740675908677076e+03 4.343384178223940921e+02 7.023556208641636989e-01
1.386761509516714796e+03 4.338203502084465981e+02 7.011997780520974333e-01
1.386782343124461931e+03 4.324131766818862275e+02 7.023705779691858941e-01
1.386803176732091970e+03 4.335463508616744548e+02 7.012143135510169323e-01
1.386824010339430515e+03 4.339914898948079554e+02 7.020983087846115467e-01
1.386844843946595120e+03 4.343554454638941138e+02 7.016003715301560861e-01
1.386865677553585101e+03 4.335438245066779359e+02 7.014265740114762337e-01
1.386886511160341797e+03 4.351053163323516060e+02 7.021598761930635257e-01
1.386907344766865663e+03 4.352203413382623012e+02 7.024929596761968487e-01
1.386928178373214450e+03 4.327833808094820256e+02 7.022288439555999240e-01
1.386949011979331999e+03 4.330819079000887655e+02 7.011150666497427686e-01
1.386969845585216490e+03 4.335721609990707748e+02 7.015297489125560393e-01
1.386990679190926130e+03 4.345671318512335120e+02 7.022085150853490942e-01
1.387011512796401803e+03 4.347358389286244460e+02 7.026552538517971680e-01
1.387032346401645555e+03 4.340516968915926554e+02 7.022634738282741429e-01
1.387053180006714001e+03 4.341016092319978270e+02 7.015380328357437856e-01
1.387074013611550072e+03 4.349573254271812175e+02 7.020656446686854846e-01
1.387094847216211974e+03 4.337015406143407859e+02 7.012637829913522802e-01
1.387115680820582838e+03 4.339673103125408602e+02 7.010192917592170669e-01
1.387136514424837060e+03 4.354023499449172618e+02 7.037042351201581170e-01
1.387157348028800016e+03 4.364820320311667956e+02 7.038846680511194887e-01
1.387178181632587894e+03 4.342706085147626709e+02 7.015883927356740823e-01
1.387199015236143168e+03 4.345968083327006752e+02 7.020786340897707811e-01
1.387219848839524957e+03 4.345634917078464809e+02 7.019652656944541658e-01
1.387240682442616162e+03 4.354296830092188770e+02 7.029756387380248217e-01
1.387261516045531152e+03 4.363501163502995155e+02 7.029627506825110173e-01
1.387282349648271065e+03 4.360355564889278526e+02 7.026771390633379522e-01
1.387303183250778147e+03 4.339738964760254021e+02 7.020208802636438428e-01
1.387324016853052854e+03 4.346733597079882543e+02 7.022703274548102170e-01
1.387344850455096548e+03 4.357327916442235392e+02 7.023172401118211727e-01
1.387365684056963801e+03 4.363880338768155980e+02 7.026189466486124635e-01
1.387386517658540924e+03 4.352859366346271486e+02 7.028397299315871649e-01
1.387407351260000496e+03 4.364429114024117098e+02 7.045145080431661766e-01
1.387428184861169029e+03 4.352876286389521283e+02 7.030621818455625727e-01
1.387449018462163622e+03 4.362207503840071467e+02 7.041044195490209212e-01
1.387469852062925384e+03 4.350019385347572438e+02 7.033747971058023074e-01
1.387490685663454997e+03 4.356235500198228010e+02 7.024916445415096966e-01
1.387511519263808623e+03 4.363994757937258555e+02 7.041172443818080051e-01
1.387532352863929646e+03 4.352287001077975219e+02 7.024897991064261715e-01
1.387553186463817838e+03 4.366321667056917022e+02 7.025331761545997589e-01
1.387574020063474563e+03 4.370436795329729307e+02 7.031371645404974613e-01
1.387594853662956211e+03 4.355275673622297177e+02 7.030356456352788719e-01
1.387615687262145912e+03 4.373269004248266469e+02 7.033600308411932511e-01
1.387636520861160989e+03 4.370776911037988270e+02 7.040408210108904941e-01
1.387657354460000988e+03 4.364185659301840019e+02 7.039523661047176750e-01
1.387678188058550859e+03 4.365297677752920436e+02 7.034968770275734640e-01
1.387699021656926561e+03 4.372624039990902816e+02 7.039687074986457072e-01
1.387719855255069888e+03 4.367440296224884833e+02 7.048965177950310412e-01
1.387782356048157453e+03 4.380687230209400695e+02 7.042076041569177436e-01
1.387803189645427210e+03 4.370840119986257832e+02 7.043195960959940383e-01
1.387824023242463454e+03 4.379208118820095592e+02 7.042886006762613116e-01
1.387844856839325075e+03 4.384120723416107239e+02 7.044546059657090797e-01
1.387865690435895885e+03 4.387110096032576507e+02 7.053650671046450826e-01
1.387886524032292073e+03 4.379876226893904914e+02 7.043091022363120457e-01
1.387907357628396994e+03 4.382902984233468828e+02 7.043923717885067770e-01
1.387928191224327520e+03 4.381228575761414277e+02 7.040854781558321118e-01
1.387949024820083196e+03 4.381275189187779233e+02 7.044866093688900710e-01
1.387969858415548060e+03 4.387294434206363007e+02 7.045297577233667896e-01
1.387990692010837847e+03 4.389131761374417238e+02 7.053415752024301266e-01
1.388011525605837051e+03 4.373279678124827115e+02 7.041744665319575880e-01
1.388032359200662086e+03 4.380637341088026915e+02 7.058036854007001537e-01
1.388053192795253835e+03 4.370853387617473800e+02 7.041302382810844529e-01
1.388074026389612982e+03 4.389562708605569696e+02 7.060178586184319149e-01
1.388094859983797960e+03 4.371128458673091473e+02 7.036727678935562613e-01
1.388115693577690536e+03 4.369571267074596790e+02 7.039712052430522338e-01
1.388136527171408034e+03 4.378487187474478901e+02 7.044148376491040642e-01
1.388157360764894520e+03 4.374825703917311444e+02 7.046244844736240243e-01
1.388178194358089968e+03 4.374406758065687200e+02 7.040878485033200684e-01
1.388199027951110111e+03 4.365818856782099715e+02 7.036526713308439707e-01
1.388219861543955631e+03 4.390931473888516052e+02 7.059575986259650771e-01
1.388240695136510112e+03 4.373712260354167825e+02 7.042583867630946015e-01
1.388261528728830854e+03 4.366330081058547421e+02 7.039494449347488692e-01
1.388282362320977882e+03 4.373436110944633128e+02 7.056414395994494715e-01
1.388303195912833871e+03 4.367246895830787139e+02 7.040153164890743387e-01
1.388324029504515920e+03 4.364177995397827203e+02 7.040414136360982900e-01
1.388344863095965138e+03 4.385161349817793166e+02 7.051850552194064425e-01
1.388365696687179934e+03 4.360140115618137315e+02 7.032234758717428313e-01
1.388386530278104146e+03 4.352541547049250994e+02 7.033764071819085251e-01
1.388407363868854645e+03 4.373592950790697955e+02 7.041224927608710216e-01
1.388428197459430976e+03 4.376481020219944753e+02 7.047616771557402293e-01
1.388449031049714904e+03 4.381758424571426076e+02 7.049345890096334610e-01
1.388469864639765547e+03 4.359646187028774875e+02 7.033128063730406110e-01
1.388490698229584495e+03 4.367648796739750310e+02 7.044528079785753460e-01
1.388511531819228821e+03 4.370682359705708677e+02 7.062459557341512761e-01
1.388532365408581882e+03 4.362352460210032064e+02 7.055444205795510237e-01
1.388553198997759864e+03 4.374078063460694352e+02 7.043864696215365040e-01
1.388574032586648627e+03 4.362440534821667484e+02 7.035760916015258992e-01
1.388594866175360949e+03 4.359512778014058085e+02 7.035005626093303599e-01
1.388615699763782004e+03 4.355280172041286733e+02 7.039762642066891285e-01
1.388636533352029346e+03 4.358669744728188107e+02 7.035912345487157493e-01
1.388657366939985877e+03 4.367220576787273103e+02 7.042189247633888760e-01
1.388678200527767785e+03 4.361058402976840966e+02 7.064648250872912483e-01
1.388699034115315953e+03 4.360918159946040191e+02 7.053171951888100866e-01
1.388719867702573993e+03 4.350773164857275219e+02 7.038500967713051670e-01
1.388740701289656499e+03 4.354741959659380086e+02 7.037699814122939657e-01
1.388761534876507085e+03 4.357970374466330554e+02 7.039091611880309296e-01
1.388782368463066632e+03 4.354656152712629478e+02 7.038413319516744204e-01
1.388803202049451102e+03 4.337818928905668372e+02 7.027876998576220169e-01
1.388824035635544988e+03 4.352847327517454232e+02 7.036243149304575173e-01
1.388844869221462432e+03 4.352870067455874619e+02 7.056779925008549448e-01
1.388865702807090656e+03 4.361069991835835822e+02 7.037682028494751663e-01
1.388886536416991021e+03 4.340086858406003216e+02 7.029240638993409229e-01
1.388907370002211337e+03 4.341410408800712162e+02 7.065359878458797871e-01
1.388928203587141525e+03 4.355478657043059343e+02 7.034999059841090530e-01
1.388949037171837972e+03 4.339491904482842415e+02 7.039110664092816938e-01
1.388969870756359342e+03 4.330670187166198275e+02 7.022076238270492654e-01
1.388990704340590582e+03 4.336449859823718498e+02 7.025338973151623589e-01
1.389011537924588993e+03 4.331141814532256831e+02 7.025451600502411464e-01
1.389032371508354117e+03 4.351622688796459784e+02 7.040518479910784500e-01
1.389053205091885957e+03 4.341709608746550657e+02 7.039607696927566716e-01
1.389074038675184966e+03 4.342059667757769716e+02 7.031751826710140874e-01
1.389094872258252053e+03 4.331226612813051133e+02 7.026146626142123486e-01
1.389115705841085855e+03 4.348806336516192346e+02 7.032619766750609624e-01
1.389157373005998124e+03 4.321781203548356416e+02 7.025355729500817326e-01
1.389178206588074545e+03 4.322959031441378670e+02 7.020611237843813468e-01
1.389199040169919044e+03 4.313737351080270628e+02 7.023578273223792801e-01
1.389219873751587784e+03 4.309888322657624258e+02 7.019189663888261155e-01
1.389240707332966849e+03 4.325249896474729780e+02 7.024363854476893820e-01
1.389261540914054876e+03 4.319639951851146407e+02 7.019693201878993705e-01
1.389282374494968508e+03 4.311327562244309206e+02 7.021529153779219046e-01
1.389303208075648854e+03 4.294339656677156540e+02 7.031400890850556529e-01
1.389324041656037480e+03 4.302254457323916768e+02 7.009013299542704578e-01
1.389344875236194184e+03 4.311176951597879565e+02 7.017534866857936260e-01
1.389365708816117149e+03 4.301877897577048770e+02 7.020050878720787146e-01
1.389386542395807965e+03 4.310219203533021073e+02 7.039791852653711768e-01
1.389428209554433124e+03 4.299409853988779560e+02 7.023899474772600238e-01
1.389449043133424993e+03 4.300912993153355615e+02 7.029549499025407044e-01
1.389469876712125824e+03 4.310296576888666777e+02 7.021943397002115006e-01
1.389490710290594052e+03 4.303549067557680132e+02 7.046559514936585611e-01
1.389511543868771923e+03 4.297566564953612556e+02 7.015494177603206483e-01
1.389532377446775172e+03 4.303029181616646497e+02 7.032783552990379272e-01
1.389553211024487155e+03 4.291213680104337982e+02 7.016335670142535008e-01
1.389574044601964943e+03 4.295771953647262080e+02 7.017434216113868084e-01
1.389594878179153056e+03 4.301666868787195881e+02 7.024269029320471258e-01
1.389615711756166547e+03 4.299479906019932969e+02 7.016704136490918842e-01
1.389636545332889000e+03 4.307129267865818179e+02 7.029063202624700191e-01
1.389657378909378167e+03 4.299463149106064748e+02 7.022507212367959939e-01
1.389678212485575841e+03 4.299630107076106356e+02 7.025825951509425682e-01
1.389699046061599802e+03 4.300596869828805211e+02 7.032269933688921615e-01
1.389719879637331815e+03 4.305383589785171239e+02 7.031279245951547185e-01
1.389740713212773926e+03 4.311223758056485735e+02 7.031221389712299930e-01
1.389761546788040960e+03 4.289430583036949542e+02 7.033451159636806560e-01
1.389782380363017637e+03 4.299376790421176793e+02 7.022379684137315392e-01
1.389803213937760574e+03 4.293649809456474031e+02 7.019939438335855986e-01
1.389824047512211564e+03 4.303906784336691089e+02 7.025499959714777143e-01
1.389844881086431542e+03 4.317210215953128341e+02 7.035167238691814040e-01
1.389865714660418007e+03 4.301616874749341832e+02 7.024192234855216599e-01
1.389886548234113889e+03 4.291630460976657560e+02 7.028112983269296787e-01
1.389907381807577167e+03 4.310137917804149765e+02 7.028564788098582428e-01
1.389928215380805341e+03 4.290758247250550426e+02 7.025000443916713522e-01
1.389949048953744068e+03 4.299673415774240084e+02 7.030639621944246853e-01
1.389990716098865050e+03 4.294617231589334665e+02 7.031592678620547376e-01
1.390011549671105513e+03 4.313087429285552616e+02 7.033719370931045267e-01
1.390053216814653524e+03 4.297848384652505729e+02 7.027108138133276727e-01
1.390074050386078852e+03 4.307267273085838042e+02 7.030150221539581690e-01
1.390094883957272032e+03 4.310438479043329494e+02 7.028393059041723179e-01
1.390115717528173491e+03 4.300002704261974031e+02 7.027915799838270194e-01
1.390136551098783912e+03 4.298161452411324035e+02 7.021991568167809117e-01
1.390157384669161502e+03 4.308054062852546053e+02 7.025554257381082524e-01
1.390178218239305806e+03 4.308275468158138892e+02 7.036923133149476373e-01
1.390199051809158846e+03 4.314712867763861937e+02 7.034269532235362110e-01
1.390219885378722665e+03 4.298964750133824282e+02 7.025908878693821746e-01
1.390282386085955523e+03 4.308561910763309015e+02 7.026088303471760277e-01
1.390303219654470468e+03 4.327827817959931735e+02 7.040397627503501843e-01
1.390324053222752809e+03 4.318933696301624536e+02 7.029855165943083017e-01
1.390344886790801866e+03 4.305055118569300703e+02 7.028636870649987989e-01
1.390365720358560338e+03 4.332354970425172951e+02 7.034463783764733913e-01
1.390386553926028000e+03 4.319292687608440247e+02 7.039263926681971206e-01
1.390407387493261922e+03 4.314382868432439864e+02 7.042902086633234804e-01
1.390428221060205033e+03 4.325675854497676482e+02 7.047253304622924652e-01
1.390449054626857560e+03 4.318310645013905287e+02 7.033457091750757728e-01
1.390469888193276802e+03 4.333284434551405297e+02 7.051781453968752889e-01
1.390490721759405915e+03 4.333317726121892974e+02 7.040388526450132023e-01
1.390511555325301515e+03 4.330178940862397781e+02 7.033806442066824482e-01
1.390532388890905622e+03 4.350523581797189649e+02 7.043418315602543167e-01
1.390553222456277581e+03 4.343685249767209484e+02 7.034545549979885903e-01
1.390574056021299839e+03 4.346895896436456610e+02 7.044836269585109667e-01
1.390594889586089948e+03 4.347688865676922205e+02 7.039376542921760294e-01
1.390615723150647000e+03 4.361190437080513220e+02 7.043325227928943777e-01
1.390636556714912786e+03 4.354103176592155364e+02 7.049144015866752877e-01
1.390657390278886851e+03 4.350020331349626872e+02 7.039883717042576539e-01
1.390678223842570333e+03 4.363804114602702384e+02 7.049031767066400445e-01
1.390699057405963686e+03 4.359504257313197968e+02 7.069526965936431262e-01
1.390719890969124208e+03 4.349626024352231752e+02 7.042195172387161195e-01
1.390740724531993010e+03 4.366562228845977529e+02 7.045567664024205978e-01
1.390761558094628526e+03 4.357690826539733280e+02 7.043825348160810407e-01
1.390782391656915024e+03 4.360119754123973053e+02 7.040541761222038897e-01
1.390803225218969146e+03 4.342597655621224249e+02 7.036825936120393310e-01
1.390824058780732685e+03 4.360547462375018881e+02 7.038672026749540622e-01
1.390844892342204503e+03 4.356694719264787636e+02 7.061030370004882650e-01
1.390865725903443945e+03 4.348743925986079830e+02 7.053253712491661664e-01
1.390886559464333459e+03 4.357348116641509819e+02 7.041897235759753126e-01
1.390907393024990142e+03 4.357387405091085952e+02 7.037915567151780127e-01
1.390928226585355787e+03 4.343373930736016177e+02 7.041577066795733364e-01
1.390949060145430849e+03 4.346885974762372484e+02 7.046772247715654691e-01
1.390969893705214872e+03 4.344997965205511719e+02 7.043673454146304191e-01
1.390990727264707857e+03 4.358966707962483156e+02 7.052509170101658453e-01
1.391011560823968011e+03 4.357310632302238105e+02 7.052390636095112741e-01
1.391032394382878010e+03 4.350123370354090184e+02 7.058377809921105861e-01
1.391053227941556543e+03 4.365524069663504179e+02 7.043216271475507551e-01
1.391074061499884920e+03 4.370192567150222089e+02 7.059039407413941758e-01
1.391094895057981375e+03 4.352055808854940437e+02 7.061564265351931713e-01
1.391115728615785429e+03 4.347485097747991176e+02 7.044832039205553009e-01
1.391136562173241146e+03 4.362875075980782071e+02 7.062656198310307554e-01
1.391157395730464032e+03 4.361427117941123583e+02 7.066840483744041279e-01
1.391178229287395880e+03 4.369280722677568747e+02 7.083203697888279526e-01
1.391199062844037144e+03 4.364841544768511881e+02 7.052480646057509572e-01
1.391219896400328480e+03 4.365887609516695420e+02 7.044085337417074211e-01
1.391240729956386531e+03 4.371112121799731653e+02 7.045929948996690895e-01
1.391261563512153316e+03 4.362566744790148618e+02 7.049185659505720070e-01
1.391282397067571992e+03 4.363654636289431323e+02 7.045657549657446950e-01
1.391303230622758520e+03 4.371313814168976819e+02 7.075190679049768727e-01
1.391324064177595119e+03 4.353314809089563369e+02 7.041621294571407397e-01
1.391344897732139998e+03 4.373254429181775436e+02 7.048235615989300040e-01
1.391365731286393384e+03 4.364624568739134247e+02 7.059015553827601153e-01
1.391386564840356641e+03 4.359388509868716710e+02 7.056016959370561281e-01
1.391407398394028860e+03 4.355971535741946354e+02 7.044410046079140342e-01
1.391428231947410495e+03 4.361309842458942398e+02 7.040445884055027692e-01
1.391449065500441975e+03 4.370936271162030948e+02 7.044853614114733320e-01
1.391469899053183326e+03 4.348753221547819408e+02 7.043705610255557303e-01
1.391490732605690937e+03 4.361420905453007890e+02 7.039761583710021364e-01
1.391511566157790639e+03 4.358767843534748749e+02 7.039933882112940911e-01
1.391532399709658876e+03 4.357259771579565495e+02 7.049220749893758686e-01
1.391574066812405363e+03 4.364035533753844334e+02 7.036945791087479973e-01
1.391594900363341822e+03 4.352173124909320450e+02 7.036964849109684783e-01
1.391615733913929034e+03 4.369773343965565573e+02 7.049884263569879961e-01
1.391636567464282962e+03 4.368570372135015418e+02 7.043868292531968445e-01
1.391657401014229890e+03 4.362292804872669194e+02 7.052064604478436305e-01
1.391678234563943988e+03 4.361315625764801780e+02 7.045035306071824044e-01
1.391699068113309522e+03 4.380427580471609872e+02 7.046316957898322020e-01
1.391719901662323991e+03 4.374759238820462315e+02 7.044982850667793617e-01
1.391740735211106312e+03 4.376750012551323152e+02 7.075213003827519609e-01
1.391761568759482088e+03 4.391305702654172478e+02 7.051487514808030266e-01
1.391782402307624579e+03 4.380270873841184880e+02 7.044541194519963190e-01
1.391803235855417824e+03 4.379875334082086056e+02 7.051295000205566321e-01
1.391844902950014784e+03 4.389721321456885903e+02 7.052024668266871910e-01
1.391865736496875797e+03 4.376422539876828068e+02 7.045064071772733083e-01
1.391886570043330948e+03 4.378832931746815120e+02 7.040483981098909494e-01
1.391907403589552814e+03 4.373003842489088697e+02 7.045024095877164827e-01
1.391928237135425661e+03 4.385001036604132878e+02 7.053096317204204935e-01
1.391949070680948807e+03 4.374093929562805556e+02 7.038289255228061814e-01
1.391969904226121798e+03 4.374432545214228298e+02 7.038851337885516646e-01
1.391990737771004206e+03 4.365501676115463852e+02 7.036378897202779648e-01
1.392011571315596484e+03 4.376499012113603726e+02 7.044538867714063013e-01
1.392032404859781309e+03 4.373776512778522942e+02 7.053470046054629572e-01
1.392053238403675095e+03 4.382316772838988186e+02 7.047523316462858123e-01
1.392074071947218954e+03 4.376302029218873599e+02 7.048143226198777533e-01
1.392094905490471547e+03 4.384412762791968703e+02 7.047355855365510235e-01
1.392115739033375121e+03 4.370458223305349179e+02 7.040520384748233385e-01
1.392136572575930131e+03 4.364088644874188390e+02 7.034135438355417769e-01
1.392157406118134986e+03 4.377106025333966954e+02 7.047082242434635768e-01
1.392178239660049940e+03 4.361440241966424196e+02 7.047804100888498402e-01
1.392199073201556530e+03 4.368346306449626013e+02 7.036714549638848348e-01
1.392219906742771400e+03 4.361456026095829088e+02 7.030651067020268208e-01
1.392240740283637933e+03 4.362841912105180313e+02 7.034907343484038122e-01
1.392303240904143422e+03 4.373928177149613248e+02 7.041983570965943962e-01
1.392344907982790573e+03 4.370305355938027674e+02 7.070544328629790876e-01
1.392365741521561631e+03 4.362200830223735579e+02 7.039031491227177861e-01
1.392386575060042560e+03 4.367650257945583121e+02 7.037739196425402133e-01
1.392407408598115126e+03 4.351402190078180752e+02 7.028345567796476789e-01
1.392428242135838445e+03 4.369210883529314060e+02 7.033014923687899156e-01
1.392449075673212519e+03 4.353746549755499586e+02 7.027967534521104565e-01
1.392469909210236438e+03 4.363419495213036612e+02 7.028456874897200946e-01
1.392490742746912929e+03 4.363533184806578902e+02 7.028359772800790717e-01
1.392511576283238810e+03 4.368704427147013689e+02 7.027800667599412021e-01
1.392532409819158602e+03 4.351762468729989450e+02 7.022104249207540283e-01
1.392553243354727783e+03 4.357634362660750185e+02 7.044267683798226543e-01
1.392574076889948174e+03 4.351620046477450501e+02 7.019966820994379963e-01
1.392594910424819318e+03 4.357222174706320175e+02 7.030807693132965497e-01
1.392615743959341216e+03 4.356736774082522174e+02 7.024975414165223198e-01
1.392636577493456116e+03 4.351680898451731423e+02 7.021383144195397774e-01
1.392657411027220860e+03 4.362942954894776335e+02 7.024452738640180050e-01
1.392678244560636813e+03 4.346420267841124314e+02 7.021743705958294335e-01
1.392699078093645312e+03 4.369020067310872832e+02 7.030695151583440383e-01
1.392719911626305020e+03 4.357854790475242339e+02 7.023391146395502327e-01
1.392782412221954928e+03 4.365798015991459806e+02 7.030682011021412992e-01
1.392803245753100327e+03 4.364472608512908209e+02 7.027471586785404289e-01
1.392824079283896481e+03 4.365840716541802067e+02 7.036315153196077699e-01
1.392844912814227428e+03 4.374576232246227505e+02 7.030889925743848412e-01
1.392865746344268473e+03 4.364336624239211915e+02 7.028973104785017911e-01
1.392886579873842948e+03 4.363864582974672999e+02 7.046036114210058043e-01
1.392907413403067949e+03 4.357923887380603105e+02 7.033301583967217496e-01
1.392928246931885496e+03 4.368322810595816463e+02 7.025975050067226890e-01
1.392949080460352889e+03 4.357400278483195279e+02 7.021842597238148187e-01
1.392969913988414646e+03 4.365785050764039283e+02 7.021596427522106554e-01
1.392990747516068495e+03 4.368142404681011044e+02 7.024064100784395137e-01
1.393011581043314891e+03 4.371495316291990889e+02 7.031828750527424621e-01
1.393032414570211586e+03 4.372738486228523698e+02 7.026808289446446754e-01
1.393053248096643074e+03 4.373872555017805439e+02 7.025868793808744961e-01
1.393074081622723952e+03 4.373815025225165982e+02 7.039734066375546995e-01
1.393094915148398513e+03 4.354212171409091638e+02 7.026976876385969684e-01
1.393115748673666076e+03 4.359735972916080868e+02 7.028574964503596645e-01
1.393136582198525502e+03 4.374657197775452460e+02 7.035274413544607697e-01
1.393157415722977476e+03 4.364716756286338750e+02 7.020733916562630350e-01
1.393178249247021995e+03 4.374422377659709014e+02 7.025703149609801024e-01
1.393199082770659061e+03 4.383338415757558550e+02 7.032214416484940944e-01
1.393219916293888673e+03 4.348639383855861524e+02 7.014161430913781192e-01
1.393240749816653533e+03 4.362901010762786882e+02 7.038528278159885687e-01
1.393261583339067784e+03 4.384610999633183042e+02 7.034164672310174726e-01
1.393282416861016827e+03 4.366333138647552801e+02 7.022141809152308012e-01
1.393303250382558417e+03 4.368308292771189372e+02 7.028316945685655348e-01
1.397719956711781379e+03 4.281690190432690315e+02 6.937789936708552707e-01
1.397740790291315079e+03 4.298028102738604730e+02 6.953783111287715757e-01
1.397761623870906533e+03 4.279739268896528870e+02 6.936221202488768167e-01
1.397782457450497986e+03 4.294598884576499245e+02 6.956085046490130264e-01
1.397803291030207220e+03 4.282632650760930346e+02 6.943719481668095828e-01
1.397824124609915089e+03 4.287479984616475122e+02 6.940603232317389404e-01
1.397844958189681165e+03 4.281341185243967402e+02 6.939842739274778571e-01
1.397865791769448151e+03 4.281013964411268375e+02 6.941111183227907100e-01
1.397886625349214000e+03 4.293024960828043390e+02 6.943690725325909474e-01
1.397907458929038967e+03 4.297615875941809236e+02 6.947549020018431998e-01
1.397928292508806408e+03 4.305087680713929785e+02 6.949740025234223406e-01
1.397949126088631601e+03 4.299654854197155487e+02 6.942164966204105170e-01
1.397969959668398133e+03 4.287011164653027322e+02 6.936752244671059442e-01
1.397990793248163982e+03 4.296215023335246315e+02 6.956016924947183711e-01
1.398011626827872078e+03 4.299186921349631803e+02 6.946407459225548697e-01
1.398032460407639064e+03 4.295827008400481191e+02 6.945423404250105071e-01
1.398053293987288498e+03 4.299810028940158873e+02 6.951907833590792452e-01
1.398074127566937932e+03 4.301544375209616646e+02 6.980215937941378623e-01
1.398094961146529840e+03 4.296835365158527225e+02 6.943081019920962493e-01
1.398115794726121976e+03 4.293238666632261697e+02 6.945211858202576805e-01
1.398136628305596787e+03 4.302963831408646911e+02 6.941634338100602930e-01
1.398157461885072507e+03 4.305669390924403501e+02 6.956525464014813309e-01
1.398178295464431358e+03 4.299892840146375761e+02 6.957187751496202166e-01
1.398199129043734047e+03 4.297912697940795965e+02 6.946584647250300115e-01
1.398219962623034007e+03 4.306879120588919250e+02 6.949830721433406522e-01
1.398240796202159800e+03 4.303380416817565788e+02 6.950535667139667861e-01
1.398261629781286956e+03 4.310117646475527522e+02 6.954452302238612882e-01
1.398282463360296333e+03 4.311357719120456977e+02 6.956328179262002420e-01
1.398303296939247957e+03 4.300712853169402479e+02 6.956192797128304406e-01
1.398324130518082484e+03 4.312933746091320586e+02 6.966864480475832844e-01
1.398344964096801050e+03 4.296950983517351688e+02 6.944373763572425640e-01
1.398365797675462090e+03 4.312201446779104685e+02 6.952850893596929094e-01
1.398386631254064923e+03 4.302663757992053206e+02 6.954175248282661315e-01
1.398407464832493133e+03 4.322423540246767288e+02 6.952799028620763044e-01
1.398428298410863135e+03 4.306009153592745520e+02 6.972968684871396761e-01
1.398449131989057605e+03 4.309405984425366682e+02 6.961709841299880130e-01
1.398469965567193867e+03 4.300921151881169635e+02 6.952567774700524339e-01
1.398490799145213487e+03 4.300515338758783628e+02 6.971946915307344339e-01
1.398511632723117145e+03 4.289563159678596094e+02 6.956211862176781002e-01
1.398553299878576127e+03 4.303499106260155145e+02 6.951519212783069390e-01
1.398574133456072559e+03 4.297388854147366146e+02 6.946219755116838090e-01
1.398594967033512148e+03 4.306397071659615108e+02 6.956008141932402689e-01
1.398615800610775068e+03 4.299183874879383893e+02 6.950778994024459090e-01
1.398636634187922027e+03 4.300540081356951987e+02 6.945971334337835978e-01
1.398657467764895046e+03 4.302941397283822766e+02 6.978501079382952721e-01
1.398678301341808947e+03 4.303920681529045851e+02 6.949289528463247212e-01
1.398740802071562939e+03 4.307140947446563928e+02 6.980160433679784004e-01
1.398761635647895673e+03 4.309997459425523516e+02 6.955697515985270751e-01
1.398782469224052420e+03 4.313675747783250358e+02 6.958190273101079182e-01
1.398803302800035453e+03 4.314518242234270247e+02 6.955523987865347424e-01
1.398824136375902071e+03 4.309413281739001036e+02 6.959067601924894264e-01
1.398844969951652502e+03 4.314664669070698437e+02 6.958539975880312367e-01
1.398865803527170101e+03 4.308633812473501621e+02 6.963202428055985660e-01
1.398886637102571513e+03 4.307481731286289346e+02 6.955221910069699920e-01
1.398907470677856054e+03 4.309748658756934674e+02 6.960833059569925263e-01
1.398928304252908219e+03 4.306441320713424261e+02 6.961833771996990272e-01
1.398949137827842605e+03 4.301453020457810794e+02 6.954241887945332712e-01
1.398969971402602823e+03 4.295732716689414019e+02 6.960781896288413817e-01
1.398990804977190010e+03 4.316209318976623308e+02 6.986400404447707935e-01
1.399011638551659871e+03 4.311954391299123586e+02 6.954841616175725383e-01
1.399032472125897129e+03 4.297242055828752427e+02 6.953655394137385759e-01
1.399053305700016608e+03 4.321880974457756110e+02 6.978934957918594417e-01
1.399074139273961919e+03 4.322622973920188088e+02 6.970108165024822000e-01
1.399094972847733516e+03 4.323409874702421689e+02 6.962717704177296962e-01
1.399115806421271827e+03 4.315926774370860812e+02 6.962966383512519952e-01
1.399136639994694633e+03 4.309379896019810872e+02 6.961510134861029764e-01
1.399157473567941906e+03 4.336392590961594351e+02 6.974953451992570441e-01
1.399178307141014557e+03 4.325316616524501114e+02 6.962432846279680287e-01
1.399199140713912129e+03 4.333709261145436358e+02 6.974650720170920692e-01
1.399219974286635988e+03 4.325743019619547454e+02 6.960095758204141170e-01
1.399240807859185225e+03 4.328715319185118346e+02 6.959922339743301878e-01
1.399261641431559838e+03 4.341539098868983046e+02 6.962410801944508565e-01
1.399282475003700483e+03 4.328990927449172545e+02 6.959302922232305511e-01
1.399303308575666961e+03 4.336087036185966781e+02 6.975534523543878151e-01
1.399324142147518160e+03 4.341638578083287712e+02 6.959493056941657985e-01
1.399344975719135618e+03 4.346019859833537566e+02 6.963348373625408705e-01
1.399365809290578909e+03 4.334736889583531934e+02 6.960048657321207255e-01
1.399386642861847122e+03 4.351656324626442824e+02 6.964187608279379660e-01
1.399407476432940484e+03 4.342232838239351054e+02 6.969587788877942280e-01
1.399428310003801016e+03 4.326517110127816750e+02 6.957789581624305164e-01
1.399449143574487152e+03 4.346522856325210569e+02 6.964502990568101071e-01
1.399469977144999120e+03 4.345721541163906636e+02 6.974295415464394354e-01
1.399490810715336465e+03 4.343969544089621309e+02 6.960589227837082893e-01
1.399511644285498505e+03 4.341754316549375972e+02 6.962660562317842805e-01
1.399532477855427487e+03 4.343447791455602101e+02 6.960490322627230775e-01
1.399553311425183438e+03 4.338233282222662410e+02 6.964086400488087580e-01
1.399574144994705421e+03 4.350854858027090586e+02 6.962988426088758676e-01
1.399594978564052781e+03 4.352155790698156466e+02 6.978867699971321725e-01
1.399615812133225518e+03 4.346598890284976164e+02 6.963027802944488087e-01
1.399636645702223177e+03 4.343604063777281681e+02 6.968903586914692028e-01
1.399657479270989370e+03 4.350655585344619567e+02 6.963274973230176856e-01
1.399678312839580485e+03 4.347538972728705176e+02 6.966410385289750762e-01
1.399699146407937860e+03 4.350550337774756713e+02 6.972089899393962842e-01
1.399719979976121067e+03 4.350346604321732116e+02 6.969222390624398855e-01
1.399740813544130106e+03 4.353637342355413011e+02 6.964691913552160107e-01
1.399761647111905859e+03 4.360487642048145176e+02 6.974749638224104764e-01
1.399782480679507898e+03 4.370071904399141545e+02 6.974167860291370369e-01
1.399803314246875971e+03 4.363759713682600818e+02 6.965067390792273327e-01
1.399824147814068965e+03 4.359591948352918394e+02 6.986696655347700569e-01
1.399844981381029811e+03 4.354560547460150133e+02 6.974739383285932792e-01
1.399865814947816943e+03 4.364946893868502116e+02 6.982489312119708469e-01
1.399886648514428998e+03 4.353033774789420818e+02 6.965753467003237276e-01
1.399907482080807540e+03 4.339439213460245810e+02 6.979829747219548075e-01
1.399928315646953479e+03 4.352276185860427518e+02 6.963095641896471788e-01
1.399949149212925931e+03 4.366226384825091031e+02 6.975706272190114188e-01
1.399969982778722624e+03 4.350274336014254573e+02 6.967233424389316365e-01
1.399990816344227824e+03 4.363327536254932966e+02 6.970159473633511515e-01
1.400011649909617063e+03 4.371659286588962914e+02 6.977638580274607705e-01
1.400032483474773926e+03 4.355830062875819522e+02 6.965548314407893349e-01
1.400053317039697959e+03 4.357447199345615445e+02 6.966863197158558174e-01
1.400074150604446913e+03 4.350784544133607596e+02 6.969088969518432153e-01
1.400094984168963492e+03 4.357063137488889879e+02 6.971687655665446126e-01
1.400115817733247468e+03 4.369968413530168050e+02 6.978400292712674258e-01
1.400136651297355911e+03 4.348165061714472586e+02 6.970729828898551972e-01
1.400157484861289959e+03 4.367173514231868694e+02 6.991774477561294443e-01
1.400178318424932968e+03 4.346131470912008581e+02 6.979573982840847624e-01
1.400199151988401809e+03 4.355696659530773900e+02 6.967829468146958805e-01
1.400219985551696027e+03 4.353486078500318399e+02 6.972039246174015492e-01
1.400240819114756960e+03 4.362136289351668665e+02 6.972764171972593017e-01
1.400261652677585516e+03 4.360123269642406285e+02 6.977121328632199804e-01
1.400282486240238995e+03 4.357244755400526515e+02 6.980894762049497659e-01
1.400303319802659644e+03 4.351977715163720291e+02 6.974056327725814963e-01
1.400324153364847916e+03 4.354408403852222023e+02 7.007331219225019225e-01
1.400344986926861566e+03 4.357873146446104329e+02 6.965572274146711873e-01
1.400365820488641475e+03 4.369429859716613578e+02 6.978794889843774607e-01
1.400386654050189009e+03 4.372531383714335220e+02 6.990797448109550283e-01
1.400407487611562829e+03 4.363784665848530722e+02 6.977250538353829690e-01
1.400428321172702908e+03 4.351274852469414327e+02 6.969694475568041225e-01
1.400449154733611067e+03 4.353125961496144782e+02 6.972179449966801057e-01
1.400469988294344148e+03 4.367579521066859911e+02 6.976922704063180936e-01
1.400490821854843944e+03 4.342109557827094477e+02 6.968383762332555076e-01
1.400511655415110909e+03 4.356179723566446000e+02 6.977732757805642505e-01
1.400532488975145043e+03 4.357374220308606709e+02 6.974590471338758535e-01
1.400553322535005009e+03 4.359915413388972070e+02 6.969978822897615611e-01
1.400574156094631917e+03 4.347867570168519933e+02 6.981120808634597719e-01
1.400594989654025085e+03 4.349274787283059140e+02 6.966426427781376995e-01
1.400615823213245676e+03 4.362022103814444449e+02 6.975028011306794173e-01
1.400636656772174547e+03 4.361797911642598251e+02 6.973908469544409794e-01
1.400678323889507510e+03 4.357671870194130292e+02 6.974200550532917431e-01
1.400740824563789829e+03 4.336080939139671386e+02 6.971070779867097889e-01
1.400761658121437449e+03 4.347928065246638880e+02 6.972203814362757379e-01
1.400782491678910901e+03 4.343122146304727380e+02 6.962617117069682671e-01
1.400803325236092405e+03 4.342869253578376174e+02 6.969101370946854113e-01
1.400824158793099969e+03 4.345562003741510466e+02 6.967125630622669208e-01
1.400844992349876065e+03 4.352253916106699307e+02 6.969767166966545080e-01
1.400865825906417058e+03 4.337003627668704553e+02 6.960535065634338991e-01
1.400886659462784337e+03 4.348414183906851918e+02 6.976482292645480587e-01
1.400907493018861032e+03 4.340587632638191735e+02 6.969879195754971057e-01
1.400928326574762195e+03 4.340363218701780283e+02 6.964998929214668566e-01
1.400949160130431665e+03 4.335939884842422885e+02 6.969813133194905364e-01
1.400969993685867394e+03 4.340035443218738465e+02 6.969728469581123464e-01
1.400990827241069837e+03 4.340305179013018346e+02 6.973212297424289385e-01
1.401011660796099477e+03 4.348749915758930342e+02 6.966833466908849415e-01
1.401032494350836942e+03 4.343385301465654607e+02 6.978210886705599192e-01
1.401053327905398874e+03 4.343219690657662682e+02 6.964121491728176849e-01
1.401074161459730476e+03 4.331411197319626467e+02 6.963077237703535483e-01
1.401094995013827429e+03 4.335815843300110828e+02 6.969315399019069268e-01
1.401115828567691096e+03 4.330060148033683731e+02 6.979932221135496384e-01
1.401136662121381050e+03 4.336636657370715966e+02 6.950985868773009724e-01
1.401157495674779966e+03 4.332888248101806994e+02 6.952898471871181707e-01
1.401178329228003804e+03 4.344605972663410967e+02 6.962581804229832638e-01
1.401199162780937058e+03 4.340988620931541391e+02 6.960965354512631542e-01
1.401219996333696145e+03 4.332580821458471405e+02 6.967509317504763100e-01
1.401240829886222400e+03 4.350540384720019347e+02 6.960183964454793593e-01
1.401261663438514915e+03 4.322258529040497592e+02 6.940712940838902334e-01
1.401282496990575055e+03 4.337416766002230020e+02 6.950423755351325950e-01
1.401303330542401909e+03 4.334423437486328226e+02 6.955413870245216179e-01
1.401324164093995932e+03 4.341985259937250703e+02 6.954898179513544498e-01
1.401344997645415788e+03 4.332828756432738828e+02 6.950911909077808204e-01
1.401365831196545059e+03 4.345346310361144333e+02 6.960358018655633527e-01
1.401386664747498799e+03 4.344115545521003128e+02 6.956420503225024810e-01
1.401407498298161954e+03 4.332393449270622341e+02 6.947038107882116398e-01
1.401428331848650032e+03 4.350485779178538905e+02 6.968327736142543305e-01
1.401449165398847981e+03 4.333408285125010480e+02 6.962996130273706452e-01
1.401469998948870398e+03 4.350690000565277273e+02 6.966314343467260306e-01
1.401490832498659984e+03 4.339476786102556503e+02 6.962016774432678856e-01
1.401511666048217648e+03 4.346571506465397761e+02 6.955117572350112409e-01
1.401532499597542028e+03 4.343738235440658286e+02 6.959149183387555171e-01
1.401553333146633122e+03 4.342791119212172930e+02 6.952099242252677280e-01
1.401574166695491840e+03 4.339381148668147148e+02 6.952232132065088166e-01
1.401595000244118182e+03 4.322934631132990830e+02 6.947926924972930296e-01
1.401615833792510330e+03 4.340484985573014001e+02 6.960087408525410524e-01
1.401636667340671011e+03 4.340088940837088103e+02 6.982474373573400728e-01
1.401657500888597951e+03 4.353062787472389346e+02 6.963492604218126658e-01
1.401678334436292062e+03 4.339757668538905477e+02 6.970903833545430972e-01
1.401699167983753796e+03 4.345029567468336609e+02 6.961548235781415128e-01
1.401720001530983154e+03 4.332151552718793255e+02 6.946525656581706842e-01
1.401740835078037890e+03 4.341301944341909689e+02 6.970782843059396550e-01
1.401761668624801132e+03 4.332165652807851757e+02 6.950989941892781188e-01
1.401782502171331089e+03 4.336306807860643744e+02 6.961252198988706619e-01
1.401803335717629125e+03 4.334204499859479824e+02 6.957633453470919438e-01
1.401824169263693420e+03 4.342829817364221867e+02 6.954779053160212721e-01
1.401845002809525340e+03 4.335354725366210005e+02 6.951240326988378238e-01
1.401865836355123974e+03 4.339086287949888288e+02 6.951577089293954348e-01
1.401886669900489778e+03 4.346020404187004829e+02 6.955189773361887262e-01
1.401907503445624116e+03 4.339724370684241990e+02 6.951113849343040219e-01
1.401928336990524485e+03 4.340439699729819267e+02 6.953455242072458242e-01
1.401949170535192025e+03 4.343702546355605705e+02 6.952635715714141629e-01
1.401970004079627415e+03 4.339410858085312270e+02 6.948528913853494471e-01
1.401990837623770858e+03 4.331075713496516073e+02 6.955899103093743374e-01
1.402011671167741042e+03 4.346987287551036161e+02 6.951958633491831518e-01
1.402032504711476122e+03 4.344353348290240433e+02 6.950117382252103404e-01
1.402053338254921528e+03 4.351431991925856551e+02 6.955981792821521736e-01
1.402074171798193220e+03 4.348606199871177296e+02 6.964386596053820933e-01
1.402095005341172055e+03 4.345664629387834452e+02 6.950588835327254911e-01
1.402115838883918968e+03 4.343931669441483336e+02 6.949727589256483595e-01
1.402136672426491941e+03 4.335220136079028634e+02 6.949905121450683509e-01
1.402157505968773421e+03 4.337125014419568743e+02 6.947842852549717119e-01
1.402178339510820933e+03 4.344616571978417028e+02 6.956254919004114523e-01
1.402199173052636070e+03 4.350303591500867242e+02 6.959665415562111823e-01
1.402220006594218830e+03 4.353032974514547959e+02 6.956148240406758720e-01
1.402240840135569670e+03 4.348228680122255696e+02 6.968855904086639352e-01
1.402261673676628561e+03 4.345733107713704158e+02 6.949889040822776476e-01
1.402282507217512375e+03 4.343864245298802302e+02 6.950029691454359115e-01
1.402303340758106060e+03 4.340328630677036585e+02 6.945400876833535131e-01
1.402324174298466005e+03 4.338695133351341156e+02 6.952708371142344301e-01
1.402345007838593574e+03 4.341340328954949541e+02 6.954929889062301251e-01
1.402365841378489222e+03 4.342511990617937272e+02 6.957418851855508013e-01
1.402386674918151130e+03 4.343628782643557429e+02 6.948694038845132370e-01
1.402407508457580207e+03 4.330996694749081257e+02 6.945147492000875999e-01
1.402428341996717791e+03 4.345841888868150136e+02 6.949954649550859065e-01
1.402449175535681206e+03 4.335703198507279126e+02 6.946760972734979944e-01
1.402470009074354039e+03 4.333856573458324988e+02 6.946501631147664613e-01
1.402490842612793585e+03 4.335361577604982699e+02 6.947665267658804655e-01
1.402511676151000074e+03 4.339438751362758921e+02 6.945069393541806191e-01
1.402532509688915979e+03 4.339542392103982138e+02 6.947601996582853934e-01
1.402553343252559898e+03 4.337683415453455495e+02 6.945940871074632872e-01
1.402574176790009460e+03 4.352665439969347290e+02 6.959955739190236690e-01
1.402595010327225964e+03 4.344281478591233281e+02 6.950695599249817613e-01
1.402615843864210547e+03 4.336469993708167863e+02 6.959350028162374358e-01
1.402636677400962071e+03 4.353943811886377375e+02 6.963332324042398325e-01
1.402657510937423012e+03 4.332088135125407007e+02 6.938305395647234031e-01
1.402740845080936651e+03 4.334953295524384203e+02 6.944884657152597951e-01
1.402761678616174322e+03 4.339063160419031533e+02 6.941829249900216547e-01
1.402782512151179617e+03 4.337472520279878268e+02 6.951124139135775870e-01
1.402803345685952991e+03 4.337723885706864735e+02 6.940553852182091976e-01
1.402824179220493079e+03 4.345170299750685103e+02 6.947370784157749224e-01
1.402845012754741219e+03 4.337562320371739020e+02 6.953273514436668634e-01
1.402865846288757439e+03 4.348713819928228759e+02 6.958673599245862595e-01
1.402886679822539918e+03 4.341400300840421664e+02 6.943783861106902489e-01
1.402907513356032041e+03 4.347953677584833940e+02 6.950410677419389671e-01
1.402928346889349996e+03 4.357281944601492683e+02 6.956185728052106665e-01
1.402949180422318022e+03 4.345776842519975958e+02 6.956377019005298701e-01
1.402970013955110971e+03 4.360696950877025984e+02 6.959670768245960204e-01
1.402990847487612882e+03 4.356982906070865624e+02 6.954416733670790718e-01
1.403011681019882872e+03 4.339668429645554397e+02 6.946251289761588010e-01
1.403032514551920485e+03 4.364814130250134099e+02 6.956600649239707002e-01
1.403053348083723904e+03 4.363933373674702807e+02 6.956278053905747827e-01
1.403074181615236512e+03 4.361140266006088382e+02 6.953758039481839903e-01
1.403095015146458991e+03 4.348110132710929179e+02 6.952690582420377741e-01
1.403115848677506165e+03 4.363300031920414881e+02 6.998421644332104563e-01
1.403136682208261846e+03 4.357315359347767298e+02 6.955047298835501657e-01
1.403157515738785150e+03 4.360913553766840778e+02 6.955862685026189540e-01
1.403178349269017872e+03 4.362345141724359792e+02 6.960461207405932438e-01
1.403199182799017535e+03 4.363397935886527534e+02 6.969242061468838845e-01
1.403220016328783913e+03 4.364755430367360987e+02 6.967961202549580735e-01
1.403240849858259480e+03 4.359055337955799700e+02 6.958899511119073233e-01
1.403261683387503581e+03 4.362821265381156763e+02 6.957497025865090334e-01
1.403282516916455506e+03 4.360566556851759970e+02 6.969812491807758636e-01
1.403303350445173919e+03 4.358718052437220649e+02 6.958296920391754403e-01
1.403324183973659956e+03 4.361867273788121793e+02 6.992176205077186291e-01
1.403345017501854500e+03 4.371769060285362798e+02 6.975268774767571234e-01
1.403365851029817804e+03 4.359946633856869767e+02 6.961977391858584774e-01
1.403386684557547142e+03 4.374266791463875848e+02 6.965031020662959538e-01
1.403407518084984986e+03 4.372631412586596298e+02 6.953956468566037108e-01
1.403428351612132928e+03 4.355379762902665561e+02 6.965384444699068700e-01
1.403449185139105339e+03 4.370886583012925257e+02 6.962288593733042541e-01
1.403470018665728503e+03 4.355808230318125993e+02 6.960110744781866643e-01
1.403490852192177499e+03 4.352657989208856293e+02 6.967191077037029334e-01
1.403511685718276567e+03 4.359110383044190371e+02 6.955383448338533503e-01
1.403532519244203058e+03 4.361621940279304681e+02 6.952287001956364287e-01
1.403553352769836920e+03 4.368118096043194214e+02 6.966609309574848252e-01
1.403574186295179516e+03 4.353340429686014090e+02 6.952524695038788671e-01
1.403595019820289963e+03 4.351745953071269355e+02 6.969217045276643319e-01
1.403636686869695041e+03 4.360231296640928917e+02 6.969786836273460517e-01
1.403657520394048333e+03 4.365475108726802773e+02 6.994572877243419029e-01
1.403678353918111043e+03 4.362622125295409887e+02 6.961618015578071583e-01
1.403699187441882486e+03 4.362884002882379377e+02 6.956533817968818534e-01
1.403720020965421099e+03 4.351386326085179803e+02 6.966474127238257985e-01
1.403740854488667992e+03 4.356198604820047535e+02 6.957521441677114726e-01
1.403761688011683418e+03 4.355157083548783703e+02 6.954666352609482072e-01
1.403782521534406897e+03 4.366214118953861885e+02 6.958714071201266282e-01
1.403803355056897544e+03 4.358592531421205081e+02 6.962620541335536872e-01
1.403824188579098063e+03 4.371434648560097571e+02 6.959129484014341394e-01
1.403845022101063932e+03 4.383341244494948228e+02 6.970528456919684590e-01
1.403865855622740582e+03 4.371357083404184323e+02 6.958771245467281208e-01
1.403886689144125512e+03 4.372475096266134642e+02 6.968255029728194216e-01
1.403907522665276929e+03 4.384595498296970391e+02 6.982972023371571968e-01
1.403928356186138444e+03 4.361951312364578826e+02 6.960992755092604289e-01
1.403949189706707784e+03 4.366075830300286498e+02 6.957296127597387692e-01
1.403970023227045658e+03 4.366958898997709753e+02 6.966525248715108587e-01
1.403990856747149792e+03 4.359462622361443778e+02 6.954728273860558696e-01
1.404011690266905134e+03 4.366693835289908634e+02 6.959351955216361851e-01
1.404032523786427191e+03 4.373134959075076722e+02 6.962212827845232210e-01
1.404053357305715963e+03 4.373660202881775945e+02 6.964737699324932141e-01
1.404074190824656398e+03 4.379385688202866618e+02 6.982713386479261208e-01
1.404095024343364912e+03 4.378937651537324882e+02 6.964240672241825969e-01
1.404115857861781024e+03 4.366409896025753028e+02 6.959236331032655487e-01
1.404136691379963850e+03 4.373791899120216726e+02 6.962481643200547632e-01
1.404157524897856547e+03 4.377022905062975724e+02 6.985080879606052617e-01
1.404178358415458661e+03 4.361104075052453481e+02 6.959302493995115357e-01
1.404199191932827034e+03 4.368417341226047483e+02 6.974497960594010504e-01
1.404220025449846617e+03 4.368595456049092149e+02 6.974729982912695192e-01
1.404240858966632914e+03 4.363205658891054668e+02 6.963460505679969215e-01
1.404261692483185925e+03 4.358858904530241034e+02 6.961342745200964632e-01
1.404282525999391055e+03 4.364686508707154644e+02 6.959319623462176807e-01
1.404303359515361990e+03 4.358138241349387840e+02 6.954175248282661315e-01
1.404324193031043478e+03 4.366959277327280802e+02 6.959880590209239770e-01
1.404345026546432564e+03 4.358414175984914323e+02 6.970754198361268639e-01
1.404365860061588592e+03 4.353065384677962015e+02 6.956540886691294778e-01
1.404386693576397647e+03 4.362756394168666816e+02 6.957752102620352597e-01
1.404407527090971598e+03 4.361378082939868364e+02 6.965521573530643051e-01
1.404428360605254966e+03 4.358159232116001931e+02 6.970142157020303708e-01
1.404449194119248205e+03 4.364900580927187548e+02 6.963119610074810506e-01
1.404470027632949041e+03 4.347953007365947542e+02 6.956068980148607528e-01
1.404490861146417956e+03 4.361586820353277858e+02 6.964248375041479644e-01
1.404511694659536943e+03 4.348806880457054831e+02 6.951383308266978478e-01
1.404532528172423554e+03 4.359895886885705636e+02 6.969107357835435668e-01
1.404553361685020491e+03 4.351990257447937438e+02 6.953692466639092018e-01
1.404574195197324570e+03 4.353448370747361196e+02 6.963790043633741877e-01
1.404595028709337384e+03 4.352594021789774388e+02 6.960286513520547169e-01
1.404636695732490807e+03 4.356694726301242326e+02 6.970179141833369174e-01
1.404657529243690533e+03 4.348532986168942784e+02 6.975731905953750367e-01
1.404678362754540103e+03 4.340540611876299408e+02 6.961627647703654276e-01
1.404740863285400337e+03 4.354895614538887685e+02 6.957796863235937712e-01
1.404761696795143507e+03 4.346437382337190911e+02 6.965557941098573513e-01
1.404782530304536976e+03 4.345442612601245855e+02 6.993104245915932049e-01
1.404803363813698979e+03 4.346450184098340515e+02 6.959041264398088122e-01
1.404824197322510827e+03 4.335553233781119502e+02 6.967530276380223819e-01
1.404845030831032091e+03 4.343431252689075563e+02 6.969841140376118460e-01
1.404865864339320524e+03 4.341951158392059824e+02 6.963160698188590736e-01
1.404886697847260166e+03 4.352630350592081641e+02 6.963195152097106932e-01
1.404907531354907860e+03 4.338018887061089117e+02 6.963195794093784974e-01
1.404928364862264971e+03 4.343138573857302731e+02 6.971191765355764236e-01
1.404949198369388796e+03 4.347016884782835291e+02 6.971825301721187307e-01
1.404970031876106077e+03 4.342574141535870922e+02 6.970671470102062228e-01
1.404990865382589618e+03 4.341462133609745706e+02 6.966805447636520432e-01
1.405011698888782121e+03 4.339286443883373181e+02 6.970657147538877885e-01
1.405032532394683585e+03 4.334196408354227401e+02 6.964750322452344378e-01
1.405053365900236940e+03 4.332939160899829290e+02 6.960944589938782290e-01
1.405074199405497893e+03 4.322301907677006625e+02 6.957458260233140290e-01
1.405095032910468490e+03 4.334357324323178773e+02 6.965817214962992665e-01
1.405115866415148503e+03 4.318534641966883783e+02 6.950103017331673572e-01
1.405136699919536568e+03 4.317151368508193059e+02 6.970774506181787178e-01
1.405157533423575387e+03 4.316207947500283808e+02 6.956678618244286350e-01
1.405178366927324078e+03 4.309789569476951101e+02 6.955115215627897252e-01
1.405199200430779911e+03 4.313070244488037019e+02 6.951807090072968931e-01
1.405220033933946524e+03 4.325200699964162254e+02 6.967669715456865642e-01
1.405240867436763892e+03 4.321517754944438252e+02 6.958662892339980699e-01
1.405261700939289540e+03 4.311012141117372494e+02 6.965434504523003723e-01
1.405282534441525058e+03 4.310722297510062049e+02 6.955704585557637154e-01
1.405303367943467947e+03 4.317858705575096678e+02 6.956732810471711881e-01
1.405324201445062499e+03 4.293413037888290660e+02 6.950029691454359115e-01
1.405345034946365558e+03 4.317445761014507752e+02 6.964203013987548818e-01
1.405365868447319372e+03 4.315180475058955381e+02 6.963440818503361385e-01
1.405386701947983511e+03 4.328522647182298897e+02 6.960821071554434969e-01
1.405407535448356157e+03 4.311041167051698153e+02 6.979601310366905231e-01
1.405428368948378193e+03 4.312858835197340568e+02 6.949098042409511677e-01
1.405449202448110555e+03 4.318016886831643433e+02 6.960824710775604940e-01
1.405470035947550969e+03 4.321342139593814977e+02 6.955440649982528312e-01
1.405490869446642137e+03 4.317580078091087898e+02 6.956079048393636333e-01
1.405511702945384513e+03 4.319306870330460129e+02 6.953727610331053022e-01
1.405532536443835852e+03 4.327738533397803167e+02 6.960998748955096183e-01
1.405553369941996607e+03 4.318514933530702251e+02 6.951239040786618695e-01
1.405574203439806979e+03 4.323705133670073906e+02 6.950879752443132054e-01
1.405595036937268560e+03 4.321655342240376285e+02 6.948005634712411949e-01
1.405615870434440012e+03 4.321287542467245544e+02 6.963069961613841397e-01
1.405636703931319516e+03 4.322536097413156995e+02 6.949169019378558243e-01
1.405657537427849547e+03 4.324817179736156163e+02 6.946138665372955101e-01
1.405678370924031015e+03 4.317774138195204046e+02 6.952101599997290160e-01
1.405699204419921898e+03 4.307331340129214254e+02 6.944646273435119976e-01
1.405720037915461944e+03 4.317308382745282529e+02 6.938828762063047328e-01
1.405740871410653199e+03 4.323044471423567643e+02 6.948932927018065531e-01
1.405761704905553415e+03 4.315368364830241603e+02 6.937677819318639472e-01
1.405782538400105977e+03 4.309443415302683320e+02 6.940897788260981249e-01
1.405803371894307929e+03 4.311941302741899449e+02 6.939035134110135283e-01
1.405824205388218616e+03 4.320165733326813893e+02 6.946905333212086697e-01
1.405845038881780965e+03 4.308945779293000555e+02 6.941643997955250223e-01
1.405865872374994069e+03 4.310302229247790819e+02 6.947507196129596441e-01
1.405886705867857017e+03 4.309273531155055821e+02 6.955281469708898268e-01
1.405907539360428927e+03 4.301935769304790256e+02 6.952091954673365048e-01
1.405928372852593384e+03 4.311405299594229632e+02 6.941298810806821873e-01
1.405949206344468621e+03 4.298906417888027249e+02 6.929400613344697257e-01
1.405970039835992338e+03 4.295940263140025195e+02 6.937966270930012724e-01
1.405990873327225472e+03 4.306372393002712329e+02 6.937204629607218731e-01
1.406011706818052517e+03 4.310043187046256321e+02 6.952550414271935209e-01
