1.653947598901452011e+03 8.688418579101562500e+01 6.450175642967224121e-01
1.653968432391795886e+03 8.807781982421875000e+01 6.459856629371643066e-01
1.653989265884874385e+03 8.659057617187500000e+01 6.454282402992248535e-01
1.654010099380631800e+03 8.599179077148437500e+01 6.453054547309875488e-01
1.654030932878892600e+03 8.672482299804687500e+01 6.466681361198425293e-01
1.654051766379538549e+03 8.681076049804687500e+01 6.516746878623962402e-01
1.654072599882571467e+03 8.681207275390625000e+01 6.574426293373107910e-01
1.654093433387758523e+03 8.641024780273437500e+01 6.675218343734741211e-01
1.654114266894981483e+03 8.700198364257812500e+01 6.838710904121398926e-01
1.654135100404243076e+03 8.685601806640625000e+01 7.048758268356323242e-01
1.654155933915366404e+03 8.602655029296875000e+01 7.286021709442138672e-01
1.654176767428236872e+03 8.607550048828125000e+01 7.507612705230712891e-01
1.654197600942794452e+03 8.637841796875000000e+01 7.731720209121704102e-01
1.654218434458923639e+03 8.634185791015625000e+01 7.930153608322143555e-01
1.654239267976567589e+03 8.638970947265625000e+01 8.130639195442199707e-01
1.654260101495549407e+03 8.663494873046875000e+01 8.292536735534667969e-01
1.654280935015869545e+03 8.497235107421875000e+01 8.410254120826721191e-01
1.654301768537412954e+03 8.614355468750000000e+01 8.516373038291931152e-01
1.654322602060120516e+03 8.643664550781250000e+01 8.597548604011535645e-01
1.654343435583874907e+03 8.865527343750000000e+01 8.704246878623962402e-01
1.654364269108618373e+03 8.660644531250000000e+01 8.775003552436828613e-01
1.654385102634352506e+03 8.844989013671875000e+01 8.879154324531555176e-01
1.654405936161018417e+03 8.585064697265625000e+01 8.963640928268432617e-01
1.654426769688439890e+03 8.709002685546875000e+01 9.061384201049804688e-01
1.654447603216676498e+03 8.804974365234375000e+01 9.153476357460021973e-01
1.654468436745670033e+03 8.798486328125000000e+01 9.253889322280883789e-01
1.654489270275304079e+03 8.784338378906250000e+01 9.374289512634277344e-01
1.654530937336434363e+03 8.655700683593750000e+01 9.643700718879699707e-01
1.654551770867873074e+03 8.428833007812500000e+01 9.759968519210815430e-01
1.654572604399776992e+03 8.736596679687500000e+01 9.893637895584106445e-01
1.654593437932204552e+03 8.613562011718750000e+01 9.989951252937316895e-01
1.654614271465098000e+03 8.643737792968750000e+01 1.005543231964111328e+00
1.654635104998398447e+03 8.689160156250000000e+01 1.009667396545410156e+00
1.654655938532048367e+03 8.747167968750000000e+01 1.010923385620117188e+00
1.654676772066105968e+03 8.819287109375000000e+01 1.011433482170104980e+00
1.654697605600513498e+03 8.618359375000000000e+01 1.011535406112670898e+00
1.654718439135211611e+03 8.871020507812500000e+01 1.013368129730224609e+00
1.654739272670199625e+03 8.756494140625000000e+01 1.014543414115905762e+00
1.654760106205420925e+03 8.818847656250000000e+01 1.015014767646789551e+00
1.654780939740935082e+03 8.820825195312500000e+01 1.014852046966552734e+00
1.654801773276680478e+03 8.696984863281250000e+01 1.013230800628662109e+00
1.654822606812658478e+03 8.745422363281250000e+01 1.011773586273193359e+00
1.654843440348811328e+03 8.735180664062500000e+01 1.007028937339782715e+00
1.654864273885139482e+03 8.746801757812500000e+01 1.001304149627685547e+00
1.654885107421642033e+03 8.594702148437500000e+01 9.936030507087707520e-01
1.654905940958318524e+03 8.585937500000000000e+01 9.861624240875244141e-01
1.654926774495112113e+03 8.638781738281250000e+01 9.798635840415954590e-01
1.654947608032080552e+03 8.754357910156250000e+01 9.732919931411743164e-01
1.654968441569106517e+03 8.599182128906250000e+01 9.679349660873413086e-01
1.654989275106247987e+03 8.691613769531250000e+01 9.655287265777587891e-01
1.655010108643507465e+03 8.604614257812500000e+01 9.666193723678588867e-01
1.655030942180882903e+03 8.745971679687500000e+01 9.670238494873046875e-01
1.655051775718259023e+03 8.552429199218750000e+01 9.687883853912353516e-01
1.655072609255749967e+03 8.734350585937500000e+01 9.727127552032470703e-01
1.655093442793299801e+03 8.686291503906250000e+01 9.747610688209533691e-01
1.655114276330908979e+03 8.737890625000000000e+01 9.780350923538208008e-01
1.655135109868575455e+03 8.620812988281250000e+01 9.791226387023925781e-01
1.655155943406299002e+03 8.665075683593750000e+01 9.795551896095275879e-01
1.655176776944023914e+03 8.559082031250000000e+01 9.761812686920166016e-01
1.655197610481749052e+03 8.578747558593750000e+01 9.730796813964843750e-01
1.655218444019531944e+03 8.627209472656250000e+01 9.710552096366882324e-01
1.655239277557372588e+03 8.721215820312500000e+01 9.690859913825988770e-01
1.655260111095155935e+03 8.785668945312500000e+01 9.643590450286865234e-01
1.655280944632997034e+03 8.704333496093750000e+01 9.607183337211608887e-01
1.655301778170837679e+03 8.831677246093750000e+01 9.578014016151428223e-01
1.655322611708620570e+03 8.672119140625000000e+01 9.536080360412597656e-01
1.655343445246462124e+03 8.642773437500000000e+01 9.514364600181579590e-01
1.655364278784245016e+03 8.695776367187500000e+01 9.507841467857360840e-01
1.655385112322086115e+03 8.711474609375000000e+01 9.508113265037536621e-01
1.655405945859810572e+03 8.595703125000000000e+01 9.516344666481018066e-01
1.655426779397592782e+03 8.665637207031250000e+01 9.552766680717468262e-01
1.655447612935318375e+03 8.505395507812500000e+01 9.545775651931762695e-01
1.655468446473041922e+03 8.580969238281250000e+01 9.571043252944946289e-01
1.655489280010767061e+03 8.748864746093750000e+01 9.613281488418579102e-01
1.655510113548433992e+03 8.603344726562500000e+01 9.651317000389099121e-01
1.655530947086042033e+03 8.834619140625000000e+01 9.695228338241577148e-01
1.655551780623649393e+03 8.494970703125000000e+01 9.733062386512756348e-01
1.655572614161198999e+03 8.641247558593750000e+01 9.763516187667846680e-01
1.655593447698692216e+03 8.874267578125000000e+01 9.801348447799682617e-01
1.655614281236184524e+03 8.619580078125000000e+01 9.784243106842041016e-01
1.655635114773617033e+03 8.596215820312500000e+01 9.771809577941894531e-01
1.655655948311050906e+03 8.438928222656250000e+01 9.747070074081420898e-01
1.655676781848368591e+03 8.442016601562500000e+01 9.731699228286743164e-01
1.655697615385686049e+03 8.401049804687500000e+01 9.714843630790710449e-01
1.655718448922944390e+03 8.482568359375000000e+01 9.711906313896179199e-01
1.655739282460144523e+03 8.677026367187500000e+01 9.700954556465148926e-01
1.655760115997287812e+03 8.568322753906250000e+01 9.693877696990966797e-01
1.655780949534372439e+03 8.564440917968750000e+01 9.693708419799804688e-01
1.655801783071456612e+03 8.678881835937500000e+01 9.695173501968383789e-01
1.655822616608423459e+03 8.531774902343750000e+01 9.677393436431884766e-01
1.655843450145390989e+03 8.375061035156250000e+01 9.643435478210449219e-01
1.655864283682244150e+03 8.575805664062500000e+01 9.613916277885437012e-01
1.655885117219095491e+03 8.357617187500000000e+01 9.564358592033386230e-01
1.655905950755887943e+03 8.605981445312500000e+01 9.527326226234436035e-01
1.655926784292565571e+03 8.602697753906250000e+01 9.468424916267395020e-01
1.655947617829242517e+03 8.606298828125000000e+01 9.413617849349975586e-01
1.655968451365861483e+03 8.582629394531250000e+01 9.365650415420532227e-01
1.655989284902363579e+03 8.606933593750000000e+01 9.320129752159118652e-01
1.656010118438864993e+03 8.618572998046875000e+01 9.288380742073059082e-01
1.656030951975251810e+03 8.734899902343750000e+01 9.262876510620117188e-01
1.656051785511637490e+03 8.640917968750000000e+01 9.247229099273681641e-01
1.656072619047906983e+03 8.632177734375000000e+01 9.243240952491760254e-01
1.656093452584117586e+03 8.684063720703125000e+01 9.256020188331604004e-01
1.656114286120328870e+03 8.655786132812500000e+01 9.295222759246826172e-01
1.656135119656424649e+03 8.583990478515625000e+01 9.303461313247680664e-01
1.656155953192460402e+03 8.555053710937500000e+01 9.329687952995300293e-01
1.656176786728438401e+03 8.609472656250000000e+01 9.342045187950134277e-01
1.656197620264359557e+03 8.553747558593750000e+01 9.348309636116027832e-01
1.656218453800163388e+03 8.543444824218750000e+01 9.345292448997497559e-01
1.656239287335966992e+03 8.578637695312500000e+01 9.345796704292297363e-01
1.656260120871711933e+03 8.425524902343750000e+01 9.316812753677368164e-01
1.656280954407340914e+03 8.533758544921875000e+01 9.278663992881774902e-01
1.656301787942912597e+03 8.621728515625000000e+01 9.228424429893493652e-01
1.656322621478483597e+03 8.549652099609375000e+01 9.180356860160827637e-01
1.656343455013937955e+03 8.620129394531250000e+01 9.147971868515014648e-01
1.656364288549333423e+03 8.632153320312500000e+01 9.117692112922668457e-01
1.656385122084671821e+03 8.600848388671875000e+01 9.104273915290832520e-01
1.656405955619894485e+03 8.703948974609375000e+01 9.110589623451232910e-01
1.656426789155115557e+03 8.577551269531250000e+01 9.112070798873901367e-01
1.656447622690220669e+03 8.762603759765625000e+01 9.138798713684082031e-01
1.656468456225326918e+03 8.660925292968750000e+01 9.168132543563842773e-01
1.656489289760315387e+03 8.761267089843750000e+01 9.205828905105590820e-01
1.656510123295246103e+03 8.673406982421875000e+01 9.255297183990478516e-01
1.656530956830117930e+03 8.724243164062500000e+01 9.317458271980285645e-01
1.656551790364932003e+03 8.742211914062500000e+01 9.381753206253051758e-01
1.656572623899688551e+03 8.550048828125000000e+01 9.424316287040710449e-01
1.656593457434328457e+03 8.527148437500000000e+01 9.476969838142395020e-01
1.656614290968967907e+03 8.733691406250000000e+01 9.520445466041564941e-01
1.656635124503490488e+03 8.475500488281250000e+01 9.534254670143127441e-01
1.656655958038013978e+03 8.444360351562500000e+01 9.538771510124206543e-01
1.656676791572421507e+03 8.719189453125000000e+01 9.550678730010986328e-01
1.656697625106769465e+03 8.628466796875000000e+01 9.542573690414428711e-01
1.656718458641058987e+03 8.498767089843750000e+01 9.536589980125427246e-01
1.656739292175292121e+03 8.646557617187500000e+01 9.531434774398803711e-01
1.656760125709407930e+03 8.589514160156250000e+01 9.537364840507507324e-01
1.656780959243523967e+03 8.692089843750000000e+01 9.550181031227111816e-01
1.656801792777522451e+03 8.607470703125000000e+01 9.556378722190856934e-01
1.656822626311521617e+03 8.783410644531250000e+01 9.569816589355468750e-01
1.656843459845405050e+03 8.587866210937500000e+01 9.567090272903442383e-01
1.656864293379230503e+03 8.782958984375000000e+01 9.554669857025146484e-01
1.656885126912995929e+03 8.857312011718750000e+01 9.531082510948181152e-01
1.656905960446703830e+03 8.886022949218750000e+01 9.490897655487060547e-01
1.656926793980353523e+03 8.834082031250000000e+01 9.444771409034729004e-01
1.656947627513946372e+03 8.872521972656250000e+01 9.395929574966430664e-01
1.656968461047480560e+03 8.891455078125000000e+01 9.343686103820800781e-01
1.656989294580896967e+03 8.982458496093750000e+01 9.285432696342468262e-01
1.657010128114314512e+03 8.975769042968750000e+01 9.255169034004211426e-01
1.657030961647615641e+03 8.987786865234375000e+01 9.213384389877319336e-01
1.657051795180916542e+03 9.105987548828125000e+01 9.196018576622009277e-01
1.657072628714100574e+03 8.954858398437500000e+01 9.179018735885620117e-01
1.657093462247225943e+03 9.064196777343750000e+01 9.194168448448181152e-01
1.657114295780294469e+03 9.055645751953125000e+01 9.213599562644958496e-01
1.657135129313304333e+03 9.108740234375000000e+01 9.250704050064086914e-01
1.657155962846255989e+03 9.193859863281250000e+01 9.285327196121215820e-01
1.657176796379149437e+03 9.138500976562500000e+01 9.301714301109313965e-01
1.657197629911983995e+03 9.117968750000000000e+01 9.315301775932312012e-01
1.657218463444762165e+03 9.250744628906250000e+01 9.320163726806640625e-01
1.657239296977480535e+03 9.064892578125000000e+01 9.307510852813720703e-01
1.657260130510140925e+03 9.080035400390625000e+01 9.296159744262695312e-01
1.657280964042684900e+03 9.099072265625000000e+01 9.267181158065795898e-01
1.657301797575228420e+03 9.144317626953125000e+01 9.207387566566467285e-01
1.657322631107715097e+03 9.244128417968750000e+01 9.157297015190124512e-01
1.657364298172454028e+03 9.183618164062500000e+01 9.052343368530273438e-01
1.657385131704706964e+03 9.041027832031250000e+01 9.006285071372985840e-01
1.657468465833253504e+03 9.047113037109375000e+01 9.005963206291198730e-01
1.657510132897177527e+03 9.188592529296875000e+01 9.084542989730834961e-01
1.657530966429023010e+03 9.085278320312500000e+01 9.143729805946350098e-01
1.657551799960869630e+03 9.109381103515625000e+01 9.188829064369201660e-01
1.657593467024327083e+03 9.125604248046875000e+01 9.276661872863769531e-01
1.657614300555939963e+03 8.879833984375000000e+01 9.299030900001525879e-01
1.657676801150487563e+03 9.071398925781250000e+01 9.316990375518798828e-01
1.657718468213246979e+03 8.949334716796875000e+01 9.301257133483886719e-01
1.657739301744511067e+03 8.971368408203125000e+01 9.289904832839965820e-01
1.657760135275774928e+03 9.107543945312500000e+01 9.281564950942993164e-01
1.657780968806921464e+03 9.087725830078125000e+01 9.272147417068481445e-01
1.657801802338068001e+03 9.171203613281250000e+01 9.278325438499450684e-01
1.657822635869099940e+03 9.200433349609375000e+01 9.282343387603759766e-01
1.657843469400130516e+03 9.178985595703125000e+01 9.274395704269409180e-01
1.657864302931102884e+03 9.310571289062500000e+01 9.269644021987915039e-01
1.657885136461958609e+03 9.216723632812500000e+01 9.247655272483825684e-01
1.657905969992813880e+03 9.151959228515625000e+01 9.215980172157287598e-01
1.657926803523613216e+03 9.276831054687500000e+01 9.187182784080505371e-01
1.657947637054294546e+03 9.072680664062500000e+01 9.135237932205200195e-01
1.657968470584975421e+03 9.242901611328125000e+01 9.094500541687011719e-01
1.657989304115598543e+03 9.380645751953125000e+01 9.061503410339355469e-01
1.658010137646163003e+03 9.179486083984375000e+01 9.017163515090942383e-01
1.658030971176670846e+03 9.096441650390625000e+01 8.986463546752929688e-01
1.658051804707119572e+03 9.242926025390625000e+01 8.977287411689758301e-01
1.658072638237509636e+03 9.216381835937500000e+01 8.971161246299743652e-01
1.658093471767841947e+03 9.297467041015625000e+01 8.974044322967529297e-01
1.658114305298174031e+03 9.200653076171875000e+01 8.979527354240417480e-01
1.658135138828390154e+03 9.264239501953125000e+01 9.005219936370849609e-01
1.658155972358547388e+03 9.340045166015625000e+01 9.031533002853393555e-01
1.658176805888705076e+03 9.241870117187500000e+01 9.053283333778381348e-01
1.658197639418746348e+03 9.426019287109375000e+01 9.086744189262390137e-01
1.658218472948787621e+03 9.101538085937500000e+01 9.095290303230285645e-01
1.658239306478769777e+03 9.184716796875000000e+01 9.103887677192687988e-01
1.658260140008637563e+03 9.262036132812500000e+01 9.101092219352722168e-01
1.658280973538503076e+03 9.139337158203125000e+01 9.072709083557128906e-01
1.658301807068311973e+03 9.264672851562500000e+01 9.042280316352844238e-01
1.658322640598061525e+03 9.132025146484375000e+01 8.984279036521911621e-01
1.658343474127753325e+03 9.044848632812500000e+01 8.928793668746948242e-01
1.658364307657388508e+03 9.150341796875000000e+01 8.885524272918701172e-01
1.658385141187021418e+03 9.240582275390625000e+01 8.858780860900878906e-01
1.658405974716538367e+03 9.051525878906250000e+01 8.809726834297180176e-01
1.658426808245997563e+03 9.245715332031250000e+01 8.809208869934082031e-01
1.658447641775456532e+03 9.427954101562500000e+01 8.816052079200744629e-01
1.658468475304857975e+03 9.018194580078125000e+01 8.817980885505676270e-01
1.658489308834142548e+03 9.147998046875000000e+01 8.834202289581298828e-01
1.658510142363426439e+03 9.191943359375000000e+01 8.874954581260681152e-01
1.658530975892652577e+03 9.334631347656250000e+01 8.918439149856567383e-01
1.658551809421820508e+03 9.307092285156250000e+01 8.962919116020202637e-01
1.658572642950989575e+03 9.304901123046875000e+01 9.003870487213134766e-01
1.658593476480040408e+03 9.441632080078125000e+01 9.042755365371704102e-01
1.658614310009033943e+03 9.121423339843750000e+01 9.054575562477111816e-01
1.658635143538027478e+03 9.339642333984375000e+01 9.082055687904357910e-01
1.658655977066963032e+03 9.488989257812500000e+01 9.084491133689880371e-01
1.658676810595781944e+03 9.403503417968750000e+01 9.074760675430297852e-01
1.658697644124600629e+03 9.408605957031250000e+01 9.060099124908447266e-01
1.658718477653360424e+03 9.431176757812500000e+01 9.048069715499877930e-01
1.658739311182062920e+03 9.274407958984375000e+01 9.037563800811767578e-01
1.658760144710765417e+03 9.376641845703125000e+01 9.037964344024658203e-01
1.658780978239351043e+03 9.545104980468750000e+01 9.038378596305847168e-01
1.658801811767879371e+03 9.484735107421875000e+01 9.041416645050048828e-01
1.658822645296407018e+03 9.446429443359375000e+01 9.044468402862548828e-01
1.658843478824876456e+03 9.334204101562500000e+01 9.043242335319519043e-01
1.658864312353287460e+03 9.550787353515625000e+01 9.051409959793090820e-01
1.658885145881641165e+03 9.320788574218750000e+01 9.039126038551330566e-01
1.658905979409937117e+03 9.259222412109375000e+01 9.013795256614685059e-01
1.658926812938173498e+03 9.348608398437500000e+01 8.994836211204528809e-01
1.658947646466408969e+03 9.377258300781250000e+01 8.969448208808898926e-01
1.658968479994529389e+03 9.240771484375000000e+01 8.923886418342590332e-01
1.658989313522649809e+03 9.156292724609375000e+01 8.878653049468994141e-01
1.659010147050712931e+03 9.155419921875000000e+01 8.839263319969177246e-01
1.659030980578716481e+03 9.352832031250000000e+01 8.818998932838439941e-01
1.659051814106661368e+03 9.286047363281250000e+01 8.804323077201843262e-01
1.659072647634548503e+03 9.314910888671875000e+01 8.791586160659790039e-01
1.659093481162377429e+03 9.246795654296875000e+01 8.779870271682739258e-01
1.659114314690207493e+03 9.306805419921875000e+01 8.774780631065368652e-01
1.659135148217978440e+03 9.423742675781250000e+01 8.783074617385864258e-01
1.659155981745632971e+03 9.351110839843750000e+01 8.788781762123107910e-01
1.659176815273287957e+03 9.311901855468750000e+01 8.802620172500610352e-01
1.659197648800884508e+03 9.282580566406250000e+01 8.815920948982238770e-01
1.659218482328481059e+03 9.172155761718750000e+01 8.810502886772155762e-01
1.659239315855961422e+03 9.324359130859375000e+01 8.807345032691955566e-01
1.659260149383440421e+03 9.248797607421875000e+01 8.788987994194030762e-01
1.659280982910804596e+03 9.233386230468750000e+01 8.762820363044738770e-01
1.659301816438167407e+03 9.168725585937500000e+01 8.733336925506591797e-01
1.659322649965472920e+03 9.170501708984375000e+01 8.697905540466308594e-01
1.659343483492719997e+03 9.145910644531250000e+01 8.650809526443481445e-01
1.659364317019967984e+03 9.142468261718750000e+01 8.615270256996154785e-01
1.659385150547098419e+03 9.065173339843750000e+01 8.581392765045166016e-01
1.659405984074228854e+03 9.261260986328125000e+01 8.562979102134704590e-01
1.659426817601242874e+03 9.143536376953125000e+01 8.536815643310546875e-01
1.659447651128257803e+03 9.170251464843750000e+01 8.537187576293945312e-01
1.659468484655214525e+03 9.084704589843750000e+01 8.532999753952026367e-01
1.659489318182112129e+03 9.229046630859375000e+01 8.544455766677856445e-01
1.659510151709009506e+03 9.103326416015625000e+01 8.551045060157775879e-01
1.659530985235790922e+03 9.219250488281250000e+01 8.580995202064514160e-01
1.659551818762572566e+03 8.963763427734375000e+01 8.573561906814575195e-01
1.659572652289296002e+03 9.097332763671875000e+01 8.594084382057189941e-01
1.659593485815903477e+03 9.184802246093750000e+01 8.613680601119995117e-01
1.659614319342568479e+03 9.201574707031250000e+01 8.629437088966369629e-01
1.659635152869116610e+03 9.063427734375000000e+01 8.623375892639160156e-01
1.659655986395606988e+03 9.174859619140625000e+01 8.628877997398376465e-01
1.659676819922097366e+03 9.207940673828125000e+01 8.618912696838378906e-01
1.659697653448471556e+03 9.218817138671875000e+01 8.607329726219177246e-01
1.659718486974847110e+03 9.230920410156250000e+01 8.594257831573486328e-01
1.659739320501161956e+03 9.222998046875000000e+01 8.585075736045837402e-01
1.659760154027419503e+03 9.176898193359375000e+01 8.579190373420715332e-01
1.659780987553676368e+03 9.180999755859375000e+01 8.572136759757995605e-01
1.659801821079818183e+03 9.156781005859375000e+01 8.581029772758483887e-01
1.659822654605959997e+03 9.024456787109375000e+01 8.568278551101684570e-01
1.659843488131984486e+03 9.127490234375000000e+01 8.586812019348144531e-01
1.659864321658008976e+03 9.154687500000000000e+01 8.583657741546630859e-01
1.659885155183975485e+03 9.114099121093750000e+01 8.573411107063293457e-01
1.659905988709882877e+03 9.172106933593750000e+01 8.561152815818786621e-01
1.659926822235792542e+03 9.085589599609375000e+01 8.533903360366821289e-01
1.659947655761584429e+03 9.089190673828125000e+01 8.501538038253784180e-01
1.659968489287376542e+03 9.143530273437500000e+01 8.464643955230712891e-01
1.659989322813052013e+03 8.997375488281250000e+01 8.411174416542053223e-01
1.660010156338727484e+03 9.217016601562500000e+01 8.376390337944030762e-01
1.660030989864344519e+03 9.093487548828125000e+01 8.325126767158508301e-01
1.660051823389962010e+03 9.223968505859375000e+01 8.298736214637756348e-01
1.660072656915463085e+03 9.116229248046875000e+01 8.277010917663574219e-01
1.660093490440905953e+03 9.023608398437500000e+01 8.244091868400573730e-01
1.660114323966348366e+03 9.200787353515625000e+01 8.237670660018920898e-01
1.660135157491733025e+03 9.081048583984375000e+01 8.226605057716369629e-01
1.660155991017058568e+03 9.002227783203125000e+01 8.217454552650451660e-01
1.660176824542326813e+03 9.028076171875000000e+01 8.222973942756652832e-01
1.660197658067537986e+03 9.180773925781250000e+01 8.234256505966186523e-01
1.660218491592689588e+03 9.069824218750000000e+01 8.237709999084472656e-01
1.660239325117782073e+03 9.165332031250000000e+01 8.254353404045104980e-01
1.660260158642875922e+03 8.972491455078125000e+01 8.250432014465332031e-01
1.660280992167910426e+03 9.080230712890625000e+01 8.241719007492065430e-01
1.660301825692829880e+03 8.945422363281250000e+01 8.229069113731384277e-01
1.660322659217749560e+03 9.088745117187500000e+01 8.222115039825439453e-01
1.660343492742609669e+03 8.894702148437500000e+01 8.198798298835754395e-01
1.660364326267470005e+03 8.986444091796875000e+01 8.182632923126220703e-01
1.660385159792214381e+03 8.972680664062500000e+01 8.178026676177978516e-01
1.660405993316900094e+03 9.036718750000000000e+01 8.156003952026367188e-01
1.660426826841586035e+03 9.014392089843750000e+01 8.139881491661071777e-01
1.660447660366213995e+03 8.995922851562500000e+01 8.133378624916076660e-01
1.660468493890725995e+03 8.980364990234375000e+01 8.139626383781433105e-01
1.660489327415236858e+03 8.985583496093750000e+01 8.152191638946533203e-01
1.660510160939689968e+03 9.051666259765625000e+01 8.167266845703125000e-01
1.660530994464143532e+03 9.009082031250000000e+01 8.186953663825988770e-01
1.660551827988479999e+03 8.971484375000000000e+01 8.217020034790039062e-01
1.660572661512758941e+03 8.908044433593750000e+01 8.246499896049499512e-01
1.660593495037037428e+03 8.936877441406250000e+01 8.278558850288391113e-01
1.660614328561199045e+03 9.000036621093750000e+01 8.313450813293457031e-01
1.660635162085361571e+03 8.903991699218750000e+01 8.334275484085083008e-01
1.660655995609465435e+03 8.845062255859375000e+01 8.341753482818603516e-01
1.660676829133511092e+03 9.073114013671875000e+01 8.369755148887634277e-01
1.660697662657499450e+03 9.084057617187500000e+01 8.361694812774658203e-01
1.660739329705299497e+03 9.011553955078125000e+01 8.350059986114501953e-01
1.660822663800318423e+03 9.016516113281250000e+01 8.353687524795532227e-01
1.660843497323897964e+03 8.859368896484375000e+01 8.347421288490295410e-01
1.660864330847477959e+03 8.729431152343750000e+01 8.343598246574401855e-01
1.660885164370999519e+03 8.770397949218750000e+01 8.332828879356384277e-01
1.660905997894463326e+03 8.858398437500000000e+01 8.327307701110839844e-01
1.660926831417868925e+03 8.932318115234375000e+01 8.307125568389892578e-01
1.660947664941216999e+03 8.947888183593750000e+01 8.271149992942810059e-01
1.660968498464505501e+03 8.825164794921875000e+01 8.226754069328308105e-01
1.660989331987736023e+03 8.919781494140625000e+01 8.191010951995849609e-01
1.661010165510966999e+03 8.849395751953125000e+01 8.148975372314453125e-01
1.661030999034080423e+03 9.004870605468750000e+01 8.120699524879455566e-01
1.661051832574191394e+03 8.803991699218750000e+01 8.076534271240234375e-01
1.661072666097249112e+03 8.860961914062500000e+01 8.066972494125366211e-01
1.661093499620188595e+03 8.902551269531250000e+01 8.033627271652221680e-01
1.661114333143128533e+03 8.982159423828125000e+01 8.017338514328002930e-01
1.661135166665951601e+03 8.797802734375000000e+01 8.006864190101623535e-01
1.661156000188773987e+03 8.880743408203125000e+01 7.995874881744384766e-01
1.661176833711539985e+03 8.763928222656250000e+01 7.999240159988403320e-01
1.661197667234247092e+03 8.788793945312500000e+01 7.992029786109924316e-01
1.661218500756838012e+03 8.760754394531250000e+01 7.977374792098999023e-01
1.661239334279428476e+03 8.731591796875000000e+01 7.975162267684936523e-01
1.661260167801960051e+03 8.905786132812500000e+01 7.985042929649353027e-01
1.661281001324434328e+03 8.733349609375000000e+01 7.967039942741394043e-01
1.661301834846849488e+03 8.795977783203125000e+01 7.962161898612976074e-01
1.661322668369207804e+03 8.715759277343750000e+01 7.921018004417419434e-01
1.661343501891508367e+03 8.701171875000000000e+01 7.902246117591857910e-01
1.661364335413749586e+03 8.665985107421875000e+01 7.873477339744567871e-01
1.661385168935931915e+03 8.663610839843750000e+01 7.858567237854003906e-01
1.661406002458056491e+03 8.561956787109375000e+01 7.849296331405639648e-01
1.661426835980123087e+03 8.766784667968750000e+01 7.842508554458618164e-01
1.661447669502131475e+03 8.696240234375000000e+01 7.848912477493286133e-01
1.661468503024082111e+03 8.654089355468750000e+01 7.849276661872863770e-01
1.661489336545974538e+03 8.689892578125000000e+01 7.865751981735229492e-01
1.661510170067807394e+03 8.659613037109375000e+01 7.886146306991577148e-01
1.661531003589582951e+03 8.704425048828125000e+01 7.909852862358093262e-01
1.661551837111300983e+03 8.751165771484375000e+01 7.941800355911254883e-01
1.661572670632959444e+03 8.695581054687500000e+01 7.979374527931213379e-01
1.661593504154560833e+03 8.803143310546875000e+01 8.014324903488159180e-01
1.661614337676104924e+03 8.633837890625000000e+01 8.041239976882934570e-01
1.661635171197530553e+03 8.691583251953125000e+01 8.075702190399169922e-01
1.661656004718956865e+03 8.822265625000000000e+01 8.097004890441894531e-01
1.661676838240324514e+03 8.722473144531250000e+01 8.101288080215454102e-01
1.661697671761633956e+03 8.839617919921875000e+01 8.103999495506286621e-01
1.661718505282885872e+03 8.774511718750000000e+01 8.101898431777954102e-01
1.661739338804022054e+03 8.637298583984375000e+01 8.107073903083801270e-01
1.661760172325157328e+03 8.737390136718750000e+01 8.100063800811767578e-01
1.661781005846234621e+03 8.745208740234375000e+01 8.098159432411193848e-01
1.661801839367194589e+03 8.854925537109375000e+01 8.104428052902221680e-01
1.661822672888155921e+03 8.732189941406250000e+01 8.102849125862121582e-01
1.661843506408999474e+03 8.801574707031250000e+01 8.112125992774963379e-01
1.661864339929785501e+03 8.708215332031250000e+01 8.111621141433715820e-01
1.661885173450513776e+03 8.836022949218750000e+01 8.118874430656433105e-01
1.661906006971242505e+03 8.681018066406250000e+01 8.110273480415344238e-01
1.661926840491853454e+03 8.779785156250000000e+01 8.106019496917724609e-01
1.661947674012406424e+03 8.764837646484375000e+01 8.104536533355712891e-01
1.661968507532900958e+03 8.732818603515625000e+01 8.066431879997253418e-01
1.661989341053279986e+03 8.748474121093750000e+01 8.042303323745727539e-01
1.662010174573658560e+03 8.557904052734375000e+01 7.994359135627746582e-01
1.662031008093978926e+03 8.579107666015625000e+01 7.963116765022277832e-01
1.662051841614183559e+03 8.739422607421875000e+01 7.932755351066589355e-01
1.663072684019022063e+03 8.245300292968750000e+01 7.112978100776672363e-01
1.663093517535558476e+03 8.316296386718750000e+01 7.099354863166809082e-01
1.663114351051978474e+03 8.282922363281250000e+01 7.076553702354431152e-01
1.663135184568398472e+03 8.312963867187500000e+01 7.068958878517150879e-01
1.663156018084644074e+03 8.388446044921875000e+01 7.063313126564025879e-01
1.663176851600831924e+03 8.244348144531250000e+01 7.042820453643798828e-01
1.663197685116961566e+03 8.280096435546875000e+01 7.038474678993225098e-01
1.663218518632974337e+03 8.232525634765625000e+01 7.027754187583923340e-01
1.663239352148930493e+03 8.270373535156250000e+01 7.028530240058898926e-01
1.663260185664768414e+03 8.281671142578125000e+01 7.019452452659606934e-01
1.663281019180548356e+03 8.305389404296875000e+01 7.012406587600708008e-01
1.663301852696211427e+03 8.322418212890625000e+01 7.013169527053833008e-01
1.663322686211816972e+03 8.379406738281250000e+01 6.995129585266113281e-01
1.663343519727306557e+03 8.324877929687500000e+01 6.968378424644470215e-01
1.663364353242679954e+03 8.305926513671875000e+01 6.949533820152282715e-01
1.663385186757994916e+03 8.368737792968750000e+01 6.938191056251525879e-01
1.663406020273250533e+03 8.342980957031250000e+01 6.911411881446838379e-01
1.663426853788331982e+03 8.265893554687500000e+01 6.889851093292236328e-01
1.663447687303355906e+03 8.245001220703125000e+01 6.878550648689270020e-01
1.663468520818320485e+03 8.312121582031250000e+01 6.873612403869628906e-01
1.663489354333169103e+03 8.220062255859375000e+01 6.854814887046813965e-01
1.663510187847901989e+03 8.182562255859375000e+01 6.855100989341735840e-01
1.663531021362577121e+03 8.380175781250000000e+01 6.879521608352661133e-01
1.663551854877134929e+03 8.316567993164062500e+01 6.893065571784973145e-01
1.663572688391575412e+03 8.280612182617187500e+01 6.888865232467651367e-01
1.663593521905959051e+03 8.318365478515625000e+01 6.922829747200012207e-01
1.663614355420226047e+03 8.047827148437500000e+01 6.911411285400390625e-01
1.663635188934375947e+03 8.162725830078125000e+01 6.938323974609375000e-01
1.663656022448467866e+03 8.292706298828125000e+01 6.948814988136291504e-01
1.663676855962444051e+03 8.281909179687500000e+01 6.954403519630432129e-01
1.663697689476303367e+03 8.322454833984375000e+01 6.958991289138793945e-01
1.663718522990046949e+03 8.434375000000000000e+01 6.963671445846557617e-01
1.663739356503731415e+03 8.272485351562500000e+01 6.957463026046752930e-01
1.663760190017299010e+03 8.216308593750000000e+01 6.934383511543273926e-01
1.663781023530751554e+03 8.275280761718750000e+01 6.920722723007202148e-01
1.663801857044144981e+03 8.351306152343750000e+01 6.913928389549255371e-01
1.663822690557363330e+03 8.241787719726562500e+01 6.887880563735961914e-01
1.663843524070525064e+03 8.250137329101562500e+01 6.867740154266357422e-01
1.663864357583569472e+03 8.351864624023437500e+01 6.851743459701538086e-01
1.663885191096497920e+03 8.201400756835937500e+01 6.832987070083618164e-01
1.663906024609309497e+03 8.273806762695312500e+01 6.813851594924926758e-01
1.663926858122003978e+03 8.284167480468750000e+01 6.789817214012145996e-01
1.663947691634640478e+03 8.255813598632812500e+01 6.756502985954284668e-01
1.663968525147161017e+03 8.282952880859375000e+01 6.726602315902709961e-01
1.663989358659506934e+03 8.302746582031250000e+01 6.691521406173706055e-01
1.664010192171795552e+03 8.323144531250000000e+01 6.665626764297485352e-01
1.664031025683967073e+03 8.287829589843750000e+01 6.634219288825988770e-01
1.664051859196021951e+03 8.285455322265625000e+01 6.616232395172119141e-01
1.664072692707960414e+03 8.332052612304687500e+01 6.595036387443542480e-01
1.664114359731487411e+03 8.384661865234375000e+01 6.560186147689819336e-01
1.664176860265906498e+03 8.390307617187500000e+01 6.525296568870544434e-01
1.664197693777146924e+03 8.341748046875000000e+01 6.519568562507629395e-01
1.664218527288269570e+03 8.418698120117187500e+01 6.511366963386535645e-01
1.664239360799276938e+03 8.388641357421875000e+01 6.504271626472473145e-01
1.664260194310168117e+03 8.384710693359375000e+01 6.492756009101867676e-01
1.664281027820883537e+03 8.374942016601562500e+01 6.487302184104919434e-01
1.664301861331540977e+03 8.327743530273437500e+01 6.475489139556884766e-01
1.664322694842024930e+03 8.368450927734375000e+01 6.472305059432983398e-01
1.664343528352449994e+03 8.482727050781250000e+01 6.462144255638122559e-01
1.664364361862701116e+03 8.335485839843750000e+01 6.441791653633117676e-01
1.664385195372834460e+03 8.475048828125000000e+01 6.456393599510192871e-01
1.664406028882794089e+03 8.361807250976562500e+01 6.419627070426940918e-01
1.664426862392695512e+03 8.452368164062500000e+01 6.410679817199707031e-01
1.664447695902421401e+03 8.249722290039062500e+01 6.390867233276367188e-01
1.664468529412031330e+03 8.311334228515625000e+01 6.384231448173522949e-01
1.664489362921524844e+03 8.333386230468750000e+01 6.381033658981323242e-01
1.664510196430844644e+03 8.372943115234375000e+01 6.374074816703796387e-01
1.664551863449192524e+03 8.270867919921875000e+01 6.355136632919311523e-01
1.664572696958103961e+03 8.181103515625000000e+01 6.343089938163757324e-01
1.664593530466899665e+03 8.420220947265625000e+01 6.356371641159057617e-01
1.664614363975578044e+03 8.302233886718750000e+01 6.351960897445678711e-01
1.664635197484140008e+03 8.245578002929687500e+01 6.335461735725402832e-01
1.664656030992527576e+03 8.242968750000000000e+01 6.332330703735351562e-01
1.664676864500740976e+03 8.240219116210937500e+01 6.319180727005004883e-01
1.664697698008838870e+03 8.390679931640625000e+01 6.325097680091857910e-01
1.664718531516819439e+03 8.420416259765625000e+01 6.318165063858032227e-01
1.664739365024624476e+03 8.239465332031250000e+01 6.305071115493774414e-01
1.664760198532313552e+03 8.260375976562500000e+01 6.308991312980651855e-01
1.664781032039828006e+03 8.268466186523437500e+01 6.297937631607055664e-01
1.664801865547226498e+03 8.292031860351562500e+01 6.309441328048706055e-01
1.664822699054449458e+03 8.121820068359375000e+01 6.291536688804626465e-01
1.664843532561499160e+03 8.221081542968750000e+01 6.276069283485412598e-01
1.664864366068432901e+03 8.235269165039062500e+01 6.269094347953796387e-01
1.664885199575190427e+03 8.258578491210937500e+01 6.269268989562988281e-01
1.664906033081831993e+03 8.254345703125000000e+01 6.262558102607727051e-01
1.664926866588298481e+03 8.141744995117187500e+01 6.252030730247497559e-01
1.664947700094590346e+03 8.214447021484375000e+01 6.250647306442260742e-01
1.664968533600708497e+03 8.116766357421875000e+01 6.255868673324584961e-01
1.664989367106709551e+03 8.121487426757812500e+01 6.236251592636108398e-01
1.665010200612535982e+03 8.141680908203125000e+01 6.234756708145141602e-01
1.665031034118188018e+03 8.121221923828125000e+01 6.228528618812561035e-01
1.665051867623723865e+03 8.098870849609375000e+01 6.223466396331787109e-01
1.665072701129027337e+03 8.107696533203125000e+01 6.226885914802551270e-01
1.665093534634213484e+03 8.075888061523437500e+01 6.218824386596679688e-01
1.665114368139225007e+03 8.095321655273437500e+01 6.218958497047424316e-01
1.665135201644003928e+03 8.049813842773437500e+01 6.214442849159240723e-01
1.665156035148666433e+03 8.074551391601562500e+01 6.210184693336486816e-01
1.665176868653154088e+03 8.126333618164062500e+01 6.214504241943359375e-01
1.665197702157467575e+03 8.004309082031250000e+01 6.202877163887023926e-01
1.665218535661606438e+03 8.101977539062500000e+01 6.210320591926574707e-01
1.665239369165571134e+03 8.088674926757812500e+01 6.206883192062377930e-01
1.665260202669359842e+03 7.971405029296875000e+01 6.208274364471435547e-01
1.665281036172974382e+03 8.114425659179687500e+01 6.203767061233520508e-01
1.665364370185570579e+03 7.930517578125000000e+01 6.193596720695495605e-01
1.665385203688254023e+03 8.021475219726562500e+01 6.191916465759277344e-01
1.665406037190706002e+03 8.035647583007812500e+01 6.193560957908630371e-01
1.665426870693039518e+03 8.014141845703125000e+01 6.195498108863830566e-01
1.665447704195140886e+03 8.026904296875000000e+01 6.194513440132141113e-01
1.665468537697008969e+03 8.022656250000000000e+01 6.198438405990600586e-01
1.665489371198761091e+03 8.020367431640625000e+01 6.192282438278198242e-01
1.665510204700280610e+03 8.046429443359375000e+01 6.199594736099243164e-01
1.665531038201566389e+03 8.031036376953125000e+01 6.194056868553161621e-01
1.665551871702678909e+03 7.987463378906250000e+01 6.197112202644348145e-01
1.665572705203616579e+03 8.041149902343750000e+01 6.223617196083068848e-01
1.665593538704320508e+03 7.991934204101562500e+01 6.197842955589294434e-01
1.665614372204792517e+03 7.980615234375000000e+01 6.191059947013854980e-01
1.665635205705089447e+03 7.911679077148437500e+01 6.196012496948242188e-01
1.665656039205152865e+03 7.991757202148437500e+01 6.200432181358337402e-01
1.665676872705043024e+03 8.019912719726562500e+01 6.214289665222167969e-01
1.665697706204699443e+03 7.928280639648437500e+01 6.187703013420104980e-01
1.665718539704122577e+03 7.958514404296875000e+01 6.193022131919860840e-01
1.665739373203314017e+03 7.977270507812500000e+01 6.194342970848083496e-01
1.665760206702330379e+03 7.932666015625000000e+01 6.201303005218505859e-01
1.665781040201056385e+03 7.831619262695312500e+01 6.193813681602478027e-01
1.665801873699606404e+03 7.977325439453125000e+01 6.195148229598999023e-01
1.665822707197924501e+03 8.013082885742187500e+01 6.198495626449584961e-01
1.665843540696008859e+03 7.853118896484375000e+01 6.190683245658874512e-01
1.665864374193861067e+03 7.968420410156250000e+01 6.203244328498840332e-01
1.665885207691480900e+03 7.971517944335937500e+01 6.192955374717712402e-01
1.665906041188866993e+03 7.978143310546875000e+01 6.199620366096496582e-01
1.665926874686021165e+03 8.044732666015625000e+01 6.199590563774108887e-01
1.665947708182884980e+03 7.930288696289062500e+01 6.193995475769042969e-01
1.665968541679572581e+03 8.012655639648437500e+01 6.197889447212219238e-01
1.665989375175968917e+03 8.034597778320312500e+01 6.206372380256652832e-01
1.666010208672133558e+03 7.974020385742187500e+01 6.194361448287963867e-01
1.666031042168064005e+03 7.964379882812500000e+01 6.199967265129089355e-01
1.666051875663762985e+03 8.017590332031250000e+01 6.198661923408508301e-01
1.666072709159170472e+03 7.989578247070312500e+01 6.206561923027038574e-01
1.666093542654286011e+03 7.965057373046875000e+01 6.200971007347106934e-01
1.666114376149170539e+03 7.970306396484375000e+01 6.196275949478149414e-01
1.666135209643821327e+03 7.983502197265625000e+01 6.195902228355407715e-01
1.666156043138181531e+03 8.025744628906250000e+01 6.210027933120727539e-01
1.666176876632308449e+03 7.934167480468750000e+01 6.198398470878601074e-01
1.666197710126144102e+03 7.925872802734375000e+01 6.190320849418640137e-01
1.666218543619688944e+03 7.974877929687500000e+01 6.199781298637390137e-01
1.666239377113000501e+03 7.927218627929687500e+01 6.198656558990478516e-01
1.666260210606021019e+03 8.048184204101562500e+01 6.196696162223815918e-01
1.666281044098751408e+03 8.045156860351562500e+01 6.201298832893371582e-01
1.666301877591190987e+03 8.060388183593750000e+01 6.197208762168884277e-01
1.666322711083397508e+03 7.966714477539062500e+01 6.200672984123229980e-01
1.666343544575253418e+03 8.043078613281250000e+01 6.199977397918701172e-01
1.666364378066877634e+03 8.087548828125000000e+01 6.199902892112731934e-01
1.666385211558210585e+03 8.194146728515625000e+01 6.214233636856079102e-01
1.666406045049193381e+03 8.098413085937500000e+01 6.202319264411926270e-01
1.666426878539944937e+03 8.150106811523437500e+01 6.205124258995056152e-01
1.666447712030346565e+03 7.977319335937500000e+01 6.197813749313354492e-01
1.666468545520457155e+03 8.038000488281250000e+01 6.219662427902221680e-01
1.666489379010278071e+03 8.042965698242187500e+01 6.196555495262145996e-01
1.666510212499806130e+03 8.038418579101562500e+01 6.199347972869873047e-01
1.666531045989042923e+03 8.038021850585937500e+01 6.203207373619079590e-01
1.666551879477930925e+03 8.008004760742187500e+01 6.198852658271789551e-01
1.666572712966527888e+03 7.926300048828125000e+01 6.192766427993774414e-01
1.666593546454834495e+03 8.072717285156250000e+01 6.207569837570190430e-01
1.666614379942791402e+03 8.066433715820312500e+01 6.205308437347412109e-01
1.666635213430398380e+03 8.003320312500000000e+01 6.198020577430725098e-01
1.666656046917773892e+03 8.028332519531250000e+01 6.205313205718994141e-01
1.666676880404741496e+03 8.098535156250000000e+01 6.202533841133117676e-01
1.666697713891476496e+03 8.043072509765625000e+01 6.204744577407836914e-01
1.666718547377803588e+03 7.937280273437500000e+01 6.195387840270996094e-01
1.666739380863838960e+03 7.953930664062500000e+01 6.197674870491027832e-01
1.666760214349583975e+03 8.006658935546875000e+01 6.199802160263061523e-01
1.666781047834921537e+03 8.035000610351562500e+01 6.203344464302062988e-01
1.666801881320026041e+03 8.003985595703125000e+01 6.208142042160034180e-01
1.666822714804722409e+03 8.074664306640625000e+01 6.211382746696472168e-01
1.666843548289129103e+03 7.985485839843750000e+01 6.206160187721252441e-01
1.666864381773244986e+03 8.098840332031250000e+01 6.205720901489257812e-01
1.666885215256953416e+03 8.048416137695312500e+01 6.204901933670043945e-01
1.666906048740369897e+03 8.095178222656250000e+01 6.206051111221313477e-01
1.666926882223494431e+03 8.025653076171875000e+01 6.206504702568054199e-01
1.666947715706271083e+03 7.976998901367187500e+01 6.200449466705322266e-01
1.666968549188698944e+03 8.107861328125000000e+01 6.219618916511535645e-01
1.666989382670834402e+03 8.094537353515625000e+01 6.207557916641235352e-01
1.667010216152621069e+03 8.030718994140625000e+01 6.202241778373718262e-01
1.667031049634116926e+03 8.065881347656250000e+01 6.223734021186828613e-01
1.667051883115263990e+03 8.107983398437500000e+01 6.210578083992004395e-01
1.667072716596120017e+03 8.115667724609375000e+01 6.217048168182373047e-01
1.667093550076742531e+03 8.102947998046875000e+01 6.208329200744628906e-01
1.667114383557016026e+03 8.056784057617187500e+01 6.204867959022521973e-01
1.667135217036998938e+03 7.922662353515625000e+01 6.201007962226867676e-01
1.667156050516689447e+03 8.009100341796875000e+01 6.222158670425415039e-01
1.667176883996090055e+03 7.996765136718750000e+01 6.224176883697509766e-01
1.667197717475256923e+03 8.132183837890625000e+01 6.209075450897216797e-01
1.667218550954191414e+03 8.079910278320312500e+01 6.209877133369445801e-01
1.667239384432835777e+03 8.001528930664062500e+01 6.206102967262268066e-01
1.667260217911305517e+03 8.065118408203125000e+01 6.206899285316467285e-01
1.667281051389541517e+03 8.056451416015625000e+01 6.202889084815979004e-01
1.667301884867603349e+03 8.156692504882812500e+01 6.213617324829101562e-01
1.667322718345490557e+03 8.161846923828125000e+01 6.230831742286682129e-01
1.667343551823202006e+03 8.116891479492187500e+01 6.210579872131347656e-01
1.667364385300797494e+03 8.265203857421875000e+01 6.224854588508605957e-01
1.667385218778335002e+03 8.113348388671875000e+01 6.229937076568603516e-01
1.667406052255757004e+03 8.028778076171875000e+01 6.209334731101989746e-01
1.667426885733120344e+03 8.094879150390625000e+01 6.214172244071960449e-01
1.667447719210484138e+03 8.136526489257812500e+01 6.222499608993530273e-01
1.667468552687905458e+03 8.098226928710937500e+01 6.212223768234252930e-01
1.667489386165384076e+03 8.121441650390625000e+01 6.221312284469604492e-01
1.667510219642980474e+03 8.181765747070312500e+01 6.215740442276000977e-01
1.667531053120750585e+03 8.103131103515625000e+01 6.208514571189880371e-01
1.667551886598696001e+03 8.180911254882812500e+01 6.216261386871337891e-01
1.667572720076932001e+03 8.037847900390625000e+01 6.211869716644287109e-01
1.667593553555517474e+03 8.162405395507812500e+01 6.215518712997436523e-01
1.667614387034509946e+03 8.177413940429687500e+01 6.215082406997680664e-01
1.667635220514026969e+03 8.222628784179687500e+01 6.221696138381958008e-01
1.667656053994010108e+03 8.179931640625000000e+01 6.227899789810180664e-01
1.667676887474691512e+03 8.156652832031250000e+01 6.211293935775756836e-01
1.668635229822933979e+03 8.166528320312500000e+01 7.233077287673950195e-01
1.668656063404373981e+03 8.169531250000000000e+01 7.327593564987182617e-01
1.668676896987034524e+03 8.173773193359375000e+01 7.423830032348632812e-01
1.668697730570742351e+03 8.230187988281250000e+01 7.522789835929870605e-01
1.668718564155498370e+03 8.321362304687500000e+01 7.621567845344543457e-01
1.668739397741243920e+03 8.316760253906250000e+01 7.719700932502746582e-01
1.668760231327921019e+03 8.365277099609375000e+01 7.855786085128784180e-01
1.668781064915471461e+03 8.359411621093750000e+01 7.990066409111022949e-01
1.668801898503777920e+03 8.401074218750000000e+01 8.127385973930358887e-01
1.668822732092841989e+03 8.280822753906250000e+01 8.235853910446166992e-01
1.668843565682604094e+03 8.128808593750000000e+01 8.319569230079650879e-01
1.668864399273006939e+03 8.290771484375000000e+01 8.412780761718750000e-01
1.668885232864049613e+03 8.233721923828125000e+01 8.446548581123352051e-01
1.668906066455615928e+03 8.374548339843750000e+01 8.489956855773925781e-01
1.668926900047706567e+03 8.298345947265625000e+01 8.473150134086608887e-01
1.668968567233399881e+03 8.352606201171875000e+01 8.484411239624023438e-01
1.668989400826828387e+03 8.287640380859375000e+01 8.515347838401794434e-01
1.669010234420723009e+03 8.364990234375000000e+01 8.549588322639465332e-01
1.669031068014968469e+03 8.165252685546875000e+01 8.601456880569458008e-01
1.669051901609504512e+03 8.383593750000000000e+01 8.660640716552734375e-01
1.669072735204387982e+03 8.215844726562500000e+01 8.696126937866210938e-01
1.669093568799563400e+03 8.425097656250000000e+01 8.753211498260498047e-01
1.669135235990670935e+03 8.447747802734375000e+01 8.786134719848632812e-01
1.669156069586544618e+03 8.451501464843750000e+01 8.797767758369445801e-01
1.669197736778932949e+03 8.439385986328125000e+01 8.855547308921813965e-01
1.669218570375388481e+03 8.436175537109375000e+01 8.868420124053955078e-01
1.669239403972018863e+03 8.282885742187500000e+01 8.868193030357360840e-01
1.669260237568766570e+03 8.577972412109375000e+01 8.884024024009704590e-01
1.669281071165630010e+03 8.558349609375000000e+01 8.881559371948242188e-01
1.669301904762668528e+03 8.604101562500000000e+01 8.873963356018066406e-01
1.669322738359764571e+03 8.453613281250000000e+01 8.863344192504882812e-01
1.669343571956976575e+03 8.368414306640625000e+01 8.853343129158020020e-01
1.669364405554247469e+03 8.404748535156250000e+01 8.869993686676025391e-01
1.669385239151576116e+03 8.587664794921875000e+01 8.914090991020202637e-01
1.669406072749022087e+03 8.350946044921875000e+01 8.904443383216857910e-01
1.669426906346467149e+03 8.548278808593750000e+01 8.940790891647338867e-01
1.669447739943971101e+03 8.520764160156250000e+01 8.962295651435852051e-01
1.669468573541533942e+03 8.485284423828125000e+01 9.016792178153991699e-01
1.669489407139095420e+03 8.517309570312500000e+01 9.060388803482055664e-01
1.669531074334277491e+03 8.590228271484375000e+01 9.133476614952087402e-01
1.669551907931896949e+03 8.487084960937500000e+01 9.162871837615966797e-01
1.669572741529517543e+03 8.639111328125000000e+01 9.183194637298583984e-01
1.669593575127137456e+03 8.557818603515625000e+01 9.179202914237976074e-01
1.669614408724756913e+03 8.530041503906250000e+01 9.155458211898803711e-01
1.669635242322319527e+03 8.460748291015625000e+01 9.127545356750488281e-01
1.669656075919940122e+03 8.597344970703125000e+01 9.097425937652587891e-01
1.669676909517444074e+03 8.651495361328125000e+01 9.055710434913635254e-01
1.669697743115005551e+03 8.648504638671875000e+01 9.009733796119689941e-01
1.669718576712509048e+03 8.646228027343750000e+01 8.973304629325866699e-01
1.669739410309955019e+03 8.722204589843750000e+01 8.957809209823608398e-01
1.669760243907400536e+03 8.532873535156250000e+01 8.946708440780639648e-01
1.669781077504786936e+03 8.573022460937500000e+01 8.953946232795715332e-01
1.669801911102116492e+03 8.582946777343750000e+01 8.968892097473144531e-01
1.669822744699444911e+03 8.598669433593750000e+01 9.004024863243103027e-01
1.669843578296658507e+03 8.712878417968750000e+01 9.028600454330444336e-01
1.669864411893871420e+03 8.620751953125000000e+01 9.037181735038757324e-01
1.669885245491026126e+03 8.627056884765625000e+01 9.027841687202453613e-01
1.669906079088121487e+03 8.508062744140625000e+01 8.980112075805664062e-01
1.669926912685101343e+03 8.659265136718750000e+01 8.934988379478454590e-01
1.669947746282081425e+03 8.606402587890625000e+01 8.862665295600891113e-01
1.669968579879002391e+03 8.510546875000000000e+01 8.784791827201843262e-01
1.669989413475808078e+03 8.384020996093750000e+01 8.715639710426330566e-01
1.670010247072613538e+03 8.539544677734375000e+01 8.667044043540954590e-01
1.670031080669301446e+03 8.527404785156250000e+01 8.630496263504028320e-01
1.670051914265933192e+03 8.537634277343750000e+01 8.613605499267578125e-01
1.670072747862505366e+03 8.325323486328125000e+01 8.596628904342651367e-01
1.670093581459019333e+03 8.471423339843750000e+01 8.605191707611083984e-01
1.670114415055418021e+03 8.565667724609375000e+01 8.617702126502990723e-01
1.670135248651757138e+03 8.631280517578125000e+01 8.626439571380615234e-01
1.670156082248038047e+03 8.577966308593750000e+01 8.647259473800659180e-01
1.670176915844202540e+03 8.463812255859375000e+01 8.651989102363586426e-01
1.670197749440367488e+03 8.643579101562500000e+01 8.663991093635559082e-01
1.670218583036358041e+03 8.635668945312500000e+01 8.649916648864746094e-01
1.670239416632347911e+03 8.559368896484375000e+01 8.640493154525756836e-01
1.670260250228222048e+03 8.520861816406250000e+01 8.619205355644226074e-01
1.670281083824038888e+03 8.646960449218750000e+01 8.599001169204711914e-01
1.670301917419738402e+03 8.713342285156250000e+01 8.575738072395324707e-01
1.670322751015379026e+03 8.576617431640625000e+01 8.559765219688415527e-01
1.670343584610903463e+03 8.633984375000000000e+01 8.554500341415405273e-01
1.670364418206369010e+03 8.514392089843750000e+01 8.540267348289489746e-01
1.670385251801777940e+03 8.544030761718750000e+01 8.544252514839172363e-01
1.670406085397069546e+03 8.715344238281250000e+01 8.567944169044494629e-01
1.670426918992302944e+03 8.489489746093750000e+01 8.558476567268371582e-01
1.670447752587419473e+03 8.721234130859375000e+01 8.591151237487792969e-01
1.670468586182479157e+03 8.471331787109375000e+01 8.611310124397277832e-01
1.670489419777422881e+03 8.626013183593750000e+01 8.652731180191040039e-01
1.670510253372306579e+03 8.435534667968750000e+01 8.707847595214843750e-01
1.670531086967074543e+03 8.652770996093750000e+01 8.777586221694946289e-01
1.670551920561784982e+03 8.655273437500000000e+01 8.826190829277038574e-01
1.670572754156435622e+03 8.813513183593750000e+01 8.876298666000366211e-01
1.670593587750970983e+03 8.706994628906250000e+01 8.918692469596862793e-01
1.670614421345389474e+03 8.732080078125000000e+01 8.942165374755859375e-01
1.670635254939749530e+03 8.543121337890625000e+01 8.946798443794250488e-01
1.670656088534052060e+03 8.702752685546875000e+01 8.952813744544982910e-01
1.670676922128179967e+03 8.578277587890625000e+01 8.941453099250793457e-01
1.670697755722308102e+03 8.675830078125000000e+01 8.940296173095703125e-01
1.670718589316319139e+03 8.808660888671875000e+01 8.944119811058044434e-01
1.670739422910213534e+03 8.744946289062500000e+01 8.942450284957885742e-01
1.670760256504050631e+03 8.839794921875000000e+01 8.963577747344970703e-01
1.670781090097828383e+03 8.830603027343750000e+01 8.974574208259582520e-01
1.670801923691490629e+03 8.627380371093750000e+01 8.988896012306213379e-01
1.670822757285036460e+03 8.555389404296875000e+01 9.014208912849426270e-01
1.670843590878523628e+03 8.740722656250000000e+01 9.046523571014404297e-01
1.670864424471953043e+03 8.723095703125000000e+01 9.057779312133789062e-01
1.670885258065266498e+03 8.622900390625000000e+01 9.058873057365417480e-01
1.670906091658461946e+03 8.794348144531250000e+01 9.049463272094726562e-01
1.670926925251601006e+03 8.681732177734375000e+01 9.023957848548889160e-01
1.670947758844622513e+03 8.861560058593750000e+01 8.982221484184265137e-01
1.670968592437585357e+03 8.948468017578125000e+01 8.942828774452209473e-01
1.670989426030490449e+03 8.901928710937500000e+01 8.889253139495849609e-01
1.671010259623279126e+03 8.566149902343750000e+01 8.836838006973266602e-01
1.671031093215952069e+03 8.711041259765625000e+01 8.812046051025390625e-01
1.671051926808565440e+03 8.634197998046875000e+01 8.805105686187744141e-01
1.671072760401122650e+03 8.679895019531250000e+01 8.801640868186950684e-01
1.671093593993562990e+03 8.637023925781250000e+01 8.820186257362365723e-01
1.671114427585944441e+03 8.677020263671875000e+01 8.859154582023620605e-01
1.671135261178209021e+03 8.761914062500000000e+01 8.877555131912231445e-01
1.671156094770357413e+03 8.506481933593750000e+01 8.893682956695556641e-01
1.671176928362446915e+03 8.678497314453125000e+01 8.922178745269775391e-01
1.671197761954480029e+03 8.619982910156250000e+01 8.923349976539611816e-01
1.671218595546395591e+03 8.517193603515625000e+01 8.924430012702941895e-01
1.671239429138252945e+03 8.667785644531250000e+01 8.907378315925598145e-01
1.671260262729993428e+03 8.736865234375000000e+01 8.877825736999511719e-01
1.671281096321677069e+03 8.632446289062500000e+01 8.846682310104370117e-01
1.671301929913302956e+03 8.601623535156250000e+01 8.801087737083435059e-01
1.671322763504752402e+03 8.486743164062500000e+01 8.764917850494384766e-01
1.671343597096202529e+03 8.602526855468750000e+01 8.743627667427062988e-01
1.671364430687536014e+03 8.566308593750000000e+01 8.712989687919616699e-01
1.671385264278811519e+03 8.690167236328125000e+01 8.705434203147888184e-01
1.671406097869970381e+03 8.703588867187500000e+01 8.710682392120361328e-01
1.671426931461071035e+03 8.602502441406250000e+01 8.693320155143737793e-01
1.671447765052055047e+03 8.696441650390625000e+01 8.701520562171936035e-01
1.671468598642981988e+03 8.688598632812500000e+01 8.720049858093261719e-01
1.671489432233792058e+03 8.508398437500000000e+01 8.707371950149536133e-01
1.671510265824543922e+03 8.506835937500000000e+01 8.740179538726806641e-01
1.671531099415236895e+03 8.832623291015625000e+01 8.795146346092224121e-01
1.671551933005814135e+03 8.747113037109375000e+01 8.837366700172424316e-01
1.671572766596332940e+03 8.741070556640625000e+01 8.847716450691223145e-01
1.671593600186734875e+03 8.600201416015625000e+01 8.860873579978942871e-01
1.671614433777079057e+03 8.849041748046875000e+01 8.888980150222778320e-01
1.671635267367365486e+03 8.690930175781250000e+01 8.876407742500305176e-01
1.671656100957534591e+03 8.448675537109375000e+01 8.859305381774902344e-01
1.671676934547645942e+03 8.630926513671875000e+01 8.862643837928771973e-01
1.671697768137641560e+03 8.593334960937500000e+01 8.845461010932922363e-01
1.671718601727578061e+03 8.453564453125000000e+01 8.844087719917297363e-01
1.671739435317457037e+03 8.611584472656250000e+01 8.867032527923583984e-01
1.671760268907218460e+03 8.601745605468750000e+01 8.880308270454406738e-01
1.671781102496921903e+03 8.646691894531250000e+01 8.912230134010314941e-01
1.671801936086567366e+03 8.640692138671875000e+01 8.945711851119995117e-01
1.671822769676096414e+03 8.600482177734375000e+01 8.977994918823242188e-01
1.671843603265509955e+03 8.658276367187500000e+01 9.002391695976257324e-01
1.671864436854922587e+03 8.532373046875000000e+01 9.016736149787902832e-01
1.671885270444218804e+03 8.723046875000000000e+01 9.032060503959655762e-01
1.671906104033458632e+03 8.589660644531250000e+01 9.018443822860717773e-01
1.671926937622580454e+03 8.675659179687500000e+01 9.004030227661132812e-01
1.671947771211642930e+03 8.681689453125000000e+01 8.965468406677246094e-01
1.671968604800648563e+03 8.626184082031250000e+01 8.915378451347351074e-01
1.671989438389537099e+03 8.563323974609375000e+01 8.867560625076293945e-01
1.672010271978368110e+03 8.696008300781250000e+01 8.821157217025756836e-01
1.672031105567140457e+03 8.749890136718750000e+01 8.778093457221984863e-01
1.672093606332934996e+03 8.478210449218750000e+01 8.693241477012634277e-01
1.672114439921358553e+03 8.503082275390625000e+01 8.692291975021362305e-01
1.672156107098030134e+03 8.488671875000000000e+01 8.691331744194030762e-01
1.672218607862426325e+03 8.667895507812500000e+01 8.708155751228332520e-01
1.672239441450383993e+03 8.589215087890625000e+01 8.681691288948059082e-01
1.672260275038340978e+03 8.502258300781250000e+01 8.655890226364135742e-01
1.672281108626184050e+03 8.392987060546875000e+01 8.618066310882568359e-01
1.672301942213908433e+03 8.463671875000000000e+01 8.580723404884338379e-01
1.672322775801575062e+03 8.381365966796875000e+01 8.544435501098632812e-01
1.672343609389183484e+03 8.661944580078125000e+01 8.524255156517028809e-01
1.672364442976733017e+03 8.506219482421875000e+01 8.494898080825805664e-01
1.672385276564225478e+03 8.467712402343750000e+01 8.474788069725036621e-01
1.672406110151600387e+03 8.510998535156250000e+01 8.475772738456726074e-01
1.672447777326118967e+03 8.474633789062500000e+01 8.487790226936340332e-01
1.672510278087373536e+03 8.332965087890625000e+01 8.553625345230102539e-01
1.672531111674340991e+03 8.435986328125000000e+01 8.596853613853454590e-01
1.672551945261192941e+03 8.509381103515625000e+01 8.628663420677185059e-01
1.672572778847986456e+03 8.419427490234375000e+01 8.657637834548950195e-01
1.672593612434721535e+03 8.423645019531250000e+01 8.687892556190490723e-01
1.672614446021398408e+03 8.554748535156250000e+01 8.699182868003845215e-01
1.672635279607958637e+03 8.499755859375000000e+01 8.707671761512756348e-01
1.672656113194461341e+03 8.563189697265625000e+01 8.708204030990600586e-01
1.672676946780906064e+03 8.340655517578125000e+01 8.699042201042175293e-01
1.672697780367234373e+03 8.468621826171875000e+01 8.699267506599426270e-01
1.672718613953504018e+03 8.446905517578125000e+01 8.696825504302978516e-01
1.672739447539715457e+03 8.399475097656250000e+01 8.703842163085937500e-01
1.672760281125868005e+03 8.460583496093750000e+01 8.716765046119689941e-01
1.672781114711963482e+03 8.292834472656250000e+01 8.732432723045349121e-01
1.672801948297941635e+03 8.286767578125000000e+01 8.764430880546569824e-01
1.672822781883862035e+03 8.572576904296875000e+01 8.805471658706665039e-01
1.672843615469724455e+03 8.390728759765625000e+01 8.824717998504638672e-01
1.672864449055528439e+03 8.309515380859375000e+01 8.847208023071289062e-01
1.672885282641216463e+03 8.533642578125000000e+01 8.860023021697998047e-01
1.672906116226903578e+03 8.410900878906250000e+01 8.860475420951843262e-01
1.672926949812474959e+03 8.386340332031250000e+01 8.845368027687072754e-01
1.672947783397929470e+03 8.238641357421875000e+01 8.813507556915283203e-01
1.672968616983383981e+03 8.286425781250000000e+01 8.780307173728942871e-01
1.672989450568722987e+03 8.349249267578125000e+01 8.739070296287536621e-01
1.673010284154002420e+03 8.252667236328125000e+01 8.712945580482482910e-01
1.673031117739224101e+03 8.354187011718750000e+01 8.663733601570129395e-01
1.673051951324388483e+03 8.443603515625000000e+01 8.641399145126342773e-01
1.673072784909435995e+03 8.274975585937500000e+01 8.599523305892944336e-01
1.673093618494483508e+03 8.308239746093750000e+01 8.571596145629882812e-01
1.673114452079414150e+03 8.290924072265625000e+01 8.565267920494079590e-01
1.673135285664286585e+03 8.394219970703125000e+01 8.567866683006286621e-01
1.673156119249042604e+03 8.143017578125000000e+01 8.554078936576843262e-01
1.673176952833797941e+03 8.162298583984375000e+01 8.564389348030090332e-01
1.673197786418438682e+03 8.382019042968750000e+01 8.582372069358825684e-01
1.673218620003019623e+03 8.431970214843750000e+01 8.586369156837463379e-01
1.673239453587543039e+03 8.386840820312500000e+01 8.594142794609069824e-01
1.673260287172009157e+03 8.270007324218750000e+01 8.577040433883666992e-01
1.673281120756358632e+03 8.376562500000000000e+01 8.562375307083129883e-01
1.673301954340706970e+03 8.364697265625000000e+01 8.534505963325500488e-01
1.673322787924938439e+03 8.189520263671875000e+01 8.489360809326171875e-01
1.673343621509113063e+03 8.316442871093750000e+01 8.455082774162292480e-01
1.673364455093229026e+03 8.285803222656250000e+01 8.415632247924804688e-01
1.673385288677228573e+03 8.183807373046875000e+01 8.383479714393615723e-01
1.673406122261228120e+03 8.349414062500000000e+01 8.369630575180053711e-01
1.673426955845110569e+03 8.421624755859375000e+01 8.362086415290832520e-01
1.673447789428936176e+03 8.305554199218750000e+01 8.355499505996704102e-01
1.673468623012703574e+03 8.310070800781250000e+01 8.365464806556701660e-01
1.673489456596353421e+03 8.451763916015625000e+01 8.394616842269897461e-01
1.673510290180003494e+03 8.248999023437500000e+01 8.402161002159118652e-01
1.673531123763538062e+03 8.359509277343750000e+01 8.438125252723693848e-01
1.673551957347013513e+03 8.314764404296875000e+01 8.496412038803100586e-01
1.673572790930430529e+03 8.473834228515625000e+01 8.525280356407165527e-01
1.673593624513789564e+03 8.316186523437500000e+01 8.550714254379272461e-01
1.673614458097089937e+03 8.399945068359375000e+01 8.573886156082153320e-01
1.673635291680276168e+03 8.358813476562500000e+01 8.592355847358703613e-01
1.673656125263460581e+03 8.332421875000000000e+01 8.607006072998046875e-01
1.673676958846528578e+03 8.190972900390625000e+01 8.606739044189453125e-01
1.673697792429538367e+03 8.195739746093750000e+01 8.610579967498779297e-01
1.673718626012431514e+03 8.278845214843750000e+01 8.613503575325012207e-01
1.673739459595325570e+03 8.286602783203125000e+01 8.610286116600036621e-01
1.673760293178102529e+03 8.365008544921875000e+01 8.615162372589111328e-01
1.673781126760879488e+03 8.147741699218750000e+01 8.608986735343933105e-01
1.673801960343540486e+03 8.374121093750000000e+01 8.614683747291564941e-01
1.673822793926143504e+03 8.240539550781250000e+01 8.625936508178710938e-01
1.673843627508630107e+03 8.249224853515625000e+01 8.624114990234375000e-01
1.673864461091115572e+03 8.283618164062500000e+01 8.627272248268127441e-01
1.673885294673485078e+03 8.173400878906250000e+01 8.604304194450378418e-01
1.673906128255855492e+03 8.333660888671875000e+01 8.591450452804565430e-01
1.673926961838108582e+03 8.254711914062500000e+01 8.553853631019592285e-01
1.673947795420303009e+03 8.283770751953125000e+01 8.518373370170593262e-01
1.673968629002381476e+03 8.229187011718750000e+01 8.469866514205932617e-01
1.673989462584459943e+03 8.340228271484375000e+01 8.432237505912780762e-01
1.674010296166422904e+03 8.216564941406250000e+01 8.375098705291748047e-01
1.674031129748385410e+03 8.263732910156250000e+01 8.337637782096862793e-01
1.674051963330231501e+03 8.329681396484375000e+01 8.308284878730773926e-01
1.674072796912019385e+03 8.385076904296875000e+01 8.287640810012817383e-01
1.674093630493690398e+03 8.271838378906250000e+01 8.251582980155944824e-01
1.674114464075360956e+03 8.392816162109375000e+01 8.254618644714355469e-01
1.674135297656915554e+03 8.341119384765625000e+01 8.228852152824401855e-01
1.674156131238470607e+03 8.374755859375000000e+01 8.227894902229309082e-01
1.674176964819909017e+03 8.318237304687500000e+01 8.227012157440185547e-01
1.674197798401290129e+03 8.273980712890625000e+01 8.230409026145935059e-01
1.674218631982553916e+03 8.398181152343750000e+01 8.231809139251708984e-01
1.674239465563817475e+03 8.299694824218750000e+01 8.225497007369995117e-01
1.674260299144964392e+03 8.329553222656250000e+01 8.224753141403198242e-01
1.674281132726111991e+03 8.384033203125000000e+01 8.193774819374084473e-01
1.674301966307142493e+03 8.296258544921875000e+01 8.153316378593444824e-01
1.674322799888115014e+03 8.351025390625000000e+01 8.120912313461303711e-01
1.674343633469030010e+03 8.394464111328125000e+01 8.078387379646301270e-01
1.674364467049828363e+03 8.336029052734375000e+01 8.032397627830505371e-01
1.674385300630626944e+03 8.364306640625000000e+01 7.999837994575500488e-01
1.674406134211308427e+03 8.348004150390625000e+01 7.994254827499389648e-01
1.674426967791931929e+03 8.414648437500000000e+01 7.980988025665283203e-01
1.674447801372497452e+03 8.261071777343750000e+01 7.979730963706970215e-01
1.674468634953004539e+03 8.249884033203125000e+01 7.991058230400085449e-01
1.674489468533394529e+03 8.390991210937500000e+01 8.049978613853454590e-01
1.674510302113785428e+03 8.348693847656250000e+01 8.061419725418090820e-01
1.674531135694059003e+03 8.388354492187500000e+01 8.098682761192321777e-01
1.674551969274275962e+03 8.284252929687500000e+01 8.139447569847106934e-01
1.674572802854434485e+03 8.362939453125000000e+01 8.197436332702636719e-01
1.674593636434533892e+03 8.232208251953125000e+01 8.234227299690246582e-01
1.674614470014516883e+03 8.303222656250000000e+01 8.283951282501220703e-01
1.674635303594441439e+03 8.249853515625000000e+01 8.308923244476318359e-01
1.674656137174366904e+03 8.232342529296875000e+01 8.333783745765686035e-01
1.674676970754174590e+03 8.268536376953125000e+01 8.353469967842102051e-01
1.674697804333866998e+03 8.141290283203125000e+01 8.356615900993347168e-01
1.674718637913558950e+03 8.357238769531250000e+01 8.364572525024414062e-01
1.674739471493135625e+03 8.189923095703125000e+01 8.368415236473083496e-01
1.674760305072711617e+03 8.189447021484375000e+01 8.349583745002746582e-01
1.674781138652170512e+03 8.174938964843750000e+01 8.351319432258605957e-01
1.674801972231571654e+03 8.221606445312500000e+01 8.362339138984680176e-01
1.674822805810856607e+03 8.335772705078125000e+01 8.382811546325683594e-01
1.674843639390140424e+03 8.301110839843750000e+01 8.397904634475708008e-01
1.674864472969308963e+03 8.121325683593750000e+01 8.401989340782165527e-01
1.674885306548419521e+03 8.116821289062500000e+01 8.380697965621948242e-01
1.674906140127471645e+03 8.371191406250000000e+01 8.373952507972717285e-01
1.674926973706466015e+03 8.218225097656250000e+01 8.341050744056701660e-01
1.674947807285342606e+03 8.181994628906250000e+01 8.300927877426147461e-01
1.674968640864219651e+03 8.276306152343750000e+01 8.265392184257507324e-01
1.674989474442980963e+03 8.298559570312500000e+01 8.223778009414672852e-01
1.675010308021683613e+03 8.185498046875000000e+01 8.183534741401672363e-01
1.675031141600327373e+03 8.342559814453125000e+01 8.154073953628540039e-01
1.675051975178855628e+03 8.145599365234375000e+01 8.123485445976257324e-01
1.675072808757324538e+03 8.319628906250000000e+01 8.096081018447875977e-01
1.675093642335795494e+03 8.249761962890625000e+01 8.084659576416015625e-01
1.675114475914091145e+03 8.308947753906250000e+01 8.055828213691711426e-01
1.675135309492386114e+03 8.121313476562500000e+01 8.034491539001464844e-01
1.675156143070623330e+03 8.237878417968750000e+01 8.038483858108520508e-01
1.675176976648743448e+03 8.276049804687500000e+01 8.030198812484741211e-01
1.675197810226805359e+03 8.143737792968750000e+01 8.025429844856262207e-01
1.675218643804809517e+03 8.236657714843750000e+01 8.033584952354431152e-01
1.675239477382697032e+03 8.392944335937500000e+01 8.032073974609375000e-01
1.675260310978746475e+03 8.308819580078125000e+01 8.013071417808532715e-01
1.675281144556518484e+03 8.102807617187500000e+01 7.982942461967468262e-01
1.675301978134230922e+03 8.171307373046875000e+01 7.968932986259460449e-01
1.675322811711885606e+03 8.263854980468750000e+01 7.934393882751464844e-01
1.675343645289423876e+03 8.189569091796875000e+01 7.902074456214904785e-01
1.675364478866904392e+03 8.219781494140625000e+01 7.883432507514953613e-01
1.675385312444326473e+03 8.267102050781250000e+01 7.877553701400756836e-01
1.675406146021689892e+03 8.388104248046875000e+01 7.866027355194091797e-01
1.675447813176186628e+03 8.160992431640625000e+01 7.860453128814697266e-01
1.675468646753316989e+03 8.288537597656250000e+01 7.879159450531005859e-01
1.675489480330389597e+03 8.096972656250000000e+01 7.898526787757873535e-01
1.675510313907345335e+03 8.410150146484375000e+01 7.943432927131652832e-01
1.675531147484244002e+03 8.329150390625000000e+01 7.976741194725036621e-01
1.675551981061083552e+03 8.256359863281250000e+01 8.016415238380432129e-01
1.675572814637865577e+03 8.429119873046875000e+01 8.061484098434448242e-01
1.675593648214588939e+03 8.231536865234375000e+01 8.097526431083679199e-01
1.675614481791197022e+03 8.292401123046875000e+01 8.133624792098999023e-01
1.675635315367745989e+03 8.185174560546875000e+01 8.157344460487365723e-01
1.675656148944236520e+03 8.138586425781250000e+01 8.185598850250244141e-01
1.675676982520610636e+03 8.230816650390625000e+01 8.180819153785705566e-01
1.675697816096926999e+03 8.209332275390625000e+01 8.182241916656494141e-01
1.675718649673184473e+03 8.184375000000000000e+01 8.181200623512268066e-01
1.675739483249325986e+03 8.174285888671875000e+01 8.186959624290466309e-01
1.675760316825467498e+03 8.266870117187500000e+01 8.189794421195983887e-01
1.675781150401493051e+03 8.368218994140625000e+01 8.194333314895629883e-01
1.675801983977402415e+03 8.282489013671875000e+01 8.206692337989807129e-01
1.675822817553310415e+03 8.251568603515625000e+01 8.220750093460083008e-01
1.675843651129102909e+03 8.189038085937500000e+01 8.248639106750488281e-01
1.675864484704836514e+03 8.193127441406250000e+01 8.269979953765869141e-01
1.675885318280453930e+03 8.367156982421875000e+01 8.263662457466125488e-01
1.675906151856013366e+03 8.213085937500000000e+01 8.249520659446716309e-01
1.675926985431514368e+03 8.286022949218750000e+01 8.239873647689819336e-01
1.675947819006958071e+03 8.177587890625000000e+01 8.204887509346008301e-01
1.675968652582285358e+03 8.252514648437500000e+01 8.168612718582153320e-01
1.675989486157553529e+03 8.238751220703125000e+01 8.129563927650451660e-01
1.676010319732763946e+03 8.407537841796875000e+01 8.094720244407653809e-01
1.676031153307857494e+03 8.171508789062500000e+01 8.044466376304626465e-01
1.676051986882891924e+03 8.305908203125000000e+01 8.013193011283874512e-01
1.676072820457869966e+03 8.225891113281250000e+01 7.976437807083129883e-01
1.676093654032730456e+03 8.219152832031250000e+01 7.950387597084045410e-01
1.676114487607534102e+03 8.397235107421875000e+01 7.927018404006958008e-01
1.676135321182220423e+03 8.377014160156250000e+01 7.915201187133789062e-01
1.676156154756848537e+03 8.321899414062500000e+01 7.901414632797241211e-01
1.676176988331419125e+03 8.278332519531250000e+01 7.896705865859985352e-01
1.676197821905929459e+03 8.184722900390625000e+01 7.893252968788146973e-01
1.676218655480324969e+03 8.350402832031250000e+01 7.904577255249023438e-01
1.676239489054662499e+03 8.252557373046875000e+01 7.902604937553405762e-01
1.676260322628883387e+03 8.338739013671875000e+01 7.898117303848266602e-01
1.676281156203046521e+03 8.289733886718750000e+01 7.895804643630981445e-01
1.676301989777150538e+03 8.359832763671875000e+01 7.871380448341369629e-01
1.676322823351137913e+03 8.320245361328125000e+01 7.839605212211608887e-01
1.676343656925067990e+03 8.309948730468750000e+01 7.819564938545227051e-01
1.676364490498880514e+03 8.295495605468750000e+01 7.807938456535339355e-01
1.676385324072635512e+03 8.278588867187500000e+01 7.767609953880310059e-01
1.676406157646331394e+03 8.306579589843750000e+01 7.751888036727905273e-01
1.676426991219912452e+03 8.345007324218750000e+01 7.748686671257019043e-01
1.676447824793435984e+03 8.230633544921875000e+01 7.747759819030761719e-01
1.676468658366899490e+03 8.369616699218750000e+01 7.762210965156555176e-01
1.676489491940246353e+03 8.366418457031250000e+01 7.780848145484924316e-01
1.676510325513477937e+03 8.322570800781250000e+01 7.806117534637451172e-01
1.676531159086650405e+03 8.464514160156250000e+01 7.838636636734008789e-01
1.676551992659764892e+03 8.402886962890625000e+01 7.871569395065307617e-01
1.676572826232763418e+03 8.243438720703125000e+01 7.897044420242309570e-01
1.676593659805703510e+03 8.422308349609375000e+01 7.948579192161560059e-01
1.676614493378528550e+03 8.276159667968750000e+01 7.974355220794677734e-01
1.676635326951293564e+03 8.451464843750000000e+01 8.008375167846679688e-01
1.676656160524000370e+03 8.553216552734375000e+01 8.037457466125488281e-01
1.676676994096591443e+03 8.340753173828125000e+01 8.044085502624511719e-01
1.677677005473386089e+03 8.552136230468750000e+01 7.294442653656005859e-01
1.677697839041321004e+03 8.493603515625000000e+01 7.283629179000854492e-01
1.677718672609138594e+03 8.651171875000000000e+01 7.281532287597656250e-01
1.677739506176897521e+03 8.505383300781250000e+01 7.275370955467224121e-01
1.677760339744540488e+03 8.613848876953125000e+01 7.263149619102478027e-01
1.677781173312067040e+03 8.531616210937500000e+01 7.237706184387207031e-01
1.677802006879478085e+03 8.533886718750000000e+01 7.232900857925415039e-01
1.677822840446772489e+03 8.586267089843750000e+01 7.230125665664672852e-01
1.677843674013950022e+03 8.631085205078125000e+01 7.221782207489013672e-01
1.677864507581011367e+03 8.600476074218750000e+01 7.224644422531127930e-01
1.677885341148014049e+03 8.549780273437500000e+01 7.216776013374328613e-01
1.677906174714842109e+03 8.647216796875000000e+01 7.210733890533447266e-01
1.677927008281611506e+03 8.552191162109375000e+01 7.203719615936279297e-01
1.677947841848265853e+03 8.571063232421875000e+01 7.184129357337951660e-01
1.677968675414746031e+03 8.539605712890625000e+01 7.174400091171264648e-01
1.677989508981166409e+03 8.531604003906250000e+01 7.151584625244140625e-01
1.678010342547470373e+03 8.599829101562500000e+01 7.137012481689453125e-01
1.678031176113658603e+03 8.640649414062500000e+01 7.119019031524658203e-01
1.678052009679729508e+03 8.564184570312500000e+01 7.095840573310852051e-01
1.678072843245684908e+03 8.530908203125000000e+01 7.079094052314758301e-01
1.678093676811523892e+03 8.621630859375000000e+01 7.072017788887023926e-01
1.678114510377246916e+03 8.656787109375000000e+01 7.071526646614074707e-01
1.678135343942853069e+03 8.617614746093750000e+01 7.062001824378967285e-01
1.678156177508342580e+03 8.525280761718750000e+01 7.061297893524169922e-01
1.678177011073657013e+03 8.608758544921875000e+01 7.061017155647277832e-01
1.678197844638913466e+03 8.670825195312500000e+01 7.055506706237792969e-01
1.678218678204053504e+03 8.629064941406250000e+01 7.051941156387329102e-01
1.678239511769078035e+03 8.567449951171875000e+01 7.052021026611328125e-01
1.678260345333927489e+03 8.653015136718750000e+01 7.032221555709838867e-01
1.678281178898718508e+03 8.600970458984375000e+01 7.015714645385742188e-01
1.678302012463334449e+03 8.740344238281250000e+01 7.000153064727783203e-01
1.678322846027833975e+03 8.650256347656250000e+01 6.986236572265625000e-01
1.678343679592217995e+03 8.695867919921875000e+01 6.953468322753906250e-01
1.678364513156484918e+03 8.628033447265625000e+01 6.915910243988037109e-01
1.678385346720635880e+03 8.654016113281250000e+01 6.909035444259643555e-01
1.678406180284613583e+03 8.613095092773437500e+01 6.875212788581848145e-01
1.678427013848531033e+03 8.771206665039062500e+01 6.858936548233032227e-01
1.678447847412274086e+03 8.566824340820312500e+01 6.832515001296997070e-01
1.678468680975900497e+03 8.576571655273437500e+01 6.819353103637695312e-01
1.678489514539410493e+03 8.576489257812500000e+01 6.809878945350646973e-01
1.678510348102747457e+03 8.592016601562500000e+01 6.804871559143066406e-01
1.678531181665967551e+03 8.647045898437500000e+01 6.805115938186645508e-01
1.678552015229070093e+03 8.544619750976562500e+01 6.791900396347045898e-01
1.678572848792056448e+03 8.549487304687500000e+01 6.787243485450744629e-01
1.678593682354867951e+03 8.679443359375000000e+01 6.795484423637390137e-01
1.678614515917563949e+03 8.674017333984375000e+01 6.786839962005615234e-01
1.678635349480142395e+03 8.579846191406250000e+01 6.774916052818298340e-01
1.678656183042547582e+03 8.649420166015625000e+01 6.775324344635009766e-01
1.678677016604836354e+03 8.676754760742187500e+01 6.754718422889709473e-01
1.678697850167008482e+03 8.659271240234375000e+01 6.751058101654052734e-01
1.678718683729005079e+03 8.727508544921875000e+01 6.742336153984069824e-01
1.678739517290885487e+03 8.719378662109375000e+01 6.723567843437194824e-01
1.678760350852649026e+03 8.841650390625000000e+01 6.716368198394775391e-01
1.678781184414239533e+03 8.817712402343750000e+01 6.697291731834411621e-01
1.678822851536953522e+03 8.792010498046875000e+01 6.676494479179382324e-01
1.678843685098135438e+03 8.726632690429687500e+01 6.664817929267883301e-01
1.678864518659142504e+03 8.777987670898437500e+01 6.665320396423339844e-01
1.678885352220034065e+03 8.804290771484375000e+01 6.656282544136047363e-01
1.678906185780749411e+03 8.733697509765625000e+01 6.644272804260253906e-01
1.678927019341292180e+03 8.714416503906250000e+01 6.641265153884887695e-01
1.678947852901718989e+03 8.828436279296875000e+01 6.641549468040466309e-01
1.678968686461969583e+03 8.731604003906250000e+01 6.617183685302734375e-01
1.678989520022103534e+03 8.714337158203125000e+01 6.604881286621093750e-01
1.679010353582062407e+03 8.771279907226562500e+01 6.591947078704833984e-01
1.679031187141906003e+03 8.834597778320312500e+01 6.587094664573669434e-01
1.679052020701576112e+03 8.891461181640625000e+01 6.580057740211486816e-01
1.679072854261070461e+03 8.905532836914062500e+01 6.568300127983093262e-01
1.679093687820389505e+03 8.818731689453125000e+01 6.554802656173706055e-01
1.679114521379592588e+03 8.895611572265625000e+01 6.547909975051879883e-01
1.679135354938619912e+03 8.799377441406250000e+01 6.539719104766845703e-01
1.679156188497474432e+03 8.821401977539062500e+01 6.533409953117370605e-01
1.679177022056211626e+03 8.777334594726562500e+01 6.517037153244018555e-01
1.679197855614716445e+03 8.857354736328125000e+01 6.511364579200744629e-01
1.679218689173105986e+03 8.874291992187500000e+01 6.503964066505432129e-01
1.679239522731319084e+03 8.902972412109375000e+01 6.501212120056152344e-01
1.679260356289415995e+03 8.952395629882812500e+01 6.504309177398681641e-01
1.679281189847279620e+03 8.811242675781250000e+01 6.477152109146118164e-01
1.679302023404969077e+03 8.986657714843750000e+01 6.483164429664611816e-01
1.679322856962543483e+03 8.847619628906250000e+01 6.462193727493286133e-01
1.679343690519942584e+03 8.905004882812500000e+01 6.455845236778259277e-01
1.679364524077107944e+03 8.831185913085937500e+01 6.440333127975463867e-01
1.679385357634157572e+03 8.833959960937500000e+01 6.431821584701538086e-01
1.679406191191032121e+03 8.834146118164062500e+01 6.423749923706054688e-01
1.679427024747674068e+03 8.962222290039062500e+01 6.426696181297302246e-01
1.679447858304200054e+03 8.961389160156250000e+01 6.416697502136230469e-01
1.679468691860492982e+03 8.886590576171875000e+01 6.410480141639709473e-01
1.679489525416669949e+03 8.995693969726562500e+01 6.414903402328491211e-01
1.679510358972612494e+03 8.945733642578125000e+01 6.405647397041320801e-01
1.679531192528381325e+03 8.804235839843750000e+01 6.401136517524719238e-01
1.679552026083975534e+03 8.893231201171875000e+01 6.398922801017761230e-01
1.679572859639395119e+03 8.940777587890625000e+01 6.400147080421447754e-01
1.679593693194640991e+03 8.797460937500000000e+01 6.403141617774963379e-01
1.679614526749653123e+03 8.783666992187500000e+01 6.384420990943908691e-01
1.679635360304489950e+03 8.847363281250000000e+01 6.380300521850585938e-01
1.679656193859152609e+03 8.758355712890625000e+01 6.392992734909057617e-01
1.679677027413582437e+03 8.722644042968750000e+01 6.373108625411987305e-01
1.679697860967897213e+03 8.764459228515625000e+01 6.363235116004943848e-01
1.679718694521920497e+03 8.706573486328125000e+01 6.358976960182189941e-01
1.679739528075826001e+03 8.710168457031250000e+01 6.351724863052368164e-01
1.679760361629500039e+03 8.675155639648437500e+01 6.345174908638000488e-01
1.679781195182939882e+03 8.851086425781250000e+01 6.352807879447937012e-01
1.679802028736205557e+03 8.812753295898437500e+01 6.349711418151855469e-01
1.679822862289297518e+03 8.865270996093750000e+01 6.348783969879150391e-01
1.679843695842155967e+03 8.750942993164062500e+01 6.345192790031433105e-01
1.679864529394782039e+03 8.691876220703125000e+01 6.341556906700134277e-01
1.679885362947232579e+03 8.849285888671875000e+01 6.345216035842895508e-01
1.679906196499450971e+03 8.718347167968750000e+01 6.346728801727294922e-01
1.679927030051435395e+03 8.737362670898437500e+01 6.342380046844482422e-01
1.679947863603246788e+03 8.750045776367187500e+01 6.350829005241394043e-01
1.679968697154826032e+03 8.791555786132812500e+01 6.351799368858337402e-01
1.679989530706170626e+03 8.732122802734375000e+01 6.329022049903869629e-01
1.680010364257340370e+03 8.722485351562500000e+01 6.341366767883300781e-01
1.680031197808278648e+03 8.719888305664062500e+01 6.341987848281860352e-01
1.680052031358982958e+03 8.756719970703125000e+01 6.332519650459289551e-01
1.680072864909455348e+03 8.785931396484375000e+01 6.333267688751220703e-01
1.680093698459694451e+03 8.663381958007812500e+01 6.332795619964599609e-01
1.680114532009700952e+03 8.771121215820312500e+01 6.334441900253295898e-01
1.680135365559474394e+03 8.641116333007812500e+01 6.323166489601135254e-01
1.680156199109014551e+03 8.640747070312500000e+01 6.328789591789245605e-01
1.680177032658322332e+03 8.621554565429687500e+01 6.323665380477905273e-01
1.680197866207397965e+03 8.681137084960937500e+01 6.330546736717224121e-01
1.680218699756240085e+03 8.628219604492187500e+01 6.325038671493530273e-01
1.680239533304850056e+03 8.540145874023437500e+01 6.321576833724975586e-01
1.680260366853167397e+03 8.615597534179687500e+01 6.328194737434387207e-01
1.680281200401311025e+03 8.557824707031250000e+01 6.322645545005798340e-01
1.680302033949164070e+03 8.599029541015625000e+01 6.322528719902038574e-01
1.680322867496726076e+03 8.639636230468750000e+01 6.323524117469787598e-01
1.680343701044055024e+03 8.579080200195312500e+01 6.326243281364440918e-01
1.680364534591150459e+03 8.684039306640625000e+01 6.328206658363342285e-01
1.680385368138013519e+03 8.631719970703125000e+01 6.333994269371032715e-01
1.680406201684585994e+03 8.588912963867187500e+01 6.317228674888610840e-01
1.680427035230866977e+03 8.572479248046875000e+01 6.316943168640136719e-01
1.680447868776915584e+03 8.627999877929687500e+01 6.348139643669128418e-01
1.680468702322730451e+03 8.634667968750000000e+01 6.318569779396057129e-01
1.680489535868196526e+03 8.599279785156250000e+01 6.317113041877746582e-01
1.680510369413487979e+03 8.667175292968750000e+01 6.319579482078552246e-01
1.680531202958430413e+03 8.636944580078125000e+01 6.317521929740905762e-01
1.680552036503082036e+03 8.619033813476562500e+01 6.315035820007324219e-01
1.680572870047501056e+03 8.625076293945312500e+01 6.317421793937683105e-01
1.680593703591628582e+03 8.601855468750000000e+01 6.313897371292114258e-01
1.680614537135463934e+03 8.610717773437500000e+01 6.317673325538635254e-01
1.680635370679008929e+03 8.545834350585937500e+01 6.309912204742431641e-01
1.680656204222263113e+03 8.529803466796875000e+01 6.329244971275329590e-01
1.680677037765226942e+03 8.563186645507812500e+01 6.313893198966979980e-01
1.680697871307899504e+03 8.503442382812500000e+01 6.308008432388305664e-01
1.680718704850280574e+03 8.593258666992187500e+01 6.319702863693237305e-01
1.680739538392369923e+03 8.528585815429687500e+01 6.322921514511108398e-01
1.680760371934139584e+03 8.550955200195312500e+01 6.325178742408752441e-01
1.680781205475590468e+03 8.484332275390625000e+01 6.303809285163879395e-01
1.680802039016749404e+03 8.536474609375000000e+01 6.308094263076782227e-01
1.680822872557587971e+03 8.598089599609375000e+01 6.308511495590209961e-01
1.680843706098135954e+03 8.672625732421875000e+01 6.319757103919982910e-01
1.680864539638333554e+03 8.483343505859375000e+01 6.309184432029724121e-01
1.680885373178240570e+03 8.500720214843750000e+01 6.309021711349487305e-01
1.680906206717799023e+03 8.473214721679687500e+01 6.302116513252258301e-01
1.680927040257065983e+03 8.576235961914062500e+01 6.308947205543518066e-01
1.680947873795984378e+03 8.477337646484375000e+01 6.298606395721435547e-01
1.680968707334552619e+03 8.485540771484375000e+01 6.304590702056884766e-01
1.680989540872829366e+03 8.459005737304687500e+01 6.305971145629882812e-01
1.681010374410758004e+03 8.573388671875000000e+01 6.303730607032775879e-01
1.681031207948337396e+03 8.414038085937500000e+01 6.297088861465454102e-01
1.681052041485567543e+03 8.524438476562500000e+01 6.301959156990051270e-01
1.681072875022476410e+03 8.534716796875000000e+01 6.301778554916381836e-01
1.681093708559036941e+03 8.474798583984375000e+01 6.298697590827941895e-01
1.681114542095247998e+03 8.572467041015625000e+01 6.306672692298889160e-01
1.681135375631110492e+03 8.505136108398437500e+01 6.299774050712585449e-01
1.681156209166623512e+03 8.549493408203125000e+01 6.302394866943359375e-01
1.681177042701786377e+03 8.591595458984375000e+01 6.304700374603271484e-01
1.681197876236571119e+03 8.415826416015625000e+01 6.294378638267517090e-01
1.681218709771007070e+03 8.461422729492187500e+01 6.295550465583801270e-01
1.681239543305094003e+03 8.600793457031250000e+01 6.307463645935058594e-01
1.681260376838831917e+03 8.498690795898437500e+01 6.298635005950927734e-01
1.681281210372190571e+03 8.534014892578125000e+01 6.302251815795898438e-01
1.681302043905199525e+03 8.491525268554687500e+01 6.296682357788085938e-01
1.681322877437831039e+03 8.539562988281250000e+01 6.293690204620361328e-01
1.681343710970113534e+03 8.607427978515625000e+01 6.295216083526611328e-01
1.681364544502017907e+03 8.509738159179687500e+01 6.264660358428955078e-01
1.681385378033572579e+03 8.552035522460937500e+01 6.259600520133972168e-01
1.681406211564748446e+03 8.481787109375000000e+01 6.265020966529846191e-01
1.681427045095575068e+03 8.580886840820312500e+01 6.271520256996154785e-01
1.681447878626052443e+03 8.560235595703125000e+01 6.269830465316772461e-01
1.681468712156151923e+03 8.636175537109375000e+01 6.291149258613586426e-01
1.681489545685903067e+03 8.637194824218750000e+01 6.302379965782165527e-01
1.681510379215274497e+03 8.610424804687500000e+01 6.304940581321716309e-01
1.681531212744325330e+03 8.673690795898437500e+01 6.307182312011718750e-01
1.681552046273027372e+03 8.640795898437500000e+01 6.307154297828674316e-01
1.681572879801381077e+03 8.672686767578125000e+01 6.312831044197082520e-01
1.681593713329414641e+03 8.617071533203125000e+01 6.303144693374633789e-01
1.681614546857098048e+03 8.725610351562500000e+01 6.311804652214050293e-01
1.681635380384489963e+03 8.636047363281250000e+01 6.303706765174865723e-01
1.681656213911563100e+03 8.667266845703125000e+01 6.309433579444885254e-01
1.681677047438316094e+03 8.612084960937500000e+01 6.306837797164916992e-01
1.681697880964806473e+03 8.593127441406250000e+01 6.301919817924499512e-01
1.681718714491005585e+03 8.713928222656250000e+01 6.312904357910156250e-01
1.681739548016972094e+03 8.702474975585937500e+01 6.317074894905090332e-01
1.681760381542676896e+03 8.678378295898437500e+01 6.309788227081298828e-01
1.681781215068148867e+03 8.757366943359375000e+01 6.315057277679443359e-01
1.681802048593445988e+03 8.811453247070312500e+01 6.329115033149719238e-01
1.681822882118568486e+03 8.791049194335937500e+01 6.321756839752197266e-01
1.681843715643545011e+03 8.685043334960937500e+01 6.327435970306396484e-01
1.681864549168376925e+03 8.863513183593750000e+01 6.325939297676086426e-01
1.681885382693150405e+03 8.739257812500000000e+01 6.319404244422912598e-01
1.681906216217866131e+03 8.888778686523437500e+01 6.331019997596740723e-01
1.681927049742552526e+03 8.756051635742187500e+01 6.339215040206909180e-01
1.681947883267325551e+03 8.649676513671875000e+01 6.313102245330810547e-01
1.681968716792156556e+03 8.705578613281250000e+01 6.315277814865112305e-01
1.681989550317133990e+03 8.729998779296875000e+01 6.324553489685058594e-01
1.682010383842314923e+03 8.762078857421875000e+01 6.335365772247314453e-01
1.682031217367758018e+03 8.838858032226562500e+01 6.329408884048461914e-01
1.682052050893549449e+03 8.807315063476562500e+01 6.332873702049255371e-01
1.682072884419748334e+03 8.803369140625000000e+01 6.345509290695190430e-01
1.682093717946471997e+03 8.829211425781250000e+01 6.333276033401489258e-01
1.682114551473777965e+03 8.806256103515625000e+01 6.333886384963989258e-01
1.682135385001811073e+03 8.735955810546875000e+01 6.341050267219543457e-01
1.682156218530629531e+03 8.602291870117187500e+01 6.324898600578308105e-01
1.682197885591177965e+03 8.722433471679687500e+01 6.332882642745971680e-01
1.682218719123140545e+03 8.660424804687500000e+01 6.334404349327087402e-01
1.682239552656469641e+03 8.662042236328125000e+01 6.340050101280212402e-01
1.682260386191254383e+03 8.724185180664062500e+01 6.342776417732238770e-01
1.682281219727640064e+03 8.777655029296875000e+01 6.347067356109619141e-01
1.682302053265860195e+03 8.663955688476562500e+01 6.349812150001525879e-01
1.682322886806000497e+03 8.639935302734375000e+01 6.344248056411743164e-01
1.682343720348264924e+03 8.685968017578125000e+01 6.351808309555053711e-01
