1.518615828030650391e+03 1.655236948191635520e+02 7.425671058411126291e-01
1.518636661227067179e+03 1.661451310730344630e+02 7.420379487998618462e-01
1.518657494423308890e+03 1.644898581319875177e+02 7.408914593727836673e-01
1.518678327619375523e+03 1.649881028544859021e+02 7.412586221949344356e-01
1.518699160815208415e+03 1.676789573387439418e+02 7.422261679765600473e-01
1.518719994010868049e+03 1.644428354887515979e+02 7.411897075763987930e-01
1.518740827206294853e+03 1.650978535583716393e+02 7.414098580757997325e-01
1.518761660401488371e+03 1.645618592928140345e+02 7.426428351784841730e-01
1.518782493596508175e+03 1.660380686609629208e+02 7.428097575854822887e-01
1.518803326791293330e+03 1.634884628264438788e+02 7.409659522364420159e-01
1.518824159985847018e+03 1.640895217446383754e+02 7.411871744199076684e-01
1.518844993180226538e+03 1.645085036336044197e+02 7.424953424583804473e-01
1.518865826374314565e+03 1.625153397128847246e+02 7.401424139467847052e-01
1.518886659568226605e+03 1.652755154354165938e+02 7.417442202649837668e-01
1.518907492761906497e+03 1.636523730238913004e+02 7.402507609061028671e-01
1.518928325955354467e+03 1.650919433540448438e+02 7.419058014180744953e-01
1.518949159148569379e+03 1.618031738601707445e+02 7.405461683852471166e-01
1.518969992341550551e+03 1.651464553509355255e+02 7.404509859033053809e-01
1.518990825534299347e+03 1.621848655720358181e+02 7.458167635464053591e-01
1.519011658726757560e+03 1.621634035703923473e+02 7.401643584058720249e-01
1.519032491919040467e+03 1.647201540972241958e+02 7.405240340160772483e-01
1.519053325111091908e+03 1.624628709820504184e+02 7.416840301224203458e-01
1.519074158302851629e+03 1.647810640472025057e+02 7.413906035465583910e-01
1.519094991494376927e+03 1.636112574067407195e+02 7.403121142468910287e-01
1.519115824685669395e+03 1.652233058508898580e+02 7.409342977067663316e-01
1.519136657876731533e+03 1.650404077320791885e+02 7.411144329468749570e-01
1.519157491067560386e+03 1.644011381908070177e+02 7.414767023826432935e-01
1.519178324258096382e+03 1.643565949748493153e+02 7.408468887868275843e-01
1.519199157448400911e+03 1.662612105888170220e+02 7.415640772542725356e-01
1.519219990638473064e+03 1.648903403780134909e+02 7.422453606789141123e-01
1.519240823828311477e+03 1.641547376919732528e+02 7.412767544400176156e-01
1.519261657017858852e+03 1.656529201508614904e+02 7.418628183214776017e-01
1.519282490207173396e+03 1.643104602734993875e+02 7.406293876936468346e-01
1.519303323396254655e+03 1.676460235147023354e+02 7.418005888465771802e-01
1.519324156585044875e+03 1.665360505195712904e+02 7.410114406855660141e-01
1.519344989773604084e+03 1.654664009631685815e+02 7.411834751917013575e-01
1.519365822961929553e+03 1.626760312561782484e+02 7.405550621908989495e-01
1.519386656149962619e+03 1.645670588950997910e+02 7.421840466870729403e-01
1.519407489337763536e+03 1.634555906406481824e+02 7.399504829284011542e-01
1.519428322525332987e+03 1.637718739197794946e+02 7.400147205254709037e-01
1.519449155712610491e+03 1.626352519305522719e+02 7.399649419083640378e-01
1.519469988899595592e+03 1.616158998275961665e+02 7.394073617258634101e-01
1.519490822086407661e+03 1.631693389817180275e+02 7.418954776679044238e-01
1.519511655272929147e+03 1.627558781956180951e+02 7.401070598534111866e-01
1.519532488459158685e+03 1.613049097472729443e+02 7.394633442071316676e-01
1.519553321645155393e+03 1.626466212516724852e+02 7.397739719891260890e-01
1.519574154830861517e+03 1.605218445995479897e+02 7.395687683892061548e-01
1.519594988016333446e+03 1.603388346611058068e+02 7.389854019953185915e-01
1.519615821201573453e+03 1.606544732718504633e+02 7.396037452639030452e-01
1.519636654386522878e+03 1.640265386139018631e+02 7.402767682580543296e-01
1.519657487571239471e+03 1.625029609896862439e+02 7.399309084830916206e-01
1.519678320755664117e+03 1.620185730948998639e+02 7.393898285437286999e-01
1.519699153939855478e+03 1.619120082051146312e+02 7.400549517667734944e-01
1.519719987123757619e+03 1.617914316169768938e+02 7.401993876620884816e-01
1.519740820307426475e+03 1.625570242395619118e+02 7.407384680894143481e-01
1.519761653490803383e+03 1.613171687105272838e+02 7.394363409476135685e-01
1.519782486673948370e+03 1.600772332879560622e+02 7.389476130349350580e-01
1.519803319856801409e+03 1.639478733834781963e+02 7.396850157850328733e-01
1.519824153039422526e+03 1.631280569267159990e+02 7.402332879614585970e-01
1.519844986221810359e+03 1.604974329658234069e+02 7.387731215445847432e-01
1.519865819403907608e+03 1.580261595373945340e+02 7.393931336811264687e-01
1.519886652585713364e+03 1.603117719036706319e+02 7.388576699555733374e-01
1.519907485767285834e+03 1.611774568163347965e+02 7.388654950349660133e-01
1.519928318948568631e+03 1.597700793344052386e+02 7.378500834889503146e-01
1.519949152129617460e+03 1.588927230444631391e+02 7.387061132830551324e-01
1.519969985310375478e+03 1.617812739785702547e+02 7.407145691482353023e-01
1.519990818490900438e+03 1.612811265792132929e+02 7.403109870660087299e-01
1.520011651671134587e+03 1.589655433942483853e+02 7.382022875989899813e-01
1.520032484851136815e+03 1.615785276937999413e+02 7.393501254336951600e-01
1.520053318030847095e+03 1.601223042512845893e+02 7.380582280849006249e-01
1.520074151210323635e+03 1.603300501585558777e+02 7.381512562784038334e-01
1.520094984389509591e+03 1.580827639904535715e+02 7.377457467903125732e-01
1.520115817568464081e+03 1.575873026425711032e+02 7.377216701025597345e-01
1.520136650747127533e+03 1.587109400505308656e+02 7.374329714299393546e-01
1.520157483925556335e+03 1.593819305018663783e+02 7.374751620231932980e-01
1.520178317103694553e+03 1.582506338726890078e+02 7.381607845459908779e-01
1.520199150281543098e+03 1.594032758891972037e+02 7.388501271459632092e-01
1.520219983459216564e+03 1.589484540407958661e+02 7.373179049286096021e-01
1.520240816636539876e+03 1.593030357679133431e+02 7.378018553506009436e-01
1.520261649813630356e+03 1.599765954729927842e+02 7.389376916001871853e-01
1.520282482990488461e+03 1.614670521703513373e+02 7.387742914120849491e-01
1.520303316167056437e+03 1.588545131560941286e+02 7.399836294193434805e-01
1.520324149343332465e+03 1.585117262728261380e+02 7.380336366420944261e-01
1.520344982519375662e+03 1.603883259516470048e+02 7.381850891461486652e-01
1.520365815695186029e+03 1.600318270454651497e+02 7.384181223751187240e-01
1.520386648870705358e+03 1.610437763770912909e+02 7.404143987680656958e-01
1.520407482045933648e+03 1.590114304498651450e+02 7.378971776070558652e-01
1.520428315220929107e+03 1.594111062598286424e+02 7.406265709453935253e-01
1.520449148395633529e+03 1.589961148879239943e+02 7.384292615639996837e-01
1.520469981570105574e+03 1.594874124414363337e+02 7.382143585742353409e-01
1.520490814744343425e+03 1.616551863907889697e+02 7.403214134236865140e-01
1.520532481091947830e+03 1.590448568809763117e+02 7.383349363799018850e-01
1.520553314265372137e+03 1.611191999089115825e+02 7.391677458911860565e-01
1.520574147438504497e+03 1.607307319510086643e+02 7.389376916001871853e-01
1.520594980611404935e+03 1.609728166888712337e+02 7.385249063789735002e-01
1.520615813784013881e+03 1.603746719525074127e+02 7.412380771417860226e-01
1.520636646956389995e+03 1.612212692118068844e+02 7.387539596580592338e-01
1.520657480128475527e+03 1.607094787536321121e+02 7.384464139719166820e-01
1.520678313300326863e+03 1.616117710742489351e+02 7.414718791827954458e-01
1.520699146471888071e+03 1.589906766674995708e+02 7.385008954486312893e-01
1.520719979643216448e+03 1.619744413975070643e+02 7.389774975273649682e-01
1.520740812814254014e+03 1.634796958769851756e+02 7.402196394528132162e-01
1.520761645985000541e+03 1.622210017623188492e+02 7.395391495808841809e-01
1.520782479155571309e+03 1.622124221380141478e+02 7.399084737597437789e-01
1.520803312325794195e+03 1.624089660406737607e+02 7.419217888877613909e-01
1.520824145495784478e+03 1.617945274859608276e+02 7.387743720925339375e-01
1.520844978665541475e+03 1.625130050889974598e+02 7.390102037311253591e-01
1.520865811835006525e+03 1.641683751859120832e+02 7.405464500911366210e-01
1.520886645004240108e+03 1.624427630278170795e+02 7.407463939989672452e-01
1.520907478173181516e+03 1.622511714836243186e+02 7.405654851122640547e-01
1.520928311341832796e+03 1.628697763536681578e+02 7.405328073542760681e-01
1.520949144510250335e+03 1.631345197591926990e+02 7.415178590785854729e-01
1.520969977678435498e+03 1.621512458147108475e+02 7.399079098620628958e-01
1.520990810846329623e+03 1.648115024048582313e+02 7.399154821664866155e-01
1.521011644013990463e+03 1.617896527370955653e+02 7.393096542826059769e-01
1.521032477181361173e+03 1.626911610589527015e+02 7.399138307662781466e-01
1.521053310348440391e+03 1.646131308087895491e+02 7.409308385529437269e-01
1.521074143515286323e+03 1.643778355379240850e+02 7.403888792778350325e-01
1.521094976681899880e+03 1.614667237668099062e+02 7.409920149255804223e-01
1.521115809848222398e+03 1.621205874940121134e+02 7.393920454058098279e-01
1.521136643014312085e+03 1.634069949644923838e+02 7.400312321103406088e-01
1.521157476180111644e+03 1.630247332607944486e+02 7.400385615250720805e-01
1.521178309345618345e+03 1.654731582719510925e+02 7.421491914198480311e-01
1.521199142510893125e+03 1.625817735880959276e+02 7.398097045541401906e-01
1.521219975675935530e+03 1.662985546543552573e+02 7.398641259228451172e-01
1.521240808840685986e+03 1.631637275148173103e+02 7.414271425091145673e-01
1.521261642005204521e+03 1.641249290629746724e+02 7.400095656137558597e-01
1.521282475169431109e+03 1.645032614194605856e+02 7.404161295533758791e-01
1.521303308333367568e+03 1.630551288190294770e+02 7.401537285106084552e-01
1.521324141497070514e+03 1.637417224916575549e+02 7.397208735129450208e-01
1.521344974660540629e+03 1.657089641794343038e+02 7.401363338072335374e-01
1.521365807823719933e+03 1.637632962332648958e+02 7.404622555037589926e-01
1.521386640986666407e+03 1.650301482794666583e+02 7.407768898549771386e-01
1.521407474149322525e+03 1.639856784812396313e+02 7.403651300661526768e-01
1.521428307311743993e+03 1.659600597087570009e+02 7.406490643933613116e-01
1.521449140473876014e+03 1.638308630092423925e+02 7.399715067558662041e-01
1.521469973635716542e+03 1.640249914340994621e+02 7.397950411173258578e-01
1.521490806797324012e+03 1.638980923901362132e+02 7.400934090169172253e-01
1.521511639958699561e+03 1.645582727294058714e+02 7.401497825257854490e-01
1.521532473119782480e+03 1.645858805263534919e+02 7.398789491104967864e-01
1.521553306280632569e+03 1.633973194689262129e+02 7.400956640397168274e-01
1.521574139441193438e+03 1.629980313099654268e+02 7.393282777368606062e-01
1.521594972601521476e+03 1.638684832469996877e+02 7.400166536081064228e-01
1.521615805761557112e+03 1.644572182817814792e+02 7.395269793321236351e-01
1.521636638921301483e+03 1.639816224080722975e+02 7.401772026589711340e-01
1.521657472080871685e+03 1.639482552932691988e+02 7.401941937736034038e-01
1.521678305240093096e+03 1.653717192063363655e+02 7.397446434082316502e-01
1.521699138399082585e+03 1.657049303921634191e+02 7.400635293161382799e-01
1.521719971557837653e+03 1.640989313448215228e+02 7.401322266648341364e-01
1.521740804716301682e+03 1.647173476903406311e+02 7.403346172489378985e-01
1.521761637874532425e+03 1.668561947106905166e+02 7.409228743932142480e-01
1.521782471032473040e+03 1.648689805939550581e+02 7.415469165809144281e-01
1.521803304190181507e+03 1.660571059317275058e+02 7.429783271950461954e-01
1.521824137347598480e+03 1.674510683862359883e+02 7.413139824488597096e-01
1.521844970504781486e+03 1.662016816242630739e+02 7.412158428125316112e-01
1.521865803661674818e+03 1.660970174744229553e+02 7.410111591564494393e-01
1.521886636818334409e+03 1.659311312290815295e+02 7.409519552287282540e-01
1.521907469974703417e+03 1.646020149905004359e+02 7.406533296212929329e-01
1.521928303130840050e+03 1.670221060303444460e+02 7.414083305948727665e-01
1.521949136286684507e+03 1.661033367195773280e+02 7.417082192714261613e-01
1.521969969442238835e+03 1.669601325104100908e+02 7.416009291615267562e-01
1.521990802597618313e+03 1.656258130690305279e+02 7.410695540491449851e-01
1.522011635752648544e+03 1.660267833374633994e+02 7.415119509823877575e-01
1.522032468907503471e+03 1.678005930712526776e+02 7.430574237843574625e-01
1.522053302062009607e+03 1.667387108392349830e+02 7.415173767867828669e-01
1.522074135216283594e+03 1.663235057878856935e+02 7.429437498746137569e-01
1.522094968370324523e+03 1.676672693905995004e+02 7.405109543051286991e-01
1.522115801524073504e+03 1.648281686130047206e+02 7.401776455602749882e-01
1.522136634677590337e+03 1.677605091746476091e+02 7.411494172993207119e-01
1.522157467830815676e+03 1.650463285834970861e+02 7.417705770273457233e-01
1.522178300983749978e+03 1.647763455167040831e+02 7.399972822809575135e-01
1.522199134136511020e+03 1.653733141103989510e+02 7.411134678378833440e-01
1.522219967288922362e+03 1.652125092846743826e+02 7.398938122803671025e-01
1.522240800441099509e+03 1.660323398720413763e+02 7.421400356173526447e-01
1.522261633593045190e+03 1.644888182763540954e+02 7.396709139551405077e-01
1.522282466744699377e+03 1.628983743530855293e+02 7.395832348317541438e-01
1.522303299896061617e+03 1.644269647259276894e+02 7.397452074303684233e-01
1.522324133047191481e+03 1.628307092727517329e+02 7.412533955230907745e-01
1.522344966198088969e+03 1.624888166613946225e+02 7.388652126881817273e-01
1.522365799348695873e+03 1.634842637131104368e+02 7.397418635785609764e-01
1.522386632499011512e+03 1.625592369222338505e+02 7.400108543450510945e-01
1.522407465649093410e+03 1.606180324818048462e+02 7.388596060654067932e-01
1.522428298798884498e+03 1.615147995666305007e+02 7.388439153625822042e-01
1.522449131948442528e+03 1.629178955154110326e+02 7.411953367820496297e-01
1.522469965097769091e+03 1.628287323286754429e+02 7.387977287120222059e-01
1.522490798246745499e+03 1.617300371544947666e+02 7.392643836269833235e-01
1.522511631395548193e+03 1.640342521174303840e+02 7.393862412437355314e-01
1.522532464544000504e+03 1.629030215905472971e+02 7.385563413581603953e-01
1.522553297692220895e+03 1.613587988629387269e+02 7.383665408968453914e-01
1.522574130840207545e+03 1.610959756207979297e+02 7.380247124511886136e-01
1.522594963987903611e+03 1.621666850939213873e+02 7.379848551320455918e-01
1.522615797135365938e+03 1.610475835031091378e+02 7.414944675648158512e-01
1.522636630282537681e+03 1.620530696924411984e+02 7.383812730637986377e-01
1.522657463429419522e+03 1.629780213320845235e+02 7.391679474849276454e-01
1.522678296576068533e+03 1.617045574221815514e+02 7.388178172344931349e-01
1.522699129722425369e+03 1.630441711986622124e+02 7.391613755006293252e-01
1.522719962868549374e+03 1.630120538752788377e+02 7.389888702555900135e-01
1.522740796014382340e+03 1.622536359798672834e+02 7.378474580851658304e-01
1.522761629159982931e+03 1.628644871069154476e+02 7.393412171334190486e-01
1.522782462305292484e+03 1.619273468309906150e+02 7.385527903620778822e-01
1.522803295450310543e+03 1.618850582835059697e+02 7.396332003119675536e-01
1.522824128595095317e+03 1.607427005359725740e+02 7.376773928000207592e-01
1.522844961739648625e+03 1.619689698491584977e+02 7.386432143874016587e-01
1.522865794883853141e+03 1.611721726891896083e+02 7.408346997932502287e-01
1.522886628027823463e+03 1.611470500089338600e+02 7.378002396129985652e-01
1.522907461171560954e+03 1.607775901391178763e+02 7.378937446039592896e-01
1.522928294315007406e+03 1.612012743705105606e+02 7.376009112356601838e-01
1.522949127458221483e+03 1.623163324269400221e+02 7.372487836448076148e-01
1.522969960601086314e+03 1.613443148151458217e+02 7.379594939340149429e-01
1.522990793743776521e+03 1.588937127484517760e+02 7.395266166395176866e-01
1.523011626886116574e+03 1.606348845866898216e+02 7.367929059244194834e-01
1.523032460028224477e+03 1.588379573124382205e+02 7.361488832423439543e-01
1.523053293170100915e+03 1.581866551392640190e+02 7.365121383832103907e-01
1.523074126311685632e+03 1.574448982909229073e+02 7.383607690362280485e-01
1.523094959452977491e+03 1.592501684289166803e+02 7.365167917433780298e-01
1.523115792594037430e+03 1.577641024479545422e+02 7.363959971749601818e-01
1.523136625734806330e+03 1.589142002347979030e+02 7.366250246527962231e-01
1.523157458875285101e+03 1.568259308254206701e+02 7.363735356987333169e-01
1.523178292015530587e+03 1.593987843620019191e+02 7.367774139057206018e-01
1.523199125155484580e+03 1.596449587101830900e+02 7.372625275741144790e-01
1.523219958295147080e+03 1.580934349863175044e+02 7.399985307601570916e-01
1.523240791434578568e+03 1.593634608161086135e+02 7.369710609520472300e-01
1.523261624573718564e+03 1.580873843888086299e+02 7.382702700489730541e-01
1.523282457712624364e+03 1.595893580538112531e+02 7.388672294485597591e-01
1.523303290851240035e+03 1.600460716564498398e+02 7.371030013754442667e-01
1.523324123989563986e+03 1.577191873010241068e+02 7.367117208912088433e-01
1.523344957127656016e+03 1.581894810678904548e+02 7.366196437286868237e-01
1.523365790265456326e+03 1.594322193178708460e+02 7.371014245377239815e-01
1.523386623402965597e+03 1.566737320568137477e+02 7.370658437128528861e-01
1.523407456540242492e+03 1.566628238179008576e+02 7.366306887409737048e-01
1.523428289677227440e+03 1.581049952688903204e+02 7.366187536472259545e-01
1.523449122813922486e+03 1.588256532115061077e+02 7.387443583574800909e-01
1.523469955950384474e+03 1.563893620218855176e+02 7.362770042583595131e-01
1.523490789086555651e+03 1.583994534861975865e+02 7.371964330968809875e-01
1.523511622222435562e+03 1.577682758208113398e+02 7.376861999934640757e-01
1.523532455385090543e+03 1.587413464998335257e+02 7.363014924674222694e-01
1.523553288520446586e+03 1.567545122942925673e+02 7.368625957554763017e-01
1.523574121655511590e+03 1.576961553106091571e+02 7.367319067450718295e-01
1.523594954790285556e+03 1.576093540572391873e+02 7.364883450908652485e-01
1.523615787924825327e+03 1.579461246486854975e+02 7.366512004672919334e-01
1.523657454193034482e+03 1.540937300524228988e+02 7.358677484781315226e-01
1.523678287326760483e+03 1.566006585410732725e+02 7.360527677227043375e-01
1.523699120460195445e+03 1.568843371938722271e+02 7.356329755585705454e-01
1.523719953593338687e+03 1.563788578927197648e+02 7.357163455354952530e-01
1.523740786726191800e+03 1.576007650682711017e+02 7.372881148541015062e-01
1.523761619858812992e+03 1.555727682788656523e+02 7.380371093750000000e-01
1.523782452991142691e+03 1.570746383021104293e+02 7.361025679790331733e-01
1.523803286123179532e+03 1.562685341839924718e+02 7.360807048667614705e-01
1.523824119254926472e+03 1.550474373688843741e+02 7.355983365654612527e-01
1.523844952386441037e+03 1.573274351960771469e+02 7.368172960926949733e-01
1.523865785517606582e+03 1.549800155686816936e+02 7.354709482737572523e-01
1.523886618648537478e+03 1.560940713204923611e+02 7.355694897498084028e-01
1.523907451779178473e+03 1.569653609345444920e+02 7.356162842239892807e-01
1.523928284909587092e+03 1.553131060335943801e+02 7.357996250595418841e-01
1.523949118039646692e+03 1.571616309441258466e+02 7.367022143355916874e-01
1.523969951169472097e+03 1.574525559554004985e+02 7.363703384238914351e-01
1.523990784299006464e+03 1.565788508714750265e+02 7.367277806235231763e-01
1.524011617428250474e+03 1.572698472089628581e+02 7.376215575951915460e-01
1.524032450557203447e+03 1.575797009952899828e+02 7.367137839998447735e-01
1.524053283685924498e+03 1.588815374703043517e+02 7.363044067124528969e-01
1.524074116814294484e+03 1.574101792472717420e+02 7.354945718784087205e-01
1.524094949942432322e+03 1.590703930583801480e+02 7.366503508804987943e-01
1.524115783070279122e+03 1.576590399566929364e+02 7.362768828271942789e-01
1.524136616197836020e+03 1.567910453300629854e+02 7.367798813247636858e-01
1.524157449325101879e+03 1.582028505623234480e+02 7.374966201058219539e-01
1.524178282452075564e+03 1.562177421452170165e+02 7.359092998568602662e-01
1.524199115578816418e+03 1.576508749023027462e+02 7.355865872967564112e-01
1.524219948705208481e+03 1.569425459802685623e+02 7.352299684703182958e-01
1.524240781831367485e+03 1.554935448390415615e+02 7.346723644363920558e-01
1.524261614957235452e+03 1.570853445163758124e+02 7.356922429416140607e-01
1.524282448082753490e+03 1.557515011317207154e+02 7.354001539572024848e-01
1.524303281208039607e+03 1.553375966190143629e+02 7.372919144692444693e-01
1.524324114333034458e+03 1.540550550050629681e+02 7.348731765841244323e-01
1.524344947457738499e+03 1.527217891481492131e+02 7.340409756976400413e-01
1.524365780582150364e+03 1.559674858538954823e+02 7.346175178872489386e-01
1.524386613706272328e+03 1.564931193441040023e+02 7.348082056032796405e-01
1.524407446830102344e+03 1.552227278511179804e+02 7.347358872004804420e-01
1.524428279953642459e+03 1.554994864530752068e+02 7.346308647987461748e-01
1.524449113076949516e+03 1.549620554699589547e+02 7.360818385255828433e-01
1.524469946199907554e+03 1.537794103906782084e+02 7.345226220632642411e-01
1.524490779322573417e+03 1.543048089526359092e+02 7.359799642116267027e-01
1.524511612444948696e+03 1.534445639729337358e+02 7.348449096410979431e-01
1.524532445567032937e+03 1.541707039587092538e+02 7.339983034867889611e-01
1.524553278688826595e+03 1.563116829918535586e+02 7.351385165111755660e-01
1.524574111810328304e+03 1.558076610323041109e+02 7.349750826627814426e-01
1.524594944931539885e+03 1.569649094499480384e+02 7.348570357656114549e-01
1.524615778052519090e+03 1.564822759323220396e+02 7.346410066666217986e-01
1.524636611173090387e+03 1.546585166467202725e+02 7.355658433021231568e-01
1.524657444293427943e+03 1.557266237717735180e+02 7.356790368158291349e-01
1.524678277413474461e+03 1.538363835942336380e+02 7.337559058684434143e-01
1.524699110533230396e+03 1.525078407876192443e+02 7.345144261241219885e-01
1.524719943652637994e+03 1.538344484089384423e+02 7.344495045629805263e-01
1.524740776771812307e+03 1.530458769971689605e+02 7.338505353402331455e-01
1.524761609890636464e+03 1.532200892706080708e+02 7.348269025853320091e-01
1.524782443009228473e+03 1.534685803483176016e+02 7.358175678083515026e-01
1.524803276127470326e+03 1.525718596378771110e+02 7.340778804903769217e-01
1.524824109245423188e+03 1.528439299662791484e+02 7.334087589517964689e-01
1.524844942363025439e+03 1.532767302974809525e+02 7.334053455743646532e-01
1.524865775480394859e+03 1.541963941194410381e+02 7.357246091001975463e-01
1.524886608597473696e+03 1.526050561289412713e+02 7.365673698487652521e-01
1.524907441714202832e+03 1.533862595621886555e+02 7.335949671271061456e-01
1.524928274830641385e+03 1.541654566711692098e+02 7.346796256178428353e-01
1.524949107946788445e+03 1.530255175608313323e+02 7.330347777361153616e-01
1.524969941062586486e+03 1.522943740039907823e+02 7.375373927836400556e-01
1.524990774178151014e+03 1.529876677174822817e+02 7.344607039418552530e-01
1.525011607293367433e+03 1.524873844538890353e+02 7.342486577214930588e-01
1.525032440408292587e+03 1.539873812506853312e+02 7.343646921286637319e-01
1.525053273522867585e+03 1.519488048648119332e+02 7.332501826684401092e-01
1.525074106637210662e+03 1.551124768716062476e+02 7.336968070249944018e-01
1.525094939751203583e+03 1.546681062912160769e+02 7.336375815527645949e-01
1.525115772864848623e+03 1.516820728042920337e+02 7.334496369757492751e-01
1.525136605978260377e+03 1.543207750230254476e+02 7.353313387537950829e-01
1.525157439091322431e+03 1.533997936716223194e+02 7.336276289294313413e-01
1.525178272204034329e+03 1.524915762556546497e+02 7.335486531234148844e-01
1.525199105316514306e+03 1.542716313869747182e+02 7.333565813049766069e-01
1.525219938428645946e+03 1.526638114584122548e+02 7.329949336924206360e-01
1.525240771540427886e+03 1.516290136741447725e+02 7.336442436415162582e-01
1.525261604651976540e+03 1.510681407653121937e+02 7.333980717766024338e-01
1.525282437763117514e+03 1.535177560985896150e+02 7.336219416554761175e-01
1.525303270874026566e+03 1.551957942920608673e+02 7.334382596233450791e-01
1.525324103984586600e+03 1.516934982975916739e+02 7.387719113348764077e-01
1.525344937094795569e+03 1.512494875931997456e+02 7.333866529876695850e-01
1.525365770204714408e+03 1.511997075895315277e+02 7.329724899713767616e-01
1.525386603314284002e+03 1.522562403614767845e+02 7.330710420646662229e-01
1.525407436423563013e+03 1.522740721303856049e+02 7.330778719168229429e-01
1.525428269532551440e+03 1.517513535366356052e+02 7.324697249994510662e-01
1.525449102641189484e+03 1.502535461006853836e+02 7.327655443711706962e-01
1.525469935749478509e+03 1.512852618281415573e+02 7.329084890652881601e-01
1.525490768857476496e+03 1.514087625707175562e+02 7.321284812751992499e-01
1.525511601965125465e+03 1.518422257311518422e+02 7.330415672704471142e-01
1.525532435072483622e+03 1.517733831564603690e+02 7.332958652576927472e-01
1.525553268179492079e+03 1.516183035699435493e+02 7.322344323948991596e-01
1.525574101286209498e+03 1.509297421907446903e+02 7.322663816063310627e-01
1.525594934392578125e+03 1.515996809614078416e+02 7.321988999785449259e-01
1.525615767498597506e+03 1.515824131529929275e+02 7.326971731962057532e-01
1.525636600604266960e+03 1.499080448891803883e+02 7.335972827505375937e-01
1.525657433709645375e+03 1.518820330173114428e+02 7.326917227506468677e-01
1.525678266814674316e+03 1.510744006739168697e+02 7.332236822108975094e-01
1.525699099919414039e+03 1.508949355985825491e+02 7.320048047543828984e-01
1.525719933023745398e+03 1.511542056509674694e+02 7.326205785149626504e-01
1.525740766127784809e+03 1.521288117251368419e+02 7.329420353451583381e-01
1.525761599231475429e+03 1.517490590860080317e+02 7.343826699363640298e-01
1.525782432334874557e+03 1.515455143061060710e+02 7.323934320649098106e-01
1.525803265437867594e+03 1.512496673542911765e+02 7.330330701786621495e-01
1.525824098540569594e+03 1.505085942845680336e+02 7.328283377361380913e-01
1.525844931642920074e+03 1.515737457387594134e+02 7.325180600905104589e-01
1.525865764744921989e+03 1.516895650003426113e+02 7.329416287327767954e-01
1.525886597846575569e+03 1.495839885897959789e+02 7.354474049557080395e-01
1.525907430947880130e+03 1.505070444356192922e+02 7.322932015878174106e-01
1.525928264048835445e+03 1.519459912135822321e+02 7.325030065741694463e-01
1.525949097149440604e+03 1.507447233062119381e+02 7.333652371994870967e-01
1.525969930249755635e+03 1.491277934142845822e+02 7.337364098689173053e-01
1.525990763349662984e+03 1.513081824908153408e+02 7.325674904076530103e-01
1.526011596449221543e+03 1.525099677502906275e+02 7.319621359850368991e-01
1.526032429548487926e+03 1.496545701765705019e+02 7.322951143562548282e-01
1.526053262647347310e+03 1.517658443147223863e+02 7.322962945725853823e-01
1.526074095745857448e+03 1.487664518534402021e+02 7.316187002437722908e-01
1.526094928844018796e+03 1.501217994687464738e+02 7.331399881273116259e-01
1.526115761941830897e+03 1.485895710772046812e+02 7.321565274547376934e-01
1.526136595039293525e+03 1.516315021784871817e+02 7.335800982130254999e-01
1.526157428136406452e+03 1.512316934366147620e+02 7.320132730692904266e-01
1.526178261233111698e+03 1.502152179784015686e+02 7.319022407967562538e-01
1.526199094329526815e+03 1.498892902108476619e+02 7.318847314202282517e-01
1.526219927425534024e+03 1.523663222280221703e+02 7.321773680418598440e-01
1.526240760521133325e+03 1.509314336356956971e+02 7.315542549929923144e-01
1.526261593616441587e+03 1.507665218582791908e+02 7.327348777800996027e-01
1.526282426711342850e+03 1.490199409488297420e+02 7.314946115990198505e-01
1.526303259805895323e+03 1.509607258767732958e+02 7.313675679957316600e-01
1.526324092900098549e+03 1.497531509944492711e+02 7.315889632544361199e-01
1.526344925993893412e+03 1.489367583232195500e+02 7.315857858060175190e-01
1.526365759087281504e+03 1.523076892571595806e+02 7.311375865769202953e-01
1.526386592180379012e+03 1.496607085227834091e+02 7.318884776476392018e-01
1.526407425273068384e+03 1.496423532115530861e+02 7.329566325802486793e-01
1.526428258365350302e+03 1.515479047700849549e+02 7.341837126592863916e-01
1.526449091457283430e+03 1.491628669880680320e+02 7.306807511255926091e-01
1.526469924548808649e+03 1.504717050751837633e+02 7.316897382407894224e-01
1.526490757639984622e+03 1.515339381490604183e+02 7.323105384127761575e-01
1.526511590730752687e+03 1.503865545011689449e+02 7.312854953856350315e-01
1.526532423821113525e+03 1.515471005464179939e+02 7.321439495477268800e-01
1.526553256911125573e+03 1.522690615155489127e+02 7.320748689698073353e-01
1.526574090000729484e+03 1.493983900284867161e+02 7.321184674297699368e-01
1.526594923089985059e+03 1.504834205574761370e+02 7.315544586847761988e-01
1.526615756178774973e+03 1.515582723175167246e+02 7.317771820842787767e-01
1.526636589267215641e+03 1.501152854375676498e+02 7.310763193568960983e-01
1.526657422355247490e+03 1.512677581783470089e+02 7.323481001255740530e-01
1.526678255442931913e+03 1.499994142477859782e+02 7.316266434815765773e-01
1.526699088530150675e+03 1.509731190387007302e+02 7.322444446544438268e-01
1.526719921616959482e+03 1.490673082275256149e+02 7.311723146173357835e-01
1.526740754703420407e+03 1.496002298709909155e+02 7.316223256296733313e-01
1.526782420875062144e+03 1.516353781338429769e+02 7.322612942455937191e-01
1.526803253960243637e+03 1.487686764929028982e+02 7.317044011887546828e-01
1.526824087045074521e+03 1.500532457046636239e+02 7.325325030383702529e-01
1.526844920129440652e+03 1.516096000020296515e+02 7.344099401724840659e-01
1.526865753213398420e+03 1.507914110410271462e+02 7.323712140682280269e-01
1.526886586296949645e+03 1.529306519544835794e+02 7.322285714965187653e-01
1.526907419380093415e+03 1.527544582518418395e+02 7.320467789508164902e-01
1.526928252462769933e+03 1.504796264445170095e+02 7.322197393596516779e-01
1.526949085545039452e+03 1.523841337999371888e+02 7.325263597347871913e-01
1.526969918626903109e+03 1.506748397499495979e+02 7.313978844457400541e-01
1.526990751708300650e+03 1.527255626208636272e+02 7.323485477616722417e-01
1.527011584789290509e+03 1.518671182518245075e+02 7.332227067156558142e-01
1.527032417869872006e+03 1.505969384352018494e+02 7.324768452678945829e-01
1.527053250949988524e+03 1.534285982597852183e+02 7.325270920518263118e-01
1.527074084029639835e+03 1.513980789891323866e+02 7.324319660763175532e-01
1.527094917108883692e+03 1.515300534826860144e+02 7.323027653800427972e-01
1.527115750187660979e+03 1.531657253425921681e+02 7.325018673765576471e-01
1.527136583266030357e+03 1.537816490813466430e+02 7.340933482840609203e-01
1.527157416343934528e+03 1.528845275487952051e+02 7.329015763077275647e-01
1.527178249421373948e+03 1.531736822030487133e+02 7.327660730942449074e-01
1.527199082498348616e+03 1.519128368176479000e+02 7.329124333742107478e-01
1.527219915574855349e+03 1.521243062199331462e+02 7.326534871419243533e-01
1.527240748650955538e+03 1.530069227533450658e+02 7.334005912007532935e-01
1.527261581726532540e+03 1.520457937053432431e+02 7.337053370489237114e-01
1.527282414801700952e+03 1.534220555065121516e+02 7.331922218353459364e-01
1.527303247876345495e+03 1.546352760912799909e+02 7.327553765455319112e-01
1.527324080950582356e+03 1.533446748791264724e+02 7.335784325508734049e-01
1.527344914024296486e+03 1.540768279216352994e+02 7.324132486471167658e-01
1.527365747097544954e+03 1.509128891125045300e+02 7.329043820818929023e-01
1.527386580170269553e+03 1.522511057749742633e+02 7.330125385216434974e-01
1.527407413242586472e+03 1.520942844829939418e+02 7.319746763012832114e-01
1.527428246314378612e+03 1.544084028761842831e+02 7.335872077040792583e-01
1.527449079385647110e+03 1.539959363393783462e+02 7.342246287180150821e-01
1.527469912456449947e+03 1.512431413635988804e+02 7.324921027529225359e-01
1.527490745526788487e+03 1.533080613677648216e+02 7.332171382388019687e-01
1.527511578596602021e+03 1.522256150586516696e+02 7.329014949807799439e-01
1.527532411665891686e+03 1.538031980182398399e+02 7.327433376575530621e-01
1.527553244734715463e+03 1.536203124530645709e+02 7.325194026864013663e-01
1.527574077802958527e+03 1.547049137716069538e+02 7.328672555341528838e-01
1.527594910870735021e+03 1.541937814983848227e+02 7.328203261878661889e-01
1.527615743937986508e+03 1.543672192455302081e+02 7.344207343612119132e-01
1.527636577004715491e+03 1.539568324330437861e+02 7.332881839537344071e-01
1.527657410070920832e+03 1.545103266890348834e+02 7.333966901532321669e-01
1.527678243136602305e+03 1.546233583828972940e+02 7.334419979157456027e-01
1.527699076201759453e+03 1.552252756907189166e+02 7.336814933522526339e-01
1.527719909266392506e+03 1.557521325573647744e+02 7.345346723621637430e-01
1.527740742330443027e+03 1.544900929907686020e+02 7.356093563986610961e-01
1.527761575393912153e+03 1.540224737368305057e+02 7.336821432758929840e-01
1.527782408456915618e+03 1.536822989923770137e+02 7.343295874656667888e-01
1.527803241519337462e+03 1.547664138169500916e+02 7.341749040428018347e-01
1.527824074581176319e+03 1.544230969346224640e+02 7.332515645678658878e-01
1.527844907642433554e+03 1.536508982649077097e+02 7.337216656752575394e-01
1.527865740703166466e+03 1.544303390704857861e+02 7.340648889157660451e-01
1.527886573763317529e+03 1.520295809835652960e+02 7.320964446293204420e-01
1.527907406822886969e+03 1.544630892089771805e+02 7.329762712986036544e-01
1.527928239881874106e+03 1.551377257655838946e+02 7.340536022986798859e-01
1.527949072940279621e+03 1.521579318023422900e+02 7.324388425768987299e-01
1.527969905998103513e+03 1.529401852096216885e+02 7.324337564140459556e-01
1.527990739055284848e+03 1.517040497062917837e+02 7.335228135137303873e-01
1.528011572111942996e+03 1.543526828637027108e+02 7.347631443271812612e-01
1.528032405167903562e+03 1.554911913896104352e+02 7.327988938489835569e-01
1.528053238223340031e+03 1.552741673459135825e+02 7.329969259460438202e-01
1.528074071278078463e+03 1.518023800353995796e+02 7.335139969606460086e-01
1.528094904332234364e+03 1.532638396994623236e+02 7.340883547799925690e-01
1.528115737385807506e+03 1.550891207762096542e+02 7.394129641952632559e-01
1.528136570438681929e+03 1.555612056363271165e+02 7.351655560187223548e-01
1.528157403490917659e+03 1.540202989730364038e+02 7.340513287145259413e-01
1.528178236542571540e+03 1.553375956829749498e+02 7.340592862282562248e-01
1.528199069593525564e+03 1.561612231087382838e+02 7.361289243122266512e-01
1.528219902643839305e+03 1.542233545062812539e+02 7.343989429223175547e-01
1.528240735693454553e+03 1.562722247221218481e+02 7.339585523544563950e-01
1.528261568742429517e+03 1.584486649329271302e+02 7.357786845488346605e-01
1.528282401790765562e+03 1.562454800407963660e+02 7.356390929188834082e-01
1.528303234838401522e+03 1.553524124498879928e+02 7.357301180917686922e-01
1.528324067885339900e+03 1.560502962665929374e+02 7.342788146316645559e-01
1.528344900931579559e+03 1.557217614413865761e+02 7.339964357596191480e-01
1.528365733977120499e+03 1.573056279755793696e+02 7.362146264793069106e-01
1.528386567021962946e+03 1.562008988039968926e+02 7.344713756548594263e-01
1.528407400066107584e+03 1.550016045097081019e+02 7.332655053487660002e-01
1.528428233109494613e+03 1.580336718417462407e+02 7.371999501999845217e-01
1.528449066152183605e+03 1.560063441183670818e+02 7.336851897852826321e-01
1.528469899194173649e+03 1.581954518345262102e+02 7.346189783513862315e-01
1.528490732235349014e+03 1.573303196134399400e+02 7.341740921834287725e-01
1.528511565275826342e+03 1.564730002086296849e+02 7.352461416356638191e-01
1.528532398315546516e+03 1.573825320025105441e+02 7.341073948694399887e-01
1.528553231354509535e+03 1.567938882061304469e+02 7.343372578763512903e-01
1.528574064392716537e+03 1.570419658228007904e+02 7.346722021745342168e-01
1.528594897430108631e+03 1.570991820819935185e+02 7.358057410343599170e-01
1.536886471142896426e+03 1.628638248390175818e+02 7.352692455404704619e-01
1.536907304223187566e+03 1.625395621326601372e+02 7.351353949447708702e-01
1.536928137303186531e+03 1.626940536822021954e+02 7.370429578655485203e-01
1.536948970382952439e+03 1.624321465388331660e+02 7.354968004811893723e-01
1.536969803462427080e+03 1.613931995627194169e+02 7.355654786563604608e-01
1.536990636541611821e+03 1.624719538816339650e+02 7.365050975910610864e-01
1.537011469620564412e+03 1.631300790264088789e+02 7.353182477357582680e-01
1.537032302699281900e+03 1.612298969722846493e+02 7.361169405972276536e-01
1.537053135777709485e+03 1.598850318651501254e+02 7.353021572178407572e-01
1.537073968855846488e+03 1.605432488351481197e+02 7.352459389666200495e-01
1.537094801933751114e+03 1.583624293625404675e+02 7.342851867946894595e-01
1.537115635011362883e+03 1.591247654920107379e+02 7.350639601534753043e-01
1.537136468088684069e+03 1.587116293582465119e+02 7.347515033863596390e-01
1.537157301165773333e+03 1.582979647962489196e+02 7.344078300117879987e-01
1.537178134242571559e+03 1.594240803419832559e+02 7.351165841860924921e-01
1.537198967319136955e+03 1.598390970530977881e+02 7.368448806832323950e-01
1.537219800395409948e+03 1.594997515936086074e+02 7.402094129716805249e-01
1.537240633471392812e+03 1.592661062063179429e+02 7.360401349268146376e-01
1.537261466547143073e+03 1.597120266026752518e+02 7.348103957298981470e-01
1.537282299622602523e+03 1.598489689578409241e+02 7.371580672846714810e-01
1.537303132697770025e+03 1.598388221554264987e+02 7.351358003437541422e-01
1.537323965772705378e+03 1.586318734297762205e+02 7.346849396213585015e-01
1.537344798847349466e+03 1.586338832915377566e+02 7.350874346673563764e-01
1.537365631921760041e+03 1.609857314684666676e+02 7.365097914599726403e-01
1.537386464995822507e+03 1.616049697885127046e+02 7.369138780841854031e-01
1.537407298069652370e+03 1.587726636910533955e+02 7.362626347647753811e-01
1.537428131143190512e+03 1.579276521884580973e+02 7.346224672261835176e-01
1.537448964216494915e+03 1.575737510492475053e+02 7.364689618916970826e-01
1.537469797289509643e+03 1.592172121582120212e+02 7.352780815788089175e-01
1.537490630362233333e+03 1.597496486621303404e+02 7.354068811286101903e-01
1.537511463434665984e+03 1.603562170408731333e+02 7.357286193260876850e-01
1.537532296506864441e+03 1.587891901342339054e+02 7.355870734771146058e-01
1.537553129578772541e+03 1.606131144943101106e+02 7.358846771008286103e-01
1.537573962650390513e+03 1.585171734912104284e+02 7.346581258219653243e-01
1.537594795721717446e+03 1.595962390831629989e+02 7.360593674625381944e-01
1.537615628792751977e+03 1.597504088821949608e+02 7.357278496884703811e-01
1.537636461863553905e+03 1.596329225446339422e+02 7.364837724823417586e-01
1.537657294934064566e+03 1.583215679702579450e+02 7.353262725979886616e-01
1.537678128004286009e+03 1.590575463022151439e+02 7.359010383660835597e-01
1.537698961074215958e+03 1.579495954560732116e+02 7.378731866394538930e-01
1.537719794143911486e+03 1.561615135116585407e+02 7.347098459652839919e-01
1.537740627213257994e+03 1.567685306646152981e+02 7.365178033395241020e-01
1.537761460282372809e+03 1.578480015401001992e+02 7.361859657406981672e-01
1.537782293351197495e+03 1.583096714283898052e+02 7.353460912006990480e-01
1.537803126419728869e+03 1.578989910881376488e+02 7.359056955904262898e-01
1.537823959487969432e+03 1.566752974410913168e+02 7.352495870008608492e-01
1.537844792555919412e+03 1.582443024716374680e+02 7.352706236451820310e-01
1.537865625623579035e+03 1.574544631978500604e+02 7.356959697808478360e-01
1.537886458690948075e+03 1.562801987915409825e+02 7.358184588589654629e-01
1.537907291758082465e+03 1.569000360214413377e+02 7.367440422627534735e-01
1.537928124824868064e+03 1.563665291770841179e+02 7.374190286055427590e-01
1.537948957891362397e+03 1.577605716936774627e+02 7.361150782456250541e-01
1.537969790957625492e+03 1.602811915726845484e+02 7.356183504048771082e-01
1.537990624023539567e+03 1.563615724600697092e+02 7.350460395536589919e-01
1.538011457089218993e+03 1.556178940066413077e+02 7.353616539008139830e-01
1.538032290154548946e+03 1.555559930402176292e+02 7.346465643508324206e-01
1.538053123219647659e+03 1.560105464998132732e+02 7.356195252894603964e-01
1.538073956284396445e+03 1.545282934180179382e+02 7.345146695691767702e-01
1.538094789348912855e+03 1.571801743632312878e+02 7.366621640946658944e-01
1.538115622413079109e+03 1.547118820787594871e+02 7.348496141144984506e-01
1.538136455476953870e+03 1.535330891622544982e+02 7.342547054380282878e-01
1.538157288540538502e+03 1.548729850581839287e+02 7.344889450955196519e-01
1.538178121603833006e+03 1.558391026430215049e+02 7.393038897850215951e-01
1.538198954666836016e+03 1.564038378779309824e+02 7.351393273054758204e-01
1.538219787729546397e+03 1.563871985462048997e+02 7.345527271538212499e-01
1.538240620791966421e+03 1.542868527798126763e+02 7.346713097336758924e-01
1.538261453854037427e+03 1.560546489586467942e+02 7.349481172480045732e-01
1.538282286915876512e+03 1.529290587339484091e+02 7.378188203818025759e-01
1.538303119977365441e+03 1.558628915651443947e+02 7.342249128493397725e-01
1.538323953038564014e+03 1.569134072062854273e+02 7.343717128598930000e-01
1.538344786099470412e+03 1.554020099264452597e+02 7.357223811874801234e-01
1.538365619160028473e+03 1.538999238604078812e+02 7.350521617986579548e-01
1.538386452220353476e+03 1.559369112806559485e+02 7.345007524973401480e-01
1.538407285280328551e+03 1.546382992536336758e+02 7.351371786986251600e-01
1.538428118340013498e+03 1.534507101888892180e+02 7.345045665315960148e-01
1.538448951399349426e+03 1.558559662131195580e+02 7.346375990146341017e-01
1.538469784458452068e+03 1.555941274354210577e+02 7.353242461258929774e-01
1.538490617517205010e+03 1.548212550475280693e+02 7.346279439148294399e-01
1.538511450575608478e+03 1.549336045202745424e+02 7.346920789854207712e-01
1.538532283633720908e+03 1.545625144538273616e+02 7.349660807847000488e-01
1.538553116691543892e+03 1.537781865347043038e+02 7.352537619511704259e-01
1.538573949749075382e+03 1.545458943253819086e+02 7.345851840902704044e-01
1.538594782806256944e+03 1.565690062048531672e+02 7.362170148238270651e-01
1.538615615863147013e+03 1.542628995621421382e+02 7.352124978092844376e-01
1.538636448919688064e+03 1.557671647833394104e+02 7.357780364771002724e-01
1.538657281975938531e+03 1.528457169861696343e+02 7.345126814322016084e-01
1.538678115031840662e+03 1.553265506323634781e+02 7.347515033863596390e-01
1.538698948087450390e+03 1.535231218230885872e+02 7.354492689980355324e-01
1.538719781142710872e+03 1.530481099496925594e+02 7.347607512568458121e-01
1.538740614197680998e+03 1.534885939487630253e+02 7.344891885490200112e-01
1.538761447252360085e+03 1.524473403517474992e+02 7.340346420153195384e-01
1.538782280306631037e+03 1.525507243929224046e+02 7.341165696616002156e-01
1.538803113360668476e+03 1.517252072472119551e+02 7.339539639850647390e-01
1.538823946414299826e+03 1.509851272690561643e+02 7.349721225979212180e-01
1.538844779467640365e+03 1.530173205991823409e+02 7.351621913365790073e-01
1.538865612520631430e+03 1.518786980929460810e+02 7.348895603689924449e-01
1.538886445573331002e+03 1.523149476375467088e+02 7.341842809534949721e-01
1.538907278625681101e+03 1.526780907726689236e+02 7.363456906113107214e-01
1.538928111677681500e+03 1.540238462941881039e+02 7.353755952066557411e-01
1.538948944729391314e+03 1.533060922829070591e+02 7.338978455005233936e-01
1.538969777780753475e+03 1.523650411047253215e+02 7.357332776418505915e-01
1.538990610831765480e+03 1.539422065272761415e+02 7.340228677170579363e-01
1.539011443882427557e+03 1.543728519307437637e+02 7.372721885946011966e-01
1.539032276932798595e+03 1.521812180628108706e+02 7.336283195239811095e-01
1.539053109982820388e+03 1.513530140053810555e+02 7.339198548532246402e-01
1.539073943032435409e+03 1.526394512991876411e+02 7.341471785370258241e-01
1.539094776081758482e+03 1.533780214858643660e+02 7.357899042002522538e-01
1.539115609130732992e+03 1.519440323766647225e+02 7.340181985464830916e-01
1.539136442179416917e+03 1.524070717334624874e+02 7.363451239852283337e-01
1.539157275227694072e+03 1.538034547687583995e+02 7.348900875639248209e-01
1.539178108275619934e+03 1.536673372706967484e+02 7.360482328978438238e-01
1.539198941323197005e+03 1.531481842039456183e+02 7.349159602043486839e-01
1.539219774370483037e+03 1.538403031849218223e+02 7.351818522131220446e-01
1.539240607417361389e+03 1.535991407881661246e+02 7.345656695291439275e-01
1.539261440463891404e+03 1.523476099283157907e+02 7.355892612847497736e-01
1.539282273510071946e+03 1.546353745568231091e+02 7.343350663386170041e-01
1.539303106555902559e+03 1.503572819228378989e+02 7.379714073441844269e-01
1.539323939601384609e+03 1.546207738614376410e+02 7.356613337538538966e-01
1.539344772646459660e+03 1.527860848963651961e+02 7.337888041930649141e-01
1.539365605691243445e+03 1.546105535837782554e+02 7.347503271137870717e-01
1.539386438735618867e+03 1.521910712581633618e+02 7.340931452967529580e-01
1.539407271779645498e+03 1.548019298593183066e+02 7.344028386460089708e-01
1.539428104823322883e+03 1.514310946985375210e+02 7.340777992937496110e-01
1.539448937866593042e+03 1.528701785312713355e+02 7.344204097262708730e-01
1.539469770909513500e+03 1.523204829137945922e+02 7.344477597168380667e-01
1.539490603952084484e+03 1.527412066990193580e+02 7.341313871147712167e-01
1.539511436994248015e+03 1.542396193440258685e+02 7.350327407265835333e-01
1.539532270036063892e+03 1.529693103671658605e+02 7.352300090050120085e-01
1.539553103077471860e+03 1.522382688723668878e+02 7.343232156879330175e-01
1.539573936118530128e+03 1.517049316356281849e+02 7.340957435300556888e-01
1.539594769159238467e+03 1.531512442812984318e+02 7.344285255567479798e-01
1.539615602199481145e+03 1.531099157406913491e+02 7.372382329840618809e-01
1.539636435239433467e+03 1.526131013894625141e+02 7.348669311838343932e-01
1.539657268278920128e+03 1.528311784407427467e+02 7.346625475294921159e-01
1.539698934356786594e+03 1.529530927256883786e+02 7.342657048484696469e-01
1.539719767395166400e+03 1.518790492979439648e+02 7.332605062070871593e-01
1.539740600433139662e+03 1.538600511374663142e+02 7.338317728698182663e-01
1.539761433470705470e+03 1.516764327654503575e+02 7.344321776512031663e-01
1.539782266507864506e+03 1.532373302166791689e+02 7.348022030005658678e-01
1.539803099544614952e+03 1.518241131985934373e+02 7.338246657481777291e-01
1.539823932581016379e+03 1.526178465706166492e+02 7.342579525136024854e-01
1.539844765616953055e+03 1.557795737839814478e+02 7.354543343065848005e-01
1.539865598652539120e+03 1.543226605423162709e+02 7.350836236573536908e-01
1.539886431687659524e+03 1.537790166091349136e+02 7.351368138402343266e-01
1.539907264722431137e+03 1.535252890170838498e+02 7.353126545981695239e-01
1.539928097756737316e+03 1.535123554278366385e+02 7.355830219643112455e-01
1.539948930790636041e+03 1.559012453111650700e+02 7.355860606010058422e-01
1.539969763824126403e+03 1.541160796073671122e+02 7.353837004955292578e-01
1.539990596857209994e+03 1.527078860848819488e+02 7.354704620166349072e-01
1.540011429889885449e+03 1.533006099115357301e+02 7.373274035459663756e-01
1.540032262922096379e+03 1.552616105648182838e+02 7.351205166474213959e-01
1.540053095953899401e+03 1.549543453435551328e+02 7.364330267616149284e-01
1.540073928985294970e+03 1.569451869636531001e+02 7.356028741638306334e-01
1.540094762016225559e+03 1.539348066685031711e+02 7.350937592786513930e-01
1.540115595046748695e+03 1.569133000963284132e+02 7.353754736266425729e-01
1.540136428076805487e+03 1.541376302650267860e+02 7.357146847098190445e-01
1.540157261106396618e+03 1.546228250636365829e+02 7.350194416588901047e-01
1.540178094135579613e+03 1.541055989946414115e+02 7.352647058831518478e-01
1.540198927164296947e+03 1.536718804454517624e+02 7.340588396353826539e-01
1.540219760192608646e+03 1.543256114374622712e+02 7.359132280821955030e-01
1.540240593220453547e+03 1.551597332961876816e+02 7.349058221308945038e-01
1.540261426247831878e+03 1.552028456338188391e+02 7.360901384744813480e-01
1.540282259274745456e+03 1.560838362543559299e+02 7.347850060834802965e-01
1.540303092301192919e+03 1.559688197997715804e+02 7.353186530339304028e-01
1.540323925327175402e+03 1.553749017272940876e+02 7.379704785089484798e-01
1.540344758352692452e+03 1.558198920842478117e+02 7.348608885057599238e-01
1.540365591377801138e+03 1.550667625698235668e+02 7.355010955874998757e-01
1.540386424402385956e+03 1.542079346825377684e+02 7.350198471218273299e-01
1.540407257426446904e+03 1.559130220858470466e+02 7.369618003785084470e-01
1.540428090450101536e+03 1.569442096337486987e+02 7.350717039878913450e-01
1.540448923473232071e+03 1.549275900796555447e+02 7.350867859861980325e-01
1.540469756495896036e+03 1.550801683439164265e+02 7.353679356265683253e-01
1.540490589518035904e+03 1.535057178284125428e+02 7.366821085777166545e-01
1.540511422539711475e+03 1.548311611075586995e+02 7.365509424609739675e-01
1.540532255560920476e+03 1.573952291137412089e+02 7.371433915303173823e-01
1.540553088581606062e+03 1.562892097599009560e+02 7.358746333716678079e-01
1.540573921601766870e+03 1.559674493500945687e+02 7.357566497896269597e-01
1.540594754621404036e+03 1.584884617702000185e+02 7.357667761395927375e-01
1.540615587640518697e+03 1.568381994948482827e+02 7.373502805646575675e-01
1.540636420659166561e+03 1.556256856155523280e+02 7.355468814827568202e-01
1.540657253677290555e+03 1.565171662990897516e+02 7.359331928621182239e-01
1.540678086694890453e+03 1.541736544881346163e+02 7.363480785307243703e-01
1.540698919711908502e+03 1.561887004373796799e+02 7.361497738919270395e-01
1.540719752728461572e+03 1.555688683651183624e+02 7.348878976748054459e-01
1.540740585744431883e+03 1.571177407474235963e+02 7.352095387002935967e-01
1.540761418759878552e+03 1.581631810019033253e+02 7.360979120002840714e-01
1.540782251774742463e+03 1.569450100062884701e+02 7.372617595377649602e-01
1.540803084789083641e+03 1.561163919459183944e+02 7.366220307600223061e-01
1.540823917802900951e+03 1.572000274832712705e+02 7.360728501826854231e-01
1.540844750816135047e+03 1.575936578454120536e+02 7.364135206977745485e-01
1.540865583828787521e+03 1.575717963665373702e+02 7.365041264420341127e-01
1.540886416840915899e+03 1.588168756215418114e+02 7.393585902349574246e-01
1.540907249852404675e+03 1.574320750985157815e+02 7.359148074658531380e-01
1.540928082863370037e+03 1.557959078247735363e+02 7.370592529851593966e-01
1.540948915873693977e+03 1.568712461893847205e+02 7.353401335173844755e-01
1.540969748883494049e+03 1.598900983382023355e+02 7.367620024620855634e-01
1.540990581892654063e+03 1.582095586706287804e+02 7.367738543358208769e-01
1.541011414901232456e+03 1.579985394384910080e+02 7.374726969304042923e-01
1.541032247909229000e+03 1.571840022488119928e+02 7.377289416682589751e-01
1.541053080916583895e+03 1.575589019787070129e+02 7.366949326355547445e-01
1.541073913923357395e+03 1.572015062871845714e+02 7.364842176047727840e-01
1.541094746929491521e+03 1.564539611520228846e+02 7.356919593769863930e-01
1.541115579934984453e+03 1.575211097888399081e+02 7.390603289259782827e-01
1.541136412939837101e+03 1.542183822373933424e+02 7.353820389185898865e-01
1.541157245944049464e+03 1.563109194118124492e+02 7.367091318839618097e-01
1.541178078947679523e+03 1.555115613375487840e+02 7.359233927741365422e-01
1.541198911950611546e+03 1.549117078320536791e+02 7.354840770945397788e-01
1.541219744952903966e+03 1.554290295959754360e+02 7.357691659378581273e-01
1.541240577954496985e+03 1.564829847984085234e+02 7.365665606264190091e-01
1.541261410955449492e+03 1.554842307315807659e+02 7.354948960392329038e-01
1.541282243955761487e+03 1.560298601532317662e+02 7.357359510967066418e-01
1.541303076955318375e+03 1.570227102665181746e+02 7.354828209520728466e-01
1.541323909954234068e+03 1.558031031354016989e+02 7.374048430266959553e-01
1.541344742952509023e+03 1.562868518811875447e+02 7.352047959939187471e-01
1.541365575950027505e+03 1.559127522387358340e+02 7.358220635527097375e-01
1.541386408946789061e+03 1.559830016681578684e+02 7.352059310033572936e-01
1.541407241942911014e+03 1.567559179593578449e+02 7.364341194096606369e-01
1.541428074938276495e+03 1.547098968687833747e+02 7.350871103268488138e-01
1.541448907932942575e+03 1.543448354719677980e+02 7.351081516207769173e-01
1.541469740926909935e+03 1.548184767392651224e+02 7.342186619347980114e-01
1.541490573920063525e+03 1.548754072349047988e+02 7.345282617900530386e-01
1.541511406912518396e+03 1.530976950378222341e+02 7.342234110110926748e-01
1.541532239904216112e+03 1.527298428141298245e+02 7.349270713722201309e-01
1.541553072895128025e+03 1.525274900997641510e+02 7.330697004790868165e-01
1.541573905885311888e+03 1.524590853497676335e+02 7.336835243617171320e-01
1.541594738874682662e+03 1.534118462789690511e+02 7.346074568331839583e-01
1.541615571863324021e+03 1.508150150634196507e+02 7.336580144746674970e-01
1.541636404851150019e+03 1.505239310663089327e+02 7.344474756717248587e-01
1.541657237838191122e+03 1.499817816931131631e+02 7.334517092602225175e-01
1.541678070824416864e+03 1.508441877537087237e+02 7.332161220888279152e-01
1.541698903809857484e+03 1.495670492970292571e+02 7.321963764194788782e-01
1.541719736794512983e+03 1.515308540909931594e+02 7.332196989304905488e-01
1.541740569778323561e+03 1.491436076034532334e+02 7.329480531820314892e-01
1.541761402761319005e+03 1.497069115854073402e+02 7.325542686331264486e-01
1.541782235743500678e+03 1.498812510391407784e+02 7.326885907598555958e-01
1.541803068724866534e+03 1.481593443802995012e+02 7.326174868992656464e-01
1.541823901705387925e+03 1.480831400915267864e+02 7.313624743828427421e-01
1.541844734685065987e+03 1.480286103526149191e+02 7.334739757906062474e-01
1.541865567663899583e+03 1.494053478322714454e+02 7.329045040718303872e-01
1.541886400641919408e+03 1.491691035913630401e+02 7.322130236082450283e-01
1.541907233619094541e+03 1.490926065637895590e+02 7.318758544135053334e-01
1.541928066595424980e+03 1.494966977325137236e+02 7.320278888246607440e-01
1.541948899570910498e+03 1.487170639090066118e+02 7.323599013494135335e-01
1.541969732545582474e+03 1.499959633577529132e+02 7.318502815170461195e-01
1.541990565519411120e+03 1.475552410178414107e+02 7.310648643036022909e-01
