1.438453782582164422e+03 8.378026123046875000e+02 1.246024250984191895e+00
1.438474616678096027e+03 8.403083496093750000e+02 1.244765758514404297e+00
1.438495450771697961e+03 8.399320068359375000e+02 1.244389772415161133e+00
1.438516284864369027e+03 8.406329345703125000e+02 1.244527101516723633e+00
1.438537118955179039e+03 8.396508789062500000e+02 1.244397521018981934e+00
1.438557953044125952e+03 8.399001464843750000e+02 1.244977831840515137e+00
1.438578787131675199e+03 8.400885009765625000e+02 1.244224548339843750e+00
1.438599621217361346e+03 8.418233642578125000e+02 1.244735836982727051e+00
1.438620455301185302e+03 8.373217773437500000e+02 1.244497656822204590e+00
1.438641289383611820e+03 8.404851074218750000e+02 1.245514750480651855e+00
1.438662123464642491e+03 8.424396972656250000e+02 1.247876882553100586e+00
1.438682957543810062e+03 8.406003417968750000e+02 1.246050119400024414e+00
1.438703791621114533e+03 8.407027587890625000e+02 1.244445323944091797e+00
1.438724625696557496e+03 8.425643310546875000e+02 1.245416879653930664e+00
1.438745459770602338e+03 8.431259765625000000e+02 1.245745182037353516e+00
1.438766293842783853e+03 8.421885986328125000e+02 1.246243715286254883e+00
1.438787127913569975e+03 8.434567871093750000e+02 1.246273875236511230e+00
1.438807961982492998e+03 8.416962890625000000e+02 1.245126366615295410e+00
1.438828796049553148e+03 8.403475341796875000e+02 1.244409680366516113e+00
1.438849630114750653e+03 8.437972412109375000e+02 1.247540831565856934e+00
1.438870464178551629e+03 8.426798095703125000e+02 1.245927810668945312e+00
1.438891298240955166e+03 8.410151367187500000e+02 1.246987581253051758e+00
1.438912132301030397e+03 8.427259521484375000e+02 1.245218396186828613e+00
1.438932966359709098e+03 8.433570556640625000e+02 1.245528697967529297e+00
1.438953800416989907e+03 8.430900878906250000e+02 1.245747566223144531e+00
1.438974634472408525e+03 8.429713134765625000e+02 1.246011614799499512e+00
1.438995468525964952e+03 8.414925537109375000e+02 1.245249032974243164e+00
1.439016302577657825e+03 8.421877441406250000e+02 1.246133685111999512e+00
1.439037136627954624e+03 8.406594238281250000e+02 1.245284318923950195e+00
1.439057970676854893e+03 8.431533203125000000e+02 1.246495723724365234e+00
1.439078804723891153e+03 8.411202392578125000e+02 1.245475649833679199e+00
1.439099638769065450e+03 8.450853271484375000e+02 1.245993494987487793e+00
1.439120472812842308e+03 8.398371582031250000e+02 1.244048118591308594e+00
1.439141306854755840e+03 8.428669433593750000e+02 1.245170474052429199e+00
1.439162140895273978e+03 8.435157470703125000e+02 1.245557785034179688e+00
1.439182974933929017e+03 8.433403320312500000e+02 1.246032357215881348e+00
1.439203808971187073e+03 8.441525878906250000e+02 1.248037934303283691e+00
1.439224643007048599e+03 8.404116210937500000e+02 1.244818925857543945e+00
1.439245477041046797e+03 8.405230712890625000e+02 1.244592785835266113e+00
1.439266311073181896e+03 8.429306640625000000e+02 1.246730566024780273e+00
1.439287145103920921e+03 8.408831787109375000e+02 1.245090246200561523e+00
1.439307979133262506e+03 8.427634277343750000e+02 1.245718002319335938e+00
1.439328813160741447e+03 8.405089111328125000e+02 1.245345711708068848e+00
1.439349647186823859e+03 8.387418212890625000e+02 1.244426131248474121e+00
1.439370481211043625e+03 8.415622558593750000e+02 1.245549082756042480e+00
1.439391315233866408e+03 8.400211181640625000e+02 1.244766592979431152e+00
1.439412149255292206e+03 8.389552001953125000e+02 1.243924498558044434e+00
1.439432983274853996e+03 8.404256591796875000e+02 1.245049476623535156e+00
1.439453817293485372e+03 8.385217285156250000e+02 1.244904279708862305e+00
1.439474651309788896e+03 8.386793212890625000e+02 1.245543599128723145e+00
1.439495485325160189e+03 8.383204345703125000e+02 1.244328260421752930e+00
1.439516319338669518e+03 8.394683837890625000e+02 1.245152711868286133e+00
1.439537153350782546e+03 8.388166503906250000e+02 1.245543360710144043e+00
1.439557987361498363e+03 8.383233642578125000e+02 1.245129108428955078e+00
1.439578821370350852e+03 8.396727294921875000e+02 1.246010184288024902e+00
1.439599655377805902e+03 8.407004394531250000e+02 1.245911121368408203e+00
1.439620489383864424e+03 8.427059326171875000e+02 1.247190713882446289e+00
1.439641323388525961e+03 8.423610839843750000e+02 1.245476007461547852e+00
1.439662157391325536e+03 8.385922851562500000e+02 1.245467662811279297e+00
1.439682991393192879e+03 8.389281005859375000e+02 1.244828343391418457e+00
1.439703825393198031e+03 8.397049560546875000e+02 1.244575619697570801e+00
1.439724659391806654e+03 8.422766113281250000e+02 1.247779130935668945e+00
1.439745493389018065e+03 8.413701171875000000e+02 1.245284080505371094e+00
1.439766327384831129e+03 8.417412109375000000e+02 1.245755910873413086e+00
1.439787161378782912e+03 8.388435058593750000e+02 1.244853258132934570e+00
1.439807995371802917e+03 8.411571044921875000e+02 1.245746374130249023e+00
1.439828829362960505e+03 8.404472656250000000e+02 1.245102643966674805e+00
1.439849663353186997e+03 8.428640136718750000e+02 1.245949625968933105e+00
1.439870497341550617e+03 8.412985839843750000e+02 1.245344758033752441e+00
1.439891331328517481e+03 8.411350097656250000e+02 1.246031403541564941e+00
1.439912165314086906e+03 8.415866699218750000e+02 1.246457695960998535e+00
1.439932999298725463e+03 8.420032958984375000e+02 1.246161341667175293e+00
1.439953833281500920e+03 8.408660888671875000e+02 1.245347738265991211e+00
1.439974667262878938e+03 8.398453369140625000e+02 1.244943737983703613e+00
1.439995501242860428e+03 8.413374023437500000e+02 1.245849609375000000e+00
1.440016335221444933e+03 8.397778320312500000e+02 1.245330572128295898e+00
1.440037169198633364e+03 8.410484619140625000e+02 1.245207667350769043e+00
1.440058003174424812e+03 8.436734619140625000e+02 1.246014833450317383e+00
1.440078837148817911e+03 8.432148437500000000e+02 1.247080445289611816e+00
1.440099671121814481e+03 8.404438476562500000e+02 1.245336294174194336e+00
1.440120505093880183e+03 8.399683837890625000e+02 1.245014667510986328e+00
1.440141339064082558e+03 8.411599121093750000e+02 1.245674610137939453e+00
1.440162173032888859e+03 8.432137451171875000e+02 1.246350646018981934e+00
1.440183007000762927e+03 8.428740234375000000e+02 1.246669173240661621e+00
1.440203840966775488e+03 8.412551269531250000e+02 1.245630621910095215e+00
1.440224674931856043e+03 8.407895507812500000e+02 1.245088934898376465e+00
1.440245508895539388e+03 8.421221923828125000e+02 1.246096134185791016e+00
1.440266342857826203e+03 8.404453125000000000e+02 1.247766017913818359e+00
1.440287176818715579e+03 8.401186523437500000e+02 1.245604276657104492e+00
1.440308010778207972e+03 8.411945800781250000e+02 1.245570063591003418e+00
1.440328844736303381e+03 8.419262695312500000e+02 1.246045470237731934e+00
1.440349678693001806e+03 8.420656738281250000e+02 1.245811939239501953e+00
1.440370512648769363e+03 8.409625244140625000e+02 1.246112585067749023e+00
1.440391346603140391e+03 8.412813720703125000e+02 1.245798349380493164e+00
1.440412180556113981e+03 8.393171386718750000e+02 1.245201110839843750e+00
1.440433014507689904e+03 8.413585205078125000e+02 1.246281862258911133e+00
1.440453848457868844e+03 8.434641113281250000e+02 1.246021389961242676e+00
1.440474682406651482e+03 8.395166015625000000e+02 1.245566606521606445e+00
1.440495516354502342e+03 8.415649414062500000e+02 1.245890974998474121e+00
1.440516350300955992e+03 8.431533203125000000e+02 1.246614694595336914e+00
1.440537184246013567e+03 8.429119873046875000e+02 1.246233701705932617e+00
1.440558018190140046e+03 8.423222656250000000e+02 1.246278047561645508e+00
1.440578852132402972e+03 8.432869873046875000e+02 1.246560573577880859e+00
1.440599686073735029e+03 8.411575927734375000e+02 1.245241284370422363e+00
1.440620520013669648e+03 8.425273437500000000e+02 1.245786309242248535e+00
1.440641353952672944e+03 8.426860351562500000e+02 1.245936155319213867e+00
1.440662187889814049e+03 8.417501220703125000e+02 1.245650053024291992e+00
1.440683021826023378e+03 8.431373291015625000e+02 1.246485233306884766e+00
1.440703855761301384e+03 8.435657958984375000e+02 1.246494889259338379e+00
1.440724689694717654e+03 8.430699462890625000e+02 1.246177554130554199e+00
1.440745523627202147e+03 8.442950439453125000e+02 1.247195243835449219e+00
1.440766357558288973e+03 8.447292480468750000e+02 1.247397661209106445e+00
1.440787191488444932e+03 8.435166015625000000e+02 1.246841311454772949e+00
1.440808025416738474e+03 8.426259765625000000e+02 1.246292948722839355e+00
1.440828859344100010e+03 8.428031005859375000e+02 1.246646761894226074e+00
1.440849693270530906e+03 8.463792724609375000e+02 1.247449159622192383e+00
1.440870527195564591e+03 8.411564941406250000e+02 1.245780587196350098e+00
1.440891361119201520e+03 8.451252441406250000e+02 1.247498154640197754e+00
1.440912195041441919e+03 8.451430664062500000e+02 1.246734023094177246e+00
1.440933028962750541e+03 8.431112060546875000e+02 1.246510744094848633e+00
1.440953862882662179e+03 8.440722656250000000e+02 1.246536135673522949e+00
1.440974696801641130e+03 8.464931640625000000e+02 1.247070550918579102e+00
1.440995530718758346e+03 8.443442382812500000e+02 1.246684789657592773e+00
1.441016364635409900e+03 8.432857666015625000e+02 1.249127030372619629e+00
1.441058032464057533e+03 8.409951171875000000e+02 1.245991706848144531e+00
1.441078866376984479e+03 8.423004150390625000e+02 1.246846556663513184e+00
1.441141368107847939e+03 8.416745605468750000e+02 1.246228814125061035e+00
1.441183035922058934e+03 8.427922363281250000e+02 1.246341705322265625e+00
1.441203869827534618e+03 8.426169433593750000e+02 1.247074246406555176e+00
1.441224703732079888e+03 8.448364257812500000e+02 1.247336149215698242e+00
1.441245537634762513e+03 8.449458007812500000e+02 1.247783899307250977e+00
1.441287205437332432e+03 8.434763183593750000e+02 1.247483491897583008e+00
1.441308039336754973e+03 8.452182617187500000e+02 1.248080372810363770e+00
1.441328873235245510e+03 8.422318115234375000e+02 1.246390700340270996e+00
1.441349707132339063e+03 8.449184570312500000e+02 1.247292518615722656e+00
1.441370541028501975e+03 8.440773925781250000e+02 1.247165799140930176e+00
1.441391374923268359e+03 8.455661621093750000e+02 1.248738646507263184e+00
1.441412208816637531e+03 8.432263183593750000e+02 1.246725797653198242e+00
1.441433042709074925e+03 8.459080810546875000e+02 1.248076558113098145e+00
1.441453876600580998e+03 8.426306152343750000e+02 1.246921539306640625e+00
1.441474710490690086e+03 8.423178710937500000e+02 1.246964931488037109e+00
1.441495544379401963e+03 8.427590332031250000e+02 1.246855497360229492e+00
1.441516378267182972e+03 8.418924560546875000e+02 1.246620178222656250e+00
1.441537212153566543e+03 8.456651611328125000e+02 1.248654842376708984e+00
1.441558046039019473e+03 8.430954589843750000e+02 1.246944069862365723e+00
1.441578879923541535e+03 8.423983154296875000e+02 1.246769189834594727e+00
1.441599713806665022e+03 8.466843261718750000e+02 1.250256776809692383e+00
1.441620547688392435e+03 8.433137207031250000e+02 1.247185945510864258e+00
1.441641381569188070e+03 8.451928710937500000e+02 1.247632026672363281e+00
1.441662215449052383e+03 8.463746337890625000e+02 1.247867822647094727e+00
1.441683049327520166e+03 8.478919677734375000e+02 1.248725891113281250e+00
1.441703883205056627e+03 8.455424804687500000e+02 1.248291373252868652e+00
1.441724717081196559e+03 8.455720214843750000e+02 1.248216986656188965e+00
1.441745550956404941e+03 8.447036132812500000e+02 1.247636198997497559e+00
1.441766384830215884e+03 8.447504882812500000e+02 1.248024344444274902e+00
1.441787218703095505e+03 8.455661621093750000e+02 1.247949957847595215e+00
1.441808052574578142e+03 8.482596435546875000e+02 1.248967647552490234e+00
1.441828886445129001e+03 8.464238281250000000e+02 1.248058438301086426e+00
1.441849720314282877e+03 8.488874511718750000e+02 1.249492049217224121e+00
1.441870554182506567e+03 8.483454589843750000e+02 1.248582720756530762e+00
1.441891388049798479e+03 8.487808837890625000e+02 1.248896121978759766e+00
1.441912221915693408e+03 8.487482910156250000e+02 1.248710036277770996e+00
1.441933055780657014e+03 8.477460937500000000e+02 1.249076485633850098e+00
1.441953889644223636e+03 8.456975097656250000e+02 1.248583674430847168e+00
1.441974723506859391e+03 8.480706787109375000e+02 1.249214053153991699e+00
1.441995557368562913e+03 8.454517822265625000e+02 1.247885704040527344e+00
1.442016391228869452e+03 8.464128417968750000e+02 1.249070882797241211e+00
1.442037225088245123e+03 8.463167724609375000e+02 1.248433709144592285e+00
1.442058058946224037e+03 8.490573730468750000e+02 1.250935077667236328e+00
1.442078892803272083e+03 8.483283691406250000e+02 1.248937010765075684e+00
1.442099726658921554e+03 8.454412841796875000e+02 1.247728824615478516e+00
1.442120560513641067e+03 8.491369628906250000e+02 1.249680280685424805e+00
1.442141394367427893e+03 8.476995849609375000e+02 1.249860644340515137e+00
1.442162228219818644e+03 8.504338378906250000e+02 1.250085234642028809e+00
1.442183062071277618e+03 8.496660156250000000e+02 1.250330686569213867e+00
1.442203895921804815e+03 8.486632080078125000e+02 1.248951435089111328e+00
1.442224729770937074e+03 8.489293212890625000e+02 1.248786807060241699e+00
1.442245563619137556e+03 8.472663574218750000e+02 1.248510718345642090e+00
1.442266397465939917e+03 8.487094726562500000e+02 1.248867273330688477e+00
1.442287231311811411e+03 8.498911132812500000e+02 1.250098228454589844e+00
1.442308065156751127e+03 8.505389404296875000e+02 1.250181078910827637e+00
1.442328899000294541e+03 8.513071289062500000e+02 1.250560402870178223e+00
1.442349732842906178e+03 8.493901367187500000e+02 1.249447107315063477e+00
1.442370566684586038e+03 8.505823974609375000e+02 1.250439882278442383e+00
1.442391400524870051e+03 8.495986328125000000e+02 1.249327182769775391e+00
1.442412234364222513e+03 8.503853759765625000e+02 1.249512910842895508e+00
1.442433068202177992e+03 8.525206298828125000e+02 1.250699162483215332e+00
1.442453902039667810e+03 8.512469482421875000e+02 1.250342369079589844e+00
1.442474735875294527e+03 8.523651123046875000e+02 1.250030398368835449e+00
1.442495569710455129e+03 8.516889648437500000e+02 1.251657724380493164e+00
1.442516403544218974e+03 8.528991699218750000e+02 1.250338673591613770e+00
1.442537237377051952e+03 8.539589843750000000e+02 1.250926733016967773e+00
1.442558071208487945e+03 8.543587646484375000e+02 1.252896428108215332e+00
1.442578905039459642e+03 8.551284179687500000e+02 1.251056790351867676e+00
1.442599738868566874e+03 8.528825683593750000e+02 1.251366972923278809e+00
1.442620572697208445e+03 8.537158203125000000e+02 1.251424789428710938e+00
1.442641406524453032e+03 8.554064941406250000e+02 1.251569628715515137e+00
1.442662240350766979e+03 8.556503906250000000e+02 1.251780748367309570e+00
1.442683074175683032e+03 8.549135742187500000e+02 1.251636147499084473e+00
1.442703908000134106e+03 8.552155761718750000e+02 1.254490613937377930e+00
1.442724741822723445e+03 8.567437744140625000e+02 1.252865314483642578e+00
1.442745575644847122e+03 8.534812011718750000e+02 1.250983238220214844e+00
1.442766409465571996e+03 8.564394531250000000e+02 1.251923680305480957e+00
1.442787243285366003e+03 8.561020507812500000e+02 1.251982450485229492e+00
1.442808077104229596e+03 8.546400146484375000e+02 1.251524090766906738e+00
1.442828910921695524e+03 8.540732421875000000e+02 1.251039505004882812e+00
1.442849744738230129e+03 8.557608642578125000e+02 1.253103017807006836e+00
1.442870578553833639e+03 8.512542724609375000e+02 1.250534653663635254e+00
1.442891412368040619e+03 8.529658203125000000e+02 1.250971555709838867e+00
1.442912246181316050e+03 8.534455566406250000e+02 1.251308441162109375e+00
1.442933079993659476e+03 8.535020751953125000e+02 1.251916050910949707e+00
1.442953913805071352e+03 8.550664062500000000e+02 1.251847267150878906e+00
1.442974747615087381e+03 8.538138427734375000e+02 1.251775860786437988e+00
1.442995581424172087e+03 8.532972412109375000e+02 1.251025319099426270e+00
1.443016415231858446e+03 8.549094238281250000e+02 1.251883983612060547e+00
1.443037249039080052e+03 8.545356445312500000e+02 1.251684904098510742e+00
1.443058082844904902e+03 8.530045166015625000e+02 1.250957131385803223e+00
1.443078916649799339e+03 8.531502685546875000e+02 1.251046538352966309e+00
1.443099750453295201e+03 8.533737792968750000e+02 1.251428723335266113e+00
1.443120584255859967e+03 8.523208007812500000e+02 1.251515746116638184e+00
1.443141418057493411e+03 8.541568603515625000e+02 1.251070857048034668e+00
1.443162251858195532e+03 8.539455566406250000e+02 1.251236438751220703e+00
1.443183085657501579e+03 8.524760742187500000e+02 1.251805305480957031e+00
1.443203919455875166e+03 8.537724609375000000e+02 1.251154184341430664e+00
1.443224753253317886e+03 8.540374755859375000e+02 1.251359581947326660e+00
1.443245587049830647e+03 8.539365234375000000e+02 1.251269936561584473e+00
1.443266420844945060e+03 8.528084716796875000e+02 1.251207590103149414e+00
1.443287254639127468e+03 8.543476562500000000e+02 1.251375555992126465e+00
1.443308088432379009e+03 8.545323486328125000e+02 1.252255678176879883e+00
1.443328922224698999e+03 8.540012207031250000e+02 1.251563906669616699e+00
1.443349756015622916e+03 8.543869628906250000e+02 1.251806139945983887e+00
1.443370589805615055e+03 8.556363525390625000e+02 1.251998662948608398e+00
1.443391423594676098e+03 8.545286865234375000e+02 1.251330137252807617e+00
1.443412257382340158e+03 8.570869140625000000e+02 1.252313971519470215e+00
1.443433091169072441e+03 8.574320068359375000e+02 1.252336621284484863e+00
1.443453924954874083e+03 8.593977050781250000e+02 1.253068685531616211e+00
1.443474758739743493e+03 8.621110839843750000e+02 1.253873944282531738e+00
1.443495592523215919e+03 8.552156982421875000e+02 1.252286314964294434e+00
1.443516426306223366e+03 8.570576171875000000e+02 1.252364635467529297e+00
1.443537260087834056e+03 8.571005859375000000e+02 1.253063440322875977e+00
1.443558093868047536e+03 8.579681396484375000e+02 1.252954959869384766e+00
1.443578927647796036e+03 8.572011718750000000e+02 1.252648115158081055e+00
1.443599761426145960e+03 8.556265869140625000e+02 1.252426624298095703e+00
1.443620595203565472e+03 8.553588867187500000e+02 1.255314350128173828e+00
1.443641428980053206e+03 8.591381835937500000e+02 1.252995729446411133e+00
1.443662262755143502e+03 8.606549072265625000e+02 1.253279209136962891e+00
1.443683096529769500e+03 8.599808349609375000e+02 1.253625154495239258e+00
1.443703930302996923e+03 8.595625000000000000e+02 1.253609180450439453e+00
1.443724764075294388e+03 8.601433105468750000e+02 1.255218625068664551e+00
1.443745597846195551e+03 8.593149414062500000e+02 1.253133773803710938e+00
1.443766431616630143e+03 8.584394531250000000e+02 1.253618001937866211e+00
1.443787265385666615e+03 8.580904541015625000e+02 1.252835631370544434e+00
1.443808099153773583e+03 8.592104492187500000e+02 1.253208875656127930e+00
1.443828932920482202e+03 8.570849609375000000e+02 1.252734422683715820e+00
1.443849766686725616e+03 8.589028320312500000e+02 1.252966642379760742e+00
1.443870600451572500e+03 8.583914794921875000e+02 1.253767609596252441e+00
1.443891434215487607e+03 8.587004394531250000e+02 1.252926349639892578e+00
1.443912267978471391e+03 8.578339843750000000e+02 1.252633094787597656e+00
1.443933101740058191e+03 8.585854492187500000e+02 1.253412365913391113e+00
1.443953935501179103e+03 8.566353759765625000e+02 1.252487540245056152e+00
1.443974769260903486e+03 8.565373535156250000e+02 1.252601027488708496e+00
1.443995603019695864e+03 8.561994628906250000e+02 1.253137707710266113e+00
1.444016436777091485e+03 8.547500000000000000e+02 1.252008199691772461e+00
1.444078938044157894e+03 8.545050048828125000e+02 1.252226471900939941e+00
1.444099771797828907e+03 8.539439697265625000e+02 1.252731800079345703e+00
1.444120605550102027e+03 8.539711914062500000e+02 1.253266334533691406e+00
1.444141439301909941e+03 8.552818603515625000e+02 1.252186536788940430e+00
1.444162273052321552e+03 8.560915527343750000e+02 1.252300143241882324e+00
1.444183106801800477e+03 8.546333007812500000e+02 1.251586794853210449e+00
1.444203940550348534e+03 8.568332519531250000e+02 1.252531886100769043e+00
1.444224774297500971e+03 8.590405273437500000e+02 1.253594756126403809e+00
1.444245608043720949e+03 8.574924316406250000e+02 1.252604126930236816e+00
1.444266441789475493e+03 8.568322753906250000e+02 1.252645969390869141e+00
1.444287275533367392e+03 8.536448974609375000e+02 1.251430273056030273e+00
1.444308109276792948e+03 8.553300781250000000e+02 1.252327084541320801e+00
1.444328943019287635e+03 8.558942871093750000e+02 1.252111792564392090e+00
1.444349776760385339e+03 8.526604003906250000e+02 1.251620769500732422e+00
1.444370610500552630e+03 8.533626708984375000e+02 1.251186370849609375e+00
1.444391444239787006e+03 8.560158691406250000e+02 1.251918315887451172e+00
1.444412277978090970e+03 8.512834472656250000e+02 1.250603199005126953e+00
1.444433111714999086e+03 8.523736572265625000e+02 1.251851201057434082e+00
1.444453945451440177e+03 8.540250244140625000e+02 1.251713156700134277e+00
1.444474779186483374e+03 8.560535888671875000e+02 1.252827286720275879e+00
1.444495612920596614e+03 8.527922363281250000e+02 1.251429438591003418e+00
1.444516446653311959e+03 8.546962890625000000e+02 1.251712083816528320e+00
1.444537280385562099e+03 8.555172119140625000e+02 1.251837372779846191e+00
1.444558114116415481e+03 8.538200683593750000e+02 1.252470612525939941e+00
1.444578947838421527e+03 8.542662353515625000e+02 1.251548290252685547e+00
1.444599781567412492e+03 8.517861328125000000e+02 1.250989079475402832e+00
1.444620615295006473e+03 8.521195068359375000e+02 1.251449465751647949e+00
1.444641449022134566e+03 8.539611816406250000e+02 1.252081513404846191e+00
1.444662282747864992e+03 8.515257568359375000e+02 1.251570343971252441e+00
1.444683116473129985e+03 8.514484863281250000e+02 1.251598238945007324e+00
1.444703950196998903e+03 8.531624755859375000e+02 1.251339673995971680e+00
1.444724783919470156e+03 8.530139160156250000e+02 1.251205801963806152e+00
1.444745617641475519e+03 8.525297851562500000e+02 1.251375675201416016e+00
1.444766451362550924e+03 8.532647705078125000e+02 1.251286745071411133e+00
1.444787285082228209e+03 8.528974609375000000e+02 1.251713871955871582e+00
1.444808118800973489e+03 8.525953369140625000e+02 1.251757860183715820e+00
1.444828952518788356e+03 8.547148437500000000e+02 1.251599311828613281e+00
1.444849786235206921e+03 8.534555664062500000e+02 1.252074718475341797e+00
1.444870619951158460e+03 8.528258056640625000e+02 1.251277685165405273e+00
1.444891453665713470e+03 8.541597900390625000e+02 1.251549243927001953e+00
1.444912287379803502e+03 8.556958007812500000e+02 1.252384066581726074e+00
1.444933121092496549e+03 8.562056884765625000e+02 1.252815842628479004e+00
1.444953954803791476e+03 8.550241699218750000e+02 1.252913951873779297e+00
1.444974788514621650e+03 8.565325927734375000e+02 1.252891540527343750e+00
1.444995622224054387e+03 8.567520751953125000e+02 1.252613663673400879e+00
1.445016455933021007e+03 8.579520263671875000e+02 1.253414630889892578e+00
1.445037289640591553e+03 8.565000000000000000e+02 1.252279400825500488e+00
1.445058123347230548e+03 8.609702148437500000e+02 1.253857851028442383e+00
1.445078957052472560e+03 8.639116210937500000e+02 1.255083560943603516e+00
1.445099790757248911e+03 8.650715332031250000e+02 1.255216598510742188e+00
1.445120624460628505e+03 8.590767822265625000e+02 1.253918647766113281e+00
1.445141458163542666e+03 8.587900390625000000e+02 1.253570318222045898e+00
1.445162291865059160e+03 8.584609375000000000e+02 1.253666877746582031e+00
1.445183125565177988e+03 8.575771484375000000e+02 1.253473997116088867e+00
1.445203959264832520e+03 8.581345214843750000e+02 1.253707408905029297e+00
1.445224792963555046e+03 8.566718750000000000e+02 1.252972006797790527e+00
1.445245626660881044e+03 8.599902343750000000e+02 1.253505587577819824e+00
1.445266460357275491e+03 8.559282226562500000e+02 1.253017187118530273e+00
1.445287294052738616e+03 8.576752929687500000e+02 1.252883553504943848e+00
1.445308127747270646e+03 8.580570068359375000e+02 1.253269910812377930e+00
1.445328961440870899e+03 8.597430419921875000e+02 1.254660010337829590e+00
1.445349795133073485e+03 8.610755615234375000e+02 1.254548907279968262e+00
1.445370628824346113e+03 8.600524902343750000e+02 1.253519892692565918e+00
1.445391462515151943e+03 8.572606201171875000e+02 1.253496766090393066e+00
1.445412296204561471e+03 8.581580810546875000e+02 1.254507184028625488e+00
1.445433129892574925e+03 8.604512939453125000e+02 1.253947138786315918e+00
1.445453963580122490e+03 8.568737792968750000e+02 1.252939820289611816e+00
1.445474797266736914e+03 8.555600585937500000e+02 1.252661705017089844e+00
1.445495630951955491e+03 8.569614257812500000e+02 1.253088951110839844e+00
1.445516464636242517e+03 8.566636962890625000e+02 1.252747893333435059e+00
1.445537298319598449e+03 8.570433349609375000e+02 1.253346085548400879e+00
1.445558132002022830e+03 8.611125488281250000e+02 1.254512786865234375e+00
1.445578965683050455e+03 8.601164550781250000e+02 1.254613995552062988e+00
1.445599799363613556e+03 8.619033203125000000e+02 1.254314899444580078e+00
1.445620633042778536e+03 8.669943847656250000e+02 1.256832003593444824e+00
1.445641466721011966e+03 8.623723144531250000e+02 1.254562973976135254e+00
1.445662300398313619e+03 8.639669189453125000e+02 1.255900621414184570e+00
1.445683134074684403e+03 8.653239746093750000e+02 1.255637168884277344e+00
1.445703967750124548e+03 8.678599853515625000e+02 1.256834030151367188e+00
1.445724801424167481e+03 8.675979003906250000e+02 1.256422638893127441e+00
1.445745635097744525e+03 8.685640869140625000e+02 1.257047891616821289e+00
1.445766468769924359e+03 8.683453369140625000e+02 1.256858229637145996e+00
1.445787302441173551e+03 8.666677246093750000e+02 1.257731676101684570e+00
1.445808136111491422e+03 8.769025878906250000e+02 1.259280323982238770e+00
1.445828969780411171e+03 8.761483154296875000e+02 1.259203672409057617e+00
1.445849803448865487e+03 8.724895019531250000e+02 1.257964015007019043e+00
1.445870637115923500e+03 8.723492431640625000e+02 1.258170843124389648e+00
1.445891470782515626e+03 8.699035644531250000e+02 1.258145809173583984e+00
1.445912304447710994e+03 8.772307128906250000e+02 1.259670615196228027e+00
1.445933138111509379e+03 8.758110351562500000e+02 1.259189248085021973e+00
1.445953971774841648e+03 8.804980468750000000e+02 1.260847330093383789e+00
1.445974805437243504e+03 8.787215576171875000e+02 1.261092066764831543e+00
1.445995639098247466e+03 8.678295898437500000e+02 1.257420420646667480e+00
1.446016472758320106e+03 8.687530517578125000e+02 1.260075807571411133e+00
1.446037306417926629e+03 8.737832031250000000e+02 1.258283615112304688e+00
1.446058140075671417e+03 8.802960205078125000e+02 1.260125517845153809e+00
1.446078973732950999e+03 8.835875244140625000e+02 1.261444807052612305e+00
1.446099807389298803e+03 8.816723632812500000e+02 1.261040091514587402e+00
1.446120641044248941e+03 8.772126464843750000e+02 1.259456992149353027e+00
1.446141474698733418e+03 8.730372314453125000e+02 1.258391380310058594e+00
1.446162308351822048e+03 8.687847900390625000e+02 1.256935834884643555e+00
1.446183142003978901e+03 8.680651855468750000e+02 1.256926655769348145e+00
1.446203975655203521e+03 8.701525878906250000e+02 1.257566928863525391e+00
1.446224809305031613e+03 8.671027832031250000e+02 1.257018089294433594e+00
1.446245642954394953e+03 8.732851562500000000e+02 1.258418321609497070e+00
1.446266476602361536e+03 8.742723388671875000e+02 1.258867979049682617e+00
1.446287310249861548e+03 8.767994384765625000e+02 1.259667873382568359e+00
1.446308143895963894e+03 8.761873779296875000e+02 1.259311556816101074e+00
1.446328977541135373e+03 8.848505859375000000e+02 1.262557268142700195e+00
1.446349811184910550e+03 8.828538818359375000e+02 1.261049628257751465e+00
1.446370644828219611e+03 8.873530273437500000e+02 1.263824582099914551e+00
1.446391478470131460e+03 8.864028320312500000e+02 1.263068914413452148e+00
1.446412312111578558e+03 9.044213867187500000e+02 1.267487764358520508e+00
1.446433145751627535e+03 9.324356689453125000e+02 1.275878190994262695e+00
1.446453979390746099e+03 9.455695800781250000e+02 1.279714107513427734e+00
1.446474813028933113e+03 9.122530517578125000e+02 1.270806670188903809e+00
1.446495646665722916e+03 8.997165527343750000e+02 1.266343235969543457e+00
1.446516480302047057e+03 9.001882324218750000e+02 1.267268419265747070e+00
1.446537313936973533e+03 9.077414550781250000e+02 1.268848419189453125e+00
1.446558147570969595e+03 9.090141601562500000e+02 1.270029187202453613e+00
1.446578981204500451e+03 9.327653808593750000e+02 1.276371955871582031e+00
1.446599814836634550e+03 9.205578613281250000e+02 1.273757815361022949e+00
1.446620648467370529e+03 9.255426025390625000e+02 1.273931503295898438e+00
1.446641482097641074e+03 9.435820312500000000e+02 1.279279589653015137e+00
1.446662315726513498e+03 9.274133300781250000e+02 1.275687813758850098e+00
1.446683149354921625e+03 9.197802734375000000e+02 1.272251129150390625e+00
1.446703982981932540e+03 9.205030517578125000e+02 1.273271799087524414e+00
1.446724816608012588e+03 9.073264160156250000e+02 1.268911480903625488e+00
1.446745650233161086e+03 8.939121093750000000e+02 1.265298128128051758e+00
1.446766483857378489e+03 8.819639892578125000e+02 1.261028885841369629e+00
1.446787317480197999e+03 8.773342285156250000e+02 1.260934948921203613e+00
1.446808151102552529e+03 8.711818847656250000e+02 1.258234262466430664e+00
1.446828984723510530e+03 8.769304199218750000e+02 1.260449051856994629e+00
1.446849818343536526e+03 8.818050537109375000e+02 1.261460185050964355e+00
1.446870651962629836e+03 8.704567871093750000e+02 1.258014678955078125e+00
1.446891485580793415e+03 8.719818115234375000e+02 1.258312702178955078e+00
1.446912319198025898e+03 8.719462890625000000e+02 1.258623838424682617e+00
1.446933152813862080e+03 8.654536132812500000e+02 1.257700324058532715e+00
1.446953986429231463e+03 8.627042236328125000e+02 1.255760908126831055e+00
1.446974820043204545e+03 8.595308837890625000e+02 1.255234360694885254e+00
1.446995653656244940e+03 8.586375732421875000e+02 1.254736661911010742e+00
1.447016487268354012e+03 8.614389648437500000e+02 1.256977438926696777e+00
1.447058154489779554e+03 8.625036621093750000e+02 1.255631327629089355e+00
1.447078988098630361e+03 8.632567138671875000e+02 1.256061315536499023e+00
1.447099821706550529e+03 8.650546875000000000e+02 1.257057785987854004e+00
1.447120655314002988e+03 8.650954589843750000e+02 1.256933808326721191e+00
1.447141488920058464e+03 8.607465820312500000e+02 1.255145788192749023e+00
1.447162322525183527e+03 8.618441162109375000e+02 1.256250619888305664e+00
1.447183156129377494e+03 8.623898925781250000e+02 1.255831956863403320e+00
1.447203989732174023e+03 8.618764648437500000e+02 1.255887985229492188e+00
1.447224823334504890e+03 8.638170166015625000e+02 1.256466984748840332e+00
1.447245656935439456e+03 8.608974609375000000e+02 1.255139470100402832e+00
1.447266490535907906e+03 8.617687988281250000e+02 1.256056666374206543e+00
1.447287324134978917e+03 8.642329101562500000e+02 1.258662819862365723e+00
1.447308157733118605e+03 8.660021972656250000e+02 1.256812572479248047e+00
1.447328991330327426e+03 8.649766845703125000e+02 1.256215453147888184e+00
1.447349824926139490e+03 8.617666015625000000e+02 1.255887746810913086e+00
1.447370658521485439e+03 8.616342773437500000e+02 1.256488084793090820e+00
1.447391492115434630e+03 8.642470703125000000e+02 1.256808042526245117e+00
1.447412325708917933e+03 8.612888183593750000e+02 1.255635261535644531e+00
1.447433159301004480e+03 8.609936523437500000e+02 1.255939126014709473e+00
1.447453992892159476e+03 8.629382324218750000e+02 1.257001399993896484e+00
1.447474826482383378e+03 8.661530761718750000e+02 1.257864117622375488e+00
1.447495660071675957e+03 8.659584960937500000e+02 1.258817076683044434e+00
1.447516493659571552e+03 8.640413818359375000e+02 1.258511185646057129e+00
1.447537327247001485e+03 8.607708740234375000e+02 1.257238745689392090e+00
1.447558160833033980e+03 8.579577636718750000e+02 1.256050825119018555e+00
1.447578994418135608e+03 8.585117187500000000e+02 1.255026221275329590e+00
1.447599828002771574e+03 8.565947265625000000e+02 1.255169272422790527e+00
1.447620661586010556e+03 8.595285644531250000e+02 1.255446076393127441e+00
1.447641495167852554e+03 8.574111328125000000e+02 1.255070090293884277e+00
1.447662328749228436e+03 8.573820800781250000e+02 1.254952430725097656e+00
1.447683162329673905e+03 8.588286132812500000e+02 1.256301760673522949e+00
1.447703995908721936e+03 8.576257324218750000e+02 1.255696296691894531e+00
1.447724829487303396e+03 8.550471191406250000e+02 1.254332780838012695e+00
1.447745663064488099e+03 8.547155761718750000e+02 1.255164384841918945e+00
1.447766496640742389e+03 8.562135009765625000e+02 1.255141973495483398e+00
1.447787330216066493e+03 8.572142333984375000e+02 1.255529403686523438e+00
1.447808163790457456e+03 8.566232910156250000e+02 1.254979252815246582e+00
1.447828997363917551e+03 8.580640869140625000e+02 1.256208300590515137e+00
1.447849830935980663e+03 8.587553710937500000e+02 1.256106615066528320e+00
1.447870664507577658e+03 8.582313232421875000e+02 1.255971431732177734e+00
1.447891498078244013e+03 8.588613281250000000e+02 1.256268382072448730e+00
1.447912331647512019e+03 8.581718750000000000e+02 1.256763935089111328e+00
1.447933165215850067e+03 8.606442871093750000e+02 1.256850242614746094e+00
1.447953998783257475e+03 8.616799316406250000e+02 1.257202148437500000e+00
1.447974832349732424e+03 8.591087646484375000e+02 1.256484627723693848e+00
1.447995665915276504e+03 8.600532226562500000e+02 1.256723165512084961e+00
1.448016499479888353e+03 8.594613037109375000e+02 1.259093284606933594e+00
1.448037333043569561e+03 8.594150390625000000e+02 1.257539749145507812e+00
1.448058166605854012e+03 8.603283691406250000e+02 1.257283210754394531e+00
1.448079000167672348e+03 8.569237060546875000e+02 1.257593750953674316e+00
1.448099833728093927e+03 8.578488769531250000e+02 1.256385564804077148e+00
1.448120667288049390e+03 8.583540039062500000e+02 1.256626605987548828e+00
1.448141500846608551e+03 8.567695312500000000e+02 1.256757140159606934e+00
1.448162334404236390e+03 8.594981689453125000e+02 1.257380008697509766e+00
1.448183167960932451e+03 8.576835937500000000e+02 1.256877541542053223e+00
1.448204001516697645e+03 8.586546630859375000e+02 1.258826613426208496e+00
1.448224835071530379e+03 8.582817382812500000e+02 1.257243156433105469e+00
1.448245668625432927e+03 8.596329345703125000e+02 1.257879495620727539e+00
1.448266502178404608e+03 8.620158691406250000e+02 1.258615732192993164e+00
1.448287335730444966e+03 8.596259765625000000e+02 1.259580612182617188e+00
1.448308169281087430e+03 8.628358154296875000e+02 1.258882284164428711e+00
1.448329002831264006e+03 8.612899169921875000e+02 1.258511662483215332e+00
1.448349836380043598e+03 8.615833740234375000e+02 1.259008169174194336e+00
1.448370669928357529e+03 8.610446777343750000e+02 1.259281754493713379e+00
1.448391503475274931e+03 8.607937011718750000e+02 1.259052872657775879e+00
1.448412337021726444e+03 8.614229736328125000e+02 1.259361505508422852e+00
1.448433170566781882e+03 8.687711181640625000e+02 1.261771202087402344e+00
1.448454004111371432e+03 8.698931884765625000e+02 1.262562155723571777e+00
1.448474837654563544e+03 8.691492919921875000e+02 1.262389063835144043e+00
1.448495671196824560e+03 8.697945556640625000e+02 1.261991500854492188e+00
1.448516504738153344e+03 8.641320800781250000e+02 1.261472344398498535e+00
1.448537338279017604e+03 8.660148925781250000e+02 1.261306643486022949e+00
1.448558171818484425e+03 8.701597900390625000e+02 1.262456774711608887e+00
1.448579005357019469e+03 8.758151855468750000e+02 1.265845775604248047e+00
1.448599838894623645e+03 8.654101562500000000e+02 1.261430382728576660e+00
1.448620672431296498e+03 8.590859375000000000e+02 1.260726332664489746e+00
1.448641505967503463e+03 8.616135253906250000e+02 1.260436892509460449e+00
1.448662339502313898e+03 8.604210205078125000e+02 1.260501027107238770e+00
1.448683173036192557e+03 8.609644775390625000e+02 1.261320352554321289e+00
1.448704006569605554e+03 8.599943847656250000e+02 1.260994076728820801e+00
1.448724840101622021e+03 8.625068359375000000e+02 1.261657714843750000e+00
1.448745673632706939e+03 8.634770507812500000e+02 1.261474728584289551e+00
1.448766507163326423e+03 8.640213623046875000e+02 1.262138128280639648e+00
1.448787340692549606e+03 8.639582519531250000e+02 1.263487458229064941e+00
1.448808174221305990e+03 8.625991210937500000e+02 1.262001991271972656e+00
1.448829007749131506e+03 8.632792968750000000e+02 1.262095808982849121e+00
1.448849841275559356e+03 8.697177734375000000e+02 1.263653993606567383e+00
1.448870674801522000e+03 8.653787841796875000e+02 1.262919902801513672e+00
1.448891508326553549e+03 8.634676513671875000e+02 1.262204647064208984e+00
1.448912341850653547e+03 8.652593994140625000e+02 1.262773275375366211e+00
1.448933175373821996e+03 8.635097656250000000e+02 1.262718558311462402e+00
1.448954008896525011e+03 8.631694335937500000e+02 1.262521028518676758e+00
1.448974842417831042e+03 8.644138183593750000e+02 1.262931942939758301e+00
1.448995675938671411e+03 8.653439941406250000e+02 1.263208746910095215e+00
1.449016509458580458e+03 8.657247314453125000e+02 1.263367891311645508e+00
1.449037342977557955e+03 8.657677001953125000e+02 1.263158917427062988e+00
1.449058176495604584e+03 8.625908203125000000e+02 1.262426614761352539e+00
1.449079010013184416e+03 8.634697265625000000e+02 1.262959122657775879e+00
1.449099843529834970e+03 8.583504638671875000e+02 1.262484073638916016e+00
1.449120677045553521e+03 8.621042480468750000e+02 1.263481020927429199e+00
1.449141510560340521e+03 8.590914306640625000e+02 1.261660218238830566e+00
1.449162344074661632e+03 8.575502929687500000e+02 1.262783646583557129e+00
1.449183177587585533e+03 8.589482421875000000e+02 1.262046933174133301e+00
1.449204011100509433e+03 8.564210205078125000e+02 1.261715412139892578e+00
1.449224844612036577e+03 8.575166015625000000e+02 1.261767387390136719e+00
1.449245678123098060e+03 8.559796142578125000e+02 1.260826110839843750e+00
1.449266511633694563e+03 8.573330078125000000e+02 1.263199687004089355e+00
1.449287345142893628e+03 8.551199951171875000e+02 1.263506174087524414e+00
1.449308178652092465e+03 8.565190429687500000e+02 1.261151552200317383e+00
1.449329012159894546e+03 8.558603515625000000e+02 1.261806845664978027e+00
1.449349845667696627e+03 8.564097900390625000e+02 1.262514829635620117e+00
1.449370679174101042e+03 8.566146240234375000e+02 1.261750817298889160e+00
1.449391512680505912e+03 8.569439697265625000e+02 1.262223243713378906e+00
1.449412346185513343e+03 8.542307128906250000e+02 1.260963559150695801e+00
1.449433179690521911e+03 8.543551025390625000e+02 1.261458635330200195e+00
1.449454013194599611e+03 8.535317382812500000e+02 1.260623097419738770e+00
1.449474846698210058e+03 8.539566650390625000e+02 1.260573983192443848e+00
1.449495680200888501e+03 8.546887207031250000e+02 1.260852098464965820e+00
1.449516513703567398e+03 8.545111083984375000e+02 1.260452389717102051e+00
1.449537347205316109e+03 8.513377685546875000e+02 1.260465383529663086e+00
1.449558180706598478e+03 8.552897949218750000e+02 1.261620044708251953e+00
1.449579014207415639e+03 8.551740722656250000e+02 1.260575056076049805e+00
1.449599847707301478e+03 8.550916748046875000e+02 1.260383844375610352e+00
1.449620681207187999e+03 8.530598144531250000e+02 1.260507464408874512e+00
1.449641514706607495e+03 8.538599853515625000e+02 1.260453581809997559e+00
1.449662348205562012e+03 8.514228515625000000e+02 1.259568691253662109e+00
1.449683181704050639e+03 8.519379882812500000e+02 1.260178804397583008e+00
1.451808206582768435e+03 8.552174072265625000e+02 1.255562663078308105e+00
1.451829040216424573e+03 8.587281494140625000e+02 1.256303191184997559e+00
1.451849873848217158e+03 8.557182617187500000e+02 1.256055712699890137e+00
1.451870707478146414e+03 8.541331787109375000e+02 1.256753444671630859e+00
1.451891541106680506e+03 8.547446289062500000e+02 1.254838585853576660e+00
1.451912374732886519e+03 8.552358398437500000e+02 1.255538105964660645e+00
1.451933208357695094e+03 8.544431152343750000e+02 1.255786895751953125e+00
1.451954041981105547e+03 8.553033447265625000e+02 1.255793213844299316e+00
1.451974875602188604e+03 8.546285400390625000e+02 1.254898428916931152e+00
1.451995709221409015e+03 8.549509277343750000e+02 1.255732178688049316e+00
1.452016542839231533e+03 8.544028320312500000e+02 1.255446195602416992e+00
1.452037376455191406e+03 8.547178955078125000e+02 1.255358219146728516e+00
1.452058210068823882e+03 8.519587402343750000e+02 1.254220247268676758e+00
1.452079043681059375e+03 8.549538574218750000e+02 1.254835247993469238e+00
1.452099877291432449e+03 8.536582031250000000e+02 1.255568027496337891e+00
1.452120710900408540e+03 8.540617675781250000e+02 1.254646420478820801e+00
1.452141544507055642e+03 8.572734375000000000e+02 1.256191611289978027e+00
1.452162378112306442e+03 8.555953369140625000e+02 1.256569385528564453e+00
1.452183211715228026e+03 8.534592285156250000e+02 1.255450367927551270e+00
1.452204045316752399e+03 8.514360351562500000e+02 1.255266070365905762e+00
1.452224878916415037e+03 8.536896972656250000e+02 1.257337212562561035e+00
1.452245712514215029e+03 8.531651611328125000e+02 1.254992485046386719e+00
1.452266546110618037e+03 8.543455810546875000e+02 1.255672931671142578e+00
1.452287379704692512e+03 8.529366455078125000e+02 1.254711866378784180e+00
1.452308213297370457e+03 8.529272460937500000e+02 1.254531741142272949e+00
1.452329046888185530e+03 8.538940429687500000e+02 1.254966497421264648e+00
1.452349880477137049e+03 8.528200683593750000e+02 1.254682779312133789e+00
1.452370714064226377e+03 8.542326660156250000e+02 1.254755496978759766e+00
1.452391547649919630e+03 8.547756347656250000e+02 1.255557179450988770e+00
1.452412381233748874e+03 8.522089843750000000e+02 1.254223585128784180e+00
1.452433214816182499e+03 8.535937500000000000e+02 1.254551529884338379e+00
1.452454048396286908e+03 8.529630126953125000e+02 1.254513978958129883e+00
1.452474881974995014e+03 8.542482910156250000e+02 1.254575371742248535e+00
1.452495715552305455e+03 8.526353759765625000e+02 1.254499912261962891e+00
1.452516549127287362e+03 8.538083496093750000e+02 1.257339239120483398e+00
1.452537382700872513e+03 8.536564941406250000e+02 1.255051136016845703e+00
1.452558216273061589e+03 8.508680419921875000e+02 1.253509640693664551e+00
1.452579049843388020e+03 8.521861572265625000e+02 1.255161046981811523e+00
1.452599883411851351e+03 8.537658691406250000e+02 1.254950046539306641e+00
1.452620716978451128e+03 8.530043945312500000e+02 1.254669547080993652e+00
1.452641550544120491e+03 8.522304687500000000e+02 1.253913760185241699e+00
1.452662384107461548e+03 8.531069335937500000e+02 1.254242658615112305e+00
1.452683217669405167e+03 8.529085693359375000e+02 1.254872798919677734e+00
1.452704051229951574e+03 8.518099365234375000e+02 1.253517985343933105e+00
1.452724884788636473e+03 8.528824462890625000e+02 1.253880739212036133e+00
1.452745718345924615e+03 8.501612548828125000e+02 1.253489017486572266e+00
1.452766551901348521e+03 8.550939941406250000e+02 1.254557251930236816e+00
1.452787385455375443e+03 8.515625000000000000e+02 1.253725290298461914e+00
1.452808219007541084e+03 8.531562500000000000e+02 1.254017710685729980e+00
1.452829052558308831e+03 8.522847900390625000e+02 1.254356503486633301e+00
1.452849886107680504e+03 8.546586914062500000e+02 1.254266619682312012e+00
1.452870719655188623e+03 8.529172363281250000e+02 1.254127740859985352e+00
1.452891553201300439e+03 8.530305175781250000e+02 1.254707813262939453e+00
1.452912386745549611e+03 8.518536376953125000e+02 1.253936529159545898e+00
1.452933220288401571e+03 8.542530517578125000e+02 1.253988742828369141e+00
1.452954053829855638e+03 8.537312011718750000e+02 1.254241943359375000e+00
1.452974887369912494e+03 8.539061279296875000e+02 1.256246209144592285e+00
1.452995720908108979e+03 8.528641357421875000e+02 1.254736900329589844e+00
1.453016554444908024e+03 8.525902099609375000e+02 1.254070639610290527e+00
1.453037387979843061e+03 8.543330078125000000e+02 1.254207372665405273e+00
1.453058221513846547e+03 8.540363769531250000e+02 1.254321455955505371e+00
1.453079055045988525e+03 8.528801269531250000e+02 1.254075646400451660e+00
1.453099888576733065e+03 8.530803222656250000e+02 1.253981709480285645e+00
1.453120722106080393e+03 8.544333496093750000e+02 1.254627704620361328e+00
1.453141555633565986e+03 8.512214355468750000e+02 1.254723191261291504e+00
1.453162389160119574e+03 8.530646972656250000e+02 1.254469752311706543e+00
1.453183222684810517e+03 8.523928222656250000e+02 1.253591299057006836e+00
1.453204056208104703e+03 8.537961425781250000e+02 1.254392504692077637e+00
1.453224889730000541e+03 8.520798339843750000e+02 1.253573417663574219e+00
1.453245723250502124e+03 8.536829833984375000e+02 1.254022121429443359e+00
1.453266556769139470e+03 8.522341308593750000e+02 1.253630280494689941e+00
1.453287390286845493e+03 8.523103027343750000e+02 1.253520727157592773e+00
1.453308223802688644e+03 8.508992919921875000e+02 1.253836154937744141e+00
1.453329057317600473e+03 8.507825927734375000e+02 1.254068017005920410e+00
1.453349890830651020e+03 8.519523925781250000e+02 1.253521203994750977e+00
1.453370724342303674e+03 8.515213623046875000e+02 1.254534244537353516e+00
1.453391557852558435e+03 8.535603027343750000e+02 1.253979206085205078e+00
1.453412391361417122e+03 8.521093750000000000e+02 1.254754304885864258e+00
1.453433224869344485e+03 8.498336181640625000e+02 1.254263997077941895e+00
1.453454058375408295e+03 8.542481689453125000e+02 1.256072640419006348e+00
1.453474891880076029e+03 8.523519287109375000e+02 1.253835201263427734e+00
1.453495725383347462e+03 8.514448242187500000e+02 1.253544807434082031e+00
1.453516558885221457e+03 8.532773437500000000e+02 1.254218459129333496e+00
1.453537392385697331e+03 8.543308105468750000e+02 1.254626750946044922e+00
1.453558225884776448e+03 8.536568603515625000e+02 1.254324793815612793e+00
1.453579059382459945e+03 8.534844970703125000e+02 1.253913283348083496e+00
1.453599892878746459e+03 8.517946777343750000e+02 1.253639698028564453e+00
1.453620726374100286e+03 8.536500244140625000e+02 1.253947377204895020e+00
1.453641559867591468e+03 8.533071289062500000e+02 1.254466414451599121e+00
1.453662393359686575e+03 8.532950439453125000e+02 1.253622651100158691e+00
1.453683226850850588e+03 8.531518554687500000e+02 1.253637790679931641e+00
1.453704060340151500e+03 8.532208251953125000e+02 1.253680825233459473e+00
1.453724893828520635e+03 8.551151123046875000e+02 1.254429459571838379e+00
1.453745727315493014e+03 8.530205078125000000e+02 1.253603100776672363e+00
1.453766560801068408e+03 8.521925048828125000e+02 1.254391193389892578e+00
1.453787394285247501e+03 8.532714843750000000e+02 1.253923654556274414e+00
1.453808227768028473e+03 8.519781494140625000e+02 1.253398895263671875e+00
1.453829061249413371e+03 8.532023925781250000e+02 1.254129171371459961e+00
1.453849894729866492e+03 8.515620117187500000e+02 1.253532767295837402e+00
1.453870728208456512e+03 8.547880859375000000e+02 1.254573822021484375e+00
1.453891561686115892e+03 8.529744873046875000e+02 1.253626227378845215e+00
1.453912395162379426e+03 8.547391357421875000e+02 1.253998041152954102e+00
1.453933228637244611e+03 8.565714111328125000e+02 1.254557251930236816e+00
1.453954062111178018e+03 8.553779296875000000e+02 1.254479408264160156e+00
1.453974895583248554e+03 8.546112060546875000e+02 1.254680395126342773e+00
1.453995729054389358e+03 8.540793457031250000e+02 1.254657745361328125e+00
1.454016562524133406e+03 8.548983154296875000e+02 1.254526495933532715e+00
1.454037395992478650e+03 8.556379394531250000e+02 1.255173683166503906e+00
1.454058229459892573e+03 8.539040527343750000e+02 1.254876375198364258e+00
1.454079062925910421e+03 8.568723144531250000e+02 1.254978179931640625e+00
1.454099896390066533e+03 8.554782714843750000e+02 1.255299210548400879e+00
1.454120729853756529e+03 8.540172119140625000e+02 1.255752801895141602e+00
1.454141563315582971e+03 8.532595214843750000e+02 1.253742814064025879e+00
1.454162396776477635e+03 8.543323974609375000e+02 1.254303455352783203e+00
1.454183230235976907e+03 8.564580078125000000e+02 1.255403995513916016e+00
1.454204063694079423e+03 8.524748535156250000e+02 1.253660917282104492e+00
1.454224897151248570e+03 8.534980468750000000e+02 1.254741430282592773e+00
1.454245730607021414e+03 8.530794677734375000e+02 1.253967642784118652e+00
1.454266564061397503e+03 8.509508056640625000e+02 1.253714919090270996e+00
1.454287397514377972e+03 8.517897949218750000e+02 1.253525972366333008e+00
1.454308230966425526e+03 8.508168945312500000e+02 1.256232738494873047e+00
1.454329064417076097e+03 8.498907470703125000e+02 1.254694342613220215e+00
1.454349897866795573e+03 8.522733154296875000e+02 1.256237030029296875e+00
1.454370731314653540e+03 8.494571533203125000e+02 1.252981781959533691e+00
1.454391564761579048e+03 8.485954589843750000e+02 1.252880930900573730e+00
1.454412398207573005e+03 8.489340820312500000e+02 1.253098845481872559e+00
1.454433231652170434e+03 8.497648925781250000e+02 1.252657651901245117e+00
1.454454065095370879e+03 8.483286132812500000e+02 1.253509759902954102e+00
1.454474898537174340e+03 8.491623535156250000e+02 1.253469347953796387e+00
1.454495731978046479e+03 8.511232910156250000e+02 1.253543376922607422e+00
1.454516565417521633e+03 8.509250488281250000e+02 1.253377795219421387e+00
1.454537398856065465e+03 8.486132812500000000e+02 1.252576470375061035e+00
1.454558232293211859e+03 8.493955078125000000e+02 1.252731442451477051e+00
1.454579065728961496e+03 8.496176757812500000e+02 1.255810379981994629e+00
1.454620732597201823e+03 8.546254882812500000e+02 1.254241466522216797e+00
1.454641566029692513e+03 8.532028808593750000e+02 1.254258871078491211e+00
1.454662399460785537e+03 8.545705566406250000e+02 1.254088163375854492e+00
1.454683232890481577e+03 8.541662597656250000e+02 1.254117250442504883e+00
1.454704066319246522e+03 8.535615234375000000e+02 1.254062056541442871e+00
1.454724899746614483e+03 8.514219970703125000e+02 1.253167629241943359e+00
1.454745733173051121e+03 8.523303222656250000e+02 1.253631591796875000e+00
1.454766566598090549e+03 8.516701660156250000e+02 1.253188967704772949e+00
1.454787400021733447e+03 8.515279541015625000e+02 1.253447651863098145e+00
1.454808233444444568e+03 8.506556396484375000e+02 1.253343701362609863e+00
1.454829066866224366e+03 8.509831542968750000e+02 1.253032922744750977e+00
1.454849900286607408e+03 8.514114990234375000e+02 1.253280043601989746e+00
1.454870733705593466e+03 8.528441162109375000e+02 1.253802418708801270e+00
1.454891567123648429e+03 8.537189941406250000e+02 1.253623247146606445e+00
1.454912400540306407e+03 8.521588134765625000e+02 1.253553152084350586e+00
1.454933233956032382e+03 8.553520507812500000e+02 1.256350159645080566e+00
1.454954067370361827e+03 8.527639160156250000e+02 1.253438711166381836e+00
1.454974900783760404e+03 8.491580810546875000e+02 1.252553462982177734e+00
1.454995734195761543e+03 8.530639648437500000e+02 1.253321766853332520e+00
1.455016567606365470e+03 8.512705078125000000e+02 1.253416776657104492e+00
1.455037401016038984e+03 8.526235351562500000e+02 1.252980947494506836e+00
1.455058234424780494e+03 8.501651611328125000e+02 1.252426385879516602e+00
1.455079067832124110e+03 8.524438476562500000e+02 1.253320217132568359e+00
1.455099901238537541e+03 8.519448242187500000e+02 1.253039360046386719e+00
1.455120734643553988e+03 8.500533447265625000e+02 1.252774596214294434e+00
1.455141568047173678e+03 8.530814208984375000e+02 1.253629922866821289e+00
1.455162401449860454e+03 8.516191406250000000e+02 1.253682136535644531e+00
1.455183234851617499e+03 8.511140136718750000e+02 1.253737211227416992e+00
1.455204068251977333e+03 8.520952148437500000e+02 1.253295898437500000e+00
1.455224901651406071e+03 8.515898437500000000e+02 1.252845406532287598e+00
1.455245735049436462e+03 8.506383056640625000e+02 1.252897977828979492e+00
1.455266568446536439e+03 8.537409667968750000e+02 1.254247665405273438e+00
1.455287401842239888e+03 8.521336669921875000e+02 1.254496216773986816e+00
1.455308235237012468e+03 8.522393798828125000e+02 1.253299474716186523e+00
1.455329068630386018e+03 8.513726806640625000e+02 1.252867817878723145e+00
1.455349902022829610e+03 8.522687988281250000e+02 1.252947330474853516e+00
1.455370735413876446e+03 8.505368652343750000e+02 1.253021836280822754e+00
1.455391568803991504e+03 8.499553222656250000e+02 1.252863168716430664e+00
1.455412402193174330e+03 8.519400634765625000e+02 1.252610921859741211e+00
1.455433235580961536e+03 8.509792480468750000e+02 1.253338456153869629e+00
1.455454068967817420e+03 8.512603759765625000e+02 1.252854466438293457e+00
1.455474902353275866e+03 8.499014892578125000e+02 1.252544164657592773e+00
1.455495735737803443e+03 8.501971435546875000e+02 1.252401471138000488e+00
1.455516569120933582e+03 8.503424072265625000e+02 1.253215312957763672e+00
1.455537402503131943e+03 8.507805175781250000e+02 1.252392768859863281e+00
1.455558235883933548e+03 8.507404785156250000e+02 1.253182649612426758e+00
1.455579069263804513e+03 8.526304931640625000e+02 1.253588199615478516e+00
1.455599902642743473e+03 8.505340576171875000e+02 1.252370238304138184e+00
1.455620736020285449e+03 8.504919433593750000e+02 1.252325415611267090e+00
1.455641569396897012e+03 8.499997558593750000e+02 1.251783847808837891e+00
1.455662402772576570e+03 8.489279785156250000e+02 1.252848029136657715e+00
1.455683236146858462e+03 8.514373779296875000e+02 1.252414107322692871e+00
1.455704069519744507e+03 8.501741943359375000e+02 1.252717733383178711e+00
1.455724902891699003e+03 8.509986572265625000e+02 1.252910375595092773e+00
1.455745736262721948e+03 8.513386230468750000e+02 1.253162980079650879e+00
1.455766569632812434e+03 8.504914550781250000e+02 1.252213358879089355e+00
1.455787403001507982e+03 8.502330322265625000e+02 1.252011775970458984e+00
1.455808236368806547e+03 8.522111816406250000e+02 1.252281069755554199e+00
1.455829069735171970e+03 8.506838378906250000e+02 1.252513766288757324e+00
1.455849903100606980e+03 8.508078613281250000e+02 1.252797365188598633e+00
1.455870736465111577e+03 8.527087402343750000e+02 1.253258824348449707e+00
1.455891569828218508e+03 8.509978027343750000e+02 1.252349972724914551e+00
1.455912403190392979e+03 8.512880859375000000e+02 1.252307176589965820e+00
1.455933236551170921e+03 8.520871582031250000e+02 1.252454400062561035e+00
1.455954069911018905e+03 8.509565429687500000e+02 1.252066373825073242e+00
1.455974903269934430e+03 8.535124511718750000e+02 1.253578543663024902e+00
1.455995736627453425e+03 8.529794921875000000e+02 1.252452254295349121e+00
1.456016569984040416e+03 8.501979980468750000e+02 1.252656221389770508e+00
1.456037403339231560e+03 8.504637451171875000e+02 1.251825809478759766e+00
1.456058236693490926e+03 8.526099853515625000e+02 1.254083991050720215e+00
1.456079070046818970e+03 8.536774902343750000e+02 1.253751516342163086e+00
1.456099903399214554e+03 8.541535644531250000e+02 1.252496600151062012e+00
1.456120736750214974e+03 8.509599609375000000e+02 1.252040743827819824e+00
1.456141570099818637e+03 8.531115722656250000e+02 1.252547383308410645e+00
1.456162403448954592e+03 8.513369140625000000e+02 1.252168178558349609e+00
1.456183236796694018e+03 8.535255126953125000e+02 1.254363179206848145e+00
1.456204070143503486e+03 8.533941650390625000e+02 1.254479765892028809e+00
1.456224903488914606e+03 8.537158203125000000e+02 1.253650784492492676e+00
1.456245736833394403e+03 8.521163330078125000e+02 1.251890897750854492e+00
1.456266570176942878e+03 8.538283691406250000e+02 1.252603292465209961e+00
1.456287403519095506e+03 8.519273681640625000e+02 1.252246737480163574e+00
1.456308236860316356e+03 8.511604003906250000e+02 1.252498507499694824e+00
1.456329070200605429e+03 8.535386962890625000e+02 1.252580881118774414e+00
1.456349903539498428e+03 8.536285400390625000e+02 1.253602862358093262e+00
1.456370736877459422e+03 8.532591552734375000e+02 1.252599358558654785e+00
1.456391570214489548e+03 8.526837158203125000e+02 1.252914428710937500e+00
1.456412403550122008e+03 8.544920654296875000e+02 1.252569913864135742e+00
1.456433236884822463e+03 8.539558105468750000e+02 1.252732634544372559e+00
1.456454070218592960e+03 8.543171386718750000e+02 1.253329515457153320e+00
1.456474903551432362e+03 8.539356689453125000e+02 1.252367377281188965e+00
1.456495736882874553e+03 8.528654785156250000e+02 1.252748250961303711e+00
1.456516570212919532e+03 8.527680664062500000e+02 1.253161907196044922e+00
1.456537403542498396e+03 8.531145019531250000e+02 1.252694129943847656e+00
1.456558236870680503e+03 8.520498046875000000e+02 1.252159595489501953e+00
1.456579070197931969e+03 8.526406250000000000e+02 1.253139257431030273e+00
1.456599903524251658e+03 8.531298828125000000e+02 1.252139806747436523e+00
1.456620736849173454e+03 8.512219238281250000e+02 1.252560138702392578e+00
1.456641570173165064e+03 8.532272949218750000e+02 1.252785325050354004e+00
1.456662403495759463e+03 8.532476806640625000e+02 1.252383470535278320e+00
1.456683236817887519e+03 8.525490722656250000e+02 1.252258777618408203e+00
1.456704070138619045e+03 8.538865966796875000e+02 1.253024220466613770e+00
1.456724903458419476e+03 8.515032958984375000e+02 1.251876592636108398e+00
1.456745736776823378e+03 8.524655761718750000e+02 1.252334237098693848e+00
1.456766570094294821e+03 8.502078857421875000e+02 1.252466082572937012e+00
1.456787403410835395e+03 8.518120117187500000e+02 1.251680374145507812e+00
1.456808236726444648e+03 8.522153320312500000e+02 1.252377986907958984e+00
1.456829070040658053e+03 8.514952392578125000e+02 1.251840710639953613e+00
1.456849903353938316e+03 8.521228027343750000e+02 1.251793384552001953e+00
1.456870736666287939e+03 8.505483398437500000e+02 1.252677083015441895e+00
1.456891569977241488e+03 8.500623779296875000e+02 1.251226544380187988e+00
1.456912403287262578e+03 8.509642333984375000e+02 1.251237630844116211e+00
1.456933236596352572e+03 8.519633789062500000e+02 1.251655101776123047e+00
1.456954069904511471e+03 8.505601806640625000e+02 1.251423835754394531e+00
1.456974903211273613e+03 8.521478271484375000e+02 1.251780152320861816e+00
1.456995736517103978e+03 8.519082031250000000e+02 1.252158641815185547e+00
1.457016569822003021e+03 8.531617431640625000e+02 1.251712083816528320e+00
1.457037403125970513e+03 8.510380859375000000e+02 1.251707673072814941e+00
1.457058236428541932e+03 8.498016357421875000e+02 1.252035856246948242e+00
1.457079069730181573e+03 8.514437255859375000e+02 1.251240372657775879e+00
1.457099903030888981e+03 8.509582519531250000e+02 1.252024292945861816e+00
1.457120736330200089e+03 8.537152099609375000e+02 1.254521012306213379e+00
1.457141569628580555e+03 8.525626220703125000e+02 1.251809835433959961e+00
1.457162402926029927e+03 8.495452880859375000e+02 1.250619649887084961e+00
1.457183236222546839e+03 8.504246826171875000e+02 1.250918745994567871e+00
1.457204069517666539e+03 8.526562500000000000e+02 1.253198981285095215e+00
1.457224902811856055e+03 8.512473144531250000e+02 1.251418948173522949e+00
1.457245736105114020e+03 8.508980712890625000e+02 1.251408815383911133e+00
1.457266569397439525e+03 8.493681640625000000e+02 1.251457691192626953e+00
1.457287402688368957e+03 8.521661376953125000e+02 1.252209782600402832e+00
1.457308235978367520e+03 8.514370117187500000e+02 1.251550912857055664e+00
1.457329069267433624e+03 8.523275146484375000e+02 1.251507043838500977e+00
1.457349902555103426e+03 8.493804931640625000e+02 1.251283526420593262e+00
1.457370735842307113e+03 8.513730468750000000e+02 1.251636862754821777e+00
1.457391569128114952e+03 8.540069580078125000e+02 1.252297401428222656e+00
1.457412402412991014e+03 8.519080810546875000e+02 1.252121686935424805e+00
1.457433235696469183e+03 8.517727050781250000e+02 1.252020359039306641e+00
1.457454068979481917e+03 8.487733154296875000e+02 1.250570058822631836e+00
1.457474902261098578e+03 8.517995605468750000e+02 1.251956343650817871e+00
1.457495735541317572e+03 8.509584960937500000e+02 1.251381635665893555e+00
1.457516568821070450e+03 8.526634521484375000e+02 1.251562356948852539e+00
1.457537402099427482e+03 8.516821289062500000e+02 1.251085281372070312e+00
1.457558235376852963e+03 8.515657958984375000e+02 1.251544833183288574e+00
1.457579068653346894e+03 8.526671142578125000e+02 1.251966834068298340e+00
1.457620735203073991e+03 8.540821533203125000e+02 1.252564430236816406e+00
1.457641568476774410e+03 8.540025634765625000e+02 1.253922462463378906e+00
1.457662401748611501e+03 8.548078613281250000e+02 1.252692341804504395e+00
1.457683235019983385e+03 8.566938476562500000e+02 1.252366304397583008e+00
1.457704068290423493e+03 8.542950439453125000e+02 1.252349615097045898e+00
1.457724901548757089e+03 8.549067382812500000e+02 1.252326846122741699e+00
1.457745734816869572e+03 8.571087646484375000e+02 1.253455400466918945e+00
1.457766568084049595e+03 8.550102539062500000e+02 1.251527428627014160e+00
1.457787401349833544e+03 8.579692382812500000e+02 1.253722667694091797e+00
1.457808234615150923e+03 8.538937988281250000e+02 1.251294732093811035e+00
1.457829067879071999e+03 8.559912109375000000e+02 1.252110481262207031e+00
1.457849901142062436e+03 8.588666992187500000e+02 1.253737688064575195e+00
1.457870734403654296e+03 8.575462646484375000e+02 1.252765774726867676e+00
1.457891567664315971e+03 8.580916748046875000e+02 1.253475785255432129e+00
1.457912400924511985e+03 8.597689208984375000e+02 1.254169225692749023e+00
1.457933234183311015e+03 8.558481445312500000e+02 1.251814246177673340e+00
1.457954067440713061e+03 8.594743652343750000e+02 1.253823637962341309e+00
1.457974900697648081e+03 8.594182128906250000e+02 1.253661751747131348e+00
1.457995733953187937e+03 8.578322753906250000e+02 1.253043770790100098e+00
1.458016567207796015e+03 8.578599853515625000e+02 1.253032088279724121e+00
1.458037400461471861e+03 8.581654052734375000e+02 1.253494381904602051e+00
1.458058233713751633e+03 8.565946044921875000e+02 1.252824544906616211e+00
1.458079066965564834e+03 8.570667724609375000e+02 1.252314925193786621e+00
1.458099900215981961e+03 8.565780029296875000e+02 1.252590060234069824e+00
1.458120733465467310e+03 8.606975097656250000e+02 1.253484010696411133e+00
1.458141566713555903e+03 8.561713867187500000e+02 1.253213405609130859e+00
1.458162399961179517e+03 8.564777832031250000e+02 1.252729058265686035e+00
1.458183233207405465e+03 8.575833740234375000e+02 1.252642035484313965e+00
1.458204066452699408e+03 8.554947509765625000e+02 1.252348184585571289e+00
1.458224899697062483e+03 8.562351074218750000e+02 1.254077076911926270e+00
1.458245732940494918e+03 8.573487548828125000e+02 1.252837777137756348e+00
1.458266566182530369e+03 8.566574707031250000e+02 1.253325223922729492e+00
1.458287399423633360e+03 8.580347900390625000e+02 1.252979755401611328e+00
1.458308232663805029e+03 8.573262939453125000e+02 1.253158926963806152e+00
1.458329065903046512e+03 8.572868652343750000e+02 1.252617597579956055e+00
1.458349899140891011e+03 8.583920898437500000e+02 1.253249049186706543e+00
1.458370732378269622e+03 8.594511718750000000e+02 1.254423618316650391e+00
1.458391565614250339e+03 8.567312011718750000e+02 1.252750754356384277e+00
1.458412398849301098e+03 8.576953125000000000e+02 1.252784490585327148e+00
1.458433232082953509e+03 8.575035400390625000e+02 1.252988815307617188e+00
1.458454065316141623e+03 8.566181640625000000e+02 1.252467393875122070e+00
1.458474898547931389e+03 8.563105468750000000e+02 1.252189397811889648e+00
1.458495731778790969e+03 8.561759033203125000e+02 1.252421975135803223e+00
1.458516565008719454e+03 8.544448242187500000e+02 1.252596259117126465e+00
1.458537398237714569e+03 8.546008300781250000e+02 1.251886129379272461e+00
1.458558231465314066e+03 8.536447753906250000e+02 1.251706719398498535e+00
1.458579064692447901e+03 8.539998779296875000e+02 1.251222133636474609e+00
1.458599897918184979e+03 8.554090576171875000e+02 1.252346396446228027e+00
1.458620731142990508e+03 8.545380859375000000e+02 1.251641631126403809e+00
1.458641564366399052e+03 8.534333496093750000e+02 1.251562237739562988e+00
1.458662397589342618e+03 8.521641845703125000e+02 1.251404881477355957e+00
1.458683230810887835e+03 8.546357421875000000e+02 1.251811146736145020e+00
1.458704064031502639e+03 8.566623535156250000e+02 1.252202153205871582e+00
1.458724897251185439e+03 8.548791503906250000e+02 1.251707911491394043e+00
1.458745730469471937e+03 8.531379394531250000e+02 1.250861167907714844e+00
1.458766563687293001e+03 8.564304199218750000e+02 1.253223538398742676e+00
1.458787396903716399e+03 8.548913574218750000e+02 1.251833915710449219e+00
1.458808230119208474e+03 8.535158691406250000e+02 1.251785397529602051e+00
1.458829063333769454e+03 8.526391601562500000e+02 1.250949025154113770e+00
1.458849896547399112e+03 8.509506835937500000e+02 1.250209212303161621e+00
1.458870729759631558e+03 8.545258789062500000e+02 1.251933932304382324e+00
1.458891562970932910e+03 8.529079589843750000e+02 1.251968979835510254e+00
1.458912396181303393e+03 8.542054443359375000e+02 1.251016259193420410e+00
1.458933229390742554e+03 8.537336425781250000e+02 1.251242637634277344e+00
1.458954062599250392e+03 8.557003173828125000e+02 1.252934932708740234e+00
1.458974895806360564e+03 8.526563720703125000e+02 1.250727415084838867e+00
1.458995729013005075e+03 8.550645751953125000e+02 1.252584934234619141e+00
1.459016562218252602e+03 8.563637695312500000e+02 1.251908540725708008e+00
1.459037395422569034e+03 8.549249267578125000e+02 1.251609802246093750e+00
1.459058228625488482e+03 8.550581054687500000e+02 1.252387166023254395e+00
1.459079061827942041e+03 8.550740966796875000e+02 1.253710269927978516e+00
1.459099895028999526e+03 8.534957275390625000e+02 1.251264929771423340e+00
1.459120728229125007e+03 8.552164306640625000e+02 1.251774311065673828e+00
1.459141561428319164e+03 8.548710937500000000e+02 1.251858353614807129e+00
1.459162394626582000e+03 8.563120117187500000e+02 1.251636624336242676e+00
1.459183227823447851e+03 8.551016845703125000e+02 1.251316785812377930e+00
1.459204061019847813e+03 8.546472167968750000e+02 1.251274228096008301e+00
1.459224894214851020e+03 8.543276367187500000e+02 1.253566265106201172e+00
1.459245727408922448e+03 8.545791015625000000e+02 1.251198053359985352e+00
1.459266560601598030e+03 8.550368652343750000e+02 1.251588702201843262e+00
1.459287393793807496e+03 8.539663085937500000e+02 1.252980709075927734e+00
1.459308226984619523e+03 8.533488769531250000e+02 1.255612969398498535e+00
1.459329060174500455e+03 8.566599121093750000e+02 1.251675009727478027e+00
1.459349893363450064e+03 8.556184082031250000e+02 1.251682281494140625e+00
1.459370726551469033e+03 8.558137207031250000e+02 1.251722812652587891e+00
1.459391559738555543e+03 8.568967285156250000e+02 1.254122614860534668e+00
1.459412392924245523e+03 8.565610351562500000e+02 1.252505898475646973e+00
1.459433226109003499e+03 8.525745849609375000e+02 1.250697612762451172e+00
1.459454059292831971e+03 8.543002929687500000e+02 1.251711726188659668e+00
1.459474892475727302e+03 8.555996093750000000e+02 1.251565098762512207e+00
1.459495725657691992e+03 8.573127441406250000e+02 1.252223968505859375e+00
1.459516558838260153e+03 8.574260253906250000e+02 1.252606987953186035e+00
1.459537392018361970e+03 8.577231445312500000e+02 1.253024816513061523e+00
1.459558225197067031e+03 8.558818359375000000e+02 1.252309679985046387e+00
1.459579058374840997e+03 8.595772705078125000e+02 1.252752065658569336e+00
1.459599891551217524e+03 8.582563476562500000e+02 1.253497600555419922e+00
1.459620724727129527e+03 8.585283203125000000e+02 1.252796411514282227e+00
1.459641557901643409e+03 8.569792480468750000e+02 1.252396464347839355e+00
1.459662391075225969e+03 8.586791992187500000e+02 1.252516031265258789e+00
1.459683224247877433e+03 8.574188232421875000e+02 1.254708409309387207e+00
1.459704057419598485e+03 8.550411376953125000e+02 1.251742959022521973e+00
1.459724890590387076e+03 8.534340820312500000e+02 1.250901222229003906e+00
1.459745723759778912e+03 8.522065429687500000e+02 1.254398107528686523e+00
1.459766556928239424e+03 8.530380859375000000e+02 1.251387119293212891e+00
1.459787390095768387e+03 8.523580322265625000e+02 1.251188874244689941e+00
1.459808223262366027e+03 8.495646972656250000e+02 1.251079678535461426e+00
1.459829056428032573e+03 8.510017089843750000e+02 1.251134753227233887e+00
1.459849889592301906e+03 8.502839355468750000e+02 1.250290870666503906e+00
1.459870722755641054e+03 8.492973632812500000e+02 1.250117897987365723e+00
1.459891555918047516e+03 8.511215820312500000e+02 1.250260591506958008e+00
1.459912389079523109e+03 8.516781005859375000e+02 1.251761078834533691e+00
1.459933222240068062e+03 8.519155273437500000e+02 1.250745058059692383e+00
1.459954055399215576e+03 8.517275390625000000e+02 1.250440359115600586e+00
1.459974888557896520e+03 8.524737548828125000e+02 1.250584125518798828e+00
1.459995721715181389e+03 8.501112060546875000e+02 1.251385927200317383e+00
1.460016554871534936e+03 8.496464843750000000e+02 1.250403165817260742e+00
1.460037388026957615e+03 8.514494628906250000e+02 1.250924110412597656e+00
1.460058221180982400e+03 8.495812988281250000e+02 1.250008463859558105e+00
1.460079054334541524e+03 8.508740234375000000e+02 1.250101923942565918e+00
1.460099887486704120e+03 8.522294921875000000e+02 1.250947833061218262e+00
1.460120720637935392e+03 8.507968750000000000e+02 1.250473499298095703e+00
1.460141553788236024e+03 8.506365966796875000e+02 1.251100420951843262e+00
1.460162386937138308e+03 8.511593017578125000e+02 1.250413298606872559e+00
1.460183220085574931e+03 8.527309570312500000e+02 1.252315640449523926e+00
1.460204053232615479e+03 8.515236816406250000e+02 1.250416278839111328e+00
1.460224886378724932e+03 8.513391113281250000e+02 1.250298619270324707e+00
1.460245719523902153e+03 8.506242675781250000e+02 1.250129222869873047e+00
1.460266552668148051e+03 8.515069580078125000e+02 1.251562476158142090e+00
1.460287385810997421e+03 8.530825195312500000e+02 1.250800251960754395e+00
1.460308218953380901e+03 8.529969482421875000e+02 1.250714063644409180e+00
1.460329052094367398e+03 8.529838867187500000e+02 1.250843048095703125e+00
1.460349885234422345e+03 8.530961914062500000e+02 1.251171112060546875e+00
1.460370718373081445e+03 8.547534179687500000e+02 1.250936627388000488e+00
1.460391551511273974e+03 8.566755371093750000e+02 1.252055287361145020e+00
1.460412384648069292e+03 8.582768554687500000e+02 1.253092527389526367e+00
1.460433217784398948e+03 8.595076904296875000e+02 1.252608656883239746e+00
1.460454050919332531e+03 8.591994628906250000e+02 1.252437591552734375e+00
1.460474884053334335e+03 8.604257812500000000e+02 1.253031730651855469e+00
1.460495717185939156e+03 8.655563964843750000e+02 1.255976080894470215e+00
1.460516550318077407e+03 8.610336914062500000e+02 1.253626942634582520e+00
1.460537383448820037e+03 8.607097167968750000e+02 1.253284811973571777e+00
1.460558216578630891e+03 8.634311523437500000e+02 1.253669500350952148e+00
1.460579049707509967e+03 8.593801269531250000e+02 1.252521038055419922e+00
1.460620715962009399e+03 8.653540039062500000e+02 1.254030108451843262e+00
1.460641549088094962e+03 8.638671875000000000e+02 1.253369331359863281e+00
1.460662382212783086e+03 8.618479003906250000e+02 1.253750562667846680e+00
1.460683215336539888e+03 8.649239501953125000e+02 1.253890037536621094e+00
1.460704048459365822e+03 8.656159667968750000e+02 1.256172180175781250e+00
1.460724881581260888e+03 8.596252441406250000e+02 1.253093481063842773e+00
1.460745714701758061e+03 8.611430664062500000e+02 1.253618955612182617e+00
1.460766547821323911e+03 8.610388183593750000e+02 1.252943158149719238e+00
1.460787380939958894e+03 8.572138671875000000e+02 1.251328706741333008e+00
1.460808214057663008e+03 8.574770507812500000e+02 1.251690268516540527e+00
1.460829047174434436e+03 8.580892333984375000e+02 1.251964211463928223e+00
1.460849880290274996e+03 8.563277587890625000e+02 1.251615047454833984e+00
1.460870713404719481e+03 8.574932861328125000e+02 1.251796603202819824e+00
1.460891546518231962e+03 8.571774902343750000e+02 1.251456975936889648e+00
1.460912379630813575e+03 8.575473632812500000e+02 1.251354575157165527e+00
1.460933212742462956e+03 8.597180175781250000e+02 1.252174377441406250e+00
1.460954045853181469e+03 8.580684814453125000e+02 1.251745223999023438e+00
1.460974878962503908e+03 8.600517578125000000e+02 1.252496242523193359e+00
1.460995712070894569e+03 8.580690917968750000e+02 1.253057122230529785e+00
1.461016545178818433e+03 8.555399169921875000e+02 1.251794576644897461e+00
1.461037378284881015e+03 8.593383789062500000e+02 1.252284288406372070e+00
1.461058211390477481e+03 8.599528808593750000e+02 1.252940535545349121e+00
1.461079044495142625e+03 8.576898193359375000e+02 1.251574277877807617e+00
1.461099877598409876e+03 8.564174804687500000e+02 1.251215338706970215e+00
1.461120710700746940e+03 8.549074707031250000e+02 1.251895666122436523e+00
1.461141543802152455e+03 8.554667968750000000e+02 1.251906991004943848e+00
1.461162376902626420e+03 8.539543457031250000e+02 1.249992012977600098e+00
1.461183210002168835e+03 8.546451416015625000e+02 1.251965284347534180e+00
1.461204043100314948e+03 8.534531250000000000e+02 1.250028133392333984e+00
1.461224876197995400e+03 8.538083496093750000e+02 1.251753449440002441e+00
1.461245709294278640e+03 8.526816406250000000e+02 1.249985098838806152e+00
1.461266542389629421e+03 8.546684570312500000e+02 1.250556945800781250e+00
1.461287375484050926e+03 8.525283203125000000e+02 1.249629497528076172e+00
1.461308208577074538e+03 8.522551269531250000e+02 1.251024961471557617e+00
1.461329041669632034e+03 8.542949218750000000e+02 1.250328660011291504e+00
1.461349874760793000e+03 8.524309082031250000e+02 1.250280380249023438e+00
1.461370707851022416e+03 8.532823486328125000e+02 1.249672293663024902e+00
1.461391540940320965e+03 8.506558837890625000e+02 1.249300956726074219e+00
1.461412374028688646e+03 8.521192626953125000e+02 1.250272154808044434e+00
1.461433207115658433e+03 8.520997314453125000e+02 1.249235868453979492e+00
1.461454040202162105e+03 8.507901611328125000e+02 1.249218583106994629e+00
1.461474873287269929e+03 8.501436767578125000e+02 1.249727249145507812e+00
1.461495706371445522e+03 8.528408203125000000e+02 1.249865889549255371e+00
1.461516539454690474e+03 8.519025878906250000e+02 1.250437617301940918e+00
1.461537372537003648e+03 8.488532714843750000e+02 1.248355746269226074e+00
1.461558205618385500e+03 8.486605224609375000e+02 1.248628616333007812e+00
1.461579038698371505e+03 8.506339111328125000e+02 1.249081969261169434e+00
1.461599871777424596e+03 8.517166748046875000e+02 1.250498533248901367e+00
1.461620704855546592e+03 8.516527099609375000e+02 1.249329924583435059e+00
1.461641537932737492e+03 8.503039550781250000e+02 1.248949170112609863e+00
1.461662371008997980e+03 8.532800292968750000e+02 1.249958992004394531e+00
1.461683204084326007e+03 8.541481933593750000e+02 1.250310897827148438e+00
1.461704037158722940e+03 8.536019287109375000e+02 1.250956058502197266e+00
1.461724870231722889e+03 8.484797363281250000e+02 1.248664855957031250e+00
1.461745703303791970e+03 8.530019531250000000e+02 1.249662280082702637e+00
1.461766536374929501e+03 8.526947021484375000e+02 1.251401305198669434e+00
1.461787369445135482e+03 8.526628417968750000e+02 1.249905705451965332e+00
1.461808202514411050e+03 8.524433593750000000e+02 1.250035047531127930e+00
1.461829035582754386e+03 8.514906005859375000e+02 1.250693202018737793e+00
1.461849868649700511e+03 8.526442871093750000e+02 1.250118732452392578e+00
1.461870701716180974e+03 8.514938964843750000e+02 1.250665545463562012e+00
1.461891534781264909e+03 8.545772705078125000e+02 1.250579953193664551e+00
1.461912367845417521e+03 8.536890869140625000e+02 1.250431060791015625e+00
1.461933200908638355e+03 8.544133300781250000e+02 1.250918745994567871e+00
1.461954033970929004e+03 8.529404296875000000e+02 1.250930905342102051e+00
1.461974867032287420e+03 8.508685302734375000e+02 1.249843597412109375e+00
1.461995700092249990e+03 8.536193847656250000e+02 1.250357747077941895e+00
1.462016533151745534e+03 8.521735839843750000e+02 1.249326705932617188e+00
1.462037366209844095e+03 8.529123535156250000e+02 1.249708175659179688e+00
1.462058199267477448e+03 8.541831054687500000e+02 1.249991893768310547e+00
1.462079032323714046e+03 8.543087158203125000e+02 1.251344680786132812e+00
1.462099865379019548e+03 8.554034423828125000e+02 1.250654458999633789e+00
1.462120698433392590e+03 8.553758544921875000e+02 1.250690460205078125e+00
1.462141531486834992e+03 8.542382812500000000e+02 1.252130627632141113e+00
1.462162364539346527e+03 8.548531494140625000e+02 1.251146197319030762e+00
1.462183197590459486e+03 8.567634277343750000e+02 1.251545906066894531e+00
1.462204030641107465e+03 8.559063720703125000e+02 1.251019954681396484e+00
1.462224863690825032e+03 8.566181640625000000e+02 1.250824928283691406e+00
1.462245696739146069e+03 8.528098144531250000e+02 1.249944090843200684e+00
1.462266529787000309e+03 8.555683593750000000e+02 1.250593662261962891e+00
1.462287362833456882e+03 8.534094238281250000e+02 1.250609159469604492e+00
1.462308195879449613e+03 8.558283691406250000e+02 1.250208497047424316e+00
1.462329028924043996e+03 8.567819824218750000e+02 1.251075863838195801e+00
1.462349861968173172e+03 8.540623779296875000e+02 1.250145673751831055e+00
1.462370695010904910e+03 8.550072021484375000e+02 1.250149130821228027e+00
1.462391528052706917e+03 8.562221679687500000e+02 1.250729203224182129e+00
1.462412361094041898e+03 8.550129394531250000e+02 1.249978065490722656e+00
1.462433194133979441e+03 8.519516601562500000e+02 1.249858379364013672e+00
1.462454027172986116e+03 8.527521972656250000e+02 1.249193787574768066e+00
1.462474860211527357e+03 8.512308349609375000e+02 1.249499440193176270e+00
1.462495693248672069e+03 8.536723632812500000e+02 1.249471902847290039e+00
1.462516526284884549e+03 8.495535888671875000e+02 1.248460888862609863e+00
1.462537359320632049e+03 8.509881591796875000e+02 1.250449061393737793e+00
1.462558192354982566e+03 8.523132324218750000e+02 1.249360918998718262e+00
1.462579025388866967e+03 8.499050292968750000e+02 1.248833298683166504e+00
1.462599858421820500e+03 8.482238769531250000e+02 1.248107910156250000e+00
1.462620691453376367e+03 8.520762939453125000e+02 1.251236677169799805e+00
1.462641524484467936e+03 8.491875000000000000e+02 1.249273300170898438e+00
1.462662357514627502e+03 8.484975585937500000e+02 1.249228477478027344e+00
1.462683190544320951e+03 8.512453613281250000e+02 1.248732566833496094e+00
1.462704023572617643e+03 8.498708496093750000e+02 1.248302817344665527e+00
1.462724856599982104e+03 8.512160644531250000e+02 1.248601555824279785e+00
1.462745689626882950e+03 8.509700927734375000e+02 1.248749017715454102e+00
1.462766522652851563e+03 8.522309570312500000e+02 1.249360680580139160e+00
1.462787355677887490e+03 8.521737060546875000e+02 1.248818874359130859e+00
1.462808188702458438e+03 8.525843505859375000e+02 1.249336242675781250e+00
1.462829021725633538e+03 8.541195068359375000e+02 1.249793410301208496e+00
1.462849854748342977e+03 8.501978759765625000e+02 1.248241066932678223e+00
1.462870687770585846e+03 8.503635253906250000e+02 1.248588681221008301e+00
1.462891520791431503e+03 8.491326904296875000e+02 1.248088836669921875e+00
1.462912353811812409e+03 8.495224609375000000e+02 1.248014450073242188e+00
1.462933186831261537e+03 8.495186767578125000e+02 1.248762249946594238e+00
1.462954019850245459e+03 8.489208984375000000e+02 1.248086571693420410e+00
1.462974852868762355e+03 8.523928222656250000e+02 1.249064087867736816e+00
1.462995685885882949e+03 8.497746582031250000e+02 1.248781681060791016e+00
1.463016518903004453e+03 8.481994628906250000e+02 1.248527526855468750e+00
1.463037351918727381e+03 8.509057617187500000e+02 1.248598456382751465e+00
1.463058184934451901e+03 8.512714843750000000e+02 1.248677730560302734e+00
1.463079017949244644e+03 8.516323242187500000e+02 1.249402165412902832e+00
1.463099850963106064e+03 8.510672607421875000e+02 1.248721718788146973e+00
1.463120683976966575e+03 8.502495117187500000e+02 1.248237371444702148e+00
1.463141516989895990e+03 8.515166015625000000e+02 1.248491168022155762e+00
1.463162350002361109e+03 8.519914550781250000e+02 1.249024152755737305e+00
1.463183183014360111e+03 8.487983398437500000e+02 1.248105406761169434e+00
1.463204016025892543e+03 8.499208984375000000e+02 1.247685909271240234e+00
1.463224849036493424e+03 8.506801757812500000e+02 1.248463988304138184e+00
1.463245682047094988e+03 8.487015380859375000e+02 1.248477697372436523e+00
1.463266515057232027e+03 8.494645996093750000e+02 1.248102068901062012e+00
1.463287348066901359e+03 8.507819824218750000e+02 1.248844981193542480e+00
1.463308181076105939e+03 8.504304199218750000e+02 1.248895168304443359e+00
1.463329014085310519e+03 8.481337890625000000e+02 1.248067736625671387e+00
1.463349847094049892e+03 8.479577636718750000e+02 1.247784018516540527e+00
1.463370680102323604e+03 8.484460449218750000e+02 1.250831007957458496e+00
1.463391513110596406e+03 8.478775634765625000e+02 1.248411655426025391e+00
1.463412346118869664e+03 8.468220214843750000e+02 1.248116850852966309e+00
1.463433179126677942e+03 8.476546630859375000e+02 1.247831463813781738e+00
1.463454012134485311e+03 8.471485595703125000e+02 1.247681498527526855e+00
