1.6539491305e+03 3.3794509886e+02 5.1761837209e-01
1.6539699636e+03 3.3878339709e+02 5.1833593205e-01
1.6539907967e+03 3.3903321517e+02 5.1835125455e-01
1.6540116299e+03 3.3794151600e+02 5.1813977555e-01
1.6540324630e+03 3.3877057506e+02 5.1862359173e-01
1.6540532961e+03 3.3803731470e+02 5.2087257873e-01
1.6540741292e+03 3.3932837282e+02 5.2740805905e-01
1.6540949623e+03 3.3800775780e+02 5.3401399096e-01
1.6541157955e+03 3.3869103850e+02 5.4636394600e-01
1.6541366286e+03 3.3824842398e+02 5.6282950393e-01
1.6541574617e+03 3.3863744514e+02 5.8038001120e-01
1.6541782949e+03 3.3866929113e+02 5.9662921399e-01
1.6541991280e+03 3.3891468334e+02 6.1227034818e-01
1.6542199611e+03 3.3893026686e+02 6.2673687399e-01
1.6542407943e+03 3.3890615068e+02 6.3980012216e-01
1.6542616274e+03 3.3913136983e+02 6.5141682815e-01
1.6542824606e+03 3.3901642614e+02 6.6041796761e-01
1.6543032937e+03 3.3859230372e+02 6.6604900556e-01
1.6543241269e+03 3.3864882652e+02 6.7168843096e-01
1.6543449600e+03 3.3733901223e+02 6.7651241637e-01
1.6543657932e+03 3.3879983655e+02 6.8170034590e-01
1.6543866263e+03 3.3842269908e+02 6.8718523709e-01
1.6544074595e+03 3.3890020051e+02 6.9374787098e-01
1.6544282926e+03 3.3886190737e+02 6.9774705097e-01
1.6544491258e+03 3.3905459666e+02 7.0207184227e-01
1.6544699589e+03 3.4021189245e+02 7.0839576353e-01
1.6544907921e+03 3.3887636844e+02 7.1103789071e-01
1.6545116251e+03 3.3915040331e+02 0.0000000000e+00
1.6545324581e+03 3.3942443818e+02 0.0000000000e+00
1.6545532915e+03 3.3842666613e+02 7.2733401283e-01
1.6545741247e+03 3.3766524206e+02 7.3157120196e-01
1.6545949579e+03 3.3920556270e+02 7.3569641538e-01
1.6546157910e+03 3.3850105788e+02 7.3654224308e-01
1.6546366242e+03 3.3931719042e+02 7.3656757215e-01
1.6546574573e+03 3.3913345136e+02 7.3506562245e-01
1.6546782905e+03 3.3764064318e+02 7.3297797899e-01
1.6546991237e+03 3.4006150619e+02 7.3282284760e-01
1.6547199568e+03 3.3786486529e+02 7.3077712460e-01
1.6547407900e+03 3.3912629770e+02 7.3062075089e-01
1.6547616232e+03 3.3879296266e+02 7.2900795345e-01
1.6547824563e+03 3.3851904611e+02 7.2754717317e-01
1.6548032895e+03 3.3990282658e+02 7.2641883989e-01
1.6548241227e+03 3.3870545592e+02 7.2200886365e-01
1.6548449558e+03 3.3770965090e+02 7.1767419661e-01
1.6548657890e+03 3.3795839370e+02 7.1316067532e-01
1.6548866222e+03 3.3978852840e+02 7.0869957114e-01
1.6549074553e+03 3.4010592767e+02 7.0292997835e-01
1.6549282885e+03 3.3752172024e+02 6.9608574637e-01
1.6549491217e+03 3.3829561238e+02 6.9111489229e-01
1.6549699549e+03 3.3820871421e+02 6.8717075180e-01
1.6549907880e+03 3.3819904071e+02 6.8459754269e-01
1.6550116212e+03 3.3856260746e+02 6.8389909737e-01
1.6550324544e+03 3.3920166551e+02 6.8254202455e-01
1.6550532875e+03 3.3890244863e+02 6.8270497992e-01
1.6550741207e+03 3.3851573450e+02 6.8275624879e-01
1.6550949539e+03 3.3850571334e+02 6.8259738790e-01
1.6551157871e+03 3.3736282358e+02 6.8211084013e-01
1.6551366202e+03 3.3760698839e+02 6.8189752760e-01
1.6551574534e+03 3.3854122006e+02 6.8127263145e-01
1.6551782866e+03 3.3946256342e+02 6.7931998391e-01
1.6551991197e+03 3.3828382862e+02 6.7523126879e-01
1.6552199529e+03 3.3868904241e+02 6.7327154642e-01
1.6552407861e+03 3.3818077335e+02 6.7051385910e-01
1.6552616193e+03 3.3820702634e+02 6.6696535562e-01
1.6552824524e+03 3.3891460470e+02 6.6418070022e-01
1.6553032856e+03 3.3977003843e+02 6.6155809616e-01
1.6553241188e+03 3.3797207267e+02 6.5815442638e-01
1.6553449520e+03 3.3985616545e+02 6.5733146114e-01
1.6553657851e+03 3.3838515090e+02 6.5565675079e-01
1.6553866183e+03 3.3911896116e+02 6.5481059845e-01
1.6554074515e+03 3.3913779233e+02 6.5423344547e-01
1.6554282847e+03 3.3933829282e+02 6.5416449731e-01
1.6554491178e+03 3.3854060536e+02 6.5435676870e-01
1.6554699510e+03 3.3878558302e+02 6.5422296818e-01
1.6554907842e+03 3.3892506902e+02 6.5562456846e-01
1.6555116174e+03 3.3908816707e+02 6.5631205402e-01
1.6555324505e+03 3.3812791551e+02 6.5700405940e-01
1.6555532837e+03 3.3918907144e+02 6.5884094577e-01
1.6555741169e+03 3.3908632315e+02 6.6007559470e-01
1.6555949501e+03 3.3913693572e+02 6.6022759678e-01
1.6556157832e+03 3.3949635159e+02 6.5904426597e-01
1.6556366164e+03 3.3938318701e+02 6.5784025519e-01
1.6556574496e+03 3.3866578290e+02 6.5591519762e-01
1.6556782828e+03 3.3912441434e+02 6.5447282845e-01
1.6556991160e+03 3.3957222740e+02 6.5237874377e-01
1.6557199491e+03 3.4038540561e+02 6.5149617669e-01
1.6557407823e+03 3.3908995983e+02 6.4969127733e-01
1.6557616155e+03 3.3919317577e+02 6.4833093250e-01
1.6557824487e+03 3.4005567936e+02 6.4743762312e-01
1.6558032818e+03 3.3945077862e+02 6.4581453132e-01
1.6558241150e+03 3.3875377375e+02 6.4459031730e-01
1.6558449482e+03 3.3913740218e+02 6.4188916221e-01
1.6558657814e+03 3.3904364065e+02 6.3986456328e-01
1.6558866145e+03 3.3961597599e+02 6.3678902548e-01
1.6559074477e+03 3.3966915111e+02 6.3357340431e-01
1.6559282809e+03 3.3970939242e+02 6.3239074121e-01
1.6559491141e+03 3.3820708175e+02 6.2618815020e-01
1.6559699472e+03 3.4033415322e+02 6.2475705193e-01
1.6559907804e+03 3.3908355967e+02 6.2089187412e-01
1.6560116136e+03 3.3885002144e+02 6.1806249763e-01
1.6560324468e+03 3.3935975084e+02 6.1615616303e-01
1.6560532800e+03 3.3801514115e+02 6.1514044151e-01
1.6560741131e+03 3.3983076997e+02 6.1402886374e-01
1.6560949463e+03 3.4007970524e+02 6.1500811579e-01
1.6561157795e+03 3.3976130848e+02 6.1377768864e-01
1.6561366127e+03 3.3951302650e+02 6.1387306864e-01
1.6561574458e+03 3.3946551270e+02 6.1376620514e-01
1.6561782790e+03 3.3971508088e+02 6.1397903982e-01
1.6561991122e+03 3.3996236028e+02 6.1410891816e-01
1.6562199454e+03 3.3974617767e+02 6.1222702580e-01
1.6562407785e+03 3.3866254952e+02 6.1088431339e-01
1.6562616117e+03 3.3936660811e+02 6.1013572844e-01
1.6562824449e+03 3.3795174257e+02 6.0630708308e-01
1.6563032781e+03 3.3909732573e+02 6.0412638355e-01
1.6563241112e+03 3.3872816118e+02 6.0152531794e-01
1.6563449444e+03 3.3913087509e+02 5.9968196169e-01
1.6563657776e+03 3.3887054844e+02 5.9801345323e-01
1.6563866108e+03 3.3861149346e+02 5.9650207473e-01
1.6564074439e+03 3.3828723816e+02 5.9568506432e-01
1.6564282771e+03 3.3873115318e+02 5.9582913426e-01
1.6564491103e+03 3.3984224433e+02 5.9636009136e-01
1.6564699435e+03 3.3850020016e+02 5.9594374003e-01
1.6564907766e+03 3.3865504145e+02 5.9801178374e-01
1.6565116098e+03 3.3964007132e+02 5.9918515983e-01
1.6565324430e+03 3.3915748515e+02 6.0015642889e-01
1.6565532762e+03 3.3880612942e+02 6.0159145632e-01
1.6565741093e+03 3.3910171163e+02 6.0326671714e-01
1.6565949425e+03 3.3874175428e+02 6.0392707700e-01
1.6566157757e+03 3.3965435519e+02 6.0532891905e-01
1.6566366089e+03 3.3817091526e+02 6.0489344183e-01
1.6566574420e+03 3.3890746897e+02 6.0473137531e-01
1.6566782752e+03 3.3964234232e+02 6.0449820224e-01
1.6566991084e+03 3.3944588208e+02 6.0371797990e-01
1.6567199416e+03 3.3897510576e+02 6.0299504614e-01
1.6567407747e+03 3.3976944690e+02 6.0325414431e-01
1.6567616079e+03 3.3944907028e+02 6.0255761018e-01
1.6567824411e+03 3.3855254209e+02 6.0219263539e-01
1.6568032743e+03 3.3999990199e+02 6.0262655306e-01
1.6568241074e+03 3.3981302151e+02 6.0240750600e-01
1.6568449406e+03 3.3850511325e+02 6.0119228613e-01
1.6568657738e+03 3.3949915510e+02 6.0116767312e-01
1.6568866070e+03 3.3936597599e+02 5.9971881079e-01
1.6569074401e+03 3.3877764696e+02 5.9826140838e-01
1.6569282733e+03 3.3870240293e+02 5.9587394892e-01
1.6569491065e+03 3.3835729871e+02 5.9377461934e-01
1.6569699396e+03 3.3968257439e+02 5.9235441427e-01
1.6569907728e+03 3.3805717891e+02 5.8958661873e-01
1.6570116060e+03 3.3829996629e+02 5.8819068019e-01
1.6570324392e+03 3.3857165076e+02 5.8682400081e-01
1.6570532723e+03 3.3863602995e+02 5.8575283955e-01
1.6570741055e+03 3.3848608795e+02 5.8558565384e-01
1.6570949387e+03 3.3882410547e+02 5.8655332628e-01
1.6571157719e+03 3.3910853086e+02 5.8663969561e-01
1.6571366050e+03 3.3873240165e+02 5.8639943034e-01
1.6571574382e+03 3.3906250910e+02 5.8761161698e-01
1.6571782714e+03 3.3894039945e+02 5.8864258995e-01
1.6571991045e+03 3.3964037317e+02 5.8826196545e-01
1.6572199377e+03 3.3970186137e+02 5.8826571440e-01
1.6572407709e+03 3.3886889542e+02 5.8744544222e-01
1.6572616041e+03 3.3771112353e+02 5.8648587315e-01
1.6572824372e+03 3.3846718464e+02 5.8581745189e-01
1.6573032704e+03 3.3896764908e+02 5.8394449155e-01
1.6573241036e+03 3.3901013453e+02 5.8214880249e-01
1.6573449366e+03 3.3911150052e+02 0.0000000000e+00
1.6573657696e+03 3.3921286651e+02 0.0000000000e+00
1.6573866031e+03 3.3866156990e+02 5.7698810758e-01
1.6574074361e+03 3.3880255571e+02 0.0000000000e+00
1.6574282691e+03 3.3894354153e+02 0.0000000000e+00
1.6574491021e+03 3.3908452734e+02 0.0000000000e+00
1.6574699351e+03 3.3922551315e+02 0.0000000000e+00
1.6574907688e+03 3.3910640714e+02 0.0000000000e+00
1.6575116018e+03 3.3898729650e+02 0.0000000000e+00
1.6575324353e+03 3.3812370500e+02 5.7930588616e-01
1.6575532685e+03 3.3798133411e+02 5.8083833145e-01
1.6575741015e+03 3.3860776818e+02 0.0000000000e+00
1.6575949345e+03 3.3923420226e+02 0.0000000000e+00
1.6576157680e+03 3.3792710938e+02 5.8414406013e-01
1.6576366010e+03 3.3835815832e+02 0.0000000000e+00
1.6576574340e+03 3.3878920726e+02 0.0000000000e+00
1.6576782670e+03 3.3922025621e+02 0.0000000000e+00
1.6576991005e+03 3.3906345719e+02 0.0000000000e+00
1.6577199335e+03 3.3890664764e+02 0.0000000000e+00
1.6577407670e+03 3.3985075759e+02 5.8412355021e-01
1.6577616001e+03 3.3875120624e+02 5.8342391968e-01
1.6577824333e+03 3.3921321751e+02 5.8293003094e-01
1.6578032665e+03 3.3964170505e+02 5.8329510280e-01
1.6578240997e+03 3.3850835880e+02 5.8310061025e-01
1.6578449328e+03 3.3792378174e+02 5.8202047146e-01
1.6578657660e+03 3.3852535926e+02 5.8220403782e-01
1.6578865992e+03 3.3869887529e+02 5.8157199944e-01
1.6579074323e+03 3.3913430676e+02 5.8158457981e-01
1.6579282655e+03 3.3934111623e+02 5.8005957783e-01
1.6579490987e+03 3.3876232585e+02 5.7804769566e-01
1.6579699318e+03 3.3800020274e+02 5.7678580470e-01
1.6579907650e+03 3.3882038776e+02 5.7547951172e-01
1.6580115982e+03 3.3836508001e+02 5.7422077412e-01
1.6580324313e+03 3.3922786551e+02 5.7382118320e-01
1.6580532645e+03 3.3909863811e+02 5.7349347353e-01
1.6580740977e+03 3.3910419876e+02 5.7291495294e-01
1.6580949308e+03 3.3916126134e+02 5.7386815793e-01
1.6581157640e+03 3.3986366370e+02 5.7350714050e-01
1.6581365972e+03 3.3845173619e+02 5.7304852153e-01
1.6581574303e+03 3.3820204472e+02 5.7363568761e-01
1.6581782635e+03 3.3891810951e+02 5.7452822799e-01
1.6581990967e+03 3.3909682970e+02 5.7555884384e-01
1.6582199298e+03 3.3869362394e+02 5.7571895060e-01
1.6582407630e+03 3.3842696963e+02 5.7556140693e-01
1.6582615962e+03 3.3775377056e+02 5.7510030639e-01
1.6582824293e+03 3.3788552220e+02 5.7393711995e-01
1.6583032625e+03 3.3888740224e+02 5.7359677319e-01
1.6583240957e+03 3.3931657252e+02 5.7270520093e-01
1.6583449288e+03 3.3891453556e+02 5.7015902923e-01
1.6583657620e+03 3.3789713959e+02 5.6818759590e-01
1.6583865952e+03 3.3934585544e+02 5.6827880183e-01
1.6584074283e+03 3.3898850681e+02 5.6669188565e-01
1.6584282615e+03 3.3906422359e+02 5.6615768766e-01
1.6584490947e+03 3.3903497114e+02 5.6619900825e-01
1.6584699278e+03 3.3912413540e+02 5.6621121962e-01
1.6584907610e+03 3.3888551041e+02 5.6665307290e-01
1.6585115941e+03 3.3990372254e+02 5.6803494137e-01
1.6585324273e+03 3.3899997534e+02 5.6864536601e-01
1.6585532605e+03 3.3931245475e+02 5.6998575335e-01
1.6585740936e+03 3.3920254600e+02 5.7089381443e-01
1.6585949268e+03 3.3838861766e+02 5.7217776304e-01
1.6586157600e+03 3.3917262723e+02 5.7241165850e-01
1.6586365931e+03 3.3848900395e+02 5.7213877551e-01
1.6586574263e+03 3.3834218485e+02 5.7262700879e-01
1.6586782595e+03 3.3852894438e+02 5.7206321496e-01
1.6586990926e+03 3.3964480442e+02 5.7334857324e-01
1.6587199258e+03 3.3920944003e+02 5.7179230264e-01
1.6587407589e+03 3.3887417553e+02 5.7086497159e-01
1.6587615921e+03 3.3858543632e+02 5.7031291805e-01
1.6587824253e+03 3.3924463741e+02 5.7068449456e-01
1.6588032584e+03 3.3885092865e+02 5.7035184751e-01
1.6588240916e+03 3.3880999721e+02 5.7071292877e-01
1.6588449248e+03 3.3812018799e+02 5.7072031777e-01
1.6588657579e+03 3.3852698341e+02 5.7049904999e-01
1.6588865911e+03 3.3858979817e+02 5.7095175673e-01
1.6589074242e+03 3.3787752507e+02 5.6948298392e-01
1.6589282574e+03 3.3940066108e+02 5.6992279743e-01
1.6589490906e+03 3.3868127248e+02 5.6772011269e-01
1.6589699237e+03 3.3893697977e+02 5.6665891076e-01
1.6589907569e+03 3.3791592482e+02 5.6472557911e-01
1.6590115900e+03 3.3919297597e+02 5.6449620700e-01
1.6590324232e+03 3.3968727700e+02 5.6430698602e-01
1.6590532564e+03 3.3873601542e+02 5.6285542279e-01
1.6590740895e+03 3.3852627536e+02 5.6197934426e-01
1.6590949227e+03 3.3879857130e+02 5.6219882320e-01
1.6591157558e+03 3.3906898163e+02 5.6192917470e-01
1.6591365890e+03 3.3883125500e+02 5.6227308571e-01
1.6591574222e+03 3.3855043963e+02 5.6202131672e-01
1.6591782553e+03 3.3880564570e+02 5.6263458443e-01
1.6591990885e+03 3.3866490907e+02 5.6258638037e-01
1.6592199216e+03 3.3828962311e+02 5.6241922328e-01
1.6592407548e+03 3.3850651365e+02 5.6277763615e-01
1.6592615880e+03 3.3899559252e+02 5.6244206130e-01
1.6592824211e+03 3.3878650462e+02 5.6197160168e-01
1.6593032543e+03 3.3790795596e+02 5.6057154372e-01
1.6593240874e+03 3.3819603429e+02 5.5986172476e-01
1.6593449206e+03 3.3759957734e+02 5.5854236927e-01
1.6593657538e+03 3.3851567988e+02 5.5745680017e-01
1.6593865869e+03 3.3949734442e+02 5.5743872999e-01
1.6594074201e+03 3.3850147331e+02 5.5625897090e-01
1.6594282532e+03 3.3902092270e+02 5.5636525621e-01
1.6594490864e+03 3.3884554251e+02 5.5599070302e-01
1.6594699195e+03 3.3878525667e+02 5.5688029701e-01
1.6594907527e+03 3.3949960495e+02 5.5724965291e-01
1.6595115859e+03 3.3875958722e+02 5.5685340428e-01
1.6595324190e+03 3.3794105479e+02 5.5692131595e-01
1.6595532522e+03 3.3888527442e+02 5.5805860908e-01
1.6595740853e+03 3.3899917319e+02 5.5908299075e-01
1.6595949185e+03 3.3837367094e+02 5.5890750743e-01
1.6596157516e+03 3.3962868687e+02 5.5991923853e-01
1.6596365848e+03 3.3895684097e+02 5.6058847625e-01
1.6596574180e+03 3.3917467672e+02 5.6019203572e-01
1.6596782511e+03 3.3896282806e+02 5.5951004636e-01
1.6596990843e+03 3.3875111564e+02 5.5949127012e-01
1.6597199174e+03 3.3820540054e+02 5.5834240360e-01
1.6597407506e+03 3.3878560921e+02 5.5857579663e-01
1.6597615837e+03 3.3874374918e+02 5.5825846286e-01
1.6597824169e+03 3.3799397296e+02 5.5820422162e-01
1.6598032500e+03 3.3830261528e+02 5.5815576842e-01
1.6598240832e+03 3.3834432745e+02 5.5822162638e-01
1.6598449163e+03 3.3992660534e+02 5.5967253439e-01
1.6598657495e+03 3.3855955059e+02 5.5901182309e-01
1.6598865827e+03 3.3836743135e+02 5.5839102741e-01
1.6599074158e+03 3.3911360782e+02 5.5871503354e-01
1.6599282490e+03 3.3832543301e+02 5.5738729625e-01
1.6599490821e+03 3.3903433182e+02 5.5685971951e-01
1.6599699153e+03 3.3867440906e+02 5.5552161994e-01
1.6599907484e+03 3.3866441611e+02 5.5419021129e-01
1.6600115816e+03 3.3878346883e+02 5.5366623579e-01
1.6600324147e+03 3.3923124575e+02 5.5278934165e-01
1.6600532479e+03 3.4009030876e+02 5.5179394629e-01
1.6600740810e+03 3.3900252732e+02 5.5033480359e-01
1.6600949142e+03 3.3880067971e+02 5.4992674426e-01
1.6601157473e+03 3.3854601735e+02 5.4920376449e-01
1.6601365805e+03 3.3936007284e+02 5.5015707157e-01
1.6601574137e+03 3.3876653156e+02 5.4925173230e-01
1.6601782468e+03 3.3814646536e+02 5.4881256733e-01
1.6601990800e+03 3.3890357542e+02 5.4939544787e-01
1.6602199131e+03 3.3882898554e+02 5.4980617814e-01
1.6602407463e+03 3.3920933366e+02 5.4983734522e-01
1.6602615794e+03 3.3856382944e+02 5.4964828299e-01
1.6602824126e+03 3.3913659515e+02 5.5004471034e-01
1.6603032457e+03 3.3845737191e+02 5.5131245421e-01
1.6603240789e+03 3.3877285444e+02 5.4899019177e-01
1.6603449120e+03 3.3959865032e+02 5.4923189997e-01
1.6603657452e+03 3.3894890688e+02 5.4808080436e-01
1.6603865783e+03 3.3825182945e+02 5.4735176558e-01
1.6604074115e+03 3.3902512372e+02 5.4769808273e-01
1.6604282446e+03 3.3854760813e+02 5.4700653674e-01
1.6604490778e+03 3.3959689697e+02 5.4745286656e-01
1.6604699109e+03 3.3865806079e+02 5.4729957448e-01
1.6604907441e+03 3.3934362793e+02 5.4767299741e-01
1.6605115772e+03 3.3789972212e+02 5.4715805903e-01
1.6605324104e+03 3.3758793340e+02 5.4799806537e-01
1.6605532435e+03 3.3950144290e+02 5.4919581467e-01
1.6605740767e+03 3.3783414528e+02 5.4941440641e-01
1.6605949098e+03 3.3918266947e+02 5.5090230599e-01
1.6606157430e+03 3.3879847566e+02 5.5190538442e-01
1.6606365761e+03 3.3890794572e+02 5.5241918845e-01
1.6606574093e+03 3.3831483415e+02 5.5234867293e-01
1.6606782424e+03 3.3907207299e+02 5.5294407617e-01
1.6606990756e+03 3.4042850383e+02 5.5395655760e-01
1.6607199086e+03 3.4010222308e+02 0.0000000000e+00
1.6607407416e+03 3.3977594233e+02 0.0000000000e+00
1.6607615749e+03 3.3977512082e+02 0.0000000000e+00
1.6607824079e+03 3.3977430394e+02 0.0000000000e+00
1.6608032409e+03 3.3977348707e+02 0.0000000000e+00
1.6608240739e+03 3.3977267019e+02 0.0000000000e+00
1.6608449076e+03 3.3873881470e+02 5.5258769863e-01
1.6608657407e+03 3.3830631273e+02 5.5232023758e-01
1.6608865739e+03 3.3928315158e+02 5.5266136523e-01
1.6609074070e+03 3.3874989502e+02 5.5267422622e-01
1.6609282402e+03 3.3867334311e+02 5.5214554658e-01
1.6609490733e+03 3.3932103147e+02 5.5059427104e-01
1.6609699065e+03 3.3933365806e+02 5.4972326513e-01
1.6609907396e+03 3.3979598352e+02 5.4857396115e-01
1.6610115728e+03 3.3898204169e+02 5.4779433225e-01
1.6610324059e+03 3.3908130029e+02 5.4673517347e-01
1.6610532391e+03 3.3851721195e+02 5.4548667706e-01
1.6610740722e+03 3.3931711743e+02 5.4462670977e-01
1.6610949054e+03 3.3930983381e+02 5.4424495423e-01
1.6611157385e+03 3.3898606306e+02 5.4395210632e-01
1.6611365716e+03 3.3999112513e+02 5.4343355990e-01
1.6611574048e+03 3.3992971229e+02 5.4335392525e-01
1.6611782379e+03 3.3857844354e+02 5.4229914590e-01
1.6611990711e+03 3.3883517752e+02 5.4338765623e-01
1.6612199042e+03 3.3875848894e+02 5.4185987352e-01
1.6612407374e+03 3.3875054593e+02 5.4248093572e-01
1.6612615705e+03 3.3928602760e+02 5.4219329127e-01
1.6612824037e+03 3.3970644574e+02 5.4230398197e-01
1.6613032368e+03 3.3852790717e+02 5.4135839848e-01
1.6613240699e+03 3.3901699162e+02 5.4052894268e-01
1.6613449031e+03 3.3811038017e+02 5.3920638887e-01
1.6613657362e+03 3.3890140272e+02 5.3905766250e-01
1.6613865694e+03 3.3934427353e+02 5.3877211780e-01
1.6614074025e+03 3.3894693118e+02 5.3821563542e-01
1.6614282356e+03 3.3917135976e+02 5.3815497148e-01
1.6614490688e+03 3.3876683799e+02 5.3773586842e-01
1.6614699019e+03 3.3955641819e+02 5.3894901463e-01
1.6614907351e+03 3.3926655425e+02 5.3853708729e-01
1.6615115682e+03 3.3984951998e+02 5.3956740686e-01
1.6615324014e+03 3.3881706069e+02 5.3955149931e-01
1.6615532345e+03 3.3849064123e+02 5.4035449344e-01
1.6615740676e+03 3.3824841577e+02 5.4091995991e-01
1.6615949008e+03 3.3874649438e+02 5.4237742437e-01
1.6616157339e+03 3.3959463679e+02 5.4343325828e-01
1.6616365671e+03 3.3923321651e+02 5.4321086069e-01
1.6616574002e+03 3.3798696166e+02 5.4341738163e-01
1.6616782333e+03 3.3908526424e+02 5.4412091090e-01
1.6616990665e+03 3.3944591554e+02 5.4427326390e-01
1.6617198996e+03 3.3930306310e+02 5.4409629055e-01
1.6617407328e+03 3.3902823411e+02 5.4417567965e-01
1.6617615659e+03 3.3926670089e+02 5.4394303874e-01
1.6617823990e+03 3.3919769913e+02 5.4378229023e-01
1.6618032322e+03 3.3952868102e+02 5.4404921027e-01
1.6618240653e+03 3.3912791023e+02 5.4382503693e-01
1.6618448985e+03 3.3898276649e+02 5.4370933907e-01
1.6618657316e+03 3.3907235834e+02 5.4413331651e-01
1.6618865647e+03 3.3931024105e+02 5.4418216938e-01
1.6619073979e+03 3.3897493556e+02 5.4396361178e-01
1.6619282310e+03 3.3952484947e+02 5.4425609757e-01
1.6619490641e+03 3.3927270970e+02 5.4353673304e-01
1.6619698973e+03 3.3839263496e+02 5.4258173591e-01
1.6619907304e+03 3.3967785891e+02 5.4228730286e-01
1.6620115636e+03 3.3924797332e+02 5.4109830259e-01
1.6620323967e+03 3.3837379120e+02 5.3979318274e-01
1.6620532298e+03 3.3911385130e+02 5.3929406873e-01
1.6620740630e+03 3.3859836202e+02 5.3798980685e-01
1.6620948961e+03 3.3915628424e+02 5.3783004963e-01
1.6621157292e+03 3.3893058490e+02 5.3698290636e-01
1.6621365624e+03 3.3830292224e+02 5.3667063046e-01
1.6621573955e+03 3.3803512301e+02 5.3714477422e-01
1.6621782286e+03 3.3874288697e+02 5.3565805117e-01
1.6621990618e+03 3.3918482250e+02 5.3588055233e-01
1.6622198949e+03 3.3802077701e+02 5.3495144232e-01
1.6622407281e+03 3.3798365512e+02 5.3457950226e-01
1.6622615612e+03 3.3863800694e+02 5.3534995701e-01
1.6622823943e+03 3.3886498968e+02 5.3531301945e-01
1.6623032275e+03 3.3875707312e+02 5.3447418185e-01
1.6623240606e+03 3.3977759347e+02 5.3495478492e-01
1.6623448937e+03 3.3858129982e+02 5.3330403026e-01
1.6623657269e+03 3.3876303491e+02 5.3252529895e-01
1.6623865600e+03 3.3823879835e+02 5.3158342893e-01
1.6624073931e+03 3.3777017938e+02 5.3069312697e-01
1.6624282263e+03 3.3941859164e+02 5.3146027162e-01
1.6624490594e+03 3.3796354596e+02 5.3013223978e-01
1.6624698925e+03 3.3861471182e+02 5.3050207334e-01
1.6624907257e+03 3.3933501859e+02 5.3082566986e-01
1.6625115588e+03 3.3779901626e+02 5.3065311335e-01
1.6625323919e+03 3.3905477640e+02 5.3171538557e-01
1.6625532251e+03 3.3875758570e+02 5.3203510726e-01
1.6625740582e+03 3.3920805808e+02 5.3397202160e-01
1.6625948913e+03 3.3821148576e+02 5.3341757126e-01
1.6626157245e+03 3.3877325941e+02 5.3472036166e-01
1.6626365576e+03 3.3945597334e+02 5.3537500741e-01
1.6626573907e+03 3.3912744438e+02 5.3615354626e-01
1.6626782238e+03 3.3912154428e+02 5.3612744827e-01
1.6626990570e+03 3.3835525203e+02 5.3738778961e-01
1.6627198901e+03 3.3947481104e+02 5.3608072441e-01
1.6627407232e+03 3.3927735529e+02 5.3550410973e-01
1.6627615564e+03 3.3910223346e+02 5.3490765220e-01
1.6627823895e+03 3.3913505168e+02 5.3453964017e-01
1.6628032226e+03 3.3843913953e+02 5.3370170897e-01
1.6628240558e+03 3.3899978105e+02 5.3376184611e-01
1.6628448889e+03 3.3919651567e+02 5.3382395837e-01
1.6628657220e+03 3.3902383589e+02 5.3317844767e-01
1.6628865551e+03 3.3865840201e+02 5.3321086612e-01
1.6629073883e+03 3.3835888276e+02 5.3242421811e-01
1.6629282214e+03 3.3854500693e+02 5.3338642253e-01
1.6629490545e+03 3.3863315319e+02 5.3164254440e-01
1.6629698877e+03 3.3855154846e+02 5.3161286135e-01
1.6629907208e+03 3.3811830030e+02 5.2965361900e-01
1.6630115539e+03 3.3898015705e+02 5.2920520172e-01
1.6630323870e+03 3.3853504409e+02 5.2790903947e-01
1.6630532202e+03 3.3814518108e+02 5.2651525336e-01
1.6630740533e+03 3.3803006759e+02 5.2572935735e-01
1.6630948864e+03 3.3875859735e+02 5.2575092653e-01
1.6631157195e+03 3.3882747198e+02 5.2613109043e-01
1.6631365527e+03 3.3871441983e+02 5.2494923937e-01
1.6631573858e+03 3.3901167452e+02 5.2462184775e-01
1.6631782189e+03 3.3884364460e+02 5.2455270877e-01
1.6631990521e+03 3.3917631233e+02 5.2492195980e-01
1.6632198852e+03 3.3838343706e+02 5.2350282973e-01
1.6632407183e+03 3.3817009113e+02 5.2344769141e-01
1.6632615514e+03 3.3888841205e+02 5.2342207018e-01
1.6632823846e+03 3.3841171620e+02 5.2295511707e-01
1.6633032177e+03 3.3874852138e+02 5.2284907959e-01
1.6633240508e+03 3.3905283061e+02 5.2236812159e-01
1.6633448839e+03 3.3839292566e+02 5.2183503780e-01
1.6633657171e+03 3.3892422411e+02 5.2149689049e-01
1.6633865502e+03 3.3840804213e+02 5.2004976140e-01
1.6634073833e+03 3.3821902149e+02 5.1942153002e-01
1.6634282164e+03 3.3873023987e+02 5.1875226698e-01
1.6634490495e+03 3.3999982489e+02 5.1927709458e-01
1.6634698827e+03 3.3872899073e+02 5.1834708618e-01
1.6634907158e+03 3.4003085950e+02 5.1924627419e-01
1.6635115489e+03 3.3996726538e+02 5.1894836425e-01
1.6635323820e+03 3.3849293854e+02 5.1824600026e-01
1.6635532152e+03 3.3853013299e+02 5.1858132504e-01
1.6635740483e+03 3.3866789440e+02 5.1886112333e-01
1.6635948814e+03 3.3862527481e+02 5.1961648572e-01
1.6636157145e+03 3.3867001434e+02 5.2081401471e-01
1.6636365476e+03 3.3843131007e+02 5.1983303971e-01
1.6636573808e+03 3.3811486342e+02 5.1993696963e-01
1.6636782139e+03 3.3826420323e+02 5.2093737199e-01
1.6636990470e+03 3.3924034588e+02 5.2271337382e-01
1.6637198801e+03 3.3903957471e+02 5.2079129685e-01
1.6637407132e+03 3.3840615484e+02 5.2036911940e-01
1.6637615464e+03 3.3904446747e+02 5.2052433066e-01
1.6637823795e+03 3.3887320221e+02 5.1986497185e-01
1.6638032126e+03 3.3938230546e+02 5.2010477290e-01
1.6638240457e+03 3.3853154049e+02 5.1935273165e-01
1.6638448788e+03 3.3925263952e+02 5.1987987667e-01
1.6638657120e+03 3.3896975905e+02 5.1988386077e-01
1.6638865451e+03 3.3872643331e+02 5.1893030273e-01
1.6639073782e+03 3.3941320175e+02 5.1920526359e-01
1.6639282113e+03 3.3909130349e+02 5.1898187258e-01
1.6639490444e+03 3.3894353143e+02 5.2004153783e-01
1.6639698776e+03 3.3929254430e+02 5.1796443126e-01
1.6639907107e+03 3.3863442790e+02 5.1688355680e-01
1.6640115438e+03 3.3978962465e+02 5.1705782668e-01
1.6640323769e+03 3.3874099629e+02 5.1565277140e-01
1.6640532100e+03 3.3862042861e+02 5.1497143449e-01
1.6640740431e+03 3.3844822729e+02 5.1453231862e-01
1.6640948761e+03 3.3842591959e+02 0.0000000000e+00
1.6641157091e+03 3.3840361189e+02 0.0000000000e+00
1.6641365424e+03 3.3857805374e+02 0.0000000000e+00
1.6641573754e+03 3.3875249583e+02 0.0000000000e+00
1.6641782084e+03 3.3892693792e+02 0.0000000000e+00
1.6641990418e+03 3.3951953251e+02 5.1532317489e-01
1.6642198749e+03 3.3844717430e+02 5.1266473588e-01
1.6642407081e+03 3.3940749041e+02 5.1313756851e-01
1.6642615412e+03 3.3889893697e+02 5.1277572728e-01
1.6642823743e+03 3.3838589904e+02 5.1232044866e-01
1.6643032074e+03 3.3929082154e+02 5.1260418763e-01
1.6643240405e+03 3.3899426831e+02 5.1182872377e-01
1.6643448736e+03 3.3892409265e+02 5.1170541295e-01
1.6643657067e+03 3.3811792097e+02 5.1096177350e-01
1.6643865398e+03 3.3934174348e+02 5.1064700813e-01
1.6644073730e+03 3.3872321171e+02 5.0977325434e-01
1.6644282061e+03 3.3903509946e+02 5.0946682178e-01
1.6644490392e+03 3.3881310037e+02 5.0898855915e-01
1.6644698723e+03 3.3892620651e+02 5.0845475297e-01
1.6644907054e+03 3.3891822260e+02 5.0841383909e-01
1.6645115385e+03 3.3883858030e+02 5.0814388906e-01
1.6645323715e+03 3.3875288169e+02 0.0000000000e+00
1.6645532045e+03 3.3866718307e+02 0.0000000000e+00
1.6645740378e+03 3.3927801218e+02 5.0847960450e-01
1.6645948710e+03 3.3913058817e+02 5.0733643738e-01
1.6646157041e+03 3.4009912494e+02 5.0796116340e-01
1.6646365372e+03 3.3884108834e+02 5.0672335100e-01
1.6646573703e+03 3.3918914881e+02 5.0679753917e-01
1.6646782034e+03 3.3846283040e+02 5.0671047062e-01
1.6646990365e+03 3.3910198714e+02 5.0628941347e-01
1.6647198696e+03 3.3834838935e+02 5.0584762147e-01
1.6647407027e+03 3.3934329140e+02 5.0588511987e-01
1.6647615358e+03 3.3908552533e+02 5.0527537448e-01
1.6647823689e+03 3.3932145955e+02 5.0536935410e-01
1.6648032020e+03 3.3821376389e+02 5.0402475782e-01
1.6648240351e+03 3.3847213615e+02 5.0386727352e-01
1.6648448683e+03 3.3946497488e+02 5.0435101302e-01
1.6648657014e+03 3.3920414225e+02 5.0392603281e-01
1.6648865345e+03 3.3867612985e+02 5.0379126368e-01
1.6649073676e+03 3.3936844768e+02 5.0365693186e-01
1.6649282007e+03 3.3869961640e+02 5.0318360076e-01
1.6649490338e+03 3.3925519016e+02 5.0283068821e-01
1.6649698669e+03 3.3937976027e+02 5.0265311627e-01
1.6649907000e+03 3.3924887075e+02 5.0303299223e-01
1.6650115331e+03 3.3942065220e+02 5.0225556758e-01
1.6650323662e+03 3.3980585882e+02 5.0329268605e-01
1.6650531993e+03 3.3969726018e+02 5.0234942989e-01
1.6650740324e+03 3.3859909248e+02 5.0128363703e-01
1.6650948655e+03 3.3907661640e+02 5.0142980823e-01
1.6651156986e+03 3.3895300349e+02 5.0152611289e-01
1.6651365317e+03 3.3909204264e+02 5.0087488641e-01
1.6651573648e+03 3.3903891092e+02 5.0109600108e-01
1.6651781979e+03 3.3895961973e+02 5.0063563713e-01
1.6651990310e+03 3.3859025008e+02 5.0017493883e-01
1.6652198641e+03 3.3932411761e+02 5.0083582279e-01
1.6652406972e+03 3.3952134660e+02 5.0096481339e-01
1.6652615303e+03 3.3865207888e+02 5.0100142806e-01
1.6652823634e+03 3.3915921714e+02 5.0048417253e-01
1.6653031964e+03 3.3890291319e+02 0.0000000000e+00
1.6653240294e+03 3.3864660924e+02 0.0000000000e+00
1.6653448624e+03 3.3839030528e+02 0.0000000000e+00
1.6653656954e+03 3.3813400133e+02 0.0000000000e+00
1.6653865289e+03 3.3886088768e+02 5.0097227931e-01
1.6654073620e+03 3.3898552002e+02 5.0045716724e-01
1.6654281951e+03 3.3880504799e+02 5.0012446881e-01
1.6654490282e+03 3.3900574334e+02 5.0016540533e-01
1.6654698613e+03 3.3859104989e+02 4.9957764191e-01
1.6654906944e+03 3.3863550750e+02 4.9964719485e-01
1.6655115275e+03 3.3907957852e+02 4.9974598989e-01
1.6655323606e+03 3.3864417386e+02 4.9977477783e-01
1.6655531937e+03 3.3834143391e+02 4.9910953324e-01
1.6655740268e+03 3.3952563419e+02 5.0042706371e-01
1.6655948599e+03 3.3907501032e+02 4.9958402496e-01
1.6656156930e+03 3.3827592733e+02 4.9950423100e-01
1.6656365260e+03 3.3879115214e+02 4.9958143000e-01
1.6656573591e+03 3.3952203453e+02 5.0020401488e-01
1.6656781922e+03 3.3985980306e+02 5.0034356235e-01
1.6656990253e+03 3.3958947172e+02 5.0137753270e-01
1.6657198584e+03 3.3969551093e+02 5.0054050080e-01
1.6657406915e+03 3.3933062555e+02 5.0014323925e-01
1.6657615246e+03 3.3919003223e+02 5.0024467680e-01
1.6657823577e+03 3.3963105791e+02 5.0057297897e-01
1.6658031908e+03 3.3938204989e+02 5.0019281365e-01
1.6658240239e+03 3.3876309093e+02 4.9958699275e-01
1.6658448570e+03 3.3899294223e+02 4.9991809651e-01
1.6658656900e+03 3.3922785418e+02 5.0047797960e-01
1.6658865231e+03 3.3873383365e+02 5.0047229276e-01
1.6659073562e+03 3.3892850248e+02 4.9988079140e-01
1.6659281893e+03 3.3847263110e+02 4.9962615402e-01
1.6659490224e+03 3.3929921779e+02 5.0000864260e-01
1.6659698555e+03 3.3885150904e+02 4.9981706968e-01
1.6659906886e+03 3.3946538885e+02 5.0041652258e-01
1.6660115217e+03 3.3810441631e+02 4.9924111891e-01
1.6660323547e+03 3.3851329022e+02 4.9992569729e-01
1.6660531878e+03 3.3870443242e+02 4.9990508550e-01
1.6660740209e+03 3.3842406619e+02 4.9936186779e-01
1.6660948540e+03 3.3933059457e+02 5.0025635346e-01
1.6661156871e+03 3.3999692692e+02 5.0106001785e-01
1.6661365202e+03 3.3838436819e+02 4.9973014165e-01
1.6661573532e+03 3.3851390164e+02 5.0019025163e-01
1.6661781863e+03 3.3912213700e+02 5.0070132304e-01
1.6661990194e+03 3.3886773276e+02 5.0003236427e-01
1.6662198525e+03 3.3916838570e+02 5.0013293049e-01
1.6662406856e+03 3.3945450117e+02 5.0034338366e-01
1.6662615187e+03 3.3882787051e+02 4.9987801912e-01
1.6662823517e+03 3.3949276899e+02 5.0058006375e-01
1.6663031848e+03 3.3974253103e+02 5.0087387490e-01
1.6663240179e+03 3.3997727122e+02 5.0163238015e-01
1.6663448510e+03 3.3981588790e+02 5.0072676768e-01
1.6663656840e+03 3.3916802603e+02 4.9998328062e-01
1.6663865171e+03 3.3806865727e+02 4.9941178830e-01
1.6664073502e+03 3.3899549463e+02 5.0026838729e-01
1.6664281833e+03 3.3984343945e+02 5.0103152682e-01
1.6664490163e+03 3.3795425780e+02 4.9929339428e-01
1.6664698494e+03 3.3850008914e+02 4.9958645587e-01
1.6664906825e+03 3.3848901429e+02 5.0008635967e-01
1.6665115156e+03 3.3900256379e+02 5.0017023169e-01
1.6665323486e+03 3.3873894032e+02 4.9991818593e-01
1.6665531817e+03 3.3856267627e+02 4.9965906440e-01
1.6665740148e+03 3.3921475967e+02 5.0010137722e-01
1.6665948479e+03 3.3870870281e+02 5.0006889822e-01
1.6666156809e+03 3.3870705422e+02 4.9963516097e-01
1.6666365140e+03 3.3851115908e+02 4.9989548723e-01
1.6666573471e+03 3.3939246560e+02 5.0049066310e-01
1.6666781801e+03 3.3887058746e+02 4.9999481437e-01
1.6666990132e+03 3.3854560264e+02 5.0108443320e-01
1.6667198463e+03 3.3887560902e+02 4.9998122418e-01
1.6667406793e+03 3.3848125109e+02 5.0077937895e-01
1.6667615124e+03 3.3915708573e+02 5.0034088197e-01
1.6667823455e+03 3.3882485017e+02 4.9973252712e-01
1.6668031785e+03 3.3805775496e+02 5.0107598759e-01
1.6668240116e+03 3.3848345029e+02 4.9966225542e-01
1.6668448447e+03 3.3922319308e+02 5.0020854296e-01
1.6668656777e+03 3.3912935075e+02 5.0018488923e-01
1.6668865108e+03 3.3885875289e+02 5.0185918857e-01
1.6669073438e+03 3.3982682609e+02 5.0047279892e-01
1.6669281769e+03 3.3872017753e+02 5.0044180305e-01
1.6669490100e+03 3.3902343570e+02 5.0082636138e-01
1.6669698430e+03 3.3936797973e+02 5.0054109620e-01
1.6669906761e+03 3.3891840330e+02 5.0009994700e-01
1.6670115091e+03 3.3894821116e+02 5.0051266495e-01
1.6670323422e+03 3.3877973017e+02 4.9988430890e-01
1.6670531752e+03 3.3834553900e+02 4.9986979160e-01
1.6670740083e+03 3.3897078207e+02 5.0044031425e-01
1.6670948414e+03 3.3898358122e+02 5.0027219992e-01
1.6671156744e+03 3.3939407111e+02 5.0073557629e-01
1.6671365075e+03 3.3754108244e+02 4.9930798803e-01
1.6671573405e+03 3.3847505760e+02 5.0001925193e-01
1.6671781736e+03 3.3930829812e+02 5.0664026971e-01
1.6671990066e+03 3.3841288317e+02 5.0009553712e-01
1.6672198397e+03 3.3888684377e+02 5.0084947904e-01
1.6672406727e+03 3.3867835828e+02 5.0031291588e-01
1.6672615057e+03 3.3951239104e+02 5.0128693661e-01
1.6672823388e+03 3.3837282926e+02 4.9985440936e-01
1.6673031718e+03 3.3911431787e+02 5.0072825564e-01
1.6673240049e+03 3.3964972772e+02 5.0104062747e-01
1.6673448379e+03 3.3779310906e+02 4.9950897425e-01
1.6673656710e+03 3.3941611692e+02 5.0065528130e-01
1.6673865040e+03 3.3887891656e+02 5.0035398589e-01
1.6674073370e+03 3.3886455969e+02 5.0034814873e-01
1.6674281701e+03 3.3968442208e+02 5.0131505644e-01
1.6674490031e+03 3.3857024634e+02 5.0023395310e-01
1.6674698362e+03 3.3937472785e+02 5.0071411992e-01
1.6674906692e+03 3.3841864486e+02 5.0031839604e-01
1.6675115022e+03 3.3956937897e+02 5.0158883023e-01
1.6675323353e+03 3.3882243069e+02 5.0064730467e-01
1.6675531683e+03 3.3873990035e+02 5.0001978835e-01
1.6675740013e+03 3.3946786003e+02 5.0047494266e-01
1.6675948344e+03 3.3857283459e+02 5.0074081377e-01
1.6676156674e+03 3.3885613558e+02 5.0026844686e-01
1.6676365004e+03 3.3908882343e+02 5.0145958412e-01
1.6676573334e+03 3.3864936789e+02 5.0013388391e-01
1.6676781665e+03 3.3917421737e+02 5.0093030809e-01
1.6676989995e+03 3.3914774402e+02 0.0000000000e+00
1.6677198325e+03 3.3912127067e+02 0.0000000000e+00
1.6677406655e+03 3.3909479732e+02 0.0000000000e+00
1.6677614985e+03 3.3906832397e+02 0.0000000000e+00
1.6677823315e+03 3.3904185062e+02 0.0000000000e+00
1.6678031645e+03 3.3901537727e+02 0.0000000000e+00
1.6678239975e+03 3.3898890392e+02 0.0000000000e+00
1.6678448305e+03 3.3896243057e+02 0.0000000000e+00
1.6678656635e+03 3.3893595722e+02 0.0000000000e+00
1.6678864965e+03 3.3890948387e+02 0.0000000000e+00
1.6679073295e+03 3.3888301052e+02 0.0000000000e+00
1.6679281625e+03 3.3885653717e+02 0.0000000000e+00
1.6679489955e+03 3.3883006382e+02 0.0000000000e+00
1.6679698285e+03 3.3880359046e+02 0.0000000000e+00
1.6679906615e+03 3.3877711711e+02 0.0000000000e+00
1.6680114945e+03 3.3875064376e+02 0.0000000000e+00
1.6680323275e+03 3.3872417041e+02 0.0000000000e+00
1.6680531605e+03 3.3869769706e+02 0.0000000000e+00
1.6680739935e+03 3.3867122371e+02 0.0000000000e+00
1.6680948265e+03 3.3864475036e+02 0.0000000000e+00
1.6681156595e+03 3.3861827701e+02 0.0000000000e+00
1.6681364925e+03 3.3859180366e+02 0.0000000000e+00
1.6681573255e+03 3.3856533031e+02 0.0000000000e+00
1.6681781585e+03 3.3853885696e+02 0.0000000000e+00
1.6681989915e+03 3.3851238361e+02 0.0000000000e+00
1.6682198245e+03 3.3848591026e+02 0.0000000000e+00
1.6682406575e+03 3.3845943691e+02 0.0000000000e+00
1.6682614905e+03 3.3843296356e+02 0.0000000000e+00
1.6682823235e+03 3.3840649021e+02 0.0000000000e+00
1.6683031565e+03 3.3838001686e+02 0.0000000000e+00
1.6683239895e+03 3.3835354351e+02 0.0000000000e+00
1.6683448225e+03 3.3832707016e+02 0.0000000000e+00
1.6683656555e+03 3.3830059681e+02 0.0000000000e+00
1.6683864885e+03 3.3827412346e+02 0.0000000000e+00
1.6684073215e+03 3.3824765011e+02 0.0000000000e+00
1.6684281545e+03 3.3822117676e+02 0.0000000000e+00
1.6684489875e+03 3.3819470341e+02 0.0000000000e+00
1.6684698205e+03 3.3816823006e+02 0.0000000000e+00
1.6684906535e+03 3.3814175671e+02 0.0000000000e+00
1.6685114865e+03 3.3811528336e+02 0.0000000000e+00
1.6685323195e+03 3.3808881001e+02 0.0000000000e+00
1.6685531525e+03 3.3806233666e+02 0.0000000000e+00
1.6685739855e+03 3.3803586331e+02 0.0000000000e+00
1.6685948185e+03 3.3800938996e+02 0.0000000000e+00
1.6686156515e+03 3.3798291661e+02 0.0000000000e+00
1.6686364845e+03 3.3795644326e+02 0.0000000000e+00
1.6686573196e+03 3.3877898548e+02 5.8227206375e-01
1.6686781527e+03 3.3967834699e+02 5.8814239180e-01
1.6686989858e+03 3.3936681607e+02 5.9384591181e-01
1.6687198189e+03 3.3813398292e+02 5.9968365138e-01
1.6687406520e+03 3.3843716176e+02 6.0709904865e-01
1.6687614851e+03 3.3977650313e+02 6.1688906057e-01
1.6687823181e+03 3.3883880878e+02 6.2467647762e-01
1.6688031512e+03 3.3948791403e+02 6.3353920642e-01
1.6688239843e+03 3.3902451653e+02 6.4020329063e-01
1.6688448174e+03 3.4000438072e+02 6.4540524036e-01
1.6688656505e+03 3.3971182292e+02 6.4915991378e-01
1.6688864836e+03 3.3823415833e+02 6.4952545358e-01
1.6689073167e+03 3.3819783008e+02 6.4856011024e-01
1.6689281498e+03 3.3948288092e+02 6.4776723760e-01
1.6689489828e+03 3.3959736276e+02 0.0000000000e+00
1.6689698158e+03 3.3971184459e+02 0.0000000000e+00
1.6689906491e+03 3.3911240098e+02 6.4083868045e-01
1.6690114822e+03 3.3875940094e+02 6.4089971560e-01
1.6690323153e+03 3.3948293560e+02 6.4409756953e-01
1.6690531484e+03 3.4069769336e+02 6.4535504494e-01
1.6690739815e+03 3.3877364525e+02 6.4608932364e-01
1.6690948147e+03 3.3782759208e+02 6.4579987952e-01
1.6691156477e+03 3.3853947176e+02 0.0000000000e+00
1.6691364807e+03 3.3925135145e+02 0.0000000000e+00
1.6691573140e+03 3.3874603496e+02 6.4662915594e-01
1.6691781470e+03 3.3917912067e+02 0.0000000000e+00
1.6691989800e+03 3.3961220639e+02 0.0000000000e+00
1.6692198133e+03 3.3836068035e+02 6.4830119068e-01
1.6692406464e+03 3.3960694097e+02 6.4678657591e-01
1.6692614795e+03 3.3850335345e+02 6.4512472861e-01
1.6692823126e+03 3.3835229559e+02 6.4354831999e-01
1.6693031457e+03 3.3867442845e+02 6.4354287862e-01
1.6693239789e+03 3.3942078539e+02 6.4106398173e-01
1.6693448120e+03 3.3845662525e+02 6.3924568834e-01
1.6693656451e+03 3.3954232960e+02 6.3960314874e-01
1.6693864782e+03 3.3994854689e+02 6.4043581891e-01
1.6694073113e+03 3.3911482087e+02 6.3974196355e-01
1.6694281444e+03 3.3891467206e+02 6.3940073124e-01
1.6694489775e+03 3.3845720754e+02 6.3976520899e-01
1.6694698106e+03 3.3867114340e+02 6.4171284679e-01
1.6694906438e+03 3.3825447121e+02 6.4241593932e-01
1.6695114768e+03 3.3847813183e+02 0.0000000000e+00
1.6695323098e+03 3.3870179245e+02 0.0000000000e+00
1.6695531431e+03 3.3907336681e+02 6.4539044073e-01
1.6695739762e+03 3.3938728347e+02 6.4522099435e-01
1.6695948093e+03 3.3827788900e+02 6.4331138075e-01
1.6696156425e+03 3.3868242127e+02 6.4172239051e-01
1.6696364756e+03 3.3902883989e+02 6.3977277872e-01
1.6696573087e+03 3.4068071596e+02 6.3771641274e-01
1.6696781418e+03 3.3903054869e+02 6.3391965394e-01
1.6696989749e+03 3.3935921503e+02 6.3154005525e-01
1.6697198080e+03 3.3906741286e+02 6.2778688412e-01
1.6697406411e+03 3.3888069744e+02 6.2580859807e-01
1.6697614743e+03 3.3932451669e+02 6.2516181758e-01
1.6697823074e+03 3.3899960845e+02 6.2456160906e-01
1.6698031405e+03 3.3973574055e+02 6.2514115170e-01
1.6698239736e+03 3.3924802120e+02 6.2750136983e-01
1.6698448067e+03 3.3809888012e+02 6.2509507410e-01
1.6698656399e+03 3.3875918344e+02 6.2567471801e-01
1.6698864730e+03 3.3836405380e+02 6.2479697745e-01
1.6699073061e+03 3.3948069294e+02 6.2243301621e-01
1.6699281392e+03 3.3935601948e+02 6.1870222485e-01
1.6699489723e+03 3.3944982675e+02 6.1511742828e-01
1.6699698054e+03 3.3903536653e+02 6.1074286773e-01
1.6699906386e+03 3.3862069415e+02 6.0791523024e-01
1.6700114717e+03 3.3903535554e+02 6.0356813962e-01
1.6700323048e+03 3.3964095496e+02 6.0168700973e-01
1.6700531379e+03 3.3886123691e+02 5.9970027471e-01
1.6700739710e+03 3.3899363144e+02 5.9852678813e-01
1.6700948041e+03 3.3960772687e+02 5.9874021180e-01
1.6701156373e+03 3.3867669063e+02 5.9864388933e-01
1.6701364704e+03 3.3872099462e+02 5.9807198221e-01
1.6701573035e+03 3.3875572830e+02 5.9796069999e-01
1.6701781366e+03 3.3872508903e+02 5.9756897931e-01
1.6701989697e+03 3.3861849299e+02 5.9601354797e-01
1.6702198029e+03 3.3933087516e+02 5.9595661711e-01
1.6702406360e+03 3.3952839647e+02 5.9422253327e-01
1.6702614691e+03 3.4093922080e+02 5.9375775483e-01
1.6702823022e+03 3.3862751337e+02 5.9021418983e-01
1.6703031353e+03 3.3842490505e+02 5.8866155017e-01
1.6703239684e+03 3.3890426057e+02 5.8754689760e-01
1.6703448016e+03 3.3894116189e+02 5.8657895898e-01
1.6703656347e+03 3.4059614915e+02 5.8672302996e-01
1.6703864678e+03 3.3864300929e+02 5.8482086593e-01
1.6704073009e+03 3.3985461357e+02 5.8538996227e-01
1.6704281340e+03 3.3912564194e+02 5.8481222819e-01
1.6704489672e+03 3.3946074056e+02 5.8489121163e-01
1.6704698003e+03 3.4002163468e+02 5.8570015233e-01
1.6704906334e+03 3.3734977354e+02 5.8519738820e-01
1.6705114665e+03 3.3936533941e+02 5.8806174186e-01
1.6705322996e+03 3.3840794799e+02 5.8979958880e-01
1.6705531327e+03 3.3919160402e+02 5.9085481401e-01
1.6705739659e+03 3.3939493107e+02 5.9190606850e-01
1.6705947990e+03 3.3876036949e+02 5.9333711624e-01
1.6706156321e+03 3.3932049780e+02 5.9342598858e-01
1.6706364652e+03 3.3915432373e+02 5.9292816707e-01
1.6706572983e+03 3.3950499700e+02 5.9260815700e-01
1.6706781315e+03 3.3745184368e+02 5.9079958036e-01
1.6706989646e+03 3.3855907198e+02 5.9023691173e-01
1.6707197977e+03 3.3851904018e+02 5.8929771766e-01
1.6707406308e+03 3.3840263213e+02 5.8898352744e-01
1.6707614639e+03 3.3944902820e+02 5.8933984314e-01
1.6707822970e+03 3.3850087573e+02 5.8940393585e-01
1.6708031302e+03 3.3948519236e+02 5.9048944462e-01
1.6708239633e+03 3.3793220984e+02 5.8958227160e-01
1.6708447964e+03 3.3850980040e+02 5.9054475774e-01
1.6708656295e+03 3.3908602823e+02 5.9256767208e-01
1.6708864626e+03 3.3949825207e+02 5.9093087163e-01
1.6709072958e+03 3.3850760727e+02 5.8925068326e-01
1.6709281289e+03 3.3932877045e+02 5.8807045857e-01
1.6709489620e+03 3.3878521485e+02 5.8596806764e-01
1.6709697951e+03 3.3878396844e+02 5.8388919118e-01
1.6709906282e+03 3.3880326531e+02 5.8182888225e-01
1.6710114613e+03 3.3835335701e+02 5.8016235048e-01
1.6710322945e+03 3.3950952305e+02 5.7913822875e-01
1.6710531276e+03 3.3909468638e+02 5.7803148080e-01
1.6710739607e+03 3.3895309463e+02 5.7823265207e-01
1.6710947938e+03 3.3988924914e+02 5.7840943428e-01
1.6711156269e+03 3.3807287421e+02 5.7832616451e-01
1.6711364600e+03 3.3876911423e+02 5.7928574513e-01
1.6711572932e+03 3.3938502177e+02 5.7995832857e-01
1.6711781263e+03 3.3876498991e+02 5.8008850294e-01
1.6711989594e+03 3.3803175801e+02 5.8147590821e-01
1.6712197925e+03 3.3840450969e+02 5.7929503118e-01
1.6712406256e+03 3.3811886123e+02 5.7820500001e-01
1.6712614587e+03 3.3828884206e+02 5.7710994069e-01
1.6712822919e+03 3.3883896421e+02 5.7611859609e-01
1.6713031250e+03 3.3793882735e+02 5.7429682921e-01
1.6713239581e+03 3.3864361598e+02 5.7392639711e-01
1.6713447912e+03 3.3919825819e+02 5.7224583510e-01
1.6713656243e+03 3.3902733362e+02 5.7133520217e-01
1.6713864574e+03 3.3808600825e+02 5.6997932213e-01
1.6714072905e+03 3.3884110573e+02 5.7049043048e-01
1.6714281237e+03 3.3783088096e+02 5.6967699883e-01
1.6714489568e+03 3.3829049670e+02 5.6937509078e-01
1.6714697899e+03 3.3930213657e+02 5.6994481188e-01
1.6714906230e+03 3.3911573515e+02 5.7008433023e-01
1.6715114561e+03 3.3933496010e+02 5.7099687978e-01
1.6715322892e+03 3.3867426820e+02 5.7214408860e-01
1.6715531224e+03 3.3878041549e+02 5.7309620963e-01
1.6715739555e+03 3.3884524369e+02 5.7363140144e-01
1.6715947886e+03 3.3752622085e+02 5.7385504486e-01
1.6716156217e+03 3.3792398677e+02 5.7432913206e-01
1.6716364548e+03 3.3924441361e+02 5.7423543581e-01
1.6716572879e+03 3.3852883580e+02 5.7330888558e-01
1.6716781210e+03 3.3820098039e+02 5.7253998309e-01
1.6716989542e+03 3.3840578350e+02 5.7272989234e-01
1.6717197873e+03 3.3914113852e+02 5.7275731443e-01
1.6717406204e+03 3.3840430801e+02 5.7226609370e-01
1.6717614535e+03 3.3811947038e+02 5.7257545599e-01
1.6717822866e+03 3.4007454711e+02 5.7506840962e-01
1.6718031197e+03 3.3844484317e+02 5.7488339424e-01
1.6718239528e+03 3.3891429237e+02 5.7607912513e-01
1.6718447860e+03 3.3917702840e+02 5.7705408865e-01
1.6718656191e+03 3.3815418455e+02 5.7674307231e-01
1.6718864522e+03 3.3955547362e+02 5.7756412208e-01
1.6719072853e+03 3.3776465116e+02 5.7602322487e-01
1.6719281184e+03 3.3840347244e+02 5.7586276281e-01
1.6719489515e+03 3.3776485142e+02 5.7466875984e-01
1.6719697846e+03 3.3849921001e+02 5.7310302189e-01
1.6719906177e+03 3.3873337721e+02 5.7163018370e-01
1.6720114509e+03 3.3807622024e+02 5.6985044705e-01
1.6720322840e+03 3.3858133683e+02 5.6860870451e-01
1.6720531170e+03 3.3828733711e+02 0.0000000000e+00
1.6720739500e+03 3.3799333738e+02 0.0000000000e+00
1.6720947830e+03 3.3769933766e+02 0.0000000000e+00
1.6721156164e+03 3.3862844068e+02 5.6601338409e-01
1.6721364494e+03 3.3887324538e+02 0.0000000000e+00
1.6721572824e+03 3.3911805008e+02 0.0000000000e+00
1.6721781156e+03 3.3872635069e+02 0.0000000000e+00
1.6721989486e+03 3.3833464865e+02 0.0000000000e+00
1.6722197816e+03 3.3794294662e+02 0.0000000000e+00
1.6722406151e+03 3.3810038314e+02 5.6443345719e-01
1.6722614482e+03 3.3956581173e+02 5.6462334835e-01
1.6722822813e+03 3.3981327187e+02 5.6387859527e-01
1.6723031144e+03 3.3850801377e+02 5.6183391446e-01
1.6723239475e+03 3.3779321806e+02 5.6007165736e-01
1.6723447807e+03 3.3909239995e+02 5.6218808851e-01
1.6723656138e+03 3.3903666138e+02 5.5911558625e-01
1.6723864469e+03 3.3884816566e+02 5.5857961143e-01
1.6724072800e+03 3.3843111046e+02 5.5807673930e-01
1.6724281130e+03 3.3822582714e+02 0.0000000000e+00
1.6724489460e+03 3.3802054383e+02 0.0000000000e+00
1.6724697792e+03 3.3835884357e+02 0.0000000000e+00
1.6724906122e+03 3.3869714550e+02 0.0000000000e+00
1.6725114452e+03 3.3903544743e+02 0.0000000000e+00
1.6725322786e+03 3.3759432337e+02 5.6094109898e-01
1.6725531118e+03 3.3913052207e+02 5.6315362889e-01
1.6725739449e+03 3.3843487421e+02 5.6297737634e-01
1.6725947780e+03 3.3848216510e+02 5.6396323200e-01
1.6726156111e+03 3.3917732040e+02 5.6535333569e-01
1.6726364442e+03 3.3803709159e+02 5.6393820960e-01
1.6726572773e+03 3.3882851343e+02 5.6450354539e-01
1.6726781104e+03 3.3924476882e+02 5.6424939132e-01
1.6726989435e+03 3.3820544607e+02 5.6349658104e-01
1.6727197766e+03 3.3829858656e+02 5.6384910288e-01
1.6727406097e+03 3.3823575158e+02 5.6345265568e-01
1.6727614429e+03 3.3927761249e+02 5.6498205093e-01
1.6727822760e+03 3.3831813978e+02 5.6444327798e-01
1.6728031091e+03 3.3881809914e+02 5.6543200662e-01
1.6728239422e+03 3.3890741994e+02 5.6670332386e-01
1.6728447753e+03 3.3893944329e+02 5.6808286672e-01
1.6728656084e+03 3.3838261238e+02 5.6751256303e-01
1.6728864415e+03 3.3910216791e+02 5.6821854148e-01
1.6729072746e+03 3.3944209523e+02 5.6906951376e-01
1.6729281077e+03 3.3931764491e+02 5.6978051967e-01
1.6729489408e+03 3.3866437143e+02 5.6658072580e-01
1.6729697739e+03 3.3885004772e+02 5.6597739460e-01
1.6729906070e+03 3.3886634758e+02 5.6464248174e-01
1.6730114401e+03 3.3909589164e+02 5.6325649678e-01
1.6730322733e+03 3.3867500521e+02 5.6190461863e-01
1.6730531064e+03 3.3903918548e+02 5.6195497599e-01
1.6730739395e+03 3.3822036915e+02 5.5977172955e-01
1.6730947726e+03 3.3847203592e+02 5.5927706985e-01
1.6731156057e+03 3.3935332033e+02 5.5949611738e-01
1.6731364388e+03 3.3865911072e+02 5.5916201090e-01
1.6731572719e+03 3.3881552370e+02 5.5866569109e-01
1.6731781050e+03 3.3872721898e+02 5.5936543973e-01
1.6731989381e+03 3.3883145442e+02 5.5889255028e-01
1.6732197712e+03 3.3909640189e+02 5.5924951968e-01
1.6732406043e+03 3.3877557617e+02 5.5900395944e-01
1.6732614374e+03 3.3978215459e+02 5.6058127268e-01
1.6732822705e+03 3.3900992176e+02 5.5770122476e-01
1.6733031036e+03 3.3850434550e+02 5.5697798294e-01
1.6733239367e+03 3.4010765227e+02 5.5744391587e-01
1.6733447698e+03 3.3880788693e+02 5.5669175298e-01
1.6733656030e+03 3.3894892408e+02 5.5444300999e-01
1.6733864361e+03 3.3885529867e+02 5.5292898466e-01
1.6734072692e+03 3.3844048052e+02 5.5207097442e-01
1.6734281023e+03 3.3927000595e+02 5.5238158489e-01
1.6734489354e+03 3.3866212918e+02 5.5184357913e-01
1.6734697685e+03 3.3887917216e+02 5.5315213541e-01
1.6734906016e+03 3.3908696006e+02 5.5282562365e-01
1.6735114347e+03 3.4025783396e+02 5.5444061803e-01
1.6735322678e+03 3.3874020219e+02 5.5440376977e-01
1.6735531009e+03 3.3876325444e+02 5.5600244178e-01
1.6735739340e+03 3.3870268626e+02 5.5624718397e-01
1.6735947671e+03 3.3876565435e+02 5.5729067140e-01
1.6736156002e+03 3.3860256032e+02 5.5817824696e-01
1.6736364333e+03 3.3845458579e+02 5.5825888994e-01
1.6736572664e+03 3.3960749222e+02 5.5995548433e-01
1.6736780995e+03 3.3836871165e+02 5.5951934103e-01
1.6736989326e+03 3.3917667745e+02 5.5969726827e-01
1.6737197657e+03 3.3909942401e+02 5.5993116105e-01
1.6737405988e+03 3.3871184836e+02 5.6175203397e-01
1.6737614319e+03 3.3887661208e+02 5.5970871630e-01
1.6737822650e+03 3.3862218233e+02 5.6045262943e-01
1.6738030981e+03 3.3979435995e+02 5.6072072912e-01
1.6738239312e+03 3.3840116882e+02 5.6047719595e-01
1.6738447643e+03 3.3867968435e+02 5.6040399837e-01
1.6738655974e+03 3.3850131551e+02 5.6039679243e-01
1.6738864305e+03 3.3805002689e+02 5.6052446487e-01
1.6739072636e+03 3.3900984177e+02 5.5993318359e-01
1.6739280967e+03 3.3908455839e+02 5.5895738836e-01
1.6739489298e+03 3.3894556529e+02 5.5801041028e-01
1.6739697629e+03 3.3885746562e+02 5.5677132661e-01
1.6739905961e+03 3.3840755656e+02 5.5549747806e-01
1.6740114292e+03 3.3980354081e+02 5.5491716708e-01
1.6740322623e+03 3.3841318807e+02 5.5276168378e-01
1.6740530954e+03 3.3941059862e+02 5.5272496623e-01
1.6740739285e+03 3.3860927888e+02 5.5188178636e-01
1.6740947616e+03 3.3827577927e+02 5.5088962003e-01
1.6741155947e+03 3.3969113579e+02 5.5180018440e-01
1.6741364278e+03 3.3886958898e+02 5.5043822625e-01
1.6741572609e+03 3.3885107463e+02 5.5042964453e-01
1.6741780940e+03 3.4006380672e+02 5.5186075246e-01
1.6741989271e+03 3.3996098920e+02 5.5161141673e-01
1.6742197602e+03 3.3897266183e+02 5.5080789813e-01
1.6742405933e+03 3.3781259870e+02 5.5009144001e-01
1.6742614264e+03 3.3799564972e+02 5.4970998270e-01
1.6742822595e+03 3.3942927106e+02 5.5029286044e-01
1.6743030926e+03 3.3910809290e+02 5.4892290050e-01
1.6743239257e+03 3.3910644712e+02 5.4790348344e-01
1.6743447588e+03 3.3920425518e+02 5.4655509856e-01
1.6743655919e+03 3.4020969292e+02 5.4616230437e-01
1.6743864249e+03 3.3972007992e+02 5.4484355186e-01
1.6744072580e+03 3.3902066193e+02 5.4457097394e-01
1.6744280911e+03 3.3851790265e+02 5.4332082298e-01
1.6744489242e+03 3.3932187132e+02 5.4419739394e-01
1.6744697573e+03 3.3918316800e+02 5.4462134712e-01
1.6744905904e+03 3.3825552368e+02 5.4451900890e-01
1.6745114235e+03 3.4049067558e+02 5.4677826162e-01
1.6745322566e+03 3.3952957416e+02 5.4724579911e-01
1.6745530897e+03 3.3860349410e+02 5.4785191609e-01
1.6745739228e+03 3.3901105384e+02 5.5124796039e-01
1.6745947559e+03 3.3879454304e+02 5.5069215203e-01
1.6746155890e+03 3.3904059092e+02 5.5207710143e-01
1.6746364221e+03 3.3920563878e+02 5.5301136315e-01
1.6746572552e+03 3.3984359417e+02 5.5546416054e-01
1.6746780883e+03 3.3989566806e+02 5.5507635536e-01
1.6746989214e+03 3.3858884563e+02 5.5450957762e-01
1.6747197545e+03 3.3808158618e+02 5.5389374368e-01
1.6747405876e+03 3.3950991009e+02 5.5478597492e-01
1.6747614207e+03 3.3925377711e+02 5.5450535860e-01
1.6747822538e+03 3.3936201447e+02 5.5500977516e-01
1.6748030869e+03 3.3841820391e+02 5.5425955154e-01
1.6748239200e+03 3.3809398799e+02 5.5458183357e-01
1.6748447531e+03 3.3840088290e+02 5.5515395954e-01
1.6748655862e+03 3.3780289127e+02 5.5476652845e-01
1.6748864193e+03 3.3686933933e+02 5.5463702012e-01
1.6749072524e+03 3.3960776177e+02 5.5527175436e-01
1.6749280855e+03 3.3928442497e+02 5.5443690912e-01
1.6749489186e+03 3.3909073699e+02 5.5289853088e-01
1.6749697517e+03 3.3889577893e+02 5.5163837592e-01
1.6749905848e+03 3.3917656904e+02 5.5097325002e-01
1.6750114178e+03 3.3830545900e+02 5.4913861598e-01
1.6750322509e+03 3.3905850012e+02 5.4901480978e-01
1.6750530840e+03 3.3911157240e+02 5.4829562817e-01
1.6750739171e+03 3.3893721626e+02 5.4703241535e-01
1.6750947502e+03 3.3837906434e+02 5.4723215702e-01
1.6751155833e+03 3.3860894281e+02 5.4575109797e-01
1.6751364164e+03 3.3893021638e+02 5.4558473694e-01
1.6751572495e+03 3.3845374563e+02 5.4511022560e-01
1.6751780826e+03 3.3885626291e+02 5.4532575509e-01
1.6751989157e+03 3.3919224905e+02 5.4550421441e-01
1.6752197488e+03 3.3856696566e+02 5.4561417878e-01
1.6752405819e+03 3.3973053415e+02 5.4578948597e-01
1.6752614150e+03 3.3867211771e+02 5.4465913078e-01
1.6752822481e+03 3.3892380486e+02 5.4404669045e-01
1.6753030812e+03 3.3828086536e+02 5.4293603593e-01
1.6753239143e+03 3.3907158128e+02 5.4261666828e-01
1.6753447474e+03 3.3904517812e+02 5.4219103765e-01
1.6753655804e+03 3.3896166204e+02 5.4091464316e-01
1.6753864135e+03 3.3930003441e+02 5.4089425719e-01
1.6754072466e+03 3.3957349332e+02 5.4070204037e-01
1.6754280796e+03 3.3936898749e+02 0.0000000000e+00
1.6754489126e+03 3.3916448166e+02 0.0000000000e+00
1.6754697459e+03 3.3926563948e+02 5.4097951500e-01
1.6754905790e+03 3.3911718599e+02 5.4129189278e-01
1.6755114121e+03 3.3877114201e+02 5.4432881121e-01
1.6755322452e+03 3.3937329598e+02 5.4375039243e-01
1.6755530783e+03 3.3863316149e+02 5.4386876662e-01
1.6755739114e+03 3.3859481504e+02 5.4499668715e-01
1.6755947444e+03 3.3823829397e+02 5.4568332535e-01
1.6756155775e+03 3.3906355113e+02 5.4748874013e-01
1.6756364106e+03 3.3885289157e+02 5.4820465840e-01
1.6756572437e+03 3.3923650498e+02 5.4886705797e-01
1.6756780768e+03 3.3876410381e+02 5.4833704471e-01
1.6756989099e+03 3.3819244017e+02 5.4805910800e-01
1.6757197430e+03 3.3855984434e+02 5.4856062374e-01
1.6757405761e+03 3.3985753970e+02 5.4888546464e-01
1.6757614092e+03 3.3931876978e+02 5.4878031023e-01
1.6757822423e+03 3.3865662835e+02 5.4994427550e-01
1.6758030753e+03 3.3834727796e+02 5.4949975239e-01
1.6758239084e+03 3.3968081133e+02 5.4980121835e-01
1.6758447415e+03 3.3858257743e+02 5.4936808025e-01
1.6758655746e+03 3.3934017267e+02 5.5011367924e-01
1.6758864077e+03 3.3880435710e+02 5.5106132907e-01
1.6759072408e+03 3.3952798558e+02 5.5040644345e-01
1.6759280739e+03 3.3919078800e+02 5.4966205488e-01
1.6759489070e+03 3.3859600704e+02 5.4929714593e-01
1.6759697400e+03 3.3898675784e+02 5.4785466321e-01
1.6759905731e+03 3.3886502287e+02 5.4629057583e-01
1.6760114062e+03 3.3883999702e+02 5.4519433214e-01
1.6760322393e+03 3.3848967221e+02 5.4420004997e-01
1.6760530724e+03 3.3904387624e+02 5.4326629719e-01
1.6760739055e+03 3.3948941679e+02 5.4274003955e-01
1.6760947386e+03 3.3971513628e+02 5.4191201107e-01
1.6761155717e+03 3.3924088774e+02 5.4138350116e-01
1.6761364047e+03 3.3942834172e+02 5.4098235210e-01
1.6761572378e+03 3.3944081837e+02 5.4012371041e-01
1.6761780709e+03 3.3815723383e+02 5.3953158659e-01
1.6761989040e+03 3.3900530321e+02 5.4008627163e-01
1.6762197371e+03 3.3894834053e+02 5.4027128831e-01
1.6762405702e+03 3.3983939301e+02 5.4110901505e-01
1.6762614033e+03 3.3924038387e+02 5.3985600879e-01
1.6762822363e+03 3.3915689915e+02 5.3956544606e-01
1.6763030694e+03 3.3964078020e+02 5.3922493187e-01
1.6763239025e+03 3.3908175970e+02 5.3810482373e-01
1.6763447356e+03 3.3981063766e+02 5.3814763375e-01
1.6763655687e+03 3.3843740572e+02 5.3623850185e-01
1.6763864018e+03 3.3884032362e+02 5.3614109498e-01
1.6764072349e+03 3.3905899306e+02 5.3583133191e-01
1.6764280679e+03 3.3895300211e+02 5.3563092753e-01
1.6764489010e+03 3.3857998009e+02 5.3531329781e-01
1.6764697341e+03 3.3901335989e+02 5.3583241648e-01
1.6764905672e+03 3.3941537528e+02 5.3653456014e-01
1.6765114003e+03 3.3914231403e+02 5.3734683250e-01
1.6765322334e+03 3.3968637802e+02 5.3853481837e-01
1.6765530664e+03 3.3875373614e+02 5.3853589749e-01
1.6765738995e+03 3.3921453380e+02 5.4083912859e-01
1.6765947326e+03 3.3864341183e+02 5.3981452123e-01
1.6766155657e+03 3.3949028019e+02 5.4153604644e-01
1.6766363988e+03 3.3839714933e+02 5.4154617241e-01
1.6766572319e+03 3.3990517908e+02 5.4301243888e-01
1.6766780649e+03 3.3947157351e+02 5.4334098077e-01
1.6766988980e+03 3.3848424159e+02 5.4312740725e-01
1.6767197311e+03 3.3805772744e+02 5.4270445614e-01
1.6767405642e+03 3.3839662526e+02 5.4226641891e-01
1.6767613973e+03 3.3878289439e+02 5.4195534521e-01
1.6767822303e+03 3.3895697358e+02 5.4260562857e-01
1.6768030634e+03 3.3934260193e+02 5.4249453247e-01
1.6768238965e+03 3.3953865754e+02 5.4279524961e-01
1.6768447296e+03 3.3868048329e+02 5.4268713035e-01
1.6768655627e+03 3.3906667516e+02 5.4357486623e-01
1.6768863957e+03 3.3951197058e+02 5.4354734262e-01
1.6769072288e+03 3.3911191878e+02 5.4338705293e-01
1.6769280619e+03 3.3924158495e+02 5.4431641006e-01
1.6769488950e+03 3.3923417956e+02 5.4237187463e-01
1.6769697281e+03 3.3886953432e+02 5.4156053555e-01
1.6769905611e+03 3.3960800965e+02 5.4114197726e-01
1.6770113942e+03 3.3849407463e+02 5.3946410989e-01
1.6770322273e+03 3.4071572857e+02 5.4018933928e-01
1.6770530604e+03 3.3907255566e+02 5.3832412682e-01
1.6770738935e+03 3.3956096413e+02 5.3820306573e-01
1.6770947265e+03 3.3912972514e+02 5.3745574880e-01
1.6771155596e+03 3.3906143764e+02 5.3668892790e-01
1.6771363927e+03 3.3900208981e+02 5.3776693148e-01
1.6771572258e+03 3.3845119905e+02 5.3593860993e-01
1.6771780589e+03 3.3821155048e+02 5.3584223309e-01
1.6771988919e+03 3.3914354022e+02 5.3579526187e-01
1.6772197250e+03 3.3803326331e+02 5.3491921292e-01
1.6772405581e+03 3.3872481261e+02 5.3523849635e-01
1.6772613912e+03 3.3872119877e+02 5.3464068339e-01
1.6772822242e+03 3.3905396360e+02 5.3438459577e-01
1.6773030573e+03 3.3862889825e+02 5.3321081023e-01
1.6773238904e+03 3.3899219047e+02 5.3301649356e-01
1.6773447235e+03 3.4006851208e+02 5.3213970631e-01
1.6773655565e+03 3.3943761953e+02 5.3112059307e-01
1.6773863896e+03 3.3927603710e+02 5.2992956769e-01
1.6774072227e+03 3.3837894455e+02 5.2865601203e-01
1.6774280558e+03 3.3853280190e+02 5.2815605050e-01
1.6774488888e+03 3.3812322051e+02 5.2793997509e-01
1.6774697219e+03 3.3872359666e+02 5.2775693177e-01
1.6774905550e+03 3.3896904718e+02 5.2797644066e-01
1.6775113881e+03 3.3859958426e+02 5.2791798727e-01
1.6775322211e+03 3.3940337562e+02 5.2904845317e-01
1.6775530542e+03 3.3911185355e+02 5.2904819967e-01
1.6775738873e+03 3.3847034906e+02 5.2928524779e-01
1.6775947204e+03 3.3857953076e+02 5.3024631944e-01
1.6776155534e+03 3.4016795504e+02 5.3199404616e-01
1.6776363865e+03 3.3918096054e+02 5.3165507300e-01
1.6776572196e+03 3.3931746804e+02 5.3169918705e-01
1.6776780527e+03 3.3895219571e+02 5.3248304434e-01
1.6776988857e+03 3.3974280332e+02 5.3192650973e-01
1.6777197188e+03 3.3852531291e+02 5.3101921679e-01
1.6777405519e+03 3.3901180232e+02 5.3149526208e-01
1.6777613850e+03 3.3905315754e+02 5.3047847823e-01
1.6777822180e+03 3.3908250968e+02 5.3214037836e-01
1.6778030511e+03 3.3953520101e+02 5.3007472690e-01
1.6778238842e+03 3.3860770399e+02 5.2928673991e-01
1.6778447172e+03 3.3897018289e+02 5.2936564769e-01
1.6778655503e+03 3.3991847769e+02 5.2989810144e-01
1.6778863834e+03 3.3895640032e+02 5.2908999634e-01
1.6779072165e+03 3.3913225463e+02 5.2856445312e-01
1.6779280495e+03 3.3798833582e+02 5.2777356187e-01
1.6779488826e+03 3.3767525868e+02 5.2822065559e-01
1.6779697157e+03 3.3949406618e+02 5.2791070484e-01
1.6779905487e+03 3.3879759394e+02 5.2677692043e-01
1.6780113818e+03 3.3966723789e+02 5.2694839917e-01
1.6780322149e+03 3.3889080956e+02 5.2588718022e-01
1.6780530480e+03 3.3817264371e+02 5.2682512000e-01
1.6780738810e+03 3.3833127578e+02 5.2410925277e-01
1.6780947141e+03 3.3845171675e+02 5.2387242254e-01
1.6781155472e+03 3.3929024332e+02 5.2483122588e-01
1.6781363802e+03 3.3775253820e+02 5.2306324119e-01
1.6781572133e+03 3.3854897742e+02 5.2338189926e-01
1.6781780464e+03 3.3897698965e+02 5.2411110081e-01
1.6781988794e+03 3.3836159326e+02 5.2291280155e-01
1.6782197125e+03 3.3990411585e+02 5.2410979297e-01
1.6782405456e+03 3.3877600666e+02 5.2339189245e-01
1.6782613786e+03 3.3878215398e+02 5.2268594905e-01
1.6782822117e+03 3.3856032070e+02 5.2233905262e-01
1.6783030448e+03 3.3909237241e+02 5.2195232983e-01
1.6783238778e+03 3.3785480724e+02 5.2163685487e-01
1.6783447109e+03 3.3905854765e+02 5.2056895858e-01
1.6783655440e+03 3.3848254142e+02 5.1972771279e-01
1.6783863770e+03 3.3789341296e+02 5.1904523675e-01
1.6784072101e+03 3.3849773861e+02 5.1856684266e-01
1.6784280432e+03 3.3877743816e+02 5.1839078048e-01
1.6784488762e+03 3.3886044341e+02 5.1881818668e-01
1.6784697093e+03 3.3911355626e+02 5.1902247018e-01
1.6784905424e+03 3.3872189712e+02 5.1847255365e-01
1.6785113754e+03 3.3891514756e+02 5.1974798285e-01
1.6785322085e+03 3.3849313950e+02 5.2006738290e-01
1.6785530416e+03 3.3842848409e+02 5.2032988694e-01
1.6785738746e+03 3.3808756928e+02 5.1927732414e-01
1.6785947077e+03 3.3908971921e+02 5.2021772879e-01
1.6786155408e+03 3.3889233990e+02 5.2048868856e-01
1.6786363738e+03 3.3859768315e+02 5.2089577936e-01
1.6786572069e+03 3.3890515578e+02 5.2065038965e-01
1.6786780400e+03 3.3744439013e+02 5.1972539042e-01
1.6786988730e+03 3.3857078732e+02 5.2071744265e-01
1.6787197061e+03 3.3826483612e+02 5.2018232350e-01
1.6787405391e+03 3.3860914510e+02 5.2097492836e-01
1.6787613722e+03 3.3886553386e+02 5.2002978964e-01
1.6787822053e+03 3.3824854675e+02 5.1960051225e-01
1.6788030383e+03 3.3856852472e+02 0.0000000000e+00
1.6788238713e+03 3.3888850269e+02 0.0000000000e+00
1.6788447045e+03 3.3885513404e+02 5.1905649047e-01
1.6788655375e+03 3.3795676774e+02 5.1808285844e-01
1.6788863706e+03 3.3837603862e+02 5.1849919541e-01
1.6789072036e+03 3.3921659637e+02 5.1846194830e-01
1.6789280367e+03 3.3858113133e+02 5.1780105684e-01
1.6789488698e+03 3.3887231230e+02 5.1749586495e-01
1.6789697028e+03 3.3789275679e+02 5.1675851093e-01
1.6789905359e+03 3.3898134942e+02 5.1727522138e-01
1.6790113689e+03 3.3878704501e+02 5.1611351222e-01
1.6790322020e+03 3.3825815647e+02 5.1523494417e-01
1.6790530351e+03 3.3783809556e+02 5.1456232092e-01
1.6790738681e+03 3.3839828321e+02 5.1428102411e-01
1.6790947012e+03 3.3943313683e+02 5.1481938283e-01
1.6791155342e+03 3.3980116330e+02 5.1485967192e-01
1.6791363673e+03 3.3882843652e+02 5.1444841294e-01
1.6791572004e+03 3.3973259305e+02 5.1407389991e-01
1.6791780334e+03 3.3845899003e+02 5.1299781231e-01
1.6791988665e+03 3.3865792328e+02 5.1331586794e-01
1.6792196995e+03 3.3853354021e+02 5.1186400820e-01
1.6792405326e+03 3.3813406580e+02 5.1126920449e-01
1.6792613656e+03 3.3937453247e+02 5.1171653689e-01
1.6792821987e+03 3.3863939591e+02 5.1084108289e-01
1.6793030317e+03 3.3824918753e+02 5.1035695473e-01
1.6793238648e+03 3.3839562266e+02 5.0981449755e-01
1.6793446979e+03 3.3863844095e+02 5.0924085594e-01
1.6793655309e+03 3.3808789919e+02 5.0824833287e-01
1.6793863640e+03 3.3930901525e+02 5.0835454329e-01
1.6794071970e+03 3.3874375864e+02 5.0733191417e-01
1.6794280301e+03 3.3896119963e+02 5.0739364957e-01
1.6794488631e+03 3.3908119864e+02 5.0744401327e-01
1.6794696962e+03 3.3944198693e+02 5.0748764798e-01
1.6794905292e+03 3.3900826888e+02 5.0709624028e-01
1.6795113623e+03 3.3927112312e+02 5.0840067912e-01
1.6795321953e+03 3.3896436574e+02 5.0673811305e-01
1.6795530284e+03 3.3871294562e+02 5.0667088638e-01
1.6795738614e+03 3.3866790844e+02 5.0591266013e-01
1.6795946945e+03 3.3866251588e+02 5.0575567530e-01
1.6796155276e+03 3.3930181898e+02 5.0599432953e-01
1.6796363606e+03 3.3850775044e+02 5.0534933292e-01
1.6796571937e+03 3.3909519491e+02 5.0529687309e-01
1.6796780267e+03 3.3834958034e+02 5.0459730092e-01
1.6796988598e+03 3.3895524953e+02 5.0603538014e-01
1.6797196928e+03 3.3973879832e+02 5.0479376061e-01
1.6797405259e+03 3.3886017459e+02 5.0412059631e-01
1.6797613589e+03 3.3827808778e+02 5.0442755887e-01
1.6797821920e+03 3.3900122042e+02 5.0354600198e-01
1.6798030250e+03 3.3906084067e+02 5.0368882449e-01
1.6798238581e+03 3.3856783247e+02 5.0313991856e-01
1.6798446911e+03 3.3959622579e+02 5.0394909699e-01
1.6798655242e+03 3.3945749356e+02 5.0421857396e-01
1.6798863572e+03 3.3916916844e+02 5.0531751561e-01
1.6799071902e+03 3.3865631247e+02 5.0290601360e-01
1.6799280233e+03 3.3823787505e+02 5.0255341018e-01
1.6799488563e+03 3.3893379917e+02 5.0366092595e-01
1.6799696894e+03 3.3919920406e+02 5.0356047248e-01
1.6799905224e+03 3.3882112224e+02 5.0273697503e-01
1.6800113555e+03 3.3872656752e+02 5.0426845692e-01
1.6800321885e+03 3.3836615952e+02 5.0288915378e-01
1.6800530216e+03 3.3854509414e+02 5.0283622984e-01
1.6800738546e+03 3.3927183514e+02 5.0322257097e-01
1.6800946877e+03 3.3855433869e+02 5.0285709190e-01
1.6801155207e+03 3.3961139379e+02 5.0329804495e-01
1.6801363537e+03 3.3925574287e+02 5.0324522324e-01
1.6801571868e+03 3.3899240723e+02 5.0302040245e-01
1.6801780198e+03 3.3976255863e+02 5.0379830321e-01
1.6801988529e+03 3.3944337491e+02 5.0321365784e-01
1.6802196859e+03 3.3865986007e+02 5.0313885237e-01
1.6802405190e+03 3.3930585761e+02 5.0316423299e-01
1.6802613520e+03 3.3870882897e+02 5.0246931319e-01
1.6802821850e+03 3.3825040707e+02 5.0267440094e-01
1.6803030181e+03 3.3899319137e+02 5.0300301323e-01
1.6803238511e+03 3.3815838502e+02 5.0233388627e-01
1.6803446842e+03 3.3946357030e+02 5.0336086715e-01
1.6803655172e+03 3.3923185928e+02 5.0333768721e-01
1.6803863502e+03 3.3883055580e+02 5.0365716855e-01
1.6804071833e+03 3.3877229647e+02 5.0249446073e-01
1.6804280163e+03 3.3832251466e+02 5.0233293703e-01
1.6804488493e+03 3.3890262296e+02 5.0356239593e-01
1.6804696824e+03 3.3907539864e+02 5.0305526795e-01
1.6804905154e+03 3.3903660059e+02 5.0287018952e-01
1.6805113485e+03 3.3960653530e+02 5.0343714917e-01
1.6805321815e+03 3.3930034278e+02 5.0320077645e-01
1.6805530145e+03 3.3845860227e+02 5.0251664172e-01
1.6805738476e+03 3.3847240353e+02 5.0248420021e-01
1.6805946806e+03 3.3948559161e+02 5.0340497419e-01
1.6806155136e+03 3.3896580851e+02 5.0307173714e-01
1.6806363467e+03 3.3925703654e+02 5.0334156541e-01
1.6806571797e+03 3.3980327607e+02 5.0395841107e-01
1.6806780127e+03 3.3913241329e+02 5.0377511381e-01
1.6806988458e+03 3.3989549089e+02 5.0333451949e-01
1.6807196788e+03 3.3934356164e+02 5.0327791177e-01
1.6807405118e+03 3.3894406477e+02 5.0292260619e-01
1.6807613449e+03 3.3924870424e+02 5.0391704341e-01
1.6807821779e+03 3.3879387928e+02 5.0391328792e-01
1.6808030109e+03 3.3818568579e+02 5.0249876060e-01
1.6808238439e+03 3.3875675472e+02 5.0295750810e-01
1.6808446770e+03 3.3863388011e+02 5.0296790709e-01
1.6808655100e+03 3.3911299262e+02 5.0398070502e-01
1.6808863430e+03 3.3940545628e+02 5.0353724253e-01
1.6809071761e+03 3.3910564089e+02 5.0278187774e-01
1.6809280091e+03 3.3938549644e+02 5.0361722597e-01
1.6809488421e+03 3.3936878352e+02 5.0346760547e-01
1.6809696751e+03 3.3924927852e+02 5.0321090391e-01
1.6809905082e+03 3.3831914724e+02 5.0296728494e-01
1.6810113412e+03 3.3838248849e+02 5.0237345630e-01
1.6810321742e+03 3.3952001186e+02 5.0361169294e-01
1.6810530072e+03 3.3909363053e+02 5.0312238539e-01
1.6810738403e+03 3.3881165055e+02 5.0285492869e-01
1.6810946733e+03 3.3888674808e+02 5.0271625620e-01
1.6811155063e+03 3.3886503854e+02 5.0338493409e-01
1.6811363393e+03 3.3919434648e+02 5.0312567290e-01
1.6811571723e+03 3.3909197150e+02 5.0669903091e-01
1.6811780054e+03 3.3989013898e+02 5.0365728689e-01
1.6811988384e+03 3.3870885760e+02 5.0344736067e-01
1.6812196714e+03 3.3854942313e+02 5.0240044756e-01
1.6812405044e+03 3.3936777610e+02 5.0344472642e-01
1.6812613374e+03 3.3927323106e+02 5.0407374356e-01
1.6812821704e+03 3.3912707269e+02 5.0317747068e-01
1.6813030035e+03 3.3905787857e+02 5.0327098340e-01
1.6813238365e+03 3.3882525240e+02 5.0435585841e-01
1.6813446695e+03 3.3859748700e+02 5.0129873762e-01
1.6813655025e+03 3.3961727766e+02 5.0186830390e-01
1.6813863355e+03 3.3871930457e+02 5.0063956603e-01
1.6814071685e+03 3.3823693361e+02 5.0030946096e-01
1.6814280015e+03 3.3886689671e+02 5.0068242471e-01
1.6814488345e+03 3.3838325194e+02 5.0106959381e-01
1.6814696676e+03 3.3858197323e+02 5.0197387534e-01
1.6814905006e+03 3.3825020558e+02 5.0244950269e-01
1.6815113336e+03 3.3924916268e+02 5.0433195599e-01
1.6815321666e+03 3.3942527198e+02 5.0386428658e-01
1.6815529996e+03 3.3884160075e+02 5.0313586111e-01
1.6815738326e+03 3.3973109937e+02 5.0409029771e-01
1.6815946656e+03 3.3836357470e+02 5.0255871767e-01
1.6816154986e+03 3.3810367372e+02 5.0268762189e-01
1.6816363316e+03 3.3903904951e+02 5.0348657683e-01
1.6816571646e+03 3.3913302428e+02 5.0421452518e-01
1.6816779976e+03 3.3843143159e+02 5.0312031217e-01
1.6816988306e+03 3.3914570754e+02 5.0410330416e-01
1.6817196636e+03 3.3906559073e+02 5.0365912122e-01
1.6817404966e+03 3.3838277360e+02 5.0363932792e-01
1.6817613296e+03 3.3850907832e+02 5.0326734152e-01
1.6817821626e+03 3.3877075729e+02 5.0363290751e-01
1.6818029956e+03 3.3991274820e+02 5.0468249008e-01
1.6818238286e+03 3.3909463597e+02 5.0368542231e-01
1.6818446616e+03 3.3882527106e+02 5.0437538724e-01
1.6818654946e+03 3.3891860459e+02 5.0473023107e-01
1.6818863276e+03 3.3813225010e+02 5.0370048048e-01
1.6819071605e+03 3.3921155505e+02 5.0460034259e-01
1.6819279935e+03 3.3865047622e+02 5.0539356126e-01
1.6819488265e+03 3.3918263203e+02 5.0488561633e-01
1.6819696595e+03 3.3854810097e+02 5.0476329577e-01
1.6819904925e+03 3.3886274044e+02 5.0498270784e-01
1.6820113255e+03 3.3846502271e+02 5.0491881842e-01
1.6820321585e+03 3.3830272512e+02 5.0481324298e-01
1.6820529914e+03 3.3887944327e+02 5.0553553758e-01
1.6820738244e+03 3.3894314198e+02 5.0559068415e-01
1.6820946574e+03 3.3866848196e+02 5.0582087308e-01
1.6821154904e+03 3.3873344274e+02 5.0578649283e-01
1.6821363234e+03 3.3843599516e+02 5.0691025617e-01
1.6821571564e+03 3.3889284989e+02 5.0687348037e-01
1.6821779894e+03 3.3903169815e+02 0.0000000000e+00
1.6822196553e+03 3.3806526944e+02 5.0710511456e-01
1.6822404883e+03 3.3839249940e+02 5.0731050181e-01
1.6822613212e+03 3.3934133440e+02 5.0917375486e-01
1.6822821542e+03 3.3864287678e+02 5.0867409606e-01
1.6823029872e+03 3.3933749203e+02 5.0960099642e-01
1.6823238202e+03 3.3914040026e+02 5.0935072110e-01
1.6823446531e+03 3.3913861274e+02 5.0969265821e-01
