1.518620293364250529e+03 5.952372587981476499e+02 8.367871752488318382e-01
1.518641126934243403e+03 5.959952856091898639e+02 8.372743202862106271e-01
1.518661960503770842e+03 5.941591759134935273e+02 8.374693907652684954e-01
1.518682794071901526e+03 5.956750803022858918e+02 8.365149597978183138e-01
1.518703627639565639e+03 5.943052590337384800e+02 8.361466404627523330e-01
1.518724461206298201e+03 5.957701209294667706e+02 8.445216288622873213e-01
1.518745294772100806e+03 5.947962147562160453e+02 8.370219531672531410e-01
1.518766128337436385e+03 5.951503246980892072e+02 8.370048981093693996e-01
1.518786961901375889e+03 5.952893388036450233e+02 8.364952223368284923e-01
1.518807795464849505e+03 5.950002862229589482e+02 8.363104015255879986e-01
1.518828629026926137e+03 5.953488936665995652e+02 8.370595513993052128e-01
1.518849462588537335e+03 5.945776893369918525e+02 8.360695779151056106e-01
1.518870296149216983e+03 5.960049524324767845e+02 8.372184707249855640e-01
1.518891129709430516e+03 5.952459977877063011e+02 8.361948276788631063e-01
1.518911963268246382e+03 5.954478256803780596e+02 8.369307633183604711e-01
1.518932796826132972e+03 5.955911157894078087e+02 8.381225336139525028e-01
1.518953630383553445e+03 5.951114931174892035e+02 8.363487800566897779e-01
1.518974463939575344e+03 5.956981529957980683e+02 8.377115551794014348e-01
1.518995297495132490e+03 5.958597729710961630e+02 8.379925574698243729e-01
1.519016131049293108e+03 5.970114022764309993e+02 8.390825237250437718e-01
1.519036964602987609e+03 5.954074391152580574e+02 8.368713296777010591e-01
1.519057798155751470e+03 5.964151073858795371e+02 8.418881749606900167e-01
1.519078631707583554e+03 5.953059167506073663e+02 8.358382406753087634e-01
1.519099465258483633e+03 5.942837272400813617e+02 8.360393497774930571e-01
1.519120298808451935e+03 5.951085724804901247e+02 8.365250064853843037e-01
1.519141132357490960e+03 5.961289221304876946e+02 8.376300824615575680e-01
1.519161965905597981e+03 5.950202585690840351e+02 8.373085258579212597e-01
1.519182799452772542e+03 5.951189887381872268e+02 8.361383000857393055e-01
1.519203632999016918e+03 5.957898081452792667e+02 8.363158537362189726e-01
1.519224466544329971e+03 5.959907049038225750e+02 8.368190502241169559e-01
1.519245300088711474e+03 5.949686661361117785e+02 8.368851112512705193e-01
1.519266133632161655e+03 5.951908682369257804e+02 8.363642093690409896e-01
1.519286967174680512e+03 5.960102575035589325e+02 8.364301994282756780e-01
1.519307800716732345e+03 5.968639519575207260e+02 8.391406997809905954e-01
1.519328634257389012e+03 5.946826523231469537e+02 8.367663757276402325e-01
1.519349467797113903e+03 5.945732462946626811e+02 8.369962458281372530e-01
1.519370301335907698e+03 5.952825838548468482e+02 8.362638246565307076e-01
1.519391134873769033e+03 5.951282607632326744e+02 8.362114359426979782e-01
1.519411968410699956e+03 5.953902759780988845e+02 8.381234936910429978e-01
1.519432801947165899e+03 5.944336921185935125e+02 8.378130114339301659e-01
1.519453635482233494e+03 5.958456882275785347e+02 8.371768569981740127e-01
1.519474469016369994e+03 5.966113948380221927e+02 8.393246488033502262e-01
1.519495302549575626e+03 5.959083144586870731e+02 8.363432924266314128e-01
1.519516136081850618e+03 5.945097173482104154e+02 8.368424125634202904e-01
1.519536969613193378e+03 5.971221059875584842e+02 8.406207017185975960e-01
1.519557803143604815e+03 5.956578499623203697e+02 8.366592001360179109e-01
1.519578636673084929e+03 5.958729015268083913e+02 8.367646305388249939e-01
1.519599470202098473e+03 5.965294594300781910e+02 8.365053405158010547e-01
1.519620303729716397e+03 5.936911466643628046e+02 8.370208850109894794e-01
1.519641137256403454e+03 5.954054774629111080e+02 8.358509696311777759e-01
1.519661970782158505e+03 5.954489603211593476e+02 8.367351754764150717e-01
1.519682804306515663e+03 5.962495986261820917e+02 8.360320421037666927e-01
1.519703637830407388e+03 5.968837515222786578e+02 8.371819831805917822e-01
1.519724471353368926e+03 5.960387262876461136e+02 8.365162779871067045e-01
1.519745304875399597e+03 5.954621226223798658e+02 8.364384300046047160e-01
1.519766138396496444e+03 5.945789339016102986e+02 8.367767755528620066e-01
1.519786971916664015e+03 5.964329287541529538e+02 8.369713566686123318e-01
1.519807805435899354e+03 5.963180683079988285e+02 8.370668857060526991e-01
1.519828638953737936e+03 5.959759516056939219e+02 8.362643235808852049e-01
1.519849472471111312e+03 5.963016314212676434e+02 8.370317089313832337e-01
1.519870305987552911e+03 5.968774789153790152e+02 8.363097957222126455e-01
1.519891139502597525e+03 5.965406808069337785e+02 8.364223250781447350e-01
1.519911973017176479e+03 5.961812503055705292e+02 8.372203573547746247e-01
1.519932806530358448e+03 5.970278146682801435e+02 8.378723427082886976e-01
1.519953640043074984e+03 5.980039462451350118e+02 8.380524094541903501e-01
1.519974473554394535e+03 5.966065509236342450e+02 8.367994267796327046e-01
1.519995307065247516e+03 5.959885770964582434e+02 8.358449439031219175e-01
1.520016140574704423e+03 5.961731285935203459e+02 8.378929369345471390e-01
1.520036974083695895e+03 5.962511648124281010e+02 8.362356349469636241e-01
1.520057807591290384e+03 5.969714953089435312e+02 8.365922663070154419e-01
1.520078641097952641e+03 5.972168448452463281e+02 8.372833612287473581e-01
1.520099474603683575e+03 5.955317018676025782e+02 8.366526815365186165e-01
1.520120308108949985e+03 5.954236357005291893e+02 8.362646799552420074e-01
1.520141141612819411e+03 5.964497290121446440e+02 8.370123041062115243e-01
1.520161975115756377e+03 5.963188430642559297e+02 8.365497664236666298e-01
1.520182808617761566e+03 5.953904640992886925e+02 8.361290685458034888e-01
1.520203642118837024e+03 5.952567302967402156e+02 8.373868623865052818e-01
1.520224475618981614e+03 5.958974509857573594e+02 8.364479431672500187e-01
1.520245309118192381e+03 5.945971838878361950e+02 8.358694744061530013e-01
1.520266142616473644e+03 5.959371002669533937e+02 8.362223416189321634e-01
1.520286976113357014e+03 5.961399757194039921e+02 8.382605245255464466e-01
1.520307809609776086e+03 5.954154752912842241e+02 8.366512210783006998e-01
1.520328643105262927e+03 5.939666435974399974e+02 8.359264836521297370e-01
1.520349476599817535e+03 5.945251155243016683e+02 8.358246201212854443e-01
1.520370310092976524e+03 5.948501320985835719e+02 8.365906988727153104e-01
1.520391143585669397e+03 5.946473068732566389e+02 8.366733057840272103e-01
1.520411977076965513e+03 5.963121570184828215e+02 8.393008584392533944e-01
1.520432810567795514e+03 5.958235461835987508e+02 8.372394013985554606e-01
1.520453644057228985e+03 5.944815542598130378e+02 8.360593475239017636e-01
1.520474477546196340e+03 5.963627032942919186e+02 8.376357039778271618e-01
1.520495311033766484e+03 5.966980032873979098e+02 8.360855470560426550e-01
1.520536978006114623e+03 5.954671460887751664e+02 8.367323260804288010e-01
1.520557811491356915e+03 5.960771123261484945e+02 8.384787533933822923e-01
1.520578644975201996e+03 5.960194266661027314e+02 8.364717434148227770e-01
1.520599478458116209e+03 5.948036509450317908e+02 8.363566907327598665e-01
1.520620311940098873e+03 5.976708110981599020e+02 8.380006660103711535e-01
1.520641145421150441e+03 5.944949304389448343e+02 8.364809711729430663e-01
1.520661978901270686e+03 5.952627438877822215e+02 8.369300867458421278e-01
1.520682812380458472e+03 5.960928200272371669e+02 8.360297606705928697e-01
1.520703645858715845e+03 5.949900895208559177e+02 8.358168470354794266e-01
1.520724479335576689e+03 5.966503900769614575e+02 8.381050386832437082e-01
1.520745312811971417e+03 5.942401189323829840e+02 8.381522954923812385e-01
1.520766146287434367e+03 5.950854997023155875e+02 8.367882437034249721e-01
1.520786979761500334e+03 5.955362005963575029e+02 8.359581775425249939e-01
1.520807813235102003e+03 5.957097512600694245e+02 8.381713539180085659e-01
1.520828646707771895e+03 5.963703335393088310e+02 8.366652199997369754e-01
1.520849480179044349e+03 5.950322073637504445e+02 8.406412640668058378e-01
1.520870313649850686e+03 5.940356521073767908e+02 8.361538045663292618e-01
1.520891147119260495e+03 5.969982699750802340e+02 8.370301067151508789e-01
1.520911980587739436e+03 5.959975543090394012e+02 8.361473533116293710e-01
1.520932814055751805e+03 5.963543410094011961e+02 8.386278088474697912e-01
1.520953647522368101e+03 5.968634213797221264e+02 8.377883599747381060e-01
1.520974480988051482e+03 5.959574907465234901e+02 8.376623522979691483e-01
1.520995314452804905e+03 5.942206538227309238e+02 8.364968968326448318e-01
1.521016147916627688e+03 5.956520965426645944e+02 8.357716690002118254e-01
1.521036981379518011e+03 5.969585134288588506e+02 8.371569571453799652e-01
1.521057814841477466e+03 5.949264815484183373e+02 8.359863053094515051e-01
1.521078648302504462e+03 5.954907761532047061e+02 8.361818188298167920e-01
1.521099481762601044e+03 5.945955499389427814e+02 8.351165091156173004e-01
1.521120315221766305e+03 5.951461971585395077e+02 8.390383029624113309e-01
1.521141148680000470e+03 5.951443620380692892e+02 8.362342806765636904e-01
1.521161982136837651e+03 5.948169908486303257e+02 8.365049486167812631e-01
1.521182815593208488e+03 5.952253510148369742e+02 8.357215673760550745e-01
1.521203649048648458e+03 5.947084506216500586e+02 8.360074807224777693e-01
1.521224482502691444e+03 5.957874421885830998e+02 8.359645589566787605e-01
1.521245315956268996e+03 5.953419313999513633e+02 8.357365803487009082e-01
1.521266149408449564e+03 5.948752111009554255e+02 8.361002683376524969e-01
1.521286982859698583e+03 5.953981784680520377e+02 8.364125622062722476e-01
1.521307816310481485e+03 5.938687162811748976e+02 8.363339206115233404e-01
1.521328649759867403e+03 5.942682867805034448e+02 8.363027398623440467e-01
1.521349483208322908e+03 5.955433114725278756e+02 8.366525034319943765e-01
1.521370316656312525e+03 5.962829294077843088e+02 8.365568558249950604e-01
1.521391150102905158e+03 5.941517865496630293e+02 8.360822677037725859e-01
1.521411983548566013e+03 5.955788260538646455e+02 8.362348152572467441e-01
1.521432816993295546e+03 5.948240327764285666e+02 8.361407594363279294e-01
1.521453650437093529e+03 5.954298093765281692e+02 8.362972162941374465e-01
1.521474483879961099e+03 5.952090849451587928e+02 8.368905241069810597e-01
1.521495317321896891e+03 5.943659814647685380e+02 8.365519039379312183e-01
1.521516150762435473e+03 5.942188024689818349e+02 8.369871305709144504e-01
1.521536984202508393e+03 5.956277857147251780e+02 8.358671212205103229e-01
1.521557817641649308e+03 5.942136284353657629e+02 8.359213497705192397e-01
1.521578651079395058e+03 5.965972916564835486e+02 8.380244221599604248e-01
1.521599484516675602e+03 5.950628689769778248e+02 8.354068390861977278e-01
1.521620317953022550e+03 5.957805832214635302e+02 8.376923084093991223e-01
1.521641151387972513e+03 5.945429483136077806e+02 8.357994108140032186e-01
1.521661984821991609e+03 5.947514087200069071e+02 8.360473346747796519e-01
1.521682818255545953e+03 5.955998849516305427e+02 8.366262147884079292e-01
1.521703651687703996e+03 5.953647928679383767e+02 8.369531611208701483e-01
1.521724485118929351e+03 5.961088454960494118e+02 8.356738521473439096e-01
1.521745318549688363e+03 5.934912275732974649e+02 8.351635424988741452e-01
1.521766151979050392e+03 5.958422472162973236e+02 8.366828518957299954e-01
1.521786985407482462e+03 5.942860499212366676e+02 8.371140231147202737e-01
1.521807818834983664e+03 5.939157409427338052e+02 8.350508078233463971e-01
1.521828652261552634e+03 5.945795510331544165e+02 8.354348070516909308e-01
1.521849485687189372e+03 5.942133919607662165e+02 8.359586766492985710e-01
1.521870319111430490e+03 5.928986094860898675e+02 8.345473307974545785e-01
1.521891152535205492e+03 5.939508601516214412e+02 8.381269428478140826e-01
1.521911985958048490e+03 5.938848508033987628e+02 8.394448330959169979e-01
1.521932819379961074e+03 5.940551502554538956e+02 8.357609357377995263e-01
1.521953652800476448e+03 5.939871182704412149e+02 8.362138950781901059e-01
1.521974486220526614e+03 5.935590108045851139e+02 8.353797263891211689e-01
1.521995319639179343e+03 5.935548179937749182e+02 8.369571492199777696e-01
1.522016153057365500e+03 5.936638319423510666e+02 8.347496434611119120e-01
1.522036986474155583e+03 5.930191117492887543e+02 8.354386240355943238e-01
1.522057819890013434e+03 5.939713735039298399e+02 8.349583319015447813e-01
1.522078653305406988e+03 5.943060500770458248e+02 8.355541241417396847e-01
1.522099486719404013e+03 5.955772104231750745e+02 8.356958556966805896e-01
1.522120320132468350e+03 5.953051562825905876e+02 8.355798045157075693e-01
1.522141153544601366e+03 5.950650884772387599e+02 8.352793303988582663e-01
1.522161986955802604e+03 5.935213703755898678e+02 8.350844264035832687e-01
1.522182820366073884e+03 5.932624618320900254e+02 8.349930606485163054e-01
1.522203653775413841e+03 5.930933658283084924e+02 8.347466087763684151e-01
1.522224487183822475e+03 5.938458081844081562e+02 8.351446295448099466e-01
1.522245320590832307e+03 5.957358063640817818e+02 8.372959970281741438e-01
1.522266153997378524e+03 5.943417325374665552e+02 8.363125752870282925e-01
1.522286987402992509e+03 5.935307290035913184e+02 8.351921965925109825e-01
1.522307820807209509e+03 5.936992882610829838e+02 8.353155085962232773e-01
1.522328654210960394e+03 5.931247183978924795e+02 8.348281844050062794e-01
1.522349487613314977e+03 5.931059975080875120e+02 8.364916951963763392e-01
1.522370321014739147e+03 5.945089160597067348e+02 8.353887878357811880e-01
1.522391154415696519e+03 5.923903588236230462e+02 8.344995484279464915e-01
1.522411987815256907e+03 5.929169955115538642e+02 8.349489088474753018e-01
1.522432821213885518e+03 5.944025560848555187e+02 8.358168113789560261e-01
1.522453654611582351e+03 5.933737632461380826e+02 8.353618886085091289e-01
1.522474488008349908e+03 5.931296672492343305e+02 8.344304055666723619e-01
1.522495321404185688e+03 5.940911666405687583e+02 8.350158316430553729e-01
1.522516154799089009e+03 5.952881803169505019e+02 8.386198129827567849e-01
1.522536988192596482e+03 5.945274642422383522e+02 8.350310357544908912e-01
1.522557821585638067e+03 5.936727715779727532e+02 8.380255601621996453e-01
1.522578654977748101e+03 5.937071014900919863e+02 8.345525088421029691e-01
1.522599488368460698e+03 5.945059109004735092e+02 8.353567869332075846e-01
1.522620321758707632e+03 5.912832956892684706e+02 8.337939936227786175e-01
1.522641155147557583e+03 5.943979034181639918e+02 8.357215673760550745e-01
1.522661988535942555e+03 5.940125541347500757e+02 8.357356888495436342e-01
1.522682821922931453e+03 5.939291621027771271e+02 8.363056619933497693e-01
1.522703655308986981e+03 5.925017372190170590e+02 8.363536618791403976e-01
1.522724488694111642e+03 5.943764929950140186e+02 8.358548203695519430e-01
1.522745322078304525e+03 5.930981752264947318e+02 8.348164037344878441e-01
1.522766155461566996e+03 5.935171032838590008e+02 8.358420201614307210e-01
1.522786988843898598e+03 5.916238547314873131e+02 8.347185106418865130e-01
1.522807822225297514e+03 5.942840175850178639e+02 8.360331115234238553e-01
1.522828655605300355e+03 5.931979772964705262e+02 8.356234950049920007e-01
1.522849488984837080e+03 5.929776507088115522e+02 8.346640611197577719e-01
1.522870322363443847e+03 5.931552878866521041e+02 8.342480209253949619e-01
1.522891155740652948e+03 5.931869518034530984e+02 8.348556005945858560e-01
1.522911989116929362e+03 5.929201801445043429e+02 8.350210781634949120e-01
1.522932822492741479e+03 5.932012186907526257e+02 8.350414571920918849e-01
1.522953655867156158e+03 5.925978142054802902e+02 8.368009938229591382e-01
1.522974489240639514e+03 5.940953362570477339e+02 8.351293204438036133e-01
1.522995322613191547e+03 5.924990269336757365e+02 8.349198180664402225e-01
1.523016155984811576e+03 5.936611521993901306e+02 8.360903947706203043e-01
1.523036989355501646e+03 5.937832685210206591e+02 8.382837044856817910e-01
1.523057822725260849e+03 5.926459409503263487e+02 8.343796876354195868e-01
1.523078656093622612e+03 5.923856333197040840e+02 8.344954771578706465e-01
1.523099489461517351e+03 5.924985867800719461e+02 8.370596938136403153e-01
1.523120322828015560e+03 5.937834041854380303e+02 8.349676834637023148e-01
1.523141156194047653e+03 5.940976817947112067e+02 8.354300982250912888e-01
1.523161989558684127e+03 5.938468345329400790e+02 8.358158486522473396e-01
1.523182822922388368e+03 5.936217074357450656e+02 8.353821166227840544e-01
1.523203656285161514e+03 5.935838979221421141e+02 8.356536668583689487e-01
1.523224489647002429e+03 5.928023607926653540e+02 8.351084439446985197e-01
1.523245323007914521e+03 5.940534870252264454e+02 8.358209831818796953e-01
1.523266156367894382e+03 5.942628013287028352e+02 8.370053253801992277e-01
1.523286989726942011e+03 5.926859478184802583e+02 8.346845559796993719e-01
1.523307823085058317e+03 5.924623925399904465e+02 8.349574038782134888e-01
1.523328656441777639e+03 5.945622807822522873e+02 8.395187813780576880e-01
1.523349489798031527e+03 5.938322447503024932e+02 8.380498845905265393e-01
1.523370323152888432e+03 5.940997275420323831e+02 8.390138651073877352e-01
1.523391156506814013e+03 5.938674229015699666e+02 8.360373535412553014e-01
1.523411989859807818e+03 5.930706269934496504e+02 8.364945810396706705e-01
1.523432823211870527e+03 5.932142145936046518e+02 8.356965689300768219e-01
1.523453656563002369e+03 5.928813440377458619e+02 8.354132603855721761e-01
1.523474489913203342e+03 5.928856403104439323e+02 8.344395130376911496e-01
1.523495323262472084e+03 5.945214880709435192e+02 8.353575361322316262e-01
1.523516156610344524e+03 5.925052466363830490e+02 8.347166897644527905e-01
1.523536989945643654e+03 5.936382609965729671e+02 8.351897701320213363e-01
1.523557823291652994e+03 5.933364091020014257e+02 8.357693511977387635e-01
1.523578656636731466e+03 5.943524816392182402e+02 8.356535598679057930e-01
1.523599489980877479e+03 5.930128037562380996e+02 8.352519281177250843e-01
1.523620323324092624e+03 5.939811789566899733e+02 8.348245074256908094e-01
1.523661990007730310e+03 5.928565313376702761e+02 8.345386530367995270e-01
1.523682823348151487e+03 5.930897292133652172e+02 8.391451391800631709e-01
1.523703656687175680e+03 5.941900336707221868e+02 8.349959873628425289e-01
1.523724490025733303e+03 5.936954928269179845e+02 8.350759326650153413e-01
1.523745323362895988e+03 5.955728213572239156e+02 8.357892484312501313e-01
1.523766156699126896e+03 5.919899498251156729e+02 8.352525346883651336e-01
1.523786990034426481e+03 5.929004848589733001e+02 8.344497632881380245e-01
1.523807823368794516e+03 5.939488678042114316e+02 8.347098346608411434e-01
1.523828656702230546e+03 5.932261319269192654e+02 8.352476821109108274e-01
1.523849490034735936e+03 5.940570891032165264e+02 8.350637629142321217e-01
1.523870323365844342e+03 5.934237092812766150e+02 8.353647070031822164e-01
1.523891156696486632e+03 5.934797794066398637e+02 8.357279149365900439e-01
1.523911990025731484e+03 5.932082691150324081e+02 8.357856113379237284e-01
1.523932823354046377e+03 5.917884567648716256e+02 8.343816521197257030e-01
1.523953656681429493e+03 5.938701526123553549e+02 8.358653741541572924e-01
1.523974490007880377e+03 5.931977740661391181e+02 8.340521970236181026e-01
1.523995323333400393e+03 5.915758247360981841e+02 8.365722456753776903e-01
1.524016156657523425e+03 5.945055631828023479e+02 8.356018818729551434e-01
1.524036989981181478e+03 5.946542623627577768e+02 8.349915615957422821e-01
1.524057823303442547e+03 5.923063174923480574e+02 8.350583382174391334e-01
1.524078656624771611e+03 5.939525256219221774e+02 8.356294510008819287e-01
1.524099489945168443e+03 5.942437201781218619e+02 8.355385728649202814e-01
1.524120323264635317e+03 5.929089776068201445e+02 8.344147976302880299e-01
1.524141156583171551e+03 5.939142810902156953e+02 8.348846579168849313e-01
1.524161989900310346e+03 5.936929284935960141e+02 8.350922419942646835e-01
1.524182823216983479e+03 5.943277828690279421e+02 8.350753616542813118e-01
1.524203656532258492e+03 5.922037409948511595e+02 8.357014189010284477e-01
1.524224489846602864e+03 5.931447714565165370e+02 8.351164377427648944e-01
1.524245323160016596e+03 5.945934786150282889e+02 8.370698763757963290e-01
1.524266156472498096e+03 5.925423272399715415e+02 8.342822791311570452e-01
1.524286989784047819e+03 5.938125817380665694e+02 8.351433805610690708e-01
1.524307823094201012e+03 5.941734392210987608e+02 8.361331318616536112e-01
1.524328656403423338e+03 5.951400518658058445e+02 8.363900786628257755e-01
1.524349489712180457e+03 5.952349642871691913e+02 8.354998717567624356e-01
1.524370323019539683e+03 5.924295853434155106e+02 8.348293981616133896e-01
1.524391156325501470e+03 5.940891753134344526e+02 8.357474922213299351e-01
1.524411989630997596e+03 5.952435722488263536e+02 8.356433957114377531e-01
1.524432822935098102e+03 5.943470028517948549e+02 8.383338307353288554e-01
1.524453656238732492e+03 5.938440780515549022e+02 8.345006198115072493e-01
1.524474489540969444e+03 5.940114300385149591e+02 8.351013779344816923e-01
1.524495322842274618e+03 5.936639117230499778e+02 8.344151547945676262e-01
1.524516156142183490e+03 5.926902840109712542e+02 8.358925424055344555e-01
1.524536989441627156e+03 5.946943024547439336e+02 8.350585523508753383e-01
1.524557822739673611e+03 5.942821563776343510e+02 8.355806961811812483e-01
1.524578656037253495e+03 5.940273634196514649e+02 8.345115121329641505e-01
1.524599489333436395e+03 5.932063796170203887e+02 8.363708371155879062e-01
1.524620322628224130e+03 5.932843102083110125e+02 8.348985793714445158e-01
1.524641155922545522e+03 5.939025998122071996e+02 8.348713073808728957e-01
1.524661989215468566e+03 5.926216630058364672e+02 8.347510715442325591e-01
1.524682822507926630e+03 5.932510750572804454e+02 8.346710951266657075e-01
1.524703655798987484e+03 5.942906986234079341e+02 8.350272882879434810e-01
1.524724489089117924e+03 5.927997627391681590e+02 8.340595935071982714e-01
1.524745322377851608e+03 5.931196763823041920e+02 8.343256803644965025e-01
1.524766155666118493e+03 5.930725150232339047e+02 8.359379634677636117e-01
1.524786988952988395e+03 5.939209849661893941e+02 8.359012061110263625e-01
1.524807822238926519e+03 5.939182360984319757e+02 8.347616749849879891e-01
1.524828655523935140e+03 5.927517959099279778e+02 8.341419866139366812e-01
1.524849488807546095e+03 5.920760116587553057e+02 8.349686114756085242e-01
1.524870322090690479e+03 5.932447627905796708e+02 8.359868043994320708e-01
1.524891155372438334e+03 5.946063237120607710e+02 8.352597421410798972e-01
1.524911988653255548e+03 5.928123682233162981e+02 8.341757490011068032e-01
1.524932821932675324e+03 5.932055250003361380e+02 8.341941123077842857e-01
1.524953655211629666e+03 5.937618823951562490e+02 8.365325236088672067e-01
1.524974488489186569e+03 5.934121622212813918e+02 8.362844584939347348e-01
1.524995321765811696e+03 5.939309924485188503e+02 8.375226971411721122e-01
1.525016155041506408e+03 5.930250273464647535e+02 8.346595264747418419e-01
1.525036988315804592e+03 5.919445027306016982e+02 8.339328794639405684e-01
1.525057821589635523e+03 5.926840565876875644e+02 8.346754868877214184e-01
1.525078654862070380e+03 5.931734112194397994e+02 8.367311863193174215e-01
1.525099488133107570e+03 5.934507701584536790e+02 8.348794462357165269e-01
1.525120321403680009e+03 5.918778591430655069e+02 8.340793886043452732e-01
1.525141154672855464e+03 5.931397977316596553e+02 8.373721993139421338e-01
1.525161987941099596e+03 5.931773648377301242e+02 8.356813056025238495e-01
1.525182821208411497e+03 5.936850800946702975e+02 8.356845865282296337e-01
1.525203654474792529e+03 5.954143065307931693e+02 8.355709234756550918e-01
1.525224487739777032e+03 5.935181204840749842e+02 8.343651145892377885e-01
1.525245321003830668e+03 5.930494179458016788e+02 8.347686367667833673e-01
1.525266154266951617e+03 5.938855708315342099e+02 8.372720422380472982e-01
1.525286987528675581e+03 5.938183819578728162e+02 8.344864774377466210e-01
1.525307820789469588e+03 5.934087914145766263e+02 8.389756795338612072e-01
1.525328654049331362e+03 5.940920410195142267e+02 8.354464006404289655e-01
1.525349487308262496e+03 5.934214530214944716e+02 8.350593375063383172e-01
1.525370320565795510e+03 5.931393123016961226e+02 8.345215829397540919e-01
1.525391153822397428e+03 5.930224140050328288e+02 8.344066185264478186e-01
1.525411987078069160e+03 5.933905816632418464e+02 8.362560200153795753e-01
1.525432820332809115e+03 5.930770703734380049e+02 8.350177232494628843e-01
1.525453653586151631e+03 5.924681565755792008e+02 8.342735628910654677e-01
1.525474486838562370e+03 5.927178307029588495e+02 8.362183143759711612e-01
1.525495320090042014e+03 5.932331545896466878e+02 8.347598185000367765e-01
1.525516153340125584e+03 5.931737810731607397e+02 8.349059683568711421e-01
1.525536986589277603e+03 5.932303737027788202e+02 8.339798366592888756e-01
1.525557819837497391e+03 5.926139550486252574e+02 8.345141905508883795e-01
1.525578653084321104e+03 5.935758953052749121e+02 8.344411202281404316e-01
1.525599486330213495e+03 5.927017881639285406e+02 8.361813554972141738e-01
1.525620319575174562e+03 5.935905995367511423e+02 8.357040221826509407e-01
1.525641152818737964e+03 5.937478704294169347e+02 8.350686879373790950e-01
1.525661986061370499e+03 5.924153757932804183e+02 8.354756871126823858e-01
1.525682819303071028e+03 5.940881017740373409e+02 8.368496775481842898e-01
1.525703652543375483e+03 5.917578140799840867e+02 8.338903155206275342e-01
1.525724485782748616e+03 5.935487557041376476e+02 8.363147846781123773e-01
1.525745319021190426e+03 5.934825799843034702e+02 8.339277333091709155e-01
1.525766152258700004e+03 5.934048597649824615e+02 8.342875302646323155e-01
1.525786985494812598e+03 5.927177444794281200e+02 8.347645311076200558e-01
1.525807818729529572e+03 5.924226939865654913e+02 8.341816796073804330e-01
1.525828651963780430e+03 5.934748258525862639e+02 8.369936465656874214e-01
1.525849485196632941e+03 5.922350447961619011e+02 8.332749147601726802e-01
1.525870318428088467e+03 5.934954225671423274e+02 8.350738984374933560e-01
1.525891151658613580e+03 5.927933535745492009e+02 8.338157608429396239e-01
1.525911984888207826e+03 5.931989103925958489e+02 8.344057970399720858e-01
1.525932818116870976e+03 5.929624673226699088e+02 8.362248007223533897e-01
1.525953651344136688e+03 5.946464428141345024e+02 8.354725123802839715e-01
1.525974484570004506e+03 5.930374274445599667e+02 8.342153332131750920e-01
1.525995317795408027e+03 5.922662418385096998e+02 8.373781428718723996e-01
1.526016151019414337e+03 5.929898264607791134e+02 8.345034768276113901e-01
1.526036984242023664e+03 5.939044799804687500e+02 8.342049014550887431e-01
1.526057817463700303e+03 5.923347076720237965e+02 8.339929155899599156e-01
1.526078650684446529e+03 5.935066420337885802e+02 8.347659591652715205e-01
1.526099483903796454e+03 5.932261135928270050e+02 8.343675077294848696e-01
1.526120317122215511e+03 5.936868924896546105e+02 8.342217636839909245e-01
1.526141150339235537e+03 5.924189389369524861e+02 8.339703668137068426e-01
1.526161983555325605e+03 5.955521478474897776e+02 8.356901854695242271e-01
1.526182816770483441e+03 5.929498377116409529e+02 8.343354319359232996e-01
1.526203649984245658e+03 5.931996402997897349e+02 8.345543657882191768e-01
1.526224483197075415e+03 5.924262961430135874e+02 8.340485166232911585e-01
1.526245316408507506e+03 5.933401938576485009e+02 8.342034724369729037e-01
1.526266149619008957e+03 5.930218993604320303e+02 8.346118219445614050e-01
1.526286982828114105e+03 5.943401330905775239e+02 8.353596410211319157e-01
1.526307816036288386e+03 5.940274289618570265e+02 8.344673348531139734e-01
1.526328649243064319e+03 5.937359909661590791e+02 8.338382065766771767e-01
1.526349482448909384e+03 5.930259079847450039e+02 8.354152581130890320e-01
1.526370315653357466e+03 5.946585965424497999e+02 8.355017979372542092e-01
1.526391148856874452e+03 5.941423924079915651e+02 8.353517565795016697e-01
1.526411982059460570e+03 5.941787827580802741e+02 8.346351389455506364e-01
1.526432815260183361e+03 5.943643205169546491e+02 8.355249830947536482e-01
1.526453648460440490e+03 5.959475496481992423e+02 8.352299842365817906e-01
1.526474481659300636e+03 5.942137652171572881e+02 8.356484243095633202e-01
1.526495314856763343e+03 5.950188351424391158e+02 8.347096918455839676e-01
1.526516148053294955e+03 5.944200938338008200e+02 8.345208687021418159e-01
1.526536981248429584e+03 5.944599042179213484e+02 8.350964174168431509e-01
1.526557814442633571e+03 5.931877839882114358e+02 8.341177625989553146e-01
1.526578647635439665e+03 5.943124035092624808e+02 8.358823098475871571e-01
1.526599480827314892e+03 5.932972174918817245e+02 8.352480389190368726e-01
1.526620314017794499e+03 5.936934459837697204e+02 8.353583210066789499e-01
1.526641147207340509e+03 5.931425692227506943e+02 8.342107604037708457e-01
1.526661980395490446e+03 5.955885300740474122e+02 8.351885568991329611e-01
1.526682813582243853e+03 5.928135370077829975e+02 8.338487858849845669e-01
1.526703646768066392e+03 5.943510742370199296e+02 8.350220418065228412e-01
1.526724479952490128e+03 5.934042163290689587e+02 8.349303122810080025e-01
1.526745313135982542e+03 5.930125755725415502e+02 8.343487910465560153e-01
1.526786979498779147e+03 5.943502577711919912e+02 8.355038667928361695e-01
1.526807812678547634e+03 5.959241990299445888e+02 8.410033625990223083e-01
1.526828645856918683e+03 5.942939690660230099e+02 8.339514625362213218e-01
1.526849479034357500e+03 5.943640907498208890e+02 8.354461152617144171e-01
1.526870312209934582e+03 5.936832154719579648e+02 8.344302627035899977e-01
1.526891145385046912e+03 5.948060273178830357e+02 8.345776843944576751e-01
1.526911978558296596e+03 5.949931912803986052e+02 8.357308034172769018e-01
1.526932811730612457e+03 5.940051874927826248e+02 8.342749917891244538e-01
1.526953644901532698e+03 5.942092142814552744e+02 8.347174395379948209e-01
1.526974478071521844e+03 5.937940975981082374e+02 8.353133322400857486e-01
1.526995311240114461e+03 5.949794221806766927e+02 8.373123343002635277e-01
1.527016144407310094e+03 5.944692518352134130e+02 8.352053279034448163e-01
1.527036977573107379e+03 5.937764505701118196e+02 8.347817747404115973e-01
1.527057810737974478e+03 5.938195851564150871e+02 8.360771704241660718e-01
1.527078643901445048e+03 5.942988933176829960e+02 8.353793696372415756e-01
1.527099477063518407e+03 5.932515464932228042e+02 8.348513168743124657e-01
1.527120310224659534e+03 5.945258884037154985e+02 8.354027722377319609e-01
1.527141143384403676e+03 5.933326190404579847e+02 8.341803577289108595e-01
1.527161976542750381e+03 5.939657131787791968e+02 8.373009089212690714e-01
1.527182809699701920e+03 5.952927934527996285e+02 8.379750242608323685e-01
1.527203642855255566e+03 5.941642976907806997e+02 8.349818533792918718e-01
1.527224476009878344e+03 5.934272907174195097e+02 8.353189336698083611e-01
1.527245309163103684e+03 5.949997785960250667e+02 8.377053649541110758e-01
1.527266142314932040e+03 5.950656252745798156e+02 8.350712575031424834e-01
1.527286975465363412e+03 5.931577525709025167e+02 8.342555585658304462e-01
1.527307808614397345e+03 5.943913411628773247e+02 8.352640951269519887e-01
1.527328641762499956e+03 5.939388602633334813e+02 8.375089260593557849e-01
1.527349474908740376e+03 5.944116593659907721e+02 8.349148207750471951e-01
1.527370308054049929e+03 5.942412876697286492e+02 8.346580982349893763e-01
1.527391141197962497e+03 5.940364855556732664e+02 8.345325106989985864e-01
1.527411974340477627e+03 5.940434766503335595e+02 8.354116193915380739e-01
1.527432807481595319e+03 5.951035293779229960e+02 8.365877421136540537e-01
1.527453640621316026e+03 5.933169661193102229e+02 8.356913979741625864e-01
1.527474473759640205e+03 5.944091978182025287e+02 8.363164595352060582e-01
1.527495306897033515e+03 5.951096031269577225e+02 8.361694156839023506e-01
1.527516140032563499e+03 5.950157984742721737e+02 8.366832793310198246e-01
1.527536973166696498e+03 5.939248875591154047e+02 8.381108703673904037e-01
1.527557806299898402e+03 5.926698498050124044e+02 8.337488847007326065e-01
1.527578639431238116e+03 5.952209146108998539e+02 8.352522135627871158e-01
1.527599472561179937e+03 5.937670069324799442e+02 8.342904594539790608e-01
1.527620305690190435e+03 5.941563787309795543e+02 8.363613587092119106e-01
1.527641138817338515e+03 5.941814238655813369e+02 8.346287473669019574e-01
1.527661971943090521e+03 5.951553731098431399e+02 8.369211488154449929e-01
1.527682805067445315e+03 5.953043102112540055e+02 8.346559558707783433e-01
1.527703638190868332e+03 5.948337409093286396e+02 8.351833827979121549e-01
1.527724471312428477e+03 5.935167395098707175e+02 8.343176075488043519e-01
1.527745304432125522e+03 5.955379923875370878e+02 8.348648462159270478e-01
1.527766137550891926e+03 5.938051254686458833e+02 8.360050209798112197e-01
1.527786970668261347e+03 5.955910127633206912e+02 8.350574459941971783e-01
1.527807803783768577e+03 5.945011828290445237e+02 8.351481980594913646e-01
1.527828636898343575e+03 5.951630836222766447e+02 8.350973809729349551e-01
1.527849470011056383e+03 5.943508977375958011e+02 8.345298323398727680e-01
1.527870303122371979e+03 5.952856337989263693e+02 8.386663300784436004e-01
1.527891136231825385e+03 5.952559433597107272e+02 8.356749933505330796e-01
1.527911969340346332e+03 5.938935920215826627e+02 8.343255017632242865e-01
1.527932802447005542e+03 5.960966089940061465e+02 8.357975922914299138e-01
1.527953635552268452e+03 5.952629984693487586e+02 8.347614250737926955e-01
1.527974468656134377e+03 5.943644920705261256e+02 8.349913474451262640e-01
1.527995301758136065e+03 5.948258266223401733e+02 8.378082092585068530e-01
1.528016134858740998e+03 5.936305445087402859e+02 8.344187621452220371e-01
1.528036967957483512e+03 5.958330341915990402e+02 8.367154432101403527e-01
1.528057801055295840e+03 5.948410785755614825e+02 8.342745988424021819e-01
1.528078634151245524e+03 5.933681985123125742e+02 8.350079082639896288e-01
1.528099467245331653e+03 5.950478382440080622e+02 8.370841175137067047e-01
1.528120300338020570e+03 5.943683889564525771e+02 8.348339318839215206e-01
1.528141133428846388e+03 5.960966416882623662e+02 8.353178633358215865e-01
1.528161966518741792e+03 5.955898086202903414e+02 8.365837166296999916e-01
1.528182799606309345e+03 5.965351625751342226e+02 8.355300480743025338e-01
1.528203632692479459e+03 5.942384449172873246e+02 8.339516412175986826e-01
1.528224465777252590e+03 5.946169760767227217e+02 8.352512858659790762e-01
1.528245298860162393e+03 5.952152187378709414e+02 8.345538301311097307e-01
1.528266131941210006e+03 5.949301579286237711e+02 8.346026092286485953e-01
1.528286965020861317e+03 5.945822455224066516e+02 8.363144283251064959e-01
1.528307798098649528e+03 5.955779265254667507e+02 8.351380277524514950e-01
1.528328631174575548e+03 5.945121099871146271e+02 8.349712527346190294e-01
1.528349464249103676e+03 5.951328493973760487e+02 8.356045567958459985e-01
1.528370297321769613e+03 5.959163508108324550e+02 8.357656070417038841e-01
1.528391130392572450e+03 5.954529404823579171e+02 8.346527066078970325e-01
1.528411963461978303e+03 5.971848568907204253e+02 8.359435963631197675e-01
1.528432796529522420e+03 5.960499592749567910e+02 8.348444628761556574e-01
1.528453629595203438e+03 5.961002648426972428e+02 8.352189585567397767e-01
1.528474462659021356e+03 5.967858804469167353e+02 8.358418775396231348e-01
1.528495295720976628e+03 5.954330868121254525e+02 8.348772687428526185e-01
1.528516128781535372e+03 5.945603917967921461e+02 8.345822194841570063e-01
1.528536961839765354e+03 5.947525159276722206e+02 8.352903196028047539e-01
1.528557794896133601e+03 5.960555301444160250e+02 8.351055889982736957e-01
1.528578627951104409e+03 5.954060531087812933e+02 8.344968699630265219e-01
1.528599461004212571e+03 5.953362917783081230e+02 8.352538905505559885e-01
1.528620294054991973e+03 5.945869094713867753e+02 8.349440545053903318e-01
1.528641127103910094e+03 5.964595357550143717e+02 8.352366209834005684e-01
1.528661960151429867e+03 5.973262412095948548e+02 8.354391947980436273e-01
1.536766013843352539e+03 5.940470080591727537e+02 8.319219239812760680e-01
1.536786846752571364e+03 5.918872095994303208e+02 8.314468767305104313e-01
1.536807679660392523e+03 5.929500916172547704e+02 8.321108712797220530e-01
1.536828512567281450e+03 5.926305419538177830e+02 8.314726839585043772e-01
1.536849345473705398e+03 5.928350267525175923e+02 8.311535858227486750e-01
1.536870178378732589e+03 5.922242723318299795e+02 8.332611807740590848e-01
1.536891011282828458e+03 5.931772721166482825e+02 8.325397209337059845e-01
1.536911844185993687e+03 5.923200501395339188e+02 8.308326074819605278e-01
1.536932677088226455e+03 5.926865265880686593e+02 8.323028192898870303e-01
1.536953509989062013e+03 5.929268408048784522e+02 8.324733508773476398e-01
1.536974342889431455e+03 5.929866819492124250e+02 8.328266192701171411e-01
1.536995175788871620e+03 5.930296570157576070e+02 8.312533328340875327e-01
1.537016008686914120e+03 5.925226478204685918e+02 8.311070785414713669e-01
1.537036841584490048e+03 5.931880307201851110e+02 8.320143791959807578e-01
1.537057674480668993e+03 5.935035676697112876e+02 8.310746976099725458e-01
1.537078507375917525e+03 5.922209176595690678e+02 8.322323479996294182e-01
1.537099340270235416e+03 5.935627769466427708e+02 8.319146517869597801e-01
1.537120173163619938e+03 5.934410182812036965e+02 8.323634742503684958e-01
1.537141006056073593e+03 5.928680807637044836e+02 8.336260917131326220e-01
1.537161838947596607e+03 5.921951194743976430e+02 8.326159289979383482e-01
1.537182671838188526e+03 5.922678943654176464e+02 8.312065442995179021e-01
1.537203504727383006e+03 5.924729763092813073e+02 8.322964814149877988e-01
1.537224337616111598e+03 5.943467690389511517e+02 8.332388267969721429e-01
1.537245170503443660e+03 5.930670256301056043e+02 8.310395899475981896e-01
1.537266003389843945e+03 5.935469900259314500e+02 8.316890030564448866e-01
1.537286836275313362e+03 5.943585352481837845e+02 8.330417997307048017e-01
1.537307669159851002e+03 5.934602716511714107e+02 8.314582033347615031e-01
1.537328502043457320e+03 5.931524203535141169e+02 8.313985577108992109e-01
1.537349334926132997e+03 5.925514737143984121e+02 8.311802626877794475e-01
1.537370167807876442e+03 5.938748119528936513e+02 8.323060777265589572e-01
1.537391000688223357e+03 5.932943588808191180e+02 8.312577068000277514e-01
1.537411833567639405e+03 5.946014684372361216e+02 8.311680717535427920e-01
1.537432666446590019e+03 5.926343842210770845e+02 8.337628966081829240e-01
1.537453499324142058e+03 5.935107824446769200e+02 8.314723255302675087e-01
1.537474332200763456e+03 5.934018108158549012e+02 8.329219080645732243e-01
1.537495165076455123e+03 5.946134038733491707e+02 8.333008441949613099e-01
1.537515997950748442e+03 5.940128283469248345e+02 8.329663104220336178e-01
1.537536830824575418e+03 5.929410878652431620e+02 8.315856528400973335e-01
1.537557663697005410e+03 5.933306989925456492e+02 8.309672900279558849e-01
1.537578496568970877e+03 5.945511126946068998e+02 8.327964523515616335e-01
1.537599329439540043e+03 5.941571022745007440e+02 8.343591852868159631e-01
1.537620162309176067e+03 5.939840949529443606e+02 8.332946212041958400e-01
1.537640995177414879e+03 5.938016557629376848e+02 8.327165387318564704e-01
1.537661828045188486e+03 5.938057105357074761e+02 8.313548602743489058e-01
1.537682660912032134e+03 5.935786510749179570e+02 8.318595171719256331e-01
1.537703493777479025e+03 5.936463550209839468e+02 8.320619461056580901e-01
1.537724326641992548e+03 5.941364271594811726e+02 8.313197644435906808e-01
1.537745159505574975e+03 5.936912954812602266e+02 8.312755967981880767e-01
1.537765992368227444e+03 5.934767755137618224e+02 8.322285879307889100e-01
1.537786825229949045e+03 5.931029415225320918e+02 8.331423938077333613e-01
1.537807658090272071e+03 5.933734153757684453e+02 8.310205472753946498e-01
1.537828490950128980e+03 5.957204783239656081e+02 8.342798500242188942e-01
1.537849323808588906e+03 5.940288097642975345e+02 8.311706175222277615e-01
1.537870156666119556e+03 5.937508956055954741e+02 8.316504453237819616e-01
1.537890989522718428e+03 5.941675160187484153e+02 8.333797362441743850e-01
1.537911822378384386e+03 5.948412853867773720e+02 8.324438871769732629e-01
1.537932655232654042e+03 5.930944732156794998e+02 8.310986875906266613e-01
1.537953488085991921e+03 5.926605969310701312e+02 8.310968946414269976e-01
1.537974320938865503e+03 5.951143226781483691e+02 8.328111602028095417e-01
1.537995153790342556e+03 5.931374742392645203e+02 8.321518788179030901e-01
1.538015986640420579e+03 5.927606010148210771e+02 8.320814305606710759e-01
1.538036819490032940e+03 5.942155362107673682e+02 8.314033610625851667e-01
1.538057652338249682e+03 5.935527810767849815e+02 8.320535289665039747e-01
1.538078485185535556e+03 5.930018686027599415e+02 8.309507921410318465e-01
1.538099318031888970e+03 5.952376942592078422e+02 8.320938230097523203e-01
1.538120150877311062e+03 5.936973412662596274e+02 8.336951225441908697e-01
1.538140983721801149e+03 5.944020884921510515e+02 8.319262944320071629e-01
1.538161816564895616e+03 5.929797843415495890e+02 8.309490706035232988e-01
1.538182649407058307e+03 5.951876344733919950e+02 8.317215392320191913e-01
1.538203482248290129e+03 5.943545553781509625e+02 8.318392751518836059e-01
1.538224315088589947e+03 5.949596860021114253e+02 8.315592398538371732e-01
1.538245147927491871e+03 5.952930580785634902e+02 8.326157500299138370e-01
1.538265980765464064e+03 5.964681210007357777e+02 8.329942887741248470e-01
1.538286813602504481e+03 5.948213999496266524e+02 8.366333391636591177e-01
1.538307646438613574e+03 5.946383304016050033e+02 8.311698286933281166e-01
1.538328479273791572e+03 5.952249703613975953e+02 8.352678415310548221e-01
1.538349312107571450e+03 5.944871039297742072e+02 8.322237893420705301e-01
1.538370144940421596e+03 5.942132073523627014e+02 8.314194198279366566e-01
1.538390977772339511e+03 5.937305057867656615e+02 8.316786112784423368e-01
1.538411810603325421e+03 5.940139107890154264e+02 8.324365479399198353e-01
1.538432643432915484e+03 5.959676262194329865e+02 8.316805463090117811e-01
1.538453476261574906e+03 5.946338890504969186e+02 8.316327784048501703e-01
1.538474309089302096e+03 5.955082156823891637e+02 8.325295545584293633e-01
1.538495141916097509e+03 5.949520238312554739e+02 8.325308074634979461e-01
1.538515974741495484e+03 5.945434841314123560e+02 8.327907981693075667e-01
1.538536807565962590e+03 5.949921565229291218e+02 8.322605658788955196e-01
1.538557640389499511e+03 5.941029483927037518e+02 8.311455180538115384e-01
1.538578473211639448e+03 5.947658683387944620e+02 8.317765755038153408e-01
1.538599306032846926e+03 5.938020249456276360e+02 8.311239319047334373e-01
1.538620138853123080e+03 5.950943244526076796e+02 8.334809689079701878e-01
1.538640971672467458e+03 5.948579739074826875e+02 8.318964889353227532e-01
1.538661804490416671e+03 5.951596208793089318e+02 8.332495210144332809e-01
1.538682637307434106e+03 5.947952169287826791e+02 8.329849866130052405e-01
1.538703470123519537e+03 5.935984271677308470e+02 8.322791504823954245e-01
1.538724302938673418e+03 5.935201789110589061e+02 8.327892593662259424e-01
1.538745135752430542e+03 5.936371517801374011e+02 8.326723020111940210e-01
1.538765968565257026e+03 5.949687360066903921e+02 8.324867398692338272e-01
1.538786801376685617e+03 5.928418591559634478e+02 8.304520426780470643e-01
1.538807634187648091e+03 5.943742163201866333e+02 8.313413813562673393e-01
1.538828466997214491e+03 5.942245822845505927e+02 8.315561935260211701e-01
1.538849299805384362e+03 5.943177555887377821e+02 8.315605658989296822e-01
1.538870132613088572e+03 5.951136040884424574e+02 8.319925648467089152e-01
1.538890965419394888e+03 5.944379242787792919e+02 8.326903047789995238e-01
1.538911798224303993e+03 5.949853359234457457e+02 8.316279763782424839e-01
1.538932631028282003e+03 5.925238201550515669e+02 8.310865671787314168e-01
1.538953463831329373e+03 5.942437188951683993e+02 8.318628131710351647e-01
1.538974296633445647e+03 5.931770123599643512e+02 8.307964134303271742e-01
1.538995129434164483e+03 5.947802020991226755e+02 8.312961393472485527e-01
1.539015962233951541e+03 5.943763451037358436e+02 8.324913937464616387e-01
1.539036795032807049e+03 5.937581990733395969e+02 8.323455360240188394e-01
1.539057627830266483e+03 5.945679816854229784e+02 8.321621930596591055e-01
1.539078460626328479e+03 5.948213273237528256e+02 8.336385326994512068e-01
1.539099293421924585e+03 5.954240485940517829e+02 8.325878305469947005e-01
1.539120126216123481e+03 5.931663289790000135e+02 8.305821941474191838e-01
1.539140959009393100e+03 5.933579942695239424e+02 8.315152999745686335e-01
1.539161791801265053e+03 5.922269632943076658e+02 8.303689963143677799e-01
1.539182624592203865e+03 5.951200843732625572e+02 8.313883415348103378e-01
1.539203457381746603e+03 5.945219000340978255e+02 8.313859756656033495e-01
1.539224290170357563e+03 5.943639532843029656e+02 8.313295154256981068e-01
1.539245122958037882e+03 5.956432943209463247e+02 8.326047613195169950e-01
1.539265955744321445e+03 5.934280240362824088e+02 8.320676768750838725e-01
1.539286788529673004e+03 5.931360591303399588e+02 8.304896871487991161e-01
1.539307621313626896e+03 5.928801970382673971e+02 8.321462918835732525e-01
1.539328454096650603e+03 5.940826349136717681e+02 8.311486376004199039e-01
1.539349286878278690e+03 5.948229703296020716e+02 8.359476249295563210e-01
1.539370119658974090e+03 5.940890544091784022e+02 8.316466109533867668e-01
1.539390952438737486e+03 5.937126428446478030e+02 8.316416656645305716e-01
1.539411785217103898e+03 5.936538780288366297e+02 8.318111862939252532e-01
1.539432617994539669e+03 5.945425821381170408e+02 8.316494061036455721e-01
1.539453450770578456e+03 5.931663311041997986e+02 8.320976553193597525e-01
1.539474283545685466e+03 5.937590639609007894e+02 8.319221030985605170e-01
1.539495116319395493e+03 5.913194271760351057e+02 8.313598789646098330e-01
1.539515949091708080e+03 5.948536636284056840e+02 8.320267368247974415e-01
1.539536781863556826e+03 5.932632168022502128e+02 8.311872903215629105e-01
1.539557614633542471e+03 5.945266662642934534e+02 8.333507337343003529e-01
1.539578447403062000e+03 5.942098959523119674e+02 8.330780393238854664e-01
1.539599280170717975e+03 5.955136586905392733e+02 8.322421240991109137e-01
1.539620112937443082e+03 5.940392298784614695e+02 8.344010824062974008e-01
1.539640945703237321e+03 5.936400803637142189e+02 8.322106467969767607e-01
1.539661778467634576e+03 5.936323472442778666e+02 8.308019735704984532e-01
1.539703443993168548e+03 5.943315641802183791e+02 8.306882523333872781e-01
1.539724276753839604e+03 5.942153523151762329e+02 8.312961034968198160e-01
1.539745109513580474e+03 5.942232745144145838e+02 8.320016990034472260e-01
1.539765942271923905e+03 5.956202996002606369e+02 8.319215657465914848e-01
1.539786775029336695e+03 5.960722898235036382e+02 8.328775749046510857e-01
1.539807607785352047e+03 5.946200766789020236e+02 8.322281940178321014e-01
1.539828440540436532e+03 5.960663250364791566e+02 8.335796151218575201e-01
1.539849273294123122e+03 5.937257081435748205e+02 8.312439394851833807e-01
1.539870106046412957e+03 5.923811473858867203e+02 8.314029667586415595e-01
1.539890938797771014e+03 5.924474319980597556e+02 8.306317446673803229e-01
1.539911771547731860e+03 5.944927044844204147e+02 8.327033681739771653e-01
1.539932604296296631e+03 5.938309979827574807e+02 8.314954796769710166e-01
1.539953437043930535e+03 5.946869920499564159e+02 8.315737903950979337e-01
1.539974269790166090e+03 5.949039727450094688e+02 8.333231965084253456e-01
1.539995102535471005e+03 5.933286403164530611e+02 8.312732664595159360e-01
1.540015935278912593e+03 5.939081126650447686e+02 8.312798272424679613e-01
1.540036768021423541e+03 5.941840659055792457e+02 8.320462579224326971e-01
1.540057600763003848e+03 5.941889093313445755e+02 8.331989815810595390e-01
1.540078433503186034e+03 5.956315584497735927e+02 8.314313920092130106e-01
1.540099266241972600e+03 5.940758743796565113e+02 8.320890594601216828e-01
1.540120098979361501e+03 5.948281048751912294e+02 8.323352240542364333e-01
1.540140931715353872e+03 5.947259488278619983e+02 8.310189334695579078e-01
1.540161764450414012e+03 5.945126666404693196e+02 8.312097353254059851e-01
1.540182597184076485e+03 5.949927313304324343e+02 8.314335785266968593e-01
1.540203429916342884e+03 5.941944449200477720e+02 8.316001312445664428e-01
1.540224262647678643e+03 5.950396177755794724e+02 8.319591795462529804e-01
1.540245095377616508e+03 5.958812684354128351e+02 8.318125477655460287e-01
1.540265928106156935e+03 5.945034441733869244e+02 8.322500021909585710e-01
1.540286760833301059e+03 5.944228781506718633e+02 8.318430011536238622e-01
1.540307593559047973e+03 5.947408735001378091e+02 8.314325390354952994e-01
1.540328426283398585e+03 5.943793449822644561e+02 8.318878909974416480e-01
1.540349259006817420e+03 5.942458073702050569e+02 8.323162826379943979e-01
1.540370091728839043e+03 5.949568329158408915e+02 8.350605509269654059e-01
1.540390924449463455e+03 5.944685467357156767e+02 8.318940528619451769e-01
1.540411757168691111e+03 5.946104600415318373e+02 8.316214183418899619e-01
1.540432589886522692e+03 5.953515598283499912e+02 8.326833256209781320e-01
1.540453422602956607e+03 5.933901143853202029e+02 8.303596288523691360e-01
1.540474255317993084e+03 5.962484148931420123e+02 8.316104523294999273e-01
1.540495088032098010e+03 5.960033775391893869e+02 8.318461897380144965e-01
1.540515920744341656e+03 5.950468556806563356e+02 8.318170979308463497e-01
1.540536753455653525e+03 5.944291031685418147e+02 8.309232112463678099e-01
1.540557586165102066e+03 5.950205107891338230e+02 8.309876967436293782e-01
1.540578418873619512e+03 5.944378524102602341e+02 8.310204755507574204e-01
1.540599251580274085e+03 5.947899070545411178e+02 8.317325037797792531e-01
1.540620084285997564e+03 5.935045824414992239e+02 8.326405188387486778e-01
1.540640916989859534e+03 5.951178865152700155e+02 8.313987369409381323e-01
1.540661749692788590e+03 5.938148688460439644e+02 8.307223344639494966e-01
1.540682582393855455e+03 5.946005532845077823e+02 8.318019067306292591e-01
1.540703415093990998e+03 5.949401434573410370e+02 8.313760819577920014e-01
1.540724247792264578e+03 5.955984050412844226e+02 8.311526894078450356e-01
1.540745080489140946e+03 5.944713750884620822e+02 8.332669748270555843e-01
1.540765913184619421e+03 5.950528516386913225e+02 8.323963778961873672e-01
1.540786745878700913e+03 5.954803798749170483e+02 8.313349644541193628e-01
1.540807578570921578e+03 5.943861805190507539e+02 8.310981497062729373e-01
1.540828411262209556e+03 5.935677261168998484e+02 8.331893597845991817e-01
1.540849243951634890e+03 5.954405568400171660e+02 8.334811834466555602e-01
1.540870076639663012e+03 5.949966497420845144e+02 8.311982619167362918e-01
1.540890909326294150e+03 5.951641179778862352e+02 8.327767341191009143e-01
1.540911742011529441e+03 5.950844075515827853e+02 8.317214317357374265e-01
1.540932574694901405e+03 5.943843942281257569e+02 8.315105331107007780e-01
1.540953407376875930e+03 5.941155274645366262e+02 8.333238402461708993e-01
1.540974240057453471e+03 5.935702415537361958e+02 8.327861459652481368e-01
1.540995072736634484e+03 5.959782527302676272e+02 8.337595008869247426e-01
1.541015905413953078e+03 5.940605175117336785e+02 8.320433566506595380e-01
1.541036738089874461e+03 5.949501639042589431e+02 8.332207643454302426e-01
1.541057570763932972e+03 5.954673724303994504e+02 8.313243531553002885e-01
1.541078403436594499e+03 5.946290309984120768e+02 8.327995657140092600e-01
1.541099236107859497e+03 5.935756103298574544e+02 8.306331080721965909e-01
1.541120068777262077e+03 5.951815362401262064e+02 8.342077594839767407e-01
1.541140901444800875e+03 5.955037977998888437e+02 8.313116982873949290e-01
1.541161734110943144e+03 5.952429867981899179e+02 8.338299503340391716e-01
1.541182566775688429e+03 5.947953234153238782e+02 8.320586508953654592e-01
1.541203399438571523e+03 5.953852654878700150e+02 8.316814779887913289e-01
1.541224232100057407e+03 5.949375493686887921e+02 8.307142266312252943e-01
1.541245064759680417e+03 5.951957934497130509e+02 8.319147950820430237e-01
1.541265897417441010e+03 5.937558970475407705e+02 8.307846114610958344e-01
1.541286730073803938e+03 5.962520742573420875e+02 8.332677974362520112e-01
1.541307562728305584e+03 5.957322653178840710e+02 8.311343306179626023e-01
1.541328395380944130e+03 5.944146698487028289e+02 8.326855804322738086e-01
1.541349228031719122e+03 5.946584967167533478e+02 8.313098699477765585e-01
1.541370060681097584e+03 5.958609590131923142e+02 8.320537080554576415e-01
1.541390893328612947e+03 5.959474736628213805e+02 8.311717649083818493e-01
1.541411725974732690e+03 5.955926684362793821e+02 8.309681866428608732e-01
1.541432558618523444e+03 5.947902670077382936e+02 8.317150894305210818e-01
1.541453391260916987e+03 5.957047060067076245e+02 8.322060271609827975e-01
1.541474223901447431e+03 5.959417626525088281e+02 8.335434330892370625e-01
1.541495056540116366e+03 5.961026537597958850e+02 8.331603506476753518e-01
1.541515889176922428e+03 5.956353831824410463e+02 8.337960309729078867e-01
1.541536721811865391e+03 5.959841195508768124e+02 8.341749272872733822e-01
1.541557554444945481e+03 5.953143144797932109e+02 8.318586931701077436e-01
1.541578387076162926e+03 5.958410433366105963e+02 8.311537651056133402e-01
1.541599219705053656e+03 5.963871416844395981e+02 8.311315337354709953e-01
1.541620052332545129e+03 5.938589675005600839e+02 8.300582344813586255e-01
1.541640884958174411e+03 5.956550107153135514e+02 8.311980826434691716e-01
1.541661717581941048e+03 5.953718569485590706e+02 8.308779464676322446e-01
1.541682550203380060e+03 5.941836482320888990e+02 8.306106833665775069e-01
1.541703382823422544e+03 5.959392679196187146e+02 8.312853124474881561e-01
1.541724215441136039e+03 5.965591263068416765e+02 8.319708215681763663e-01
1.541745048056986889e+03 5.951032094738682190e+02 8.304486334186402807e-01
1.541765880670509432e+03 5.948272503779521685e+02 8.306982977382548761e-01
1.541786713282635446e+03 5.941564524038972195e+02 8.306506886180360372e-01
1.541807545892432927e+03 5.950252107061804736e+02 8.305866792908119800e-01
1.541828378500367535e+03 5.953088700583562058e+02 8.318213256211809403e-01
1.541849211105974064e+03 5.945191639816572433e+02 8.315745071639496500e-01
1.541870043709717493e+03 5.955585690488563841e+02 8.327523988146947609e-01
1.541890876311598504e+03 5.974713217351412595e+02 8.343570064361824912e-01
1.541911708911151891e+03 5.959673815164080679e+02 8.310962850378180722e-01
1.541932541508841041e+03 5.966579319783483015e+02 8.328695238355035002e-01
1.541953374104201885e+03 5.967839098463147138e+02 8.322319540884522970e-01
1.541974206697700993e+03 5.976372877765517160e+02 8.326793170524875443e-01
1.541995039289338365e+03 5.955345310336074363e+02 8.308338988164152283e-01
