1.491995295396173333e+03 6.347933546515207581e-01 7.927557748507828572e-01
1.492016129001621039e+03 1.643439675800166810e+00 7.939142687970114354e-01
1.492036962606136058e+03 4.877618632237634699e-01 7.925879404993415589e-01
1.492057796209719982e+03 2.040809541429080554e+00 7.925385684787824569e-01
1.492078629811906922e+03 1.548485027230036337e+00 7.922477639053292497e-01
1.492099463413162084e+03 3.395130099350737396e+00 7.931443945374906379e-01
1.492120297013021172e+03 1.323056953094194910e+00 7.920226292339496155e-01
1.492141130611948029e+03 7.619618918462549573e-01 7.925140881414342031e-01
1.492161964209477901e+03 0.000000000000000000e+00 7.919873709008899976e-01
1.492182797806076906e+03 2.629567777304895770e+00 7.965809522656317476e-01
1.492203631401745042e+03 2.324593272737935479e+00 7.924963760894807585e-01
1.492224464995549624e+03 1.248462621053860744e+00 7.920690233468712371e-01
1.492245298588889000e+03 5.048363225983571567e+00 7.928699751346955926e-01
1.492266132180830937e+03 3.002176320747025784e+00 7.926827652592879359e-01
1.492286965771377027e+03 2.023094490040136861e+00 7.918425205738597317e-01
1.492307799360990430e+03 5.227246687738961839e+00 7.937871909252055547e-01
1.492328632949207986e+03 5.292096930664222043e+00 7.924133385167716481e-01
1.492349466536027421e+03 6.475434107220461755e+00 7.929390211123079624e-01
1.492370300122382105e+03 5.731413323047334529e+00 7.925556403402386207e-01
1.492391133706873461e+03 3.489117060920214897e+00 7.918508005998440291e-01
1.492411967290433950e+03 4.856557225962760072e+00 7.930887817337823886e-01
1.492432800872597909e+03 4.445082747247894872e+00 7.916145976828928843e-01
1.492453634453831000e+03 4.506594288934248738e+00 7.928606908674645792e-01
1.492474468033665971e+03 5.269897752003448232e+00 7.926500553826744122e-01
1.492495301612570074e+03 6.116357956864824530e+00 7.931349256058261021e-01
1.492516135190076511e+03 3.808220722410240455e+00 7.921938186784762692e-01
1.492536968766652080e+03 4.164533764821676698e+00 7.922140955928015371e-01
1.492557802341831120e+03 3.761431127904600658e+00 7.929660815865855472e-01
1.492578635915612949e+03 5.877431164769575389e+00 7.922162398743619605e-01
1.492599469488463001e+03 4.574334794790253511e+00 7.924332713364744540e-01
1.492620303059916068e+03 3.962002623210018726e+00 7.920151788311843299e-01
1.492641136630438041e+03 6.229787903807210370e+00 7.917679964434709561e-01
1.492661970199563029e+03 4.449169352760609542e+00 7.913927850961725019e-01
1.492682803767291034e+03 6.394356694152445897e+00 7.924894566240746618e-01
1.492703637334087489e+03 8.623081361692396030e+00 7.938949362525460351e-01
1.492724470899952848e+03 7.329520004927095655e+00 7.931126806867055956e-01
1.492745304463955108e+03 5.356236756590888604e+00 7.917911448410148711e-01
1.492766138027492161e+03 8.151252189538237047e+00 7.919087959911879082e-01
1.492786971589166569e+03 7.126284473763451643e+00 7.939990261249670889e-01
1.492807805149909427e+03 8.446378881633888724e+00 7.925732006598733559e-01
1.492828638709720963e+03 4.982026425439762818e+00 7.915532675052950884e-01
1.492849472268135969e+03 8.262471515032576264e+00 7.925714709668625346e-01
1.492870305825618971e+03 6.108666534495981182e+00 7.932955439633920802e-01
1.492891139381705443e+03 6.602153403723242775e+00 7.934461387473498162e-01
1.492911972936394932e+03 6.377911104831444078e+00 7.921619915288201641e-01
1.492932806490153325e+03 7.043764987170277436e+00 7.916634250039104037e-01
1.492953640042515417e+03 5.609125120214443427e+00 7.917172181570300005e-01
1.492974473593944822e+03 7.046515123212593323e+00 7.914746494992864756e-01
1.492995307143977925e+03 8.481882744117292816e+00 7.921824949809918026e-01
1.493016140693079478e+03 7.952103617692277027e+00 7.925224739642616756e-01
1.493036974240784048e+03 7.322253392301044883e+00 7.916865764590549359e-01
1.493057807787557067e+03 8.324648349974159700e+00 7.918297616370482128e-01
1.493078641332933557e+03 4.640075341323768754e+00 7.917556127139087074e-01
1.493099474877378043e+03 7.010009476880544099e+00 7.919373969565032256e-01
1.493120308420425999e+03 6.005385328689026636e+00 7.932868657675046231e-01
1.493141141962542406e+03 6.338932268559027250e+00 7.920779030132285570e-01
1.493161975503262056e+03 6.542854722545516921e+00 7.931430794148528474e-01
1.493182809042585177e+03 9.523684225337776255e+00 7.929237616043337544e-01
1.493203642581441954e+03 6.283200344763095302e+00 7.915612493566127617e-01
1.493224476118436087e+03 7.095106632258538326e+00 7.926228713202667642e-01
1.493245309654499124e+03 6.597273360260011543e+00 7.922973797378438654e-01
1.493266143189630384e+03 7.410861966844940696e+00 7.934103051145496854e-01
1.493286976723365115e+03 6.818468124735609592e+00 7.930358707978670818e-01
1.493307810256168068e+03 7.890209792624935048e+00 7.924499693881670304e-01
1.493328643787574947e+03 7.650160111532947838e+00 7.917766160071676440e-01
1.493349477318050049e+03 5.913738989683253067e+00 7.915923476888758747e-01
1.493370310847593373e+03 6.391134805818396103e+00 7.913109498858079682e-01
1.493391144375274507e+03 6.538575358719114661e+00 7.922661209970074392e-01
1.493411977902489980e+03 7.002127711996646298e+00 7.925999728181397641e-01
1.493432811428308014e+03 6.667102008414385494e+00 7.922760140892949332e-01
1.493453644952729974e+03 7.014880879668247360e+00 7.919089088917659058e-01
1.493474478476220611e+03 5.640972563901303971e+00 7.923728695895116969e-01
1.493495311998779925e+03 5.967294302807221840e+00 7.921008542320520096e-01
1.493516145519942029e+03 6.608575742290646815e+00 7.922004021491166892e-01
1.493536979040173037e+03 6.153271278552477241e+00 7.917067534352972835e-01
1.493557812559005924e+03 7.327599726314254269e+00 7.915411439733829324e-01
1.493578646076908626e+03 8.324148935477815314e+00 7.932571112322718276e-01
1.493599479593879096e+03 5.439813042331415716e+00 7.913359946937554845e-01
1.493620313109453036e+03 6.974490395212676219e+00 7.919136130682083996e-01
1.493641146623629993e+03 5.590315901682949118e+00 7.915510461266964670e-01
1.493661980136875627e+03 9.160706303824582619e+00 7.944110100460499702e-01
1.493682813649189939e+03 7.973051534263758455e+00 7.915171222654157068e-01
1.493703647160572473e+03 6.480374405857240561e+00 7.923150586240914617e-01
1.493724480670093044e+03 8.855021920024171322e+00 7.921521722564548451e-01
1.493745314179147499e+03 9.686705791325310955e+00 7.922531807962919226e-01
1.493766147686804970e+03 5.927679940944624803e+00 7.919296446916345156e-01
1.493786981193531119e+03 6.182281346827977586e+00 7.914479522412529722e-01
1.493807814698860511e+03 6.438698824638159124e+00 7.916821344437270369e-01
1.493828648203259036e+03 7.886896747588862056e+00 7.933370552322959179e-01
1.493849481706724873e+03 6.291819986417152677e+00 7.914179402850219924e-01
1.493870315208795091e+03 6.576116715513734334e+00 7.922268483398547945e-01
1.493891148709933077e+03 6.713604613471016336e+00 7.931567565836994405e-01
1.493911982209674989e+03 6.796555382966733561e+00 7.930352695169458066e-01
1.493932815708484441e+03 5.990428726736393372e+00 7.929532655604080160e-01
1.493953649206363480e+03 5.836787345827922024e+00 7.917916341494314336e-01
1.493974482702845080e+03 7.014980680566360149e+00 7.919941442350211247e-01
1.493995316198395585e+03 5.619791906675704496e+00 7.914297644538307308e-01
1.494016149692548879e+03 7.610154103815172988e+00 7.925067551743125716e-01
1.494036983186236512e+03 7.108965973231406110e+00 7.920848636990337477e-01
1.494057816678061954e+03 7.010719173474441845e+00 7.917295272030390185e-01
1.494078650169421053e+03 4.330417177667570172e+00 7.926467843207725128e-01
1.494099483659384532e+03 7.095640181775841882e+00 7.932248007507468612e-01
1.494120317148416007e+03 6.674420844075182657e+00 7.931102006401740123e-01
1.494141150636050497e+03 4.506258622807393976e+00 7.922087160538676676e-01
1.494161984122752983e+03 6.646296147177757518e+00 7.928738090918755477e-01
1.494182817608525056e+03 5.797124785920772183e+00 7.919809738099091723e-01
1.494203651092899463e+03 6.662568624050294375e+00 7.924122102289643532e-01
1.494224484576342547e+03 6.447588729396688478e+00 7.924379724001264780e-01
1.494245318058854537e+03 6.382385646369886700e+00 7.915994632372161943e-01
1.494266151539969542e+03 6.358448121344164150e+00 7.920560799260768503e-01
1.494286985020152997e+03 7.406955363924165425e+00 7.919908328344610338e-01
1.494307818499405130e+03 6.949277117379129010e+00 7.923414633749327196e-01
1.494328651977260506e+03 6.673678975533910318e+00 7.922661209970074392e-01
1.494349485454184560e+03 7.556625934493087726e+00 7.920099484560589875e-01
1.494370318930176836e+03 6.216979838400931158e+00 7.912842471046885873e-01
1.494391152404773038e+03 7.241955445969502136e+00 7.922557763767529293e-01
1.494411985878437008e+03 6.702025975954985171e+00 7.915933641996976133e-01
1.494432819351170110e+03 8.208014682570285103e+00 7.920745167115299523e-01
1.494453652822971890e+03 6.576279444209816916e+00 7.915133193890060426e-01
1.494474486293377140e+03 6.552230880228016474e+00 7.915790576309990056e-01
1.494495319762384952e+03 6.324266183219229731e+00 7.919983963540728755e-01
1.494516153230927102e+03 7.754504387729141968e+00 7.919603146161494633e-01
1.494536986698072042e+03 6.584821524605118270e+00 7.922840262750208140e-01
1.494557820164286113e+03 6.504242043771906623e+00 7.919896286853701506e-01
1.494578653629102519e+03 9.571736990354729357e+00 7.967055271425714791e-01
1.494599487093453490e+03 1.033023414357721137e+01 7.929064721517725678e-01
1.494620320556407933e+03 8.873145770338432214e+00 7.926597180958951938e-01
1.494641154017965164e+03 9.955120986252650184e+00 7.922562277811824316e-01
1.494661987479056506e+03 9.089750611682971382e+00 7.922516008735870363e-01
1.494682820938750865e+03 8.397719684696021147e+00 7.929650668354656373e-01
1.494703654397514129e+03 9.008120652104125270e+00 7.922584847994721402e-01
1.494724487854879953e+03 9.658407967951285755e+00 7.925477437099438527e-01
1.494745321311314910e+03 9.423483586643708776e+00 7.920748177167116211e-01
1.494766154766819000e+03 1.001844437081451566e+01 7.929112455817839411e-01
1.494786988221391084e+03 1.006515647905903421e+01 7.929289483665893368e-01
1.494828655126809963e+03 1.093523883067192415e+01 7.925882789108041893e-01
1.494849488578122418e+03 9.470240739861692347e+00 7.938802957599915278e-01
1.494870322028504006e+03 8.989786071870012663e+00 7.931764828541507661e-01
1.494891155477488155e+03 9.436180892280464860e+00 7.924184910106716329e-01
1.494911988925542119e+03 1.146077503145596133e+01 7.929062090484954028e-01
1.494932822372663850e+03 1.124085076280451112e+01 7.927466772148776819e-01
1.494953655818389052e+03 9.537399754689296572e+00 7.939140060277183331e-01
1.494974489263182022e+03 8.798976146372027074e+00 7.920540480908142555e-01
1.494995322707044124e+03 1.112584598849180217e+01 7.927736690696647326e-01
1.495016156149974904e+03 1.103015150045529680e+01 7.926414453171769514e-01
1.495036989591508473e+03 9.471506581698816873e+00 7.921324957236652864e-01
1.495057823032111173e+03 1.194484003121174176e+01 7.926003488251589513e-01
1.495078656471781869e+03 1.160259118461590333e+01 7.937359786109327020e-01
1.495099489910521470e+03 8.695738457359347251e+00 7.918383428915231059e-01
1.495120323347864542e+03 1.036171786885822677e+01 7.936833361167916490e-01
1.495141156784276063e+03 1.083634347860931868e+01 7.971290856481456633e-01
1.495161990219756035e+03 1.202622965645210762e+01 7.926171937566223180e-01
1.495182823654304457e+03 1.186236476604549850e+01 7.928436255744919503e-01
1.495203657087456577e+03 1.140253381522159160e+01 7.929217319924763974e-01
1.495224490519677147e+03 1.122781044961947750e+01 7.938933220576356309e-01
1.495245323950965940e+03 1.304798000116930901e+01 7.941199529371255617e-01
1.495266157381323865e+03 1.262049817258122708e+01 7.947882462640827317e-01
1.495286990810285033e+03 1.358265851895725618e+01 7.944826604488648414e-01
1.495307824238313970e+03 1.566861247342717789e+01 7.945893363012415112e-01
1.495328657665412493e+03 1.333212684835770467e+01 7.935657978336345675e-01
1.495349491091114032e+03 1.491574321083374954e+01 7.943305363130276353e-01
1.495370324516349456e+03 1.501692408856717087e+01 7.954309131777913544e-01
1.495391157940187895e+03 1.379972497506547313e+01 7.933687601140098078e-01
1.495411991363095012e+03 1.343493334990557742e+01 7.953781955168597317e-01
1.495432824784605145e+03 1.522825149725281157e+01 7.937950001373414999e-01
1.495453658205650981e+03 1.349773423141048312e+01 7.950438234858314690e-01
1.495474491625298469e+03 1.304756062347686552e+01 7.945459025034347089e-01
1.495495325044014407e+03 1.178363364839664662e+01 7.934749847728447270e-01
1.495516158461799478e+03 1.237671106951148303e+01 7.938090415082130757e-01
1.495536991878187564e+03 1.031439925249290468e+01 7.925633112771874877e-01
1.495557825293643873e+03 1.113128666950071199e+01 7.936452601255032935e-01
1.495578658708169996e+03 1.188882635470259608e+01 7.929529648886854964e-01
1.495599492121763433e+03 1.122928733339047191e+01 7.936319293417966048e-01
1.495620325534426001e+03 9.261492608726531017e+00 7.931479641450870366e-01
1.495641158945692041e+03 1.174713316004532615e+01 7.932730781355171734e-01
1.495661992356026076e+03 1.157029839070895250e+01 7.944744828761620692e-01
1.495682825765429470e+03 1.209762422283283101e+01 7.935989581600203513e-01
1.495703659173901087e+03 1.334260730751756796e+01 7.944797720497724924e-01
1.495724492580975948e+03 1.130761376154051590e+01 7.956116703831689341e-01
1.495745325987119486e+03 1.316059323957392202e+01 7.936865278082310127e-01
1.495766159392331474e+03 1.111691155930968478e+01 7.946629957950642753e-01
1.495786992796612140e+03 1.258113540318178636e+01 7.939691105990901443e-01
1.495807826199961937e+03 1.154300227965551784e+01 7.937259159789702423e-01
1.495828659601913841e+03 9.537737040801848920e+00 7.935424007560263338e-01
1.495849493002935560e+03 9.161580904394304170e+00 7.974573886931582978e-01
1.495870326403025047e+03 9.171804027793625025e+00 7.931451084602951784e-01
1.495891159802184120e+03 1.227571843220786718e+01 7.943138402749991833e-01
1.495911993199944845e+03 1.079579240740396884e+01 7.933315706099900444e-01
1.495932826597241046e+03 7.777101465513261758e+00 7.932498602736259841e-01
1.495953659993140036e+03 9.095658600350457590e+00 7.948867827596618474e-01
1.495974493387642042e+03 7.853340539701353151e+00 7.934240528002354242e-01
1.495995326781678159e+03 9.727480958996437721e+00 7.944161120685271360e-01
1.496016160174317520e+03 1.112722345489399345e+01 7.946453691445901635e-01
1.496036993566490992e+03 8.636989752849462576e+00 7.930301961910216635e-01
1.496057826957267935e+03 7.527689552923972016e+00 7.928786954810178589e-01
1.496078660346647439e+03 8.212018913049291768e+00 7.929062090484954028e-01
1.496099493735561509e+03 8.189045530663674910e+00 7.921800120223647657e-01
1.496120327123077914e+03 6.582980096233683298e+00 7.925512784018027279e-01
1.496141160510130021e+03 6.654243414820328439e+00 7.929057956003119356e-01
1.496161993895318119e+03 6.387436808954415568e+00 7.927240830476386391e-01
1.496182827280041465e+03 6.462492769604658349e+00 7.937155528365922308e-01
1.496203660663833034e+03 7.691941147066572171e+00 7.951167662058843399e-01
1.496224494046228074e+03 5.766752062388178501e+00 7.930699175862729877e-01
1.496245327427690881e+03 5.225363093367636935e+00 7.930527440578183374e-01
1.496266160808223503e+03 5.714828598590081299e+00 7.926412949221887105e-01
1.496286994187823893e+03 5.295298851569675946e+00 7.928345289466582901e-01
1.496307827566027981e+03 4.987601056841235447e+00 7.929295121430510740e-01
1.496328660943765954e+03 6.147160942907955672e+00 7.926853970297709218e-01
1.496349494320106942e+03 7.763698424417702526e+00 7.955560802087113803e-01
1.496370327695517062e+03 7.465159660550549248e+00 7.935725576955093841e-01
1.496391161069529971e+03 8.477861169672715747e+00 7.949830952532473960e-01
1.496411994443076992e+03 7.339827006005096521e+00 7.934945904571996111e-01
1.496432827815227483e+03 7.459208974186488206e+00 7.939216638400252712e-01
1.496453661186446425e+03 8.677982947073530795e+00 7.938107309612303375e-01
1.496474494556734044e+03 6.136338166896713631e+00 7.932337426203694974e-01
1.496495327926089885e+03 7.389592378626815616e+00 7.934654446669326955e-01
1.496516161294049425e+03 5.577932562638878267e+00 7.931688929948250699e-01
1.496536994661543076e+03 6.706635763274256590e+00 7.937269297573720239e-01
1.496557828027639516e+03 7.162941280040001857e+00 7.931989889902163471e-01
1.496578661392338972e+03 6.847158410516207994e+00 7.930832578167270608e-01
1.496599494756572994e+03 8.906999885972856745e+00 7.941317744026912262e-01
1.496620328119875467e+03 6.894252581611056030e+00 7.928894078441467430e-01
1.496641161481781182e+03 7.554400910593221496e+00 7.939672338033046950e-01
1.496661994842755576e+03 7.292025798086410049e+00 7.933396097009751680e-01
1.496682828202798419e+03 6.146890827925005851e+00 7.924876891422456548e-01
1.496703661561909939e+03 8.323633997238957249e+00 7.930929152519901049e-01
1.496724494919625158e+03 9.722916223600231334e+00 7.976463548903989231e-01
1.496745328276407918e+03 1.240880678044786656e+01 7.949296355747369480e-01
1.496766161632725925e+03 1.259556759656309310e+01 7.951501616928702276e-01
1.496786994987181060e+03 1.243649437888263698e+01 7.964844213974935361e-01
1.496807828341170080e+03 1.265489541068480683e+01 7.968385725484107285e-01
1.496828661694228458e+03 1.482733112521699681e+01 7.957542616490068665e-01
1.496849495045889398e+03 1.403640257615047382e+01 7.961091868333024513e-01
1.496870328396619016e+03 1.415634897026037642e+01 7.972830681245391959e-01
1.496891161746417993e+03 1.502100428107291386e+01 7.958350782391924172e-01
1.496911995095284965e+03 1.496025663539263562e+01 7.957553851981772342e-01
1.496932828442755181e+03 1.526701699069166018e+01 7.984658611359262137e-01
1.496953661789759508e+03 1.644862685179534623e+01 7.970926324195907187e-01
1.496974495135366851e+03 1.738161834817747220e+01 7.972967116534607213e-01
1.496995328480043099e+03 1.874458392675776253e+01 7.980730363364053614e-01
1.497016161823788025e+03 1.553172986172721259e+01 7.973952745418637633e-01
1.497036995166135966e+03 1.697018961660846159e+01 7.982777235961605600e-01
1.497057828507552131e+03 1.640447642705288445e+01 7.960583485227556988e-01
1.497078661848503089e+03 1.672406842123852044e+01 7.962906883060343333e-01
1.497099495188057062e+03 1.457339055604274058e+01 7.957708151129613272e-01
1.497120328526214053e+03 1.533260416466682940e+01 7.982822035766807822e-01
1.497141161863904927e+03 1.604164790815862673e+01 7.959008339687847489e-01
1.497161995200199499e+03 1.681949532079626408e+01 7.974566038874910667e-01
1.497182828535561839e+03 1.555659043871625613e+01 7.954562778577889404e-01
1.497203661869993994e+03 1.488672117296495756e+01 7.973371923118307558e-01
1.497224495203493916e+03 1.385639140129658742e+01 7.958444775971119656e-01
1.497245328536062971e+03 1.749598755466655575e+01 7.961156256218586691e-01
1.497266161867235041e+03 1.629431822149495446e+01 7.973291187711897265e-01
1.497286995197475562e+03 2.031081309000624557e+01 8.003491235923293479e-01
1.497307828526784988e+03 2.180154078872815049e+01 7.992451891809508879e-01
1.497328661855163091e+03 2.166892665208629154e+01 8.001358036169462506e-01
1.497349495182610099e+03 2.194770819815834528e+01 7.998841261393013768e-01
1.497370328508659895e+03 2.623535710691770362e+01 8.004387099649412640e-01
1.497391161833778369e+03 2.491677049829672086e+01 7.993056681662652485e-01
1.497411995157965976e+03 2.842381365953786698e+01 8.010458904364999855e-01
1.497432828481220895e+03 3.019207640740815179e+01 8.023155957773153713e-01
1.497453661803545856e+03 2.973189394397292418e+01 8.020464323068277057e-01
1.497474495124472924e+03 2.519117401822646940e+01 8.010063785341872133e-01
1.497495328444469123e+03 2.552206890870971279e+01 7.998452647888422140e-01
1.497516161763534001e+03 2.263317161564982882e+01 7.993161825413935828e-01
1.497536995081667101e+03 2.367777439665786687e+01 7.986956722069195047e-01
1.497557828398404126e+03 2.274727342341370218e+01 7.998363968335502339e-01
1.497578661714675036e+03 2.602465637107040308e+01 8.003055555227781559e-01
1.497599495029548507e+03 2.337308739224639709e+01 7.995248009065819561e-01
1.497620328343491110e+03 2.185700458565274218e+01 8.001587471814064489e-01
1.497641161656501936e+03 2.614310792704991826e+01 7.997334766475684420e-01
1.497661994968116460e+03 2.370792316862183569e+01 7.995686351570859829e-01
1.497682828279264868e+03 2.236647371153602748e+01 8.017111984251167334e-01
1.497703661589016519e+03 2.169661864115496996e+01 7.977419979921861470e-01
1.497724494897837076e+03 2.202022798886659416e+01 7.975195727442789817e-01
1.497745328205259966e+03 2.360148974284706469e+01 7.991070621791838136e-01
1.497766161500110456e+03 2.332818659665648653e+01 7.983036698011521937e-01
1.497786994805670929e+03 2.345969309455988139e+01 7.982441229408271388e-01
1.497807828110300534e+03 2.359508723567673627e+01 7.979190195578469424e-01
1.497828661413997906e+03 2.271570097982192848e+01 7.995039266092663910e-01
1.497849494716765093e+03 2.403008865303225505e+01 7.999279406995918329e-01
1.497870328018134387e+03 2.568545893861541884e+01 7.999381861051533260e-01
1.497891161318573040e+03 2.704309160923877542e+01 8.005101559153783297e-01
1.497911994618079916e+03 2.513054041484997470e+01 8.017043584923299049e-01
1.497953661214300155e+03 2.073411129552298604e+01 7.984402934583555433e-01
1.497974494510546947e+03 1.919474872123958420e+01 7.966748902629300355e-01
1.497995327805862871e+03 1.878959360428736147e+01 7.972730502615015258e-01
1.498016161100247928e+03 2.024635043761534092e+01 8.004763883531181845e-01
1.498036994393700979e+03 2.007858877127126007e+01 7.989412707944304470e-01
1.498057827686222026e+03 1.621228013986138095e+01 7.962011592384146130e-01
1.498078660977346999e+03 1.665851935600609579e+01 7.972742838111338548e-01
1.498099494267541104e+03 1.704853100127327892e+01 7.977327704271058861e-01
1.498120327556803431e+03 1.649784267424319495e+01 7.969657621867264341e-01
1.498141160845134436e+03 1.712334592560439361e+01 7.968320273985936009e-01
1.498161994132069140e+03 1.873427047256495825e+01 7.978180186061750723e-01
1.498182827418071611e+03 1.870635910161040982e+01 7.976229280541439204e-01
1.498203660703142987e+03 1.650367012917044818e+01 7.979313076326099985e-01
1.498224493987283495e+03 1.710579199819605378e+01 7.967289061421753971e-01
1.498245327270491998e+03 1.592492880453222348e+01 7.962719374408879780e-01
1.498266160552303973e+03 1.863536648314858013e+01 7.972372017279043543e-01
1.498286993833185079e+03 1.926642693193540623e+01 7.978738994109703109e-01
1.498307827113133953e+03 1.747475610724596606e+01 7.977464809812314650e-01
1.498328660392151960e+03 1.816465994668790884e+01 7.972667703428737429e-01
1.498349493669773437e+03 1.520052417113939214e+01 7.964534766624293827e-01
1.498370326946462910e+03 1.461820457576555832e+01 7.996321458281067107e-01
1.498391160222221060e+03 1.387405869778084622e+01 7.953190666482229387e-01
1.498411993497048115e+03 1.464717510815589918e+01 7.954638084268622622e-01
1.498432826770477959e+03 1.419773658256306703e+01 7.952681778284577119e-01
1.498453660042976935e+03 1.370105062720577749e+01 7.943720685303005125e-01
1.498474493314543906e+03 1.169100118483413198e+01 7.943564613754217074e-01
1.498495326585180464e+03 1.308239963193241095e+01 7.964612223135156821e-01
1.498516159854885018e+03 1.424700470018060017e+01 7.958741728471447896e-01
1.498536993123192588e+03 1.375109376145725193e+01 7.949372086229381518e-01
1.498557826390569062e+03 1.359001079056287153e+01 7.951535723763506480e-01
1.498578659657013986e+03 1.193470141650445271e+01 7.976510625926488407e-01
1.498599492922061927e+03 1.202017597830577955e+01 7.950462225306372810e-01
1.498620326186644434e+03 1.554358508170542841e+01 7.960882604108370231e-01
1.498641159449829956e+03 1.493307048051397956e+01 7.965091912864166179e-01
1.498661992712083929e+03 1.373408224032569436e+01 7.960635522986847512e-01
1.498682825972940918e+03 1.576382903035692884e+01 7.964822137718194917e-01
1.498703659232867039e+03 1.647878789992143211e+01 7.970846311801594863e-01
1.498724492491861383e+03 1.640103378114132937e+01 7.967893891067507894e-01
1.498745325749923495e+03 1.801325053356757522e+01 7.979271991788232654e-01
1.498766159007054966e+03 1.603247367115753619e+01 7.969362571957321340e-01
1.498786992262789909e+03 1.721212439254462012e+01 7.971162243916792844e-01
1.498807825517593528e+03 1.688258519136682168e+01 7.969672579746679419e-01
1.498828658771465598e+03 1.952108740788537133e+01 7.980202317983530191e-01
1.498849492023940911e+03 1.926248139955490046e+01 7.985355802191762553e-01
1.498870325275950563e+03 1.946660580416514819e+01 7.979925210884333264e-01
1.498891158526563004e+03 1.957753105272507810e+01 7.979541278408456284e-01
1.498911991775778461e+03 1.923455718375753420e+01 7.980613105950883357e-01
1.498932825024528483e+03 2.149951090973003431e+01 7.993400071562525300e-01
1.498953658271881523e+03 2.054574449951532245e+01 7.983001979118024005e-01
1.498974491518303012e+03 2.272374047218849213e+01 7.985134857510357564e-01
1.498995324763327972e+03 2.383484896856933943e+01 7.997852737623046826e-01
1.499016158007887043e+03 2.404309880765625707e+01 7.992255754076831309e-01
1.499036991251048448e+03 2.557861574289119488e+01 8.006838111211819209e-01
1.499057824493279441e+03 2.649258836388955629e+01 8.013243159616141309e-01
1.499078657734112994e+03 2.387400607094825489e+01 7.991374193500722090e-01
1.499099490974015453e+03 2.077625068503058969e+01 7.979255931411375347e-01
1.499120324212986588e+03 1.984289957543971283e+01 7.975377337578317682e-01
1.499141157451026174e+03 1.997131223327910732e+01 7.991684839097391579e-01
1.499161990687669004e+03 1.781156497506597347e+01 7.972007908268330389e-01
1.499182823923846172e+03 1.753063493142053986e+01 7.965707759195298499e-01
1.499203657158160468e+03 2.065521787235292805e+01 7.988240211586593587e-01
1.499224490392009102e+03 1.855539807690600185e+01 7.976466537929550737e-01
1.499245323624460980e+03 2.044094268302946205e+01 7.981438725808451817e-01
1.499266156855980626e+03 1.995482798168968941e+01 7.979001575551568637e-01
1.499286990086569858e+03 2.068131066668806994e+01 7.994210204477080195e-01
1.499307823315762107e+03 1.915621284195211871e+01 7.973076263085008275e-01
1.499328656544023033e+03 1.797248359201771706e+01 7.971175329592325998e-01
1.499349489771351955e+03 1.710243871786678937e+01 7.967007016316395296e-01
1.499370322997285029e+03 1.832767362248017307e+01 7.965515826776518038e-01
1.499391156222286099e+03 1.707503441418565515e+01 7.968674827669907090e-01
1.499411989446356074e+03 1.702941491829822240e+01 7.969387253357044232e-01
1.499432822669494499e+03 1.746931066329342741e+01 7.966156705857424525e-01
1.499453655891235940e+03 1.573484850184873096e+01 7.955982227119552386e-01
1.499474489112046513e+03 1.563781312123836464e+01 7.955478387471107693e-01
1.499495322331459420e+03 1.584010115499506455e+01 7.987544391849000780e-01
1.499516155549941459e+03 1.633230693443507420e+01 7.970691145289905410e-01
1.499536988767491948e+03 1.632683953444045599e+01 7.959808868576787599e-01
1.499557821984111570e+03 1.584408238388799006e+01 7.960606321983950684e-01
1.499578655199333980e+03 1.651306049769480211e+01 7.961055556330698391e-01
1.499599488413625068e+03 1.509807467394901082e+01 7.964608107107636892e-01
1.499620321626518944e+03 1.676498606355156795e+01 7.973517693309369880e-01
1.499641154838946932e+03 1.673278959484800410e+01 7.968429858190836379e-01
1.499661988049513184e+03 1.579728261735482953e+01 7.964809041604772322e-01
1.499682821259613092e+03 1.826414356876394152e+01 7.974639660817229858e-01
1.499703654468315108e+03 1.746892574234231432e+01 7.973331929292311049e-01
1.499724487676086483e+03 1.814731361966227041e+01 7.974052908693884945e-01
1.499745320882460874e+03 1.870985981832065548e+01 7.999864681410753242e-01
1.499766154088370058e+03 2.166842621690700810e+01 7.990794264545092451e-01
1.499786987292416597e+03 2.308308344243186383e+01 7.998198157289874155e-01
1.499807820495997476e+03 2.315318486277222121e+01 8.003896360451735470e-01
1.499828653698180915e+03 2.384915933503733854e+01 8.005437359153156907e-01
1.499849486899433941e+03 2.419069071413450800e+01 8.007258698456899415e-01
1.499870320099289074e+03 2.574454327637923612e+01 8.026802063274721677e-01
1.499891153298212885e+03 2.511545324331849471e+01 8.010242000572148635e-01
1.499911986495740621e+03 2.175159582232125643e+01 8.036819026332929772e-01
1.499932819692802013e+03 2.459471020673663233e+01 8.017569947325686730e-01
1.499953652888000988e+03 2.620554280946782555e+01 8.025472009747014468e-01
1.499974486082734074e+03 2.716872949957463135e+01 8.021491300339793629e-01
1.499995319276070404e+03 2.792123354640597910e+01 8.023848689313717308e-01
1.500016152468474957e+03 3.109457791727481890e+01 8.040752859689082044e-01
1.500036985659482980e+03 3.109598148821439167e+01 8.045192283314522852e-01
1.500057818849558998e+03 3.120772337076715530e+01 8.038202445509361471e-01
1.500078652038238033e+03 3.256672393296404522e+01 8.043870828072275936e-01
1.500099485225985973e+03 3.324419440556076921e+01 8.055412060091680093e-01
1.500120318412803044e+03 3.285644545060555544e+01 8.045199692039538553e-01
1.500141151598223132e+03 3.103624415198279962e+01 8.036635096335164041e-01
1.500161984782711897e+03 2.746516303463104691e+01 8.027465893635249428e-01
1.500182817966268885e+03 2.738302648035896780e+01 8.020481044084112332e-01
1.500203651148430026e+03 2.380912849046225688e+01 8.009742318198305178e-01
1.500224484329193047e+03 2.377965308005228096e+01 8.001993437598677872e-01
1.500245317509024972e+03 2.308950467602853962e+01 8.002675339274403221e-01
1.500266150687926483e+03 2.184365352034035368e+01 7.998949309731988588e-01
1.500286983865430102e+03 2.068705048598119234e+01 7.991414842890923742e-01
1.500307817042003080e+03 1.882576725776881688e+01 7.982954567051828709e-01
1.500328650217644054e+03 1.788011194489463307e+01 7.986473867682305494e-01
1.500349483391888043e+03 1.818904441848823694e+01 7.981946900724707916e-01
1.500370316564735049e+03 1.857845126929795043e+01 7.981620567280519607e-01
1.500391149736650050e+03 1.947768691913513095e+01 7.989439192511564869e-01
1.500411982907633956e+03 2.013304568834045227e+01 7.985822677010744330e-01
1.500432816077221560e+03 2.018009663348952998e+01 7.989415692125285684e-01
1.500453649245877386e+03 1.793825131424622299e+01 7.988093590805590560e-01
1.500474482413137139e+03 1.974120865826455073e+01 7.999301015596841369e-01
1.500495315579464432e+03 2.074535684456451179e+01 7.996263689509760519e-01
1.500516148744396105e+03 2.290472335765034728e+01 8.007486476309150225e-01
1.500536981908395092e+03 2.363908059902646031e+01 8.005630195801229920e-01
1.500557815070998004e+03 2.122051129860903629e+01 8.013515023675189530e-01
1.500578648232668911e+03 2.146698361286949819e+01 7.991840716731704042e-01
1.500599481392942835e+03 1.982680035372228389e+01 7.987442532184882982e-01
1.500620314552285890e+03 1.733490266311809336e+01 7.982676808818102154e-01
1.500641147710231962e+03 1.761876583336222524e+01 7.980249372950314335e-01
1.500661980867246939e+03 1.701802217699015074e+01 7.980607131004717747e-01
1.500682814023329456e+03 1.731160418656021704e+01 7.977592200042608050e-01
1.500703647177549556e+03 1.727559652531501300e+01 7.982945607259652743e-01
1.500724480331304449e+03 1.753119716613124268e+01 7.968955691805711394e-01
1.500745313483196924e+03 1.578510955003855898e+01 7.962714508856156836e-01
1.500766146634623510e+03 1.621298454529170741e+01 7.967498157382508772e-01
1.500786979784187452e+03 1.565238749234688242e+01 7.968738780294261081e-01
1.500807812932820980e+03 1.469527287443715480e+01 7.953777833536485042e-01
1.500828646080522049e+03 1.448248965340275163e+01 7.954391933173461382e-01
1.500849479226826134e+03 1.524293956797057703e+01 7.961207167201296286e-01
1.500870312371733917e+03 1.516731227733989584e+01 7.981210204572648514e-01
1.500891145515709923e+03 1.528319840170837196e+01 7.958954044588488763e-01
1.500911978658288945e+03 1.704049665576481587e+01 7.966971479421104396e-01
1.500932811799937099e+03 1.698567626454595114e+01 7.965133070543559679e-01
1.500953644940188042e+03 1.367137091439912311e+01 7.957542991006715249e-01
1.500974478079506980e+03 1.331565660218979730e+01 7.953435355915321470e-01
1.500995311217428480e+03 1.455849513248273297e+01 7.971071765229631456e-01
1.501016144353954132e+03 1.433320699156527667e+01 7.960466679809715673e-01
1.501036977489548462e+03 1.598328295014040989e+01 7.964150466418163932e-01
1.501078643757011378e+03 1.850987573772274075e+01 7.995713188086408518e-01
1.501099476888880417e+03 1.553546005317654632e+01 7.958462750712409495e-01
1.501120310019352473e+03 1.886616822533870419e+01 7.974182969576733004e-01
1.501141143148892979e+03 1.625828677725084503e+01 7.964854690821131511e-01
1.501161976277036956e+03 1.340091593422044269e+01 7.954631340504485504e-01
1.501182809403783040e+03 1.381943541816015042e+01 7.964346922102236714e-01
1.501203642529599620e+03 1.555712150343484979e+01 7.971013065697362121e-01
1.501224475654017624e+03 1.534120936564625737e+01 7.966602260403738978e-01
1.501245308777037962e+03 1.514215092532120899e+01 7.967687423771047106e-01
1.501266141899127888e+03 1.696903625285857231e+01 7.995718033558782967e-01
1.501286975019821057e+03 1.403507649207136510e+01 7.964248133563976983e-01
1.501307808139117014e+03 1.310041092443962540e+01 7.952132382306992264e-01
1.501328641257482104e+03 1.299098802616323667e+01 7.962418078805089117e-01
1.501349474374449528e+03 1.452320749033399316e+01 7.962436793149820780e-01
1.501370307490020423e+03 1.523003047678491306e+01 7.970919594212368953e-01
1.501391140604193879e+03 1.313147653648407598e+01 7.957884542849538168e-01
1.501411973717436467e+03 1.425825042120173158e+01 7.968231259085648555e-01
1.501432806829282072e+03 1.424302047164554352e+01 7.958959286890098239e-01
1.501453639939730465e+03 1.675474413416294439e+01 7.973269134842998485e-01
1.501474473049247536e+03 1.727966634352857156e+01 7.980081318223454234e-01
1.501495306157366940e+03 1.670355417777363982e+01 7.970480263549842848e-01
1.501516139264090043e+03 1.601572858255765297e+01 7.987239182083869515e-01
1.501536972369416162e+03 1.734028257836957110e+01 7.989142634950273658e-01
1.501557805473345525e+03 1.754043228738708748e+01 7.977794301776839347e-01
1.501578638576343110e+03 1.656737762754541876e+01 7.979739969505680319e-01
1.501599471677943939e+03 1.716777440618257344e+01 7.975823871664197151e-01
1.501620304778148011e+03 1.662713385020678913e+01 7.977026213226153795e-01
1.501641137876955554e+03 1.750704684553467416e+01 7.980546260985742490e-01
1.501661970974831092e+03 1.630514819132128679e+01 7.990946802992625608e-01
1.501682804070843986e+03 1.862149745608713047e+01 7.987873468040640468e-01
1.501703637165925102e+03 1.718125254239285837e+01 7.979666768098083729e-01
1.501724470259609006e+03 2.011752354671648391e+01 8.001530858435228488e-01
1.501745303351896837e+03 2.325595815243873687e+01 8.008760349653405441e-01
1.501766136442787456e+03 2.439795700441087689e+01 8.025911300824954964e-01
1.501786969532746980e+03 2.206328965439175249e+01 8.006440952355579066e-01
1.501807802620844086e+03 2.213649009544718282e+01 8.005267227211021464e-01
1.501828635708008960e+03 2.148653620782420859e+01 8.009501209373485198e-01
1.501849468793312099e+03 2.181083221997932498e+01 8.000258069048239440e-01
1.501870301877683460e+03 2.018479665322474403e+01 8.003215679949379213e-01
1.501891134960658064e+03 2.044264405603692580e+01 7.994699301584770046e-01
1.501911968042235003e+03 1.865797453270051420e+01 7.994194174111168838e-01
1.501932801121949069e+03 1.962542264881959397e+01 7.992213990287843073e-01
1.501953634200732495e+03 1.711808933034299685e+01 7.987805191442028940e-01
1.501974467278118937e+03 1.760237256364422365e+01 8.003573528502784251e-01
1.501995300354574510e+03 1.814018129485386766e+01 7.998176918323320894e-01
1.502016133429166985e+03 1.916749207699243840e+01 7.997264334714367928e-01
1.502036966502362475e+03 2.158051968613236227e+01 8.003453626815659749e-01
1.502057799574161436e+03 1.745089128730940331e+01 7.998461217709084137e-01
1.502078632644562958e+03 1.697706785101350135e+01 7.993077188531225730e-01
1.502099465713567952e+03 1.647629144966238712e+01 7.977758065798228326e-01
1.502120298781174370e+03 1.540703749409922096e+01 7.981653798641851205e-01
1.502141131847384941e+03 1.323226744649004338e+01 7.974470740427561655e-01
1.502161964912198073e+03 1.413695248140507132e+01 7.971809398301945571e-01
1.502182797975150152e+03 1.476471280004834163e+01 7.993890709492357249e-01
1.502203631037169998e+03 1.519757989810126553e+01 7.984530214118632507e-01
1.502224464097792861e+03 1.638878739958343544e+01 7.982950087156998054e-01
1.502245297156553079e+03 1.331039055256650094e+01 8.015323372978924166e-01
1.502266130214381519e+03 1.275298367716944092e+01 7.964716994028580022e-01
1.502286963270347997e+03 1.274025826476400347e+01 7.974595562476557431e-01
1.502307796324916126e+03 1.353657928870770100e+01 7.972456873971179858e-01
1.502328629378087953e+03 1.228782600858987983e+01 7.982924701038801585e-01
1.502349462429863024e+03 1.133989201116671630e+01 7.958268396668529698e-01
1.502370295480241111e+03 9.791837547387903129e+00 7.963964483905193736e-01
1.502391128529222442e+03 1.067542712502756252e+01 7.961145774505261619e-01
1.502411961576341128e+03 1.137728860107598550e+01 7.962626179843660390e-01
1.502432794622062374e+03 1.273196775957738858e+01 7.980796086510981713e-01
1.502453627666852981e+03 1.118196151564090890e+01 7.959467024883367658e-01
1.502474460709314826e+03 1.014882632169880061e+01 7.961803849598060312e-01
1.502495293750844667e+03 1.045077987286402710e+01 7.959622035781560578e-01
1.502516126790977978e+03 1.107463106450654955e+01 7.970142990729767174e-01
1.506370250147533625e+03 2.185014142717187724e+01 7.983431288158711059e-01
1.506391083243545381e+03 2.318942835819276027e+01 7.999524921973782954e-01
1.506411916338626952e+03 2.572207268976539041e+01 8.002445562404535417e-01
1.506432749432311994e+03 2.661300092147446250e+01 8.002752799033718833e-01
1.506453582525065485e+03 2.685775726558348353e+01 8.010127035459958522e-01
1.506474415616421084e+03 2.730015635004741625e+01 8.015197697900460216e-01
1.506495248706845587e+03 2.540799696770804417e+01 8.001641105171898305e-01
1.506516081796338995e+03 2.794439693817481185e+01 8.008713834325762448e-01
1.506536914884436101e+03 2.672402286925509074e+01 8.011785870535476084e-01
1.506557747971600975e+03 2.505609957380337249e+01 8.012399243749361855e-01
1.506578581057368410e+03 2.595046738191527425e+01 8.004837600042349344e-01
1.506599414142206115e+03 2.273487150380865529e+01 7.980999227361494919e-01
1.506620247226111587e+03 2.548890148168395697e+01 7.995698278922224178e-01
1.506641080308620531e+03 2.602819752166301726e+01 8.006084720951404110e-01
1.506661913389731581e+03 2.960829104623332952e+01 8.024303296705700417e-01
1.506682746470376969e+03 2.798587885136169717e+01 8.016059536523401086e-01
1.506703579549626511e+03 2.982396214207052054e+01 8.009405582412754132e-01
1.506724412627479069e+03 2.812128201020090401e+01 8.006377300885267889e-01
1.506745245704398485e+03 2.643867874841058807e+01 8.001256724829902689e-01
1.506766078780387943e+03 2.510491755623052867e+01 7.991570725791581342e-01
1.506786911855446078e+03 2.623548321329140620e+01 7.996587934629850736e-01
1.506807744929107002e+03 2.746006992102551791e+01 7.995195823833465276e-01
1.506828578001371625e+03 2.752629937864698206e+01 7.996050873209572529e-01
1.506849411073169449e+03 2.652153205333495478e+01 7.995898804852943353e-01
1.506870244143570517e+03 2.935718015853791130e+01 8.001869787816205948e-01
1.506891077212575055e+03 3.027974568885777984e+01 8.015827540762948678e-01
1.506911910280648499e+03 2.838524491041523135e+01 8.004336463309434935e-01
1.506932743347789938e+03 2.719596574944702994e+01 8.013107782007244939e-01
1.506953576414000054e+03 2.582863622828546113e+01 7.989131816919179396e-01
1.506974409478813413e+03 2.813732865545683026e+01 8.005495806272591164e-01
1.506995242542697042e+03 3.109552593159115474e+01 8.050273066681363776e-01
1.507016075605181413e+03 3.254303246864172650e+01 8.011703662309431762e-01
1.507036908666735144e+03 4.010217549134146253e+01 8.066023478073959252e-01
1.507057741727357552e+03 4.428550749112704210e+01 8.074409264843855905e-01
1.507078574787049092e+03 3.949131695197929304e+01 8.044670691925130956e-01
1.507099407845343421e+03 4.372291012035413615e+01 8.063383852395795692e-01
1.507120240902240084e+03 3.908223222241257133e+01 8.045873116648886159e-01
1.507141073958671541e+03 4.118071294050825770e+01 8.050541829302303443e-01
1.507161907013706013e+03 4.358177818413850702e+01 8.058241436607567199e-01
1.507182740067809391e+03 3.887460850415840241e+01 8.035259937883988401e-01
1.507203573120515557e+03 3.062044247618869974e+01 8.001419120327840639e-01
1.507224406172289946e+03 3.037483188415717450e+01 8.003418624121061420e-01
1.507245239223133922e+03 3.027863437628958820e+01 7.995796678892096443e-01
1.507266072273046575e+03 2.952090624781457961e+01 7.987374251902602529e-01
1.507286905321561562e+03 2.594585413348275438e+01 7.978409541159035001e-01
1.507307738369145000e+03 2.805681628889439594e+01 8.009542883022526816e-01
1.507328571415332135e+03 2.843126876658227076e+01 7.993234530390544990e-01
1.507349404461054064e+03 3.395447337073677119e+01 8.003383993644903605e-01
1.507370237505377418e+03 3.720039206974886525e+01 8.017665848617988589e-01
1.507391070548304469e+03 3.903674598359032188e+01 8.022057493516907556e-01
1.507411903590766997e+03 3.521102208316980864e+01 8.006681036680837193e-01
1.507432736631831631e+03 3.509454870136016780e+01 8.000047966694082691e-01
1.507453569671964942e+03 3.489429125010406096e+01 8.009404466137989287e-01
1.507474402710700588e+03 3.258502815417850940e+01 7.984852696292019658e-01
1.507495235748505820e+03 2.988086270090108343e+01 7.990130744360895987e-01
1.507516068785379957e+03 2.806980743275939005e+01 7.960589475202785037e-01
1.507536901821322090e+03 2.791527324665841903e+01 7.970191974697058424e-01
1.507557734855867011e+03 2.902175732642002259e+01 7.965437630761500465e-01
1.507578567889946953e+03 3.092380140863291871e+01 7.971491996390248636e-01
1.507599400922164932e+03 3.073151236529777464e+01 7.977938496927093892e-01
1.507620233953915431e+03 2.803094822943094400e+01 7.969201767027163097e-01
1.507641066984270083e+03 2.822495798714915338e+01 7.972877779718690050e-01
1.507661900013692957e+03 2.966688791717560036e+01 7.978253774653347730e-01
1.507682733042184964e+03 2.752562046553895669e+01 7.967663859228577561e-01
1.507703566069279987e+03 3.000883487095916990e+01 7.971081112249014389e-01
1.507724399095908439e+03 3.283607070145271223e+01 7.977686340489265060e-01
1.507745232121140816e+03 3.301355826129407944e+01 7.984697801966192943e-01
1.507766065144976437e+03 3.372558302041167622e+01 7.997189803074510328e-01
1.507786898168345942e+03 3.257936956528669015e+01 7.993334079208954668e-01
1.507807731190318009e+03 3.366485435810773197e+01 7.989864425654807922e-01
1.507828564211359435e+03 3.009923657309101230e+01 8.002111871442199043e-01
1.507849397231469993e+03 3.076629686046022272e+01 7.970876596961200544e-01
1.507891063267963546e+03 3.011030889195436799e+01 7.981373754750227256e-01
1.507911896284814020e+03 3.423383980475981048e+01 8.005723262019729392e-01
1.507932729300734081e+03 4.059934117209337501e+01 8.025017468561191913e-01
1.507953562315255567e+03 3.929363360870462429e+01 8.061138215498864223e-01
1.507974395328845958e+03 3.024728784568605988e+01 7.987945848059828657e-01
1.507995228341505936e+03 3.414910926440148842e+01 8.001055215742071125e-01
1.508016061353233908e+03 3.760796062383127492e+01 8.022708343387251473e-01
1.508036894363564443e+03 4.114785723174912135e+01 8.041773540069956372e-01
1.508057727373429998e+03 4.597244990445337720e+01 8.067083815226594457e-01
1.508078560381898569e+03 8.014107085250972773e+01 8.239520034514749014e-01
1.508099393389434908e+03 1.220758901955373972e+02 8.404044475307007600e-01
1.508120226395574946e+03 7.819622901490582478e+01 8.207040488062238293e-01
1.508141059400783888e+03 5.359163414320234153e+01 8.097066913952486455e-01
1.508161892405061963e+03 4.353306062990482417e+01 8.047433481928081278e-01
1.508182725408407578e+03 4.102485985587369299e+01 8.039411398209070914e-01
1.508203558410822097e+03 3.581119712234896468e+01 8.011414996879626660e-01
1.508224391411839861e+03 2.527430373468872915e+01 7.959877759723295032e-01
1.508245224412392417e+03 2.229584603155646505e+01 7.953346549135319465e-01
1.508266057411547081e+03 2.119749033591541121e+01 7.941255446999133660e-01
1.508286890409304988e+03 1.937368486584666627e+01 7.939875780330192256e-01
1.508307723406598143e+03 2.127346090363313991e+01 7.961283158724241638e-01
1.508328556402492950e+03 1.982189484400783996e+01 7.936925732121314914e-01
1.508349389397456889e+03 1.958996173958012932e+01 7.942593224530375418e-01
1.508370222391489961e+03 2.179645451932748657e+01 7.950037883572316222e-01
1.508391055384592164e+03 2.104614927329133423e+01 7.943619389214333637e-01
1.508411888376296474e+03 1.961985408258195918e+01 7.939759045627358125e-01
1.508432721367535123e+03 2.057493504157449848e+01 7.940656469914011417e-01
1.508453554357377016e+03 2.238205734655159063e+01 7.948443775688199819e-01
1.508474387346288040e+03 2.284065624341019074e+01 7.964102567916584441e-01
1.508495220333801626e+03 2.473905606402761848e+01 7.963528511896406092e-01
1.508516053320849096e+03 2.718158565962102102e+01 7.976702293792540255e-01
1.508536886306500037e+03 2.900138151230697758e+01 7.989941263615559786e-01
1.508557719291218973e+03 2.668748075931260644e+01 7.978612369244969527e-01
1.508578552275007496e+03 2.609246446048204149e+01 7.977156599227562817e-01
1.508599385257399035e+03 2.726308641286493284e+01 7.987120154576833331e-01
1.508620218239324913e+03 2.778547199995112749e+01 7.988694233933240074e-01
1.508641051219853125e+03 3.164953218537463897e+01 8.004732609654684472e-01
1.508661884199450469e+03 3.321082391979796711e+01 8.010780342752452654e-01
1.508682717178116491e+03 3.344498826688635518e+01 8.015760617661172871e-01
1.508703550155850962e+03 3.291189553502070453e+01 8.014379646271958535e-01
1.508724383132188450e+03 3.487691541018129016e+01 8.017704506178865431e-01
1.508745216108060959e+03 3.079779446826866263e+01 8.005017793100704937e-01
1.508766049082536028e+03 2.780088550540359194e+01 7.989855846613332924e-01
1.508786882056079321e+03 2.858590557878943628e+01 7.992463823987737692e-01
1.508807715028226085e+03 2.653533600269396331e+01 7.988392798803796158e-01
1.508828547999907414e+03 2.668241494993900176e+01 7.982972859929629017e-01
1.508849380970191532e+03 2.728836494600965068e+01 7.986004418660160864e-01
1.508870213939544101e+03 2.609616874512765250e+01 7.986211905096753938e-01
1.508891046907966029e+03 2.278228690372311149e+01 7.974823899552050399e-01
1.508911879875457089e+03 2.145599663289281267e+01 7.963210405670635428e-01
1.508932712842015462e+03 2.207091693251599196e+01 7.980983170460406173e-01
1.508953545807176852e+03 2.294039462005494912e+01 7.968163936231714706e-01
1.508974378771408055e+03 2.322444539527317175e+01 7.963045359669030931e-01
1.508995211735172461e+03 2.058709265576275982e+01 7.960997906007408753e-01
1.509016044697073994e+03 2.411582082640541813e+01 7.976657833235818451e-01
1.509036877658511003e+03 2.190098119479927519e+01 7.959320622929759725e-01
1.509057710619015324e+03 2.390743312701696865e+01 7.967172354313275529e-01
1.509078543578124027e+03 2.611029842709886495e+01 7.973154010401463099e-01
1.509099376536300952e+03 2.859038013082842156e+01 7.990191541364389805e-01
1.509120209493547009e+03 3.439515297950455874e+01 8.012086053590866674e-01
1.509141042449861516e+03 4.163995151304804665e+01 8.080029379347464236e-01
1.509161875405244018e+03 4.746035568419411277e+01 8.067398564446022213e-01
1.509182708359229991e+03 3.475954645654759645e+01 8.008493906198257406e-01
1.509203541312750076e+03 3.347523177249078685e+01 8.009109392052307097e-01
1.509224374264872949e+03 3.620681101581510575e+01 8.008561634285493724e-01
1.509245207216065410e+03 3.249636291216386041e+01 8.000391801538153658e-01
1.509266040166325638e+03 3.785694758086966516e+01 8.022417845003710912e-01
1.509286873115188882e+03 3.863305385606868469e+01 8.040276942631328083e-01
1.509307706063587375e+03 3.562303968825992939e+01 8.008046216577933141e-01
1.509328539010588884e+03 3.353561470425283630e+01 8.007856043255280332e-01
1.509349371956658615e+03 3.593892535430936164e+01 8.012286541337538814e-01
1.509370204901796114e+03 3.931533692973677319e+01 8.024892688045606182e-01
1.509391037846004110e+03 3.734449710566177316e+01 8.014415344812626518e-01
1.509411870789278964e+03 3.360002952921663422e+01 7.989401144232471941e-01
1.509432703731157972e+03 2.938792185575973548e+01 7.980650822695304347e-01
1.509453536672105429e+03 3.067248539024455312e+01 7.978823036052006268e-01
1.509474369612586997e+03 2.988784524553735622e+01 7.985194946111699998e-01
1.509495202551671582e+03 2.958439325005096165e+01 7.976741897104969725e-01
1.509516035489359638e+03 2.708819351805355780e+01 7.964780978432068892e-01
1.509536868426581577e+03 2.850598448368365467e+01 7.984246165212213198e-01
1.509557701362871967e+03 2.942851825374886232e+01 7.977002676271025550e-01
1.509578534297766055e+03 3.043620123759473017e+01 7.971626959171520532e-01
1.509599367231728593e+03 3.012149684870863808e+01 7.995697160733789000e-01
1.509620200164758899e+03 2.980461150273315951e+01 7.970811539809774526e-01
1.509641033096859928e+03 2.851760155717635570e+01 7.977152489672653113e-01
1.509661866028028498e+03 3.004043026889318568e+01 7.979707103650640621e-01
1.509682698957799403e+03 3.114449405907806323e+01 7.977206660908305880e-01
1.509703531887104873e+03 3.393935350275802421e+01 7.997592265678131751e-01
1.509724364815014951e+03 3.368217316413017670e+01 7.994272088843908941e-01
1.509745197741991888e+03 3.291846940010212563e+01 7.982869821948572753e-01
1.509766030668037956e+03 3.128717135856172149e+01 7.974265938342012250e-01
1.509786863592687496e+03 3.211157220924920352e+01 7.981636996285437213e-01
1.509807696516870919e+03 3.371481296353618973e+01 8.024927968447641558e-01
1.509828529439656904e+03 3.468336521461532129e+01 7.992414976520308967e-01
1.509849362361978365e+03 3.600945543876912325e+01 8.001774442100921814e-01
1.509870195282901932e+03 3.526315798294920256e+01 7.992548840241988639e-01
1.509891028202895086e+03 3.458719231819843998e+01 7.990220261260374546e-01
1.509911861121956917e+03 3.506732620117003307e+01 7.995877932499844132e-01
1.509932694039621083e+03 3.436090698412945699e+01 7.985064318140505657e-01
1.509953526956819587e+03 3.602776847677179717e+01 7.989173969854225232e-01
1.509974359872622017e+03 3.509198206395545583e+01 7.990116943749667744e-01
1.509995192777712418e+03 3.614530541107947670e+01 7.999351683811483094e-01
1.510016025691651976e+03 3.854332617018314977e+01 8.031511918483769108e-01
1.510036858604659983e+03 3.707241049744816763e+01 8.009424186969277271e-01
1.510057691516270097e+03 3.824348866479529363e+01 8.015603346172628374e-01
1.510078524427415005e+03 3.556906610160421423e+01 8.011476376353273698e-01
1.510099357337163383e+03 4.026935006047006027e+01 8.037753815151025272e-01
1.510120190246445418e+03 4.130561063226028296e+01 8.011518783714921543e-01
1.510141023154330924e+03 4.315568623833504347e+01 8.027223832100224277e-01
1.510161856061285562e+03 4.623272995355608117e+01 8.044606602013832930e-01
1.510182688966842534e+03 5.047024805581996532e+01 8.055924077392201399e-01
1.510203521871933390e+03 4.787814755652537713e+01 8.043890464403992135e-01
1.510224354775628399e+03 4.418997190758273064e+01 8.025726006844204896e-01
1.510245187678856837e+03 4.232989147302151878e+01 8.006233990167099801e-01
1.510266020580688519e+03 3.894639872285381443e+01 8.007149273459142069e-01
1.510286853481589560e+03 3.941326984309062453e+01 8.016413465838098107e-01
1.510307686381558597e+03 3.841470368346671194e+01 8.009884449938537987e-01
1.510328519280129967e+03 3.414174020960089706e+01 7.994730614709674166e-01
1.510349352178237041e+03 3.615678487619696568e+01 7.992845644285749840e-01
1.510370185074946676e+03 3.611298243840281685e+01 7.990929647224538357e-01
1.510391017971190422e+03 3.797280435019003164e+01 8.000590347323466300e-01
1.510411850866037412e+03 3.739171464827089153e+01 7.993775509218699060e-01
1.510432683759486963e+03 3.747531717947074981e+01 8.000582897289163498e-01
1.510453516652471535e+03 3.620839513752434868e+01 7.985435669204019593e-01
1.510474349544525012e+03 3.500969408467983612e+01 8.009151811946813027e-01
1.510495182435180595e+03 3.457073500742069427e+01 7.979759390174577804e-01
1.510516015325370518e+03 3.452890324333684191e+01 7.988225661553034485e-01
1.510536848214163911e+03 3.570424520634875876e+01 7.987145900488885619e-01
1.510557681102025981e+03 3.755949060748700674e+01 8.000593327335244753e-01
1.510578513988491068e+03 3.892547647897492880e+01 8.002652994973731282e-01
1.510599346874490038e+03 3.726781640823467967e+01 7.997737594418868889e-01
1.510620179759092025e+03 3.500938791235094527e+01 7.985225176851966644e-01
1.510641012643229033e+03 3.576966257639978153e+01 7.987554838920594147e-01
1.510661845525968602e+03 3.674002144734129160e+01 7.996007265667764985e-01
1.510682678407777075e+03 3.675826394391117447e+01 7.994718685914647960e-01
1.510703511288654454e+03 4.177164821757160240e+01 8.022107646497598221e-01
1.510724344168600055e+03 4.526231139519231306e+01 8.041471870975149816e-01
1.510745177047148445e+03 5.053294974576658660e+01 8.059494345448049435e-01
1.510766009924765967e+03 5.229555325918132525e+01 8.098738852385938269e-01
1.510786842801917373e+03 4.952113215026571424e+01 8.048049322567754071e-01
1.510807675677672023e+03 4.734059385067705250e+01 8.035103789859739942e-01
1.510828508552031053e+03 4.551350542533829469e+01 8.034733621612466514e-01
1.510849341425922830e+03 4.763582833025478180e+01 8.050817246150688833e-01
1.510870174298883512e+03 4.651670737315740212e+01 8.037140522893014838e-01
1.510891007170447665e+03 4.601814687349148869e+01 8.042593622560950672e-01
1.510911840041078904e+03 4.631027089052552270e+01 8.034791855623438783e-01
1.510932672910781093e+03 4.561927098142258785e+01 8.033492061094195114e-01
1.510953505779551051e+03 4.482346778040736268e+01 8.047703080022073907e-01
1.510974338647389004e+03 4.285852015076191179e+01 8.027017034485713909e-01
1.511016004379806418e+03 4.416175110756545052e+01 8.033061717481666530e-01
1.511036837244385424e+03 4.066758574767340662e+01 8.018705077428300854e-01
1.511057670108033562e+03 4.138157440917551355e+01 8.015771027958146222e-01
1.511078502970749469e+03 3.987109774435109699e+01 8.003690821893417739e-01
1.511099335832534052e+03 3.533384807999215127e+01 7.987913015967451624e-01
1.511120168692922107e+03 3.370752576773602271e+01 7.975037282300518893e-01
1.511141001552844045e+03 3.457855223336503059e+01 7.973435090528300240e-01
1.511161834411369910e+03 3.344762239433058681e+01 7.976182201858382781e-01
1.511182667268963542e+03 3.175509580080862193e+01 7.978491718905433849e-01
1.511203500125625851e+03 3.309344377074797450e+01 7.975882909446196933e-01
1.511224332980892086e+03 3.300459050742342981e+01 7.976664184759093557e-01
1.511245165835691978e+03 3.515682583342933754e+01 7.990217277379882965e-01
1.511265998689094431e+03 4.252208128836876710e+01 8.013985836192657475e-01
1.511286831541566016e+03 4.333013930692062843e+01 8.033424172211004466e-01
1.511307664393106506e+03 4.139054185007457676e+01 8.014876808509580064e-01
1.511328497243715901e+03 4.253493683248098023e+01 8.015559473197455542e-01
1.511349330093393519e+03 4.111980478301934738e+01 8.020504081871050461e-01
1.511370162941674153e+03 4.366365870756065704e+01 8.024234215869396891e-01
1.511390995789023464e+03 4.326105967087459447e+01 8.027099828425102723e-01
1.511411828635441452e+03 4.402553432290049784e+01 8.047295346438267938e-01
1.511432661480927891e+03 4.401144740787172793e+01 8.024951364839245649e-01
1.511453494325483462e+03 4.373861584742183339e+01 8.020225766112604182e-01
1.511474327168641594e+03 4.368252458606215782e+01 8.038887948827975194e-01
1.511495160011334974e+03 4.858195929919139644e+01 8.049938766767866793e-01
1.511515992852630461e+03 4.897663153487926024e+01 8.051089692257367147e-01
1.511536825692995080e+03 4.873840785965564493e+01 8.054120403643056925e-01
1.511557658532428377e+03 5.162541574148271906e+01 8.059082031250000000e-01
1.511578491370464462e+03 4.679095524423553343e+01 8.037351880406954363e-01
1.511599324208034886e+03 4.869057364925726716e+01 8.041324738330556388e-01
1.511620157044208099e+03 5.293522996556094995e+01 8.078013052247683401e-01
1.511640989879449990e+03 7.074395147094801928e+01 8.148270075861931971e-01
1.511661822713296033e+03 7.351020020825382062e+01 8.173685562549509731e-01
1.511682655546675505e+03 5.081937456460786251e+01 8.062585105742531288e-01
1.511703488378657994e+03 4.585526477987276905e+01 8.032619478302970295e-01
1.511724321210174367e+03 4.323065838730761357e+01 8.024072653527098975e-01
1.511745154040293983e+03 4.711832335355113344e+01 8.036102194732960280e-01
1.511765986869017524e+03 4.623320963611404011e+01 8.036336942799634508e-01
1.511786819697274950e+03 4.391546336540789497e+01 8.023850917844145281e-01
1.511807652524135392e+03 4.352064270612387986e+01 8.022273334856661053e-01
1.511828485350529490e+03 4.172161591431090244e+01 8.007324948238998541e-01
1.511849318175527060e+03 4.415681687179200310e+01 8.022128822106414647e-01
1.511870150999128555e+03 4.339700506407517366e+01 8.023014804065201622e-01
1.511890983822263479e+03 4.283606527988425938e+01 8.023803375727448506e-01
1.511911816644000965e+03 4.022431396174131635e+01 8.005246379284530756e-01
1.511932649464808037e+03 3.875419947094497530e+01 8.021470123048005663e-01
1.511953482284683105e+03 3.865526992634796954e+01 8.004817867911452334e-01
1.511974315103627532e+03 3.722192166951623449e+01 7.999849779983626563e-01
1.511995147921174521e+03 3.770187690941617831e+01 8.005760488204202163e-01
1.512015980738255621e+03 3.564860773402850214e+01 7.991185115179050280e-01
1.512036813553939510e+03 3.744601846076707830e+01 7.997430537769704140e-01
1.512057646368692986e+03 3.671232265982499143e+01 7.994000315978516680e-01
1.512078479182049477e+03 3.784816151553287966e+01 7.992322501107903543e-01
1.512099311994939399e+03 3.762674509349615448e+01 7.998578586068071372e-01
1.512120144806433018e+03 3.881902968306195589e+01 8.007639813305708065e-01
1.512140977616995087e+03 3.933664692856000045e+01 8.007774539020160454e-01
1.512161810426159946e+03 4.072880248397613911e+01 8.023262192873384935e-01
1.512182643234859825e+03 4.092467340605723791e+01 8.020181175240319593e-01
1.512203476042162492e+03 4.278702441897470976e+01 8.030894438595006513e-01
1.512224308848532928e+03 4.226705807131890680e+01 8.029879427084203325e-01
1.512245141653972496e+03 4.298202613511696768e+01 8.028629320696639704e-01
1.512265974458015990e+03 4.060228940911366635e+01 8.040335877813868937e-01
1.512286807261593367e+03 4.511186676268778228e+01 8.036170431844745776e-01
1.512307640063773533e+03 4.853662312377574040e+01 8.061399591743473314e-01
1.512328472864556488e+03 5.528806325102969765e+01 8.096731233369459657e-01
1.512349305664874009e+03 6.852171100560747163e+01 8.146074912610201668e-01
1.512370138463794547e+03 7.109527659383178388e+01 8.162497411496744126e-01
1.512390971261783989e+03 6.842509396448879500e+01 8.146166374312316938e-01
1.512411804058841426e+03 6.627149604659234683e+01 8.134674401475865402e-01
1.512432636854968450e+03 5.486972206151124709e+01 8.084562249184586991e-01
1.512453469649698036e+03 5.389719556878168305e+01 8.077452257133933555e-01
1.512474302443496072e+03 6.190703350261220095e+01 8.113387686151116718e-01
1.512495135236362330e+03 7.017408706984086564e+01 8.150671604193792108e-01
1.512515968027832969e+03 6.572948820371632905e+01 8.142809788845876140e-01
1.512536800818837946e+03 6.979526171197062467e+01 8.154932419913804020e-01
1.512557633608445030e+03 8.974852784159061514e+01 8.247633666903454452e-01
1.512578466396655131e+03 1.021049693670871363e+02 8.305740849466842768e-01
1.512599299184399570e+03 9.606129990559273324e+01 8.278234760597916742e-01
1.512620131970747025e+03 1.026246606744053196e+02 8.310609631239807005e-01
1.512640964756163612e+03 1.084112895458384855e+02 8.326760958673951052e-01
1.512661797540182988e+03 1.284607445041166329e+02 8.408213758295759455e-01
1.512682630323737158e+03 1.435937932286548175e+02 8.487500635408312677e-01
1.512703463105893661e+03 1.634534832267057141e+02 8.569710139176636154e-01
1.512724295886653636e+03 1.325892338650129432e+02 8.431929409515186435e-01
1.512745128666947949e+03 1.134543825964843080e+02 8.351292490720461092e-01
1.512765961445845051e+03 1.226240187492929437e+02 8.389461600064069824e-01
1.512786794223810375e+03 1.159436793568883957e+02 8.353856127731377201e-01
1.512807627000378943e+03 1.145518896462645415e+02 8.354338438847729309e-01
1.512828459776482987e+03 1.285675981633922902e+02 8.417335008454978063e-01
1.512849292551189592e+03 1.587225942353051380e+02 8.543621204022142646e-01
1.512870125324498076e+03 1.906531083180670123e+02 8.690831197509835127e-01
1.512890958097341354e+03 2.060349744763577746e+02 8.751648679450961810e-01
1.512911790868788103e+03 1.894882226727661987e+02 8.677935501573704746e-01
1.512932623639303529e+03 1.960372322013523103e+02 8.701311275166138115e-01
1.512953456408421061e+03 1.687418964609928764e+02 8.587868845540916896e-01
1.512974289176608636e+03 1.303627489652910185e+02 8.414574312672915557e-01
1.512995121943863978e+03 1.148073741898964926e+02 8.344191193078046576e-01
1.513015954709722564e+03 9.822094996211717444e+01 8.276030497046283907e-01
1.513036787474650055e+03 8.041910294481824906e+01 8.203344432983991075e-01
1.513057620238645541e+03 7.560189463509121310e+01 8.174814691105678488e-01
1.513078453001709931e+03 9.127220781809853634e+01 8.240184088474643564e-01
1.513099285763378020e+03 9.072377826475693041e+01 8.238608862493169704e-01
1.513120118524113877e+03 8.254181926815346060e+01 8.208606886460635410e-01
1.513140951283452978e+03 8.682818694016248173e+01 8.223287961347846009e-01
1.513161784041862120e+03 9.505384261757913578e+01 8.273978369650668574e-01
1.513182616799338575e+03 9.187695599960996162e+01 8.237488116543755234e-01
1.513203449555418047e+03 9.099392949616571968e+01 8.242229081903218457e-01
1.513224282310566650e+03 9.287388289185831525e+01 8.253191070696610510e-01
1.513245115064783022e+03 8.922046218168749476e+01 8.231189133195305763e-01
1.513265947817602864e+03 8.198935531554197098e+01 8.194693455621387956e-01
1.513286780569491839e+03 7.900366790189013955e+01 8.178905883287667100e-01
1.513307613320449491e+03 8.293832832395153787e+01 8.204388475753563448e-01
1.513328446070009477e+03 8.208572285744961050e+01 8.193972249803207486e-01
1.513349278818639050e+03 9.023500468276856168e+01 8.238478996902496299e-01
1.513370111565870957e+03 8.753590716630709778e+01 8.217660650430148594e-01
1.513390944312171996e+03 7.928744323176215403e+01 8.182560894229921056e-01
1.513411777057541030e+03 8.480662818180876172e+01 8.215157902361526210e-01
1.513432609801513536e+03 8.171048823886840751e+01 8.194168287318636112e-01
1.513453442544554946e+03 9.660757528819736706e+01 8.264767420220014982e-01
1.513474275286664579e+03 1.017721582406214225e+02 8.290789885306600882e-01
1.513495108027377455e+03 8.616631342516360803e+01 8.210508747321739742e-01
1.513515940766692893e+03 9.418376520481547232e+01 8.248251180537087279e-01
1.513536773505077463e+03 1.048925181743946382e+02 8.293257231687712894e-01
1.513557606242530937e+03 1.039967179730261648e+02 8.319862962497455161e-01
1.513578438979052407e+03 1.694894438086510320e+02 8.614425756142615187e-01
1.513599271714177121e+03 2.000403214760472963e+02 8.713623795898487456e-01
1.513620104447905987e+03 2.013139602549535141e+02 8.721552996430188553e-01
1.513640937180702622e+03 2.871606251710292668e+02 9.080887917364514061e-01
1.513661769912567479e+03 2.851843842794776833e+02 9.077731847867356318e-01
1.513682602643035352e+03 2.759736454755393424e+02 9.036298891505939457e-01
1.513703435372573040e+03 2.508739533460026507e+02 8.935053910795640597e-01
1.513724268100713516e+03 2.444502793671127279e+02 8.899214793510719090e-01
1.513745100827921988e+03 2.437221960850618530e+02 8.897232375958126216e-01
1.513765933553733475e+03 2.154360021145058965e+02 8.781543482427311975e-01
1.513786766278613868e+03 2.015026480542367722e+02 8.720371287013934936e-01
1.513807599002562938e+03 1.710456024511094313e+02 8.599274680135183813e-01
1.513828431725115024e+03 1.320537359073206289e+02 8.424806583572799212e-01
1.513849264446269444e+03 1.012601340608841838e+02 8.280728521662332753e-01
1.513870097166493451e+03 9.196546054681451210e+01 8.246616059661718845e-01
1.513890929885785454e+03 9.714290434654952833e+01 8.275511210690463804e-01
1.513911762603680927e+03 9.079588652601579213e+01 8.233026412180153297e-01
1.513932595320179416e+03 9.519471572772451395e+01 8.259343015368533214e-01
1.513953428035746583e+03 8.513618495990920110e+01 8.226018657622358177e-01
1.513974260749917448e+03 8.134482657776561609e+01 8.196061135600687386e-01
1.513995093463156536e+03 7.691907135271111429e+01 8.174713706623428777e-01
1.514015926175463392e+03 7.518932626497407057e+01 8.178037518917826709e-01
1.514036758886373946e+03 7.318359715819974554e+01 8.152105162510321357e-01
1.514057591595887516e+03 6.973270437659618892e+01 8.140974114193544331e-01
1.514078424304469536e+03 6.359841360011296274e+01 8.116210805309791443e-01
1.514099257011655027e+03 6.223438501927521571e+01 8.133784460496281676e-01
1.514140922422765470e+03 5.854540025580533325e+01 8.103056399301062918e-01
1.514161755126225671e+03 5.629535955797575753e+01 8.085588825466608620e-01
1.514182587828754095e+03 5.766714699461224569e+01 8.100473358310156247e-01
1.514203420529885534e+03 5.685407777353410097e+01 8.090899138449372252e-01
1.514224253230086106e+03 6.328419284725228522e+01 8.119522228913153006e-01
1.514245085928888329e+03 6.302737941229524665e+01 8.123782139984710993e-01
1.514265918626761049e+03 5.769320807469456724e+01 8.109198390088607766e-01
1.514286751323235421e+03 4.866899329857956502e+01 8.052711592259678142e-01
1.514307584018314174e+03 4.676243353962648541e+01 8.076274460644943254e-01
1.514328416712460466e+03 4.716300749905453671e+01 8.055939614980703878e-01
1.514349249405210003e+03 4.668578057553428806e+01 8.052083154031045575e-01
1.514370082097028444e+03 4.743358094916791146e+01 8.053684871516225696e-01
1.514390914786984013e+03 4.482147625425660920e+01 8.047301642209214734e-01
1.514411747476474375e+03 4.786483054155655736e+01 8.052751561936887237e-01
1.514432580164101637e+03 4.736686943945547057e+01 8.062152988151928268e-01
1.514453412850797577e+03 4.488529789018154048e+01 8.039037721111934598e-01
1.514474245536096987e+03 4.937091093914252582e+01 8.062841999577642360e-01
1.514495078219998504e+03 4.690260505932590007e+01 8.052082043672749156e-01
1.514515910902969608e+03 4.565451671226675501e+01 8.042886727106121070e-01
1.514536743584543501e+03 4.708777065249405780e+01 8.048923194729235009e-01
1.514557576265186071e+03 5.083724063480483579e+01 8.073437745699870716e-01
1.514578408943965542e+03 5.635642045177331738e+01 8.117532599771100088e-01
1.514599241621814144e+03 5.937727614702249213e+01 8.110127408617875400e-01
1.514620074298265536e+03 5.981434850085537391e+01 8.116501985742263781e-01
1.514640906973786059e+03 6.181155195139783842e+01 8.114707002362555599e-01
1.514661739647910053e+03 6.767173856213429417e+01 8.147007407987950645e-01
1.514682572320635927e+03 6.431085778511800299e+01 8.131916696718478610e-01
1.514703404991965044e+03 6.394594133736650576e+01 8.155594956559514275e-01
1.514724237661897405e+03 5.776252438017012736e+01 8.107912361675400081e-01
1.514745070330898443e+03 4.879138101367933444e+01 8.065273768844762881e-01
1.514765902998502497e+03 4.376656878093091763e+01 8.057567936098682937e-01
1.514786735664708885e+03 4.091196139299871248e+01 8.048329268216373178e-01
1.514807568329518972e+03 3.919774744003541400e+01 8.019885382844014199e-01
1.514828400992932529e+03 4.076546919064738717e+01 8.030348537928458930e-01
1.514849233655414082e+03 4.014179081767605339e+01 8.015736822645892490e-01
1.514870066316032990e+03 3.740478335484204564e+01 8.015401825949027836e-01
1.514890898975721029e+03 4.105485434391759014e+01 8.023365083570092038e-01
1.514911731634011630e+03 3.921328895746025722e+01 8.027182992778056914e-01
1.514932564290905020e+03 4.121807154707251186e+01 8.027690499420495618e-01
1.514953396946401881e+03 4.379013851553649772e+01 8.042650317446553565e-01
1.514974229600966964e+03 5.242891926681683401e+01 8.071399833348326114e-01
1.514995062253670085e+03 5.059244568708605527e+01 8.066789003763380483e-01
1.515015894905441428e+03 4.513346245400545342e+01 8.057966273513924582e-01
1.515036727555350581e+03 4.229679869087011923e+01 8.032965628992185803e-01
1.515057560204327956e+03 4.551069347684291699e+01 8.041098660255058261e-01
1.515078392851908575e+03 4.625184449908818607e+01 8.049993929061022291e-01
1.515099225497625412e+03 4.407587826776030937e+01 8.041719062581774713e-01
1.515120058142411835e+03 4.524326547660055553e+01 8.042259374000526595e-01
1.515140890785801503e+03 4.631959712027782672e+01 8.049480423834134424e-01
1.515161723427794414e+03 5.212623091321275126e+01 8.081684560516659843e-01
1.515182556068390113e+03 5.354115484684285775e+01 8.082510917814310636e-01
1.515203388707122940e+03 5.562685149939228069e+01 8.090661921588199190e-01
1.515224221344924445e+03 5.137762723659829334e+01 8.071887945444652379e-01
1.515245053981328965e+03 4.700546110721592186e+01 8.046591300037252426e-01
1.515265886616336502e+03 4.363056261612275222e+01 8.045905712229498574e-01
1.515286719249481848e+03 4.191930721348698086e+01 8.026036065504201789e-01
1.515307551881695417e+03 4.387877318356681400e+01 8.040688738549921499e-01
1.515328384512047023e+03 4.643234408325232465e+01 8.054514471465550329e-01
1.515349217141466397e+03 4.502079291057250288e+01 8.042178218429305581e-01
1.515370049769022899e+03 4.456762447723012599e+01 8.041553033674847528e-01
1.515390882395183326e+03 4.863166155310732108e+01 8.054880400751848191e-01
1.515411715019946996e+03 4.677789993591260753e+01 8.047358303926089862e-01
1.515432547643312546e+03 4.976026797731395845e+01 8.052361479014565893e-01
1.515453380265280884e+03 5.253718683570850345e+01 8.070463033271131348e-01
1.515474212885852921e+03 5.134139252123358688e+01 8.067424792993340699e-01
1.515495045504562995e+03 5.048555682228753483e+01 8.064836991372048569e-01
1.515515878121874948e+03 4.873942482743252214e+01 8.072376397215288435e-01
1.515536710737791054e+03 4.828758178826522141e+01 8.075536036341254276e-01
1.515557543352309494e+03 5.014171725701137206e+01 8.081146516306991767e-01
1.515578375965430951e+03 4.977981889905994706e+01 8.075035227412336036e-01
1.515599208576689989e+03 5.222552693967980275e+01 8.070880304914420655e-01
1.515620041187017932e+03 5.467336082878847492e+01 8.084132780937248741e-01
1.515640873795483003e+03 5.663410711079414739e+01 8.114906056507291687e-01
1.515661706402551545e+03 6.184530614862934783e+01 8.115567086901462890e-01
1.515682539007756077e+03 6.513444609235853022e+01 8.137002662543866283e-01
1.515703371612029969e+03 6.764935826654050288e+01 8.143349980376201058e-01
1.515724204214441443e+03 7.319140383395530591e+01 8.169807712341865535e-01
1.515745036815455933e+03 8.570059560365160678e+01 8.229726981551221954e-01
1.515765869414607550e+03 9.701287586137074470e+01 8.273192750590404598e-01
1.515786702012828073e+03 9.778646494622289254e+01 8.287815514336668299e-01
1.515807534609185950e+03 8.813751885442501077e+01 8.242656097831519979e-01
1.515828367204146616e+03 8.821113079496254272e+01 8.240668351164613936e-01
1.515849199797244637e+03 7.854606422743316330e+01 8.198311256176817885e-01
1.515870032389410426e+03 8.021645215684768004e+01 8.201495417449383707e-01
1.515890864979714934e+03 8.562199264516954145e+01 8.227511533244002973e-01
1.515911697568622003e+03 9.065665132476971166e+01 8.266149825108245475e-01
1.515932530156132088e+03 8.302442224868686083e+01 8.224450864693449992e-01
1.515953362742245645e+03 8.618829895966158006e+01 8.248882376944994821e-01
1.515974195326496101e+03 9.597460648464537769e+01 8.282659158832629265e-01
1.515995027909349574e+03 9.494123003745131939e+01 8.279446459456275553e-01
1.516015860491272178e+03 8.438004455370776213e+01 8.231504486483162131e-01
1.516036693071331456e+03 7.878214267634987777e+01 8.209324991446346198e-01
1.516057525649993522e+03 7.522408167687282798e+01 8.193946426330058763e-01
1.516078358227724948e+03 8.116874745000622227e+01 8.232200320917747449e-01
