1.599368713378906250e+03 3.061976312891093403e+04 5.175234346105437311e+00
1.599389526367187500e+03 3.065639313978159043e+04 5.160625473970454458e+00
1.599410339355468750e+03 3.066498875786716962e+04 5.148628659671943275e+00
1.599431213378906250e+03 3.062649588904462144e+04 5.136578576093603132e+00
1.599452026367187500e+03 3.061892968226322409e+04 5.125374757044257379e+00
1.599472839355468750e+03 3.060282372842272889e+04 5.117436480106976937e+00
1.599493713378906250e+03 3.058180225215799874e+04 5.110768352754561761e+00
1.599514526367187500e+03 3.059283479357144824e+04 5.104171669886206075e+00
1.599535339355468750e+03 3.058693924004833389e+04 5.099997591504294547e+00
1.599556213378906250e+03 3.058950130171586352e+04 5.096371216145258565e+00
1.599577026367187500e+03 3.058246743302528193e+04 5.092986628897039125e+00
1.599597839355468750e+03 3.059454317508212989e+04 5.091588035430024917e+00
1.599618713378906250e+03 3.058588146936966950e+04 5.091141296020463614e+00
1.599639526367187500e+03 3.058551397629998246e+04 5.091264738627716113e+00
1.599660339355468750e+03 3.058654580218992487e+04 5.092390007587781042e+00
1.599681213378906250e+03 3.061444772012905742e+04 5.091692362635694025e+00
1.599702026367187500e+03 3.061986612353843520e+04 5.090462214499875238e+00
1.599722839355468750e+03 3.062136551575306657e+04 5.084968158093346347e+00
1.599743713378906250e+03 3.062411150464535604e+04 5.077266679264843319e+00
1.599764526367187500e+03 3.064263290730955487e+04 5.071921917503843247e+00
1.599785339355468750e+03 3.062085057999119454e+04 5.063080742575113646e+00
1.599806213378906250e+03 3.062996830435188167e+04 5.060110587920712888e+00
1.599827026367187500e+03 3.063709658876240428e+04 5.052054472640932659e+00
1.599847839355468750e+03 3.064273930753951572e+04 5.047496840016404640e+00
1.599868713378906250e+03 3.062779351176867931e+04 5.044300095672361373e+00
1.599889587402343750e+03 3.061778605185532069e+04 5.038494131281876953e+00
1.599910400390625000e+03 3.060967107070453494e+04 5.033331777980808219e+00
1.599931213378906250e+03 3.058439608082194172e+04 5.026592681670830842e+00
1.599972900390625000e+03 3.055252076739678159e+04 5.005041632388621764e+00
1.599993713378906250e+03 3.054799213157746635e+04 4.996811422262044999e+00
1.600014587402343750e+03 3.055071299137531969e+04 4.998469309155584739e+00
1.600035400390625000e+03 3.054838456798760672e+04 4.993816366697605424e+00
1.600056213378906250e+03 3.056427967818122124e+04 4.991008685034699077e+00
1.600077087402343750e+03 3.057517887973461256e+04 4.991991113850436257e+00
1.600097900390625000e+03 3.058511808547539476e+04 4.984620091263087360e+00
1.600118713378906250e+03 3.059143896561683869e+04 4.984387436615068445e+00
1.600139587402343750e+03 3.060245342674626590e+04 4.980719011788322881e+00
1.600160400390625000e+03 3.062309258611053519e+04 4.973935666124179811e+00
1.600181213378906250e+03 3.061712930149754538e+04 4.968594146779364173e+00
1.600202087402343750e+03 3.063406968716305710e+04 4.967422403959166566e+00
1.600222900390625000e+03 3.062000079507532791e+04 4.961317152980250000e+00
1.600243713378906250e+03 3.062292826495973713e+04 4.960498796424223755e+00
1.600264587402343750e+03 3.062811073903191937e+04 4.952954791781729149e+00
1.600285400390625000e+03 3.061658284391492271e+04 4.954029084977669584e+00
1.600306213378906250e+03 3.062161009976125933e+04 4.950642538271980975e+00
1.600327087402343750e+03 3.063473425673738166e+04 4.946529774960946924e+00
1.600347900390625000e+03 3.060728405690249201e+04 4.939581323712006089e+00
1.600368713378906250e+03 3.060604502941049577e+04 4.936832431136892296e+00
1.600389587402343750e+03 3.061022708768298980e+04 4.929749018410722883e+00
1.600410400390625000e+03 3.061475652707040717e+04 4.925082272844496067e+00
1.600431213378906250e+03 3.062313769774706816e+04 4.922854952668194173e+00
1.600452087402343750e+03 3.062785239419389472e+04 4.923712299683908000e+00
1.600472900390625000e+03 3.061985460875050558e+04 4.920793493218880599e+00
1.600493713378906250e+03 3.061038674259815161e+04 4.918360251431996844e+00
1.600514587402343750e+03 3.059721908767545392e+04 4.913840866549056052e+00
1.600535400390625000e+03 3.058877947283248795e+04 4.909663671096142323e+00
1.600556213378906250e+03 3.058119183522495587e+04 4.909518762689595306e+00
1.600577087402343750e+03 3.057046658966870018e+04 4.911301071977209887e+00
1.600597900390625000e+03 3.057535696738931802e+04 4.910727432035213447e+00
1.600618713378906250e+03 3.056857380782861583e+04 4.910779477962409878e+00
1.600639587402343750e+03 3.058153576698109464e+04 4.910408541586747333e+00
1.600660400390625000e+03 3.061194546483071827e+04 4.909658038007423286e+00
1.600681213378906250e+03 3.060178719542532417e+04 4.913670462054610333e+00
1.600702087402343750e+03 3.061706268713056124e+04 4.913390193974236375e+00
1.600722900390625000e+03 3.059635288907054928e+04 4.910430876245063025e+00
1.600743713378906250e+03 3.060327078342230016e+04 4.910715197278222810e+00
1.600764587402343750e+03 3.061398841106081090e+04 4.901942214631455741e+00
1.600785400390625000e+03 3.062067547748906145e+04 4.908293668956927647e+00
1.600806213378906250e+03 3.061775292238708789e+04 4.907631843494304036e+00
1.600827087402343750e+03 3.060968315004384931e+04 4.906601814242255166e+00
1.600847900390625000e+03 3.062015306521410821e+04 4.902476809698226745e+00
1.600868713378906250e+03 3.061058303000111118e+04 4.901150720121516535e+00
1.600889587402343750e+03 3.060482918581253034e+04 4.897176723277278931e+00
1.600910400390625000e+03 3.061712514048798039e+04 4.900560323636033111e+00
1.600931213378906250e+03 3.061166748039988670e+04 4.898468066155132306e+00
1.600952087402343750e+03 3.061943783794133196e+04 4.897376522047907521e+00
1.600972900390625000e+03 3.061433099071986726e+04 4.892027437508994936e+00
1.600993713378906250e+03 3.059792759116084198e+04 4.894058728375865641e+00
1.601014587402343750e+03 3.060902733430702574e+04 4.891988838326547295e+00
1.601035400390625000e+03 3.060024792395499026e+04 4.890531983877331790e+00
1.601056213378906250e+03 3.059349783227637090e+04 4.887835892552491401e+00
1.601077087402343750e+03 3.059421932478758026e+04 4.887887987117685462e+00
1.601097900390625000e+03 3.059495953695752542e+04 4.888301407069976179e+00
1.601118713378906250e+03 3.058895476301346571e+04 4.885683530935372332e+00
1.601139587402343750e+03 3.057732178374909563e+04 4.883472416343367151e+00
1.601160400390625000e+03 3.056573834285991688e+04 4.883605990213723658e+00
1.601181213378906250e+03 3.057226958316568926e+04 4.883268923980240039e+00
1.601202087402343750e+03 3.057567863915924318e+04 4.880142629446421410e+00
1.601222900390625000e+03 3.057727295787679759e+04 4.881685221436987021e+00
1.601243713378906250e+03 3.058915329022147125e+04 4.879561417679487256e+00
1.601264587402343750e+03 3.060917790334693200e+04 4.882008136872196147e+00
1.601285400390625000e+03 3.060064282108345651e+04 4.881418746395470798e+00
1.601306213378906250e+03 3.060424722371477401e+04 4.879529951314610869e+00
1.601327087402343750e+03 3.058345357878461073e+04 4.876643564026545086e+00
1.601347900390625000e+03 3.057462339875687394e+04 4.875285213636904480e+00
1.601368713378906250e+03 3.057756506895873827e+04 4.873150792667028774e+00
1.601389587402343750e+03 3.058485466693674607e+04 4.873417328416393524e+00
1.601410400390625000e+03 3.058984140422953715e+04 4.871709838181716101e+00
1.601431213378906250e+03 3.059027603571418149e+04 4.870923612142480152e+00
1.601452087402343750e+03 3.059230208241295259e+04 4.869148263569520019e+00
1.601472900390625000e+03 3.058222047534985177e+04 4.869598330435506384e+00
1.601493713378906250e+03 3.060299545019577272e+04 4.868207845997943650e+00
1.601514587402343750e+03 3.061001018118771754e+04 4.868555945078216318e+00
1.601535400390625000e+03 3.062078426016584854e+04 4.870144308721103599e+00
1.601556213378906250e+03 3.061021746728501239e+04 4.868337724930296595e+00
1.601577087402343750e+03 3.059912900944708235e+04 4.869248347309206082e+00
1.601597900390625000e+03 3.058932525361957232e+04 4.866847924989601282e+00
1.601618713378906250e+03 3.060215048694850702e+04 4.868149663813961858e+00
1.601639587402343750e+03 3.059600718668591799e+04 4.866264341437594787e+00
1.601660461425781250e+03 3.060503598636736569e+04 4.867524112432050742e+00
1.601681274414062500e+03 3.057563260283886484e+04 4.866806578693472218e+00
1.601702087402343750e+03 3.058247077929290390e+04 4.866034455365146449e+00
1.601722961425781250e+03 3.058304528056068375e+04 4.866832640617738015e+00
1.601743774414062500e+03 3.059719347454514354e+04 4.866981563222030793e+00
1.601764587402343750e+03 3.060221559496526970e+04 4.867320541106567866e+00
1.601785461425781250e+03 3.059513196880029136e+04 4.868980799873933840e+00
1.601806274414062500e+03 3.060132182359923900e+04 4.866779340894150430e+00
1.601827087402343750e+03 3.060222565100124484e+04 4.864739011877874830e+00
1.601847961425781250e+03 3.059982120409822892e+04 4.865278674903695588e+00
1.601868774414062500e+03 3.060710383099129103e+04 4.864685493175254116e+00
1.601889587402343750e+03 3.061023227930901703e+04 4.863309291774075227e+00
1.601910461425781250e+03 3.060204323103294155e+04 4.863814408212363105e+00
1.601931274414062500e+03 3.061748367849265560e+04 4.864837618055593893e+00
1.601952087402343750e+03 3.059577865503875000e+04 4.863633623341167223e+00
1.601972961425781250e+03 3.059456225116713176e+04 4.862139636025477607e+00
1.601993774414062500e+03 3.060088056274217524e+04 4.861278099946005682e+00
1.602014587402343750e+03 3.060064592823778003e+04 4.861949962112118939e+00
1.602035461425781250e+03 3.060148506271518272e+04 4.860794105487034500e+00
1.602056274414062500e+03 3.060390605900121955e+04 4.860896519359759971e+00
1.602077087402343750e+03 3.059561496706557227e+04 4.861417384111751616e+00
1.602097961425781250e+03 3.059121223217788429e+04 4.861557056619875361e+00
1.602118774414062500e+03 3.060894047581603809e+04 4.860357743271386255e+00
1.602139587402343750e+03 3.060126254947944835e+04 4.860536491703628670e+00
1.602160461425781250e+03 3.058843790074042408e+04 4.858979138505599593e+00
1.602181274414062500e+03 3.060332506968080634e+04 4.860517459526838557e+00
1.602202087402343750e+03 3.061891862486988975e+04 4.859240956312908644e+00
1.602222961425781250e+03 3.060856104419378971e+04 4.860247665499683123e+00
1.602243774414062500e+03 3.063508632275937634e+04 4.860985786396804009e+00
1.602264587402343750e+03 3.063494412574854505e+04 4.860499408321229176e+00
1.602285461425781250e+03 3.062989507503025379e+04 4.860250412568881018e+00
1.602306274414062500e+03 3.064405830472935122e+04 4.861199824416823745e+00
1.602327087402343750e+03 3.062725260162558698e+04 4.859299637679281858e+00
1.602347961425781250e+03 3.063180164112594139e+04 4.859602453667422495e+00
1.602368774414062500e+03 3.062864776668908598e+04 4.860016906143735937e+00
1.602389587402343750e+03 3.063675044130219612e+04 4.860222353146148144e+00
1.602410461425781250e+03 3.063361611034647649e+04 4.858617791059471003e+00
1.602431274414062500e+03 3.063538943723289412e+04 4.859671139049628330e+00
1.602452087402343750e+03 3.064182700860551267e+04 4.861010113832538337e+00
1.602472961425781250e+03 3.063863818625372369e+04 4.860624784332502557e+00
1.602493774414062500e+03 3.064431944987048337e+04 4.860849432789700941e+00
1.602514587402343750e+03 3.063423821374741237e+04 4.860454083802956404e+00
1.602535461425781250e+03 3.063204653801481618e+04 4.860009645680090529e+00
1.602556274414062500e+03 3.063210504125680382e+04 4.859433090991202242e+00
1.602577087402343750e+03 3.062751393688475582e+04 4.859402671808771501e+00
1.602597961425781250e+03 3.062808968651867690e+04 4.859585380293196977e+00
1.602618774414062500e+03 3.062491463579022457e+04 4.859133208413757288e+00
1.602639587402343750e+03 3.062430965491353709e+04 4.858788948658649076e+00
1.602660461425781250e+03 3.063828130755426537e+04 4.859477051279701421e+00
1.602681274414062500e+03 3.063217674680038544e+04 4.860037706330889051e+00
1.602702087402343750e+03 3.064551346060878132e+04 4.860636752765421953e+00
1.602722961425781250e+03 3.062641601868272846e+04 4.858943417141369459e+00
1.602743774414062500e+03 3.063108416794340155e+04 4.858874721472036917e+00
1.602764587402343750e+03 3.061693891584510493e+04 4.858439364620328327e+00
1.602785461425781250e+03 3.062738598356702641e+04 4.859166573228062447e+00
1.602806274414062500e+03 3.062860840662802002e+04 4.858932033354730784e+00
1.602827087402343750e+03 3.062809240993187632e+04 4.858385972816924969e+00
1.602847961425781250e+03 3.062960605845687678e+04 4.859113189415206868e+00
1.602868774414062500e+03 3.065082889795741357e+04 4.858759310561068467e+00
1.602889587402343750e+03 3.064004045910481364e+04 4.858193404122099324e+00
1.602910461425781250e+03 3.064314064939511081e+04 4.859244881510032421e+00
1.602931274414062500e+03 3.062867921817101524e+04 4.857778992388558592e+00
1.602952087402343750e+03 3.063566272492732969e+04 4.857626057479789594e+00
1.602972961425781250e+03 3.062671706396790614e+04 4.856968912648362391e+00
1.602993774414062500e+03 3.059476630497039514e+04 4.856290862747361992e+00
1.603014587402343750e+03 3.059656510134622658e+04 4.855276065603043811e+00
1.603035461425781250e+03 3.059630304728284682e+04 4.854844118359951999e+00
1.603056274414062500e+03 3.059395133967102083e+04 4.854935657455937026e+00
1.603097961425781250e+03 3.060439447701330573e+04 4.849854001079528132e+00
1.603118774414062500e+03 3.060474553150298379e+04 4.852179102637018460e+00
1.603139587402343750e+03 3.060444368922847207e+04 4.854889888123691044e+00
1.603160461425781250e+03 3.061084899430786754e+04 4.854991051521265533e+00
1.603181274414062500e+03 3.060573442134033394e+04 4.854464585926611342e+00
1.603202087402343750e+03 3.061325222660421059e+04 4.855844472402419676e+00
1.603222961425781250e+03 3.062854330686125832e+04 4.853905251903667839e+00
1.603243774414062500e+03 3.063713739610845732e+04 4.853497940737400818e+00
1.603264587402343750e+03 3.063832761141500669e+04 4.856608397466566807e+00
1.603285461425781250e+03 3.065082818388623855e+04 4.856501573013903617e+00
1.603306274414062500e+03 3.065106543018568482e+04 4.857166242142489487e+00
1.603327087402343750e+03 3.064388930610968964e+04 4.857526715922253935e+00
1.603347961425781250e+03 3.063582520389045385e+04 4.857072781610274781e+00
1.603368774414062500e+03 3.062745228590078477e+04 4.852551935262911620e+00
1.603389587402343750e+03 3.060354913668514200e+04 4.852448952203436860e+00
1.603410461425781250e+03 3.059334124496792720e+04 4.852351666580545064e+00
1.603431274414062500e+03 3.060267473915751543e+04 4.852355400812167652e+00
1.603452087402343750e+03 3.059302899539762075e+04 4.849665223198361019e+00
1.603472961425781250e+03 3.059080740444091498e+04 4.848277086806118241e+00
1.603493774414062500e+03 3.059975366409259004e+04 4.851769877499742201e+00
1.603514587402343750e+03 3.060027908653385384e+04 4.851690858872139245e+00
1.603535461425781250e+03 3.060342624855885515e+04 4.850017602632964220e+00
1.603556335449218750e+03 3.061762266389973956e+04 4.853196708901061029e+00
1.603577148437500000e+03 3.059447516810429443e+04 4.846318702082871077e+00
1.603597961425781250e+03 3.058760532875522767e+04 4.850655045467280324e+00
1.603618835449218750e+03 3.058100516554825663e+04 4.849191279676904109e+00
1.603639648437500000e+03 3.058503677809365399e+04 4.849485877404581480e+00
1.603660461425781250e+03 3.058357155497114218e+04 4.849106318929824688e+00
1.603681335449218750e+03 3.058800260729888032e+04 4.851287293422263502e+00
1.603702148437500000e+03 3.059450578368450078e+04 4.851358455476712628e+00
1.603722961425781250e+03 3.060811257744973773e+04 4.852921398482929582e+00
1.603743835449218750e+03 3.060143694843594858e+04 4.853509337269568569e+00
1.603764648437500000e+03 3.060546737233000749e+04 4.852974850406876151e+00
1.603785461425781250e+03 3.061750227587938571e+04 4.853255266847259719e+00
1.603806335449218750e+03 3.060809966642348081e+04 4.854210369038899131e+00
1.603827148437500000e+03 3.062497403349514934e+04 4.853709165218128341e+00
1.603847961425781250e+03 3.061857480068243967e+04 4.854366358413754412e+00
1.603868835449218750e+03 3.063831186157992488e+04 4.855452447742644395e+00
1.603889648437500000e+03 3.063407730402551533e+04 4.855068248579442525e+00
1.603910461425781250e+03 3.064240115153471561e+04 4.855269387311507145e+00
1.603931335449218750e+03 3.063159672708138169e+04 4.856158697774778155e+00
1.603952148437500000e+03 3.063000613182923917e+04 4.855411986481855457e+00
1.603972961425781250e+03 3.061666594180473476e+04 4.853908984940079385e+00
1.603993835449218750e+03 3.060748690752877155e+04 4.853600508563566507e+00
1.604014648437500000e+03 3.058716988795702855e+04 4.852943801199191221e+00
1.604035461425781250e+03 3.058069410975412029e+04 4.852505160785428373e+00
1.604056335449218750e+03 3.056710112770711203e+04 4.853808388428825005e+00
1.604077148437500000e+03 3.057791791336051756e+04 4.854091703739284114e+00
1.604097961425781250e+03 3.058865860549171703e+04 4.853130289972668265e+00
1.604118835449218750e+03 3.056813154628942357e+04 4.851631692340732549e+00
1.604139648437500000e+03 3.058810338294590474e+04 4.853358822291028218e+00
1.604160461425781250e+03 3.060018830127003821e+04 4.852870500699314249e+00
1.604181335449218750e+03 3.059881558884601327e+04 4.854416454693662786e+00
1.604202148437500000e+03 3.059584112365241526e+04 4.854094454292314786e+00
1.604222961425781250e+03 3.061567793873900155e+04 4.854738630179630476e+00
1.604243835449218750e+03 3.060839026722506969e+04 4.854628032102781710e+00
1.604264648437500000e+03 3.061261518226985572e+04 4.854563204350037076e+00
1.604285461425781250e+03 3.062341391875146655e+04 4.854429813614325795e+00
1.604306335449218750e+03 3.062451758171487018e+04 4.855809709971460997e+00
1.604327148437500000e+03 3.062912090553397138e+04 4.855749611622441009e+00
1.604347961425781250e+03 3.063643863813333883e+04 4.856451498242843279e+00
1.604368835449218750e+03 3.064139581102028387e+04 4.857139539316791321e+00
1.604389648437500000e+03 3.063780655185935757e+04 4.857666500298780221e+00
1.604410461425781250e+03 3.064326898529631944e+04 4.855765323680923728e+00
1.604431335449218750e+03 3.063404912793959375e+04 4.857560680754478888e+00
1.604452148437500000e+03 3.065757889259928197e+04 4.860019653343368162e+00
1.604472961425781250e+03 3.064447284314692297e+04 4.857370435367958983e+00
1.604493835449218750e+03 3.065226335038043908e+04 4.859293946206552306e+00
1.604514648437500000e+03 3.064341875039230217e+04 4.857905420179681855e+00
1.604535461425781250e+03 3.063569951995955489e+04 4.856836766126975569e+00
1.604556335449218750e+03 3.063484069111620192e+04 4.856699903309412925e+00
1.604577148437500000e+03 3.063284496224957547e+04 4.856922180708479253e+00
1.604597961425781250e+03 3.061733616928887204e+04 4.856944564971083622e+00
1.604618835449218750e+03 3.060897883293197810e+04 4.856578746061801510e+00
1.604639648437500000e+03 3.061308793982621864e+04 4.857040973203835321e+00
1.604660461425781250e+03 3.061977974356494815e+04 4.855605058298886334e+00
1.604681335449218750e+03 3.060297569842350276e+04 4.854829385511581386e+00
1.604702148437500000e+03 3.061078530073603179e+04 4.856351347151729669e+00
1.604722961425781250e+03 3.064233634505188820e+04 4.855946990664896212e+00
1.604743835449218750e+03 3.063967995867424543e+04 4.857877347212117947e+00
1.604764648437500000e+03 3.064720525633521538e+04 4.856982264548600270e+00
1.604785461425781250e+03 3.065590095895183185e+04 4.857364741634744298e+00
1.604806335449218750e+03 3.065689509271425050e+04 4.855475428017330231e+00
1.604827148437500000e+03 3.065261405555388410e+04 4.858098589208108997e+00
1.604847961425781250e+03 3.065648395853276816e+04 4.858765984055764875e+00
1.604868835449218750e+03 3.067069817993819743e+04 4.859685464735563620e+00
1.604889648437500000e+03 3.065533120908445198e+04 4.857561662393497848e+00
1.604910461425781250e+03 3.064587559239386246e+04 4.857466638816657856e+00
1.604931335449218750e+03 3.065016284470713072e+04 4.857399492936973928e+00
1.604952148437500000e+03 3.064782175496900163e+04 4.856102531481872653e+00
1.604972961425781250e+03 3.064113960387667976e+04 4.856209757477343736e+00
1.604993835449218750e+03 3.064448564692290893e+04 4.857739532109189184e+00
1.605014648437500000e+03 3.063819626866807812e+04 4.857244975354892524e+00
1.605035461425781250e+03 3.062214222849830912e+04 4.854421169611035758e+00
1.605056335449218750e+03 3.062059881828028665e+04 4.855344222935523035e+00
1.605077148437500000e+03 3.062167246120042910e+04 4.855669479333339034e+00
1.605097961425781250e+03 3.060753096330001063e+04 4.854549845796443108e+00
1.605118835449218750e+03 3.060098185586343970e+04 4.854984765701670923e+00
1.605139648437500000e+03 3.059961051975919690e+04 4.853602866419142181e+00
1.605160461425781250e+03 3.060576353140385618e+04 4.856047542873469958e+00
1.605181335449218750e+03 3.060222364209340230e+04 4.855168818987065649e+00
1.605202148437500000e+03 3.061301326578811131e+04 4.857267358129928603e+00
1.605222961425781250e+03 3.063053476695410063e+04 4.856496860116284786e+00
1.605243835449218750e+03 3.061762655386536790e+04 4.855666140459261371e+00
1.605264648437500000e+03 3.062431705646042610e+04 4.856706579633896403e+00
1.605285461425781250e+03 3.062523622025540317e+04 4.856529653934074098e+00
1.605306335449218750e+03 3.062664217185627058e+04 4.856364700749877805e+00
1.605327148437500000e+03 3.062798867432658517e+04 4.856751939124888118e+00
1.605347961425781250e+03 3.063831435285750922e+04 4.857200602180162363e+00
1.605368835449218750e+03 3.063415216509127640e+04 4.856997579918380659e+00
1.605389648437500000e+03 3.064591224588751356e+04 4.856166356764388681e+00
1.605410461425781250e+03 3.063187665196046510e+04 4.858869618326417950e+00
1.605431335449218750e+03 3.063904031408488299e+04 4.859206218180164960e+00
1.605452148437500000e+03 3.063779744951478642e+04 4.856446785296629542e+00
1.605472961425781250e+03 3.063080973048150918e+04 4.856735248452356046e+00
1.605493835449218750e+03 3.062335208563797642e+04 4.856967930889543261e+00
1.605514648437500000e+03 3.062541185320448858e+04 4.856422435001665150e+00
1.605535461425781250e+03 3.062303903356977025e+04 4.858293517240205084e+00
1.605556335449218750e+03 3.062984677834258764e+04 4.858295872818142236e+00
1.605577148437500000e+03 3.064457643813123286e+04 4.857864783034223422e+00
1.605597961425781250e+03 3.064890119229106494e+04 4.859368327341680782e+00
1.605618835449218750e+03 3.063913171406296897e+04 4.856497252857928437e+00
1.605639709472656250e+03 3.063909773431652138e+04 4.856539276030209074e+00
1.605660522460937500e+03 3.064933279775948540e+04 4.858255827837878016e+00
1.605681335449218750e+03 3.064639843750000000e+04 4.857656095139657459e+00
1.605702209472656250e+03 3.066030301673202484e+04 4.858600125367661171e+00
1.605723022460937500e+03 3.064453429298488481e+04 4.857722255866088190e+00
1.605743835449218750e+03 3.066210018043790842e+04 4.857944093862319512e+00
1.605764709472656250e+03 3.065468693886772235e+04 4.857877347212117947e+00
1.605785522460937500e+03 3.064386617359781303e+04 4.858599143938455711e+00
1.605806335449218750e+03 3.066475025467287196e+04 4.859162255441470180e+00
1.605827209472656250e+03 3.068003634905285799e+04 4.860593783992177563e+00
1.605848022460937500e+03 3.068815587359246638e+04 4.860970483592591762e+00
1.605868835449218750e+03 3.066940279161920989e+04 4.860501370412042554e+00
1.605889709472656250e+03 3.067413737596751889e+04 4.859328683712149655e+00
1.605910522460937500e+03 3.068275969580746823e+04 4.859418372055738899e+00
1.605931335449218750e+03 3.068788370710856907e+04 4.860600454968183826e+00
1.605952209472656250e+03 3.070989481205648190e+04 4.860513142940291687e+00
1.605973022460937500e+03 3.068350588702671666e+04 4.859889552113322964e+00
1.605993835449218750e+03 3.069369560749532684e+04 4.860383054919823920e+00
1.606014709472656250e+03 3.068414201300267086e+04 4.858634867833830917e+00
1.606035522460937500e+03 3.068257875932849856e+04 4.861270841365993078e+00
1.606056335449218750e+03 3.068754050906475459e+04 4.861056806472933367e+00
1.606077209472656250e+03 3.070060210929489040e+04 4.861362063272956391e+00
1.606098022460937500e+03 3.068942472774145062e+04 4.861172751384055246e+00
1.606118835449218750e+03 3.068494462922923412e+04 4.860405423243610024e+00
1.606139709472656250e+03 3.066862186477659634e+04 4.860319088794218700e+00
1.606160522460937500e+03 3.066335941431650645e+04 4.859210928450005795e+00
1.606181335449218750e+03 3.065700466947480163e+04 4.857225930280880455e+00
1.606223022460937500e+03 3.066096806244004256e+04 4.859206218180164960e+00
1.606243835449218750e+03 3.067519960193333827e+04 4.857597786571415277e+00
1.606264709472656250e+03 3.065377911863645568e+04 4.857882058770449873e+00
1.606285522460937500e+03 3.064921144895139878e+04 4.858546735330898869e+00
1.606306335449218750e+03 3.068062115736084888e+04 4.858999158056437118e+00
1.606327209472656250e+03 3.066929471748997094e+04 4.859756896292699579e+00
1.606348022460937500e+03 3.065989397879656099e+04 4.857196282645927177e+00
1.606368835449218750e+03 3.065335041045434627e+04 4.857954891028384736e+00
1.606389709472656250e+03 3.064633406114605168e+04 4.857394780910563981e+00
1.606410522460937500e+03 3.064069758882167662e+04 4.855350115455356885e+00
1.606431335449218750e+03 3.066121779231809705e+04 4.855325759660403584e+00
1.606452209472656250e+03 3.066160601904509531e+04 4.858912013527327822e+00
1.606473022460937500e+03 3.063935041962541800e+04 4.858181037064345453e+00
1.606493835449218750e+03 3.065101867517964638e+04 4.856955953415972083e+00
1.606514709472656250e+03 3.065429117960144140e+04 4.855260351961277365e+00
1.606535522460937500e+03 3.065225285873443863e+04 4.859305329145345631e+00
1.606556335449218750e+03 3.063979396351840114e+04 4.856843442263323318e+00
1.606577209472656250e+03 3.065567736021535529e+04 4.855830724578116708e+00
1.606598022460937500e+03 3.064056730790490474e+04 4.857905420179681855e+00
1.606618835449218750e+03 3.064014656016268418e+04 4.856471920956916932e+00
1.606639709472656250e+03 3.062451708669994332e+04 4.853743156764265265e+00
1.606660522460937500e+03 3.063227581509701849e+04 4.856286542403937645e+00
1.606681335449218750e+03 3.063495113960200251e+04 4.855070605722212385e+00
1.606702209472656250e+03 3.064589471989175581e+04 4.855139158790477083e+00
1.606723022460937500e+03 3.063705997766184009e+04 4.856822432038517157e+00
1.606743835449218750e+03 3.063542033026622448e+04 4.856201705790670786e+00
1.606764709472656250e+03 3.062855118867942656e+04 4.853718203455941627e+00
1.606785522460937500e+03 3.060906407378218501e+04 4.854946657746153527e+00
1.606806335449218750e+03 3.063115687153146791e+04 4.856142005063262879e+00
1.606827209472656250e+03 3.064210988605667444e+04 4.856378054311307757e+00
1.606848022460937500e+03 3.063853165730732508e+04 4.857196871673549410e+00
1.606868835449218750e+03 3.062934160328655344e+04 4.858299798778833001e+00
1.606889709472656250e+03 3.064075071078243855e+04 4.856528672086457554e+00
1.606910522460937500e+03 3.061967652889259261e+04 4.856443839702923704e+00
1.606931335449218750e+03 3.062028711959372231e+04 4.854109778773525896e+00
1.606952209472656250e+03 3.062389757187270152e+04 4.857520040724991439e+00
1.606973022460937500e+03 3.061980472253474363e+04 4.856531617628711217e+00
1.606993835449218750e+03 3.060847409198442983e+04 4.856329352910029762e+00
1.607014709472656250e+03 3.062304379751368106e+04 4.858294498731151378e+00
1.607035522460937500e+03 3.062545216179640556e+04 4.856108226695014629e+00
1.607056335449218750e+03 3.059840110349948372e+04 4.856720521340723629e+00
1.607077209472656250e+03 3.061782759624650498e+04 4.857105767885818715e+00
1.607098022460937500e+03 3.062841649527570553e+04 4.856539668768421691e+00
1.607118835449218750e+03 3.062958308165681956e+04 4.859181881713249496e+00
1.607139709472656250e+03 3.062861255920786789e+04 4.857542029575430576e+00
1.607160522460937500e+03 3.062127035855876238e+04 4.857894426589331793e+00
1.607181335449218750e+03 3.060808337116206167e+04 4.858435242479938410e+00
1.607202209472656250e+03 3.061469838701716435e+04 4.856541239720955083e+00
1.607223022460937500e+03 3.061420764245079044e+04 4.858950679198221323e+00
1.607243835449218750e+03 3.062635504590271375e+04 4.859358710847397234e+00
1.607264709472656250e+03 3.062605009041117955e+04 4.859253320673110998e+00
1.607285522460937500e+03 3.063279401709276135e+04 4.859107497724091118e+00
1.607306335449218750e+03 3.061696282453637468e+04 4.858285469006967894e+00
1.607327209472656250e+03 3.060296324585679395e+04 4.858246405441610349e+00
1.607348022460937500e+03 3.059281643711459765e+04 4.857179200813818376e+00
1.607368835449218750e+03 3.060718979170836610e+04 4.858159640017053249e+00
1.607389709472656250e+03 3.060233606727401275e+04 4.857820415521051594e+00
1.607410522460937500e+03 3.061822529385873713e+04 4.857940167614164473e+00
1.607431335449218750e+03 3.061376795766010764e+04 4.859364991009084811e+00
1.607452209472656250e+03 3.062269329035082410e+04 4.860355388692737755e+00
1.607473022460937500e+03 3.061725176249236392e+04 4.858936743890367893e+00
1.607493835449218750e+03 3.062484875136143455e+04 4.859216227498118990e+00
1.607514709472656250e+03 3.062733326693780691e+04 4.859842848258122849e+00
1.607535522460937500e+03 3.062793974797350165e+04 4.858992484881989427e+00
1.607556335449218750e+03 3.062333258797508097e+04 4.859117507245399814e+00
1.607577209472656250e+03 3.063182753386298646e+04 4.859739823461066699e+00
1.607598022460937500e+03 3.060501490071888111e+04 4.858046960433316741e+00
1.607618835449218750e+03 3.060761405699345050e+04 4.857661788531372871e+00
1.607639709472656250e+03 3.059625437323133883e+04 4.856791014710360344e+00
1.607660522460937500e+03 3.058526386069037108e+04 4.856709917792696451e+00
1.607681335449218750e+03 3.060518601708588176e+04 4.857255970415167212e+00
1.607702209472656250e+03 3.059994948505918364e+04 4.857497266453529861e+00
1.607723022460937500e+03 3.061841078921608278e+04 4.858672554295891288e+00
1.607743835449218750e+03 3.061858277899309178e+04 4.859204255566384134e+00
1.607764709472656250e+03 3.062569781926005089e+04 4.859145180520538787e+00
1.607785522460937500e+03 3.062656759663159391e+04 4.859772202918343886e+00
1.607806335449218750e+03 3.063610933714724888e+04 4.860259046204823186e+00
1.607827209472656250e+03 3.063814197020641222e+04 4.860179969375289843e+00
1.607848022460937500e+03 3.061815776293678573e+04 4.858315895184497357e+00
1.607868835449218750e+03 3.061657955356461025e+04 4.858433672139821802e+00
1.607889709472656250e+03 3.061958070726363803e+04 4.858640756362796687e+00
1.607910522460937500e+03 3.061357796070325639e+04 4.858384206166342700e+00
1.607931335449218750e+03 3.062549751559179640e+04 4.859960588209055743e+00
1.607952209472656250e+03 3.060014200600188997e+04 4.858058542601635388e+00
1.607973022460937500e+03 3.060815491201169425e+04 4.859172264849981993e+00
1.607993835449218750e+03 3.061035021515752669e+04 4.859740215940628438e+00
1.608014709472656250e+03 3.060084104083216153e+04 4.857555379900349024e+00
1.608035522460937500e+03 3.060611482778643403e+04 4.858368895167719081e+00
1.608056335449218750e+03 3.059009499254178809e+04 4.858244835040455456e+00
1.608077209472656250e+03 3.060846684610423472e+04 4.858041267493004689e+00
1.608098083496093750e+03 3.058420581397584101e+04 4.858471360162528896e+00
1.608118896484375000e+03 3.060179808049508574e+04 4.857181556932163247e+00
1.608139709472656250e+03 3.057874562417007837e+04 4.857324099965882880e+00
1.608160583496093750e+03 3.059463512898439512e+04 4.857500604068955674e+00
1.608181396484375000e+03 3.058342185288585097e+04 4.857530642504594098e+00
1.608202209472656250e+03 3.059423585679651296e+04 4.858098000289817087e+00
1.608223083496093750e+03 3.060129880655672241e+04 4.859785939592618398e+00
1.608243896484375000e+03 3.061287474407202899e+04 4.858837625406756011e+00
1.608264709472656250e+03 3.060851709364522685e+04 4.858968736157403434e+00
1.608285583496093750e+03 3.061908947151927350e+04 4.860117962822386950e+00
1.608306396484375000e+03 3.059830903781811139e+04 4.858394609766079952e+00
1.608327209472656250e+03 3.060264755061526375e+04 4.858012213762680886e+00
1.608348083496093750e+03 3.059803435832013565e+04 4.858597769937233579e+00
1.608368896484375000e+03 3.059779289681768932e+04 4.858943417141369459e+00
1.608389709472656250e+03 3.059809938004572177e+04 4.859079431701439411e+00
1.608410583496093750e+03 3.060406040522676994e+04 4.859807918190695908e+00
1.608431396484375000e+03 3.061951148588587239e+04 4.859874638325986318e+00
1.608452209472656250e+03 3.060489499075063941e+04 4.860255318045729744e+00
1.608473083496093750e+03 3.060941881826431199e+04 4.859765530805400857e+00
1.608493896484375000e+03 3.061627573734593534e+04 4.860249431472916548e+00
1.608514709472656250e+03 3.061480108935616954e+04 4.860052030936315326e+00
1.608535583496093750e+03 3.060816044957321355e+04 4.861600409208716833e+00
1.608556396484375000e+03 3.061521077256222270e+04 4.860180361819308459e+00
1.608577209472656250e+03 3.060643818525624374e+04 4.860356369767313112e+00
1.608598083496093750e+03 3.060485080714037758e+04 4.860304372541908613e+00
1.608618896484375000e+03 3.061228994815607439e+04 4.862110214496894400e+00
1.608639709472656250e+03 3.060386156388142990e+04 4.859734524983881698e+00
1.608660583496093750e+03 3.058262359834638119e+04 4.858658814473791665e+00
1.608681396484375000e+03 3.057813272387047982e+04 4.858236786726571665e+00
1.608702209472656250e+03 3.057567573633600841e+04 4.857718918402953889e+00
1.608723083496093750e+03 3.058407538011393262e+04 4.857991208592670418e+00
1.608743896484375000e+03 3.059657509071688401e+04 4.858159051106162529e+00
1.608764709472656250e+03 3.057998221580621612e+04 4.857524948959165201e+00
1.608785583496093750e+03 3.058688689640420489e+04 4.857663162797338785e+00
1.608806396484375000e+03 3.059139059413144787e+04 4.858772657541295281e+00
1.608827209472656250e+03 3.060094956164321047e+04 4.858298817288957849e+00
1.608848083496093750e+03 3.059875250164230965e+04 4.857950768476900549e+00
1.608868896484375000e+03 3.060443566924240440e+04 4.859547112167549976e+00
1.608889709472656250e+03 3.059251656497757358e+04 4.858357902626130098e+00
1.608910583496093750e+03 3.061158879396397606e+04 4.859487452539783980e+00
1.608931396484375000e+03 3.061023883060564549e+04 4.858359865581808990e+00
1.608952209472656250e+03 3.060183754164640777e+04 4.858829578074787214e+00
1.608973083496093750e+03 3.060445252644631546e+04 4.858114686280440964e+00
1.608993896484375000e+03 3.058437360500333671e+04 4.856158305005754627e+00
1.609014709472656250e+03 3.058653795670354521e+04 4.856911184892572564e+00
1.609035583496093750e+03 3.058243514662551388e+04 4.855634715649570943e+00
1.609056396484375000e+03 3.057005852242303808e+04 4.855978020670135287e+00
1.609077209472656250e+03 3.057396554154220212e+04 4.855647089192660637e+00
1.609098083496093750e+03 3.057098890262463101e+04 4.856704223285126965e+00
1.609118896484375000e+03 3.056964274826804467e+04 4.855241299102421415e+00
1.609139709472656250e+03 3.059109624936552791e+04 4.857698893575991939e+00
1.609160583496093750e+03 3.059441185330719964e+04 4.856843442263323318e+00
1.609181396484375000e+03 3.060947421655628204e+04 4.858333561909813803e+00
1.609202209472656250e+03 3.060518849702818261e+04 4.858582067038534014e+00
1.609223083496093750e+03 3.060387897718627937e+04 4.858116649334394133e+00
1.609243896484375000e+03 3.060422967781833722e+04 4.858697874723411303e+00
1.609264709472656250e+03 3.061072393608222774e+04 4.858627409020228605e+00
1.609285583496093750e+03 3.061977860696510106e+04 4.859208573315656032e+00
1.609306396484375000e+03 3.061498317402898829e+04 4.859045084949638493e+00
1.609327209472656250e+03 3.063884748768662757e+04 4.860838445857722512e+00
1.609348083496093750e+03 3.062796000031231597e+04 4.859114563270685139e+00
1.609368896484375000e+03 3.062520429192331358e+04 4.859391681605711888e+00
1.609389709472656250e+03 3.061608315063794362e+04 4.859202881736265134e+00
1.609410583496093750e+03 3.061248829874799412e+04 4.858034593002763302e+00
1.609431396484375000e+03 3.060104279759570636e+04 4.858927715359719457e+00
1.609452209472656250e+03 3.058858001458131184e+04 4.857085740530955320e+00
1.609473083496093750e+03 3.057529090007019477e+04 4.856855812727006949e+00
1.609493896484375000e+03 3.056816863021505196e+04 4.857491572868981144e+00
1.609514709472656250e+03 3.058613718341606727e+04 4.857155835911696862e+00
1.609535583496093750e+03 3.060766316408886632e+04 4.860841781178983467e+00
1.609556396484375000e+03 3.061746216380427359e+04 4.862591724462233422e+00
1.609577209472656250e+03 3.061581860748489635e+04 4.863209281909767867e+00
1.609598083496093750e+03 3.059147109136293875e+04 4.861046408570823374e+00
1.609618896484375000e+03 3.060238948374665051e+04 4.862038229072946471e+00
1.614118957519531250e+03 3.063895750811169273e+04 5.068722703439235033e+00
1.614139770507812500e+03 3.061612106091769965e+04 5.062399404020792915e+00
1.614160583496093750e+03 3.064325263877240650e+04 5.058644840173952772e+00
1.614181457519531250e+03 3.064748708309335780e+04 5.053174507309079466e+00
1.614202270507812500e+03 3.062074164883053163e+04 5.050318249031827911e+00
1.614223083496093750e+03 3.064105266651460261e+04 5.043368322970046336e+00
1.614243957519531250e+03 3.062411282657355332e+04 5.038640062234829742e+00
1.614264770507812500e+03 3.063114730735587364e+04 5.033789142070916434e+00
1.614285583496093750e+03 3.065196493927619304e+04 5.031858987855008181e+00
1.614306457519531250e+03 3.064210846182208479e+04 5.022864325351003245e+00
1.614327270507812500e+03 3.066037508261918629e+04 5.017981620295751455e+00
1.614348083496093750e+03 3.064126508766574989e+04 5.008305517913878013e+00
1.614368957519531250e+03 3.064526477288460592e+04 4.998877017750950280e+00
1.614389770507812500e+03 3.064084823537807824e+04 4.993040009063064666e+00
1.614410583496093750e+03 3.062951848107704791e+04 4.981282294155530366e+00
1.614431457519531250e+03 3.062692645863092912e+04 4.977040793342339953e+00
1.614452270507812500e+03 3.063971214445967053e+04 4.971289603478686203e+00
1.614473083496093750e+03 3.063708615444922179e+04 4.970020827435885913e+00
1.614493957519531250e+03 3.065093905879302474e+04 4.966823564308453065e+00
1.614514770507812500e+03 3.063448173445014254e+04 4.962411928716575105e+00
1.614535583496093750e+03 3.064250368772452566e+04 4.961674673022515414e+00
1.614556457519531250e+03 3.063214306792720163e+04 4.958690705229741980e+00
1.614577270507812500e+03 3.062676922805261347e+04 4.956746507286810655e+00
1.614598083496093750e+03 3.061022115039561686e+04 4.956938710412322813e+00
1.614618957519531250e+03 3.061090978692663703e+04 4.952787851116676521e+00
1.614639770507812500e+03 3.060766814303202409e+04 4.952087871381996464e+00
1.614660583496093750e+03 3.061400844399465495e+04 4.949764230681200416e+00
1.614681457519531250e+03 3.061149104905077911e+04 4.946315766061925245e+00
1.614702270507812500e+03 3.061339763319733538e+04 4.944212394917383513e+00
1.614723083496093750e+03 3.058994049677849034e+04 4.939661060088010203e+00
1.614743957519531250e+03 3.059504755653731263e+04 4.937010342425446119e+00
1.614764770507812500e+03 3.060758068257088962e+04 4.937259716512873986e+00
1.614785583496093750e+03 3.062616668855148600e+04 4.936074739282936719e+00
1.614806457519531250e+03 3.062429532898668185e+04 4.933717268532463507e+00
1.614827270507812500e+03 3.063116470721114456e+04 4.933693879501530155e+00
1.614848083496093750e+03 3.064267399970872430e+04 4.933612306972226413e+00
1.614868957519531250e+03 3.064745960733846368e+04 4.934091477948959970e+00
1.614889770507812500e+03 3.064520626530193113e+04 4.932695779757723109e+00
1.614910583496093750e+03 3.065812537372170482e+04 4.931690709832307284e+00
1.614931457519531250e+03 3.065836924549929245e+04 4.931126210794761988e+00
1.614952270507812500e+03 3.066331776003500272e+04 4.929612245302675611e+00
1.614973083496093750e+03 3.064132292661895917e+04 4.926202718202448594e+00
1.614993957519531250e+03 3.065035967767169859e+04 4.925564790669195503e+00
1.615014770507812500e+03 3.067392394878342020e+04 4.926481676633445161e+00
1.615035583496093750e+03 3.066342766803293853e+04 4.923335170620674717e+00
1.615056457519531250e+03 3.066051597939212661e+04 4.921978855551107479e+00
1.615077270507812500e+03 3.063861362659041333e+04 4.918349199070165767e+00
1.615098083496093750e+03 3.062878711155111159e+04 4.915602595817208709e+00
1.615118957519531250e+03 3.062090556982831549e+04 4.915156353377724940e+00
1.615139770507812500e+03 3.063378314956902250e+04 4.912540946187994528e+00
1.615160583496093750e+03 3.060708910376624772e+04 4.909879666036728985e+00
1.615181457519531250e+03 3.061184314004169937e+04 4.909505747918294638e+00
1.615202270507812500e+03 3.059140849943779176e+04 4.905944814726973746e+00
1.615223083496093750e+03 3.058973976197150114e+04 4.905658273184315021e+00
1.615243957519531250e+03 3.059663763578562430e+04 4.904990648111027696e+00
1.615264770507812500e+03 3.060624741242995515e+04 4.903343165681905980e+00
1.615285583496093750e+03 3.059232843774634239e+04 4.900701994143328299e+00
1.615306457519531250e+03 3.059147080838614420e+04 4.899783592894909390e+00
1.615327270507812500e+03 3.060051394123697537e+04 4.897152380764732804e+00
1.615348083496093750e+03 3.060829043807220660e+04 4.895817252058307645e+00
1.615368957519531250e+03 3.063415584459126694e+04 4.895193093283678465e+00
1.615389770507812500e+03 3.065690505976460190e+04 4.894619513931315780e+00
1.615410583496093750e+03 3.066305271098665617e+04 4.893228928459557814e+00
1.615431457519531250e+03 3.065473093054513083e+04 4.891033119016213959e+00
1.615452270507812500e+03 3.065099696392265832e+04 4.890638260015969685e+00
1.615473083496093750e+03 3.063434361037251074e+04 4.887664386297014829e+00
1.615493957519531250e+03 3.065505939975675210e+04 4.887187883406452826e+00
1.615514770507812500e+03 3.064229980632966181e+04 4.887111193711694668e+00
1.615535583496093750e+03 3.066154618462745202e+04 4.886135587955651616e+00
1.615556457519531250e+03 3.064982130467346360e+04 4.885455144257567994e+00
1.615577270507812500e+03 3.065618419885529147e+04 4.884977254512000933e+00
1.615598083496093750e+03 3.067035335276841215e+04 4.885857058632364414e+00
1.615618957519531250e+03 3.063433278640703429e+04 4.882495888172611487e+00
1.615639770507812500e+03 3.061565078355218793e+04 4.881193090832428361e+00
1.615660583496093750e+03 3.062498697672806520e+04 4.880814044157242293e+00
1.615681457519531250e+03 3.061450977605484513e+04 4.879344080634871794e+00
1.615702270507812500e+03 3.062829097630949764e+04 4.878836076169180025e+00
1.615723083496093750e+03 3.062242290943560147e+04 4.877955983256200057e+00
1.615743957519531250e+03 3.063663417049388954e+04 4.877646876968081635e+00
1.615764770507812500e+03 3.061898030655493130e+04 4.875190339896456670e+00
1.615785583496093750e+03 3.063393954945523728e+04 4.874291001628307640e+00
1.615806457519531250e+03 3.062841237462655045e+04 4.875019953760245883e+00
1.615827270507812500e+03 3.062634740855705240e+04 4.872207624374166990e+00
1.615848083496093750e+03 3.061471866055188002e+04 4.870490507141079561e+00
1.615868957519531250e+03 3.061926611745588161e+04 4.870175835726923808e+00
1.615889770507812500e+03 3.060259755383921220e+04 4.869053857843539390e+00
1.615910583496093750e+03 3.061092694352983381e+04 4.867771168793106007e+00
1.615931457519531250e+03 3.059707253485350157e+04 4.867519410206829100e+00
1.615952270507812500e+03 3.061001976874443062e+04 4.866493236813361989e+00
1.615973083496093750e+03 3.061422528908930690e+04 4.867110691107424003e+00
1.615993957519531250e+03 3.060963357743101005e+04 4.865834741598192181e+00
1.616014770507812500e+03 3.060156432405763553e+04 4.864517679799311267e+00
1.616035583496093750e+03 3.060602646727916363e+04 4.863908327418322131e+00
1.616056457519531250e+03 3.059988718841818991e+04 4.863863034666490393e+00
1.616077270507812500e+03 3.061089920543358312e+04 4.863672251475770203e+00
1.616098083496093750e+03 3.061494634161784779e+04 4.864123805340152096e+00
1.616118957519531250e+03 3.063490964030271789e+04 4.864380837037163730e+00
1.616139770507812500e+03 3.063907996579861720e+04 4.863778134129589148e+00
1.616160583496093750e+03 3.064860135697936130e+04 4.863263601248097423e+00
1.616181457519531250e+03 3.062525156720706218e+04 4.862416778087633951e+00
1.616202270507812500e+03 3.065130964200502058e+04 4.863903425625705879e+00
1.616223083496093750e+03 3.063273826017722240e+04 4.862866879623626737e+00
1.616243957519531250e+03 3.063815890140183546e+04 4.862824518902130855e+00
1.616264770507812500e+03 3.063524520693347222e+04 4.860760163248545318e+00
1.616285583496093750e+03 3.063015585216784166e+04 4.859466061244859247e+00
1.616306457519531250e+03 3.061332953317402280e+04 4.859847165440035255e+00
1.616327270507812500e+03 3.061713014912125800e+04 4.859460369967047555e+00
1.616348083496093750e+03 3.062014230695449805e+04 4.859156563807825790e+00
1.616368957519531250e+03 3.061029474194191062e+04 4.857387516527559512e+00
1.616389770507812500e+03 3.061720122090403675e+04 4.856533974061226999e+00
1.616410583496093750e+03 3.061129565935633946e+04 4.855620378012586613e+00
1.616431457519531250e+03 3.061678153481378467e+04 4.856059522587636401e+00
1.616452270507812500e+03 3.062860194688040792e+04 4.856373341293819479e+00
1.616473083496093750e+03 3.062743030856237965e+04 4.855304153611004203e+00
1.616493957519531250e+03 3.062463528448218858e+04 4.855462071973485116e+00
1.616514770507812500e+03 3.063034298608561949e+04 4.854987122884972806e+00
1.616535583496093750e+03 3.062535013643827551e+04 4.855214978535241421e+00
1.616556457519531250e+03 3.060909209772568647e+04 4.853271969487641613e+00
1.616577270507812500e+03 3.062067231639924648e+04 4.853699144543488053e+00
1.616598083496093750e+03 3.061451229177677305e+04 4.854175594905560942e+00
1.616618957519531250e+03 3.063595125482123331e+04 4.854529807897127291e+00
1.616639770507812500e+03 3.064399958458234687e+04 4.855503122050000897e+00
1.616660583496093750e+03 3.066496111024225320e+04 4.857048041756601542e+00
1.616681457519531250e+03 3.066674060890368855e+04 4.857338825247507152e+00
1.616702270507812500e+03 3.065269602013846816e+04 4.856668485188628814e+00
1.616723083496093750e+03 3.065031791359960698e+04 4.855716223329356040e+00
1.616743957519531250e+03 3.065512638998321927e+04 4.856984228060245101e+00
1.616764770507812500e+03 3.066084420054882867e+04 4.856255121608866077e+00
1.616785583496093750e+03 3.065843350401063799e+04 4.854924657140795574e+00
1.616806457519531250e+03 3.066101385842428135e+04 4.855848793139162289e+00
1.616827270507812500e+03 3.066044352613508090e+04 4.855666140459261371e+00
1.616848083496093750e+03 3.065156029135308927e+04 4.854401524091769282e+00
1.616868957519531250e+03 3.064453484267797830e+04 4.854564579493173326e+00
1.616889770507812500e+03 3.065448364997382669e+04 4.853813693375046867e+00
1.616910583496093750e+03 3.063882767058653917e+04 4.853315789082714105e+00
1.616931457519531250e+03 3.061885264309783815e+04 4.852253396294404553e+00
1.616952270507812500e+03 3.061874284566515416e+04 4.850392764203845353e+00
1.616973083496093750e+03 3.062526185061645447e+04 4.850770452594582061e+00
1.616993957519531250e+03 3.062271732022708238e+04 4.852292508106710756e+00
1.617014770507812500e+03 3.063131536213429354e+04 4.852101269966321517e+00
1.617035583496093750e+03 3.063481252062680505e+04 4.851294566939810871e+00
1.617056457519531250e+03 3.063781393235621363e+04 4.851360814421968648e+00
1.617098083496093750e+03 3.062125192385902483e+04 4.849698063211903332e+00
1.617118957519531250e+03 3.060957389420882464e+04 4.849089208599290934e+00
1.617139770507812500e+03 3.062229922908449225e+04 4.849550183073623622e+00
1.617160583496093750e+03 3.060191460518737949e+04 4.847649954669562611e+00
1.617181457519531250e+03 3.062748929290924934e+04 4.846369275112745179e+00
1.617202270507812500e+03 3.061162828362307846e+04 4.848000906865504334e+00
1.617223083496093750e+03 3.063458865056102513e+04 4.848225156736241992e+00
1.617243957519531250e+03 3.063755505126938078e+04 4.847967661922860216e+00
1.617264770507812500e+03 3.065023167160095545e+04 4.848365799388760777e+00
1.617285583496093750e+03 3.064075545523742403e+04 4.848742072189155650e+00
1.617306457519531250e+03 3.064239439092995963e+04 4.848768624577028952e+00
1.617327270507812500e+03 3.062721196966261050e+04 4.847435515094351999e+00
1.617348083496093750e+03 3.062008213308662744e+04 4.846738816099879443e+00
1.617368957519531250e+03 3.062927446685645918e+04 4.847257070528453227e+00
1.617389770507812500e+03 3.062102065299391325e+04 4.843963224578541116e+00
1.617410583496093750e+03 3.061441255286943851e+04 4.845611017867056169e+00
1.617431457519531250e+03 3.062411267551945639e+04 4.846280525983141629e+00
1.617452270507812500e+03 3.063153668514474703e+04 4.843648011149055854e+00
1.617473083496093750e+03 3.061886696891249085e+04 4.845712571786438438e+00
1.617493957519531250e+03 3.063831008652762466e+04 4.845962904916842007e+00
1.617514770507812500e+03 3.063120840778574347e+04 4.846701233612444426e+00
1.617535583496093750e+03 3.062568740235939549e+04 4.842608901942511146e+00
1.617556457519531250e+03 3.061361645510914241e+04 4.842890312444536605e+00
1.617577270507812500e+03 3.061736475122647971e+04 4.842762508022301127e+00
1.617598083496093750e+03 3.060927863629540661e+04 4.842492512552896144e+00
1.617618957519531250e+03 3.062476720288880824e+04 4.842325308686065810e+00
1.617639770507812500e+03 3.061354156583792792e+04 4.843035639106959778e+00
1.617660583496093750e+03 3.062655225420665374e+04 4.841753935998587721e+00
1.617681457519531250e+03 3.061163184364492190e+04 4.842396799385126016e+00
1.617702270507812500e+03 3.061231381848889214e+04 4.842583103520470722e+00
1.617723083496093750e+03 3.060675554447938703e+04 4.842076363139033113e+00
1.617743957519531250e+03 3.063240585739601374e+04 4.840157043809656834e+00
1.617764770507812500e+03 3.061472201789816609e+04 4.842853487787422750e+00
1.617785583496093750e+03 3.061062381030414690e+04 4.841977096471935305e+00
1.617806457519531250e+03 3.062616255458093292e+04 4.841989504916615950e+00
1.617827270507812500e+03 3.062365662867449282e+04 4.844111472147378805e+00
1.617848083496093750e+03 3.064551964574276644e+04 4.844044141144610016e+00
1.617868957519531250e+03 3.063834204517988110e+04 4.844614456316072904e+00
1.617889770507812500e+03 3.064697440182060745e+04 4.845821405310258179e+00
1.617910583496093750e+03 3.063054890170669751e+04 4.846189020189903829e+00
1.617931457519531250e+03 3.063776453616515937e+04 4.845283511658488251e+00
1.617952270507812500e+03 3.064382903840472500e+04 4.845722608976850587e+00
1.617973083496093750e+03 3.064111861447160845e+04 4.845359879267910230e+00
1.617993957519531250e+03 3.064016313571871433e+04 4.844816225894983397e+00
1.618014770507812500e+03 3.064539738123820644e+04 4.845155770363519743e+00
1.618035583496093750e+03 3.062953222506156089e+04 4.844015200338289695e+00
1.618056457519531250e+03 3.063397460355760632e+04 4.845792868727606617e+00
1.618077270507812500e+03 3.063253528782382637e+04 4.845521467587021291e+00
1.618098083496093750e+03 3.063952990185617455e+04 4.845911540446947718e+00
1.618118957519531250e+03 3.064719041370681589e+04 4.846843691342908045e+00
1.618139770507812500e+03 3.066803071132208424e+04 4.848001497010355543e+00
1.618160583496093750e+03 3.066810840384616313e+04 4.847987136798575847e+00
1.618181457519531250e+03 3.066521291265390028e+04 4.847653889252043768e+00
1.618202270507812500e+03 3.064503288006824732e+04 4.847491191602221861e+00
1.618223083496093750e+03 3.065446617494639213e+04 4.846300204422618663e+00
1.618243957519531250e+03 3.064446316290174946e+04 4.846419847614883203e+00
1.618264770507812500e+03 3.064530706000710416e+04 4.846236642775331838e+00
1.618285583496093750e+03 3.063981213395584200e+04 4.845639752331471151e+00
1.618306457519531250e+03 3.064097365543801061e+04 4.844868586188034065e+00
1.618327270507812500e+03 3.064195495653132821e+04 4.845040229496495598e+00
1.618348083496093750e+03 3.065808682818193847e+04 4.848711585934876389e+00
1.618368957519531250e+03 3.065083870642067996e+04 4.846644367409838061e+00
1.618389770507812500e+03 3.065241544603069269e+04 4.846680179421444024e+00
1.618410583496093750e+03 3.064991448837830103e+04 4.847039662262815796e+00
1.618431457519531250e+03 3.066159034718381372e+04 4.848141752732673559e+00
1.618452270507812500e+03 3.065995431329695566e+04 4.847621035390327293e+00
1.618473083496093750e+03 3.067227165963265361e+04 4.848948980282108856e+00
1.618493957519531250e+03 3.066268942541712750e+04 4.847606674051494480e+00
1.618514770507812500e+03 3.067410540238891917e+04 4.847701103992730687e+00
1.618535583496093750e+03 3.065737145264468199e+04 4.846314963199789716e+00
1.618556457519531250e+03 3.068366555889668962e+04 4.847621428851066838e+00
1.618577270507812500e+03 3.065058948925800723e+04 4.846449757951448944e+00
1.618598083496093750e+03 3.065338090090713376e+04 4.846086885876969674e+00
1.618618957519531250e+03 3.064239423043862189e+04 4.845045150373242571e+00
1.618639770507812500e+03 3.065018156351304424e+04 4.845771810589889483e+00
1.618660583496093750e+03 3.064637421211058245e+04 4.845181555087261671e+00
1.618681457519531250e+03 3.064587999523674080e+04 4.844488665955398510e+00
1.618702270507812500e+03 3.064731270879129443e+04 4.845229581229791194e+00
1.618723083496093750e+03 3.065628946713926780e+04 4.845548234437537793e+00
1.618743957519531250e+03 3.063530093764024059e+04 4.844167777472083714e+00
1.618764770507812500e+03 3.062858322737456911e+04 4.843308951694337061e+00
1.618785583496093750e+03 3.063155394017790968e+04 4.844755597480269849e+00
1.618806457519531250e+03 3.062876523923073910e+04 4.843357980923159722e+00
1.618827270507812500e+03 3.061813772348985731e+04 4.842955493370406650e+00
1.618848083496093750e+03 3.064148663697343727e+04 4.844699889534265225e+00
1.618868957519531250e+03 3.064273585023127816e+04 4.844107140941447120e+00
1.618889770507812500e+03 3.062904633117258345e+04 4.842723319241820867e+00
1.618910583496093750e+03 3.062574853679940134e+04 4.842610871282058582e+00
1.618931457519531250e+03 3.062905195783959425e+04 4.842490149287582035e+00
1.618952270507812500e+03 3.061410887139956685e+04 4.842469667606546402e+00
1.618973083496093750e+03 3.063271633719259262e+04 4.843107710061770099e+00
1.618993957519531250e+03 3.062857596382202610e+04 4.844458546651988051e+00
1.619014770507812500e+03 3.064306833232031568e+04 4.844000434554164514e+00
1.619035583496093750e+03 3.063556370259612595e+04 4.844878625126940896e+00
1.619056457519531250e+03 3.065018602722822106e+04 4.844265424315714164e+00
1.619077270507812500e+03 3.063748639844206991e+04 4.845169942137063757e+00
1.619098083496093750e+03 3.064053346314370719e+04 4.843971296608112986e+00
1.619118957519531250e+03 3.062461424314606120e+04 4.844439057591172215e+00
1.619139831542968750e+03 3.060741755844606087e+04 4.843214436117685651e+00
1.619160644531250000e+03 3.062386032938488643e+04 4.844378030731981255e+00
1.619181457519531250e+03 3.063568188904639101e+04 4.844241603392230644e+00
1.619202331542968750e+03 3.062707663004891219e+04 4.844481972793045266e+00
1.619223144531250000e+03 3.063317375657010052e+04 4.844289245122061160e+00
1.619243957519531250e+03 3.061550649445073941e+04 4.843663762463165767e+00
1.619264831542968750e+03 3.061615963344329066e+04 4.843156347504391057e+00
1.619285644531250000e+03 3.060446881725102503e+04 4.842828675293714191e+00
1.619306457519531250e+03 3.060036928312307282e+04 4.841589464282304967e+00
1.619327331542968750e+03 3.059194516726290021e+04 4.841723405743013409e+00
1.619348144531250000e+03 3.062547667606915275e+04 4.842614613024992742e+00
1.619368957519531250e+03 3.061273534858005223e+04 4.842977942187093987e+00
1.619389831542968750e+03 3.062035876193889635e+04 4.842350517648077002e+00
1.619410644531250000e+03 3.062635786762884527e+04 4.843927786240772804e+00
1.619431457519531250e+03 3.061884332252199601e+04 4.842932256766341759e+00
1.619452331542968750e+03 3.062426761258820625e+04 4.842628989168321851e+00
1.619473144531250000e+03 3.061505300421007996e+04 4.842424962097998886e+00
1.619493957519531250e+03 3.060627626636726200e+04 4.842645728459515020e+00
1.619514831542968750e+03 3.062349334704381181e+04 4.842139782444275120e+00
1.619535644531250000e+03 3.061799503216261292e+04 4.842319006425056749e+00
1.619556457519531250e+03 3.064036194304063247e+04 4.845154786211040232e+00
1.619577331542968750e+03 3.061707228753230811e+04 4.843261300321650253e+00
1.619598144531250000e+03 3.061665786557245156e+04 4.842688462622854573e+00
1.619618957519531250e+03 3.063108001247396533e+04 4.842886373991907689e+00
1.619639831542968750e+03 3.062435450551823669e+04 4.843070493227221718e+00
1.619660644531250000e+03 3.062220444412162396e+04 4.842365682351068124e+00
1.619681457519531250e+03 3.061809271231200182e+04 4.840548534047937501e+00
1.619702331542968750e+03 3.060920500428658852e+04 4.840579465746738919e+00
1.619723144531250000e+03 3.060693179822404272e+04 4.840874587557597586e+00
1.619743957519531250e+03 3.062526920595098636e+04 4.842049577096011248e+00
1.619764831542968750e+03 3.062129662097439359e+04 4.841257155275462409e+00
1.619785644531250000e+03 3.062956507435827734e+04 4.842568924176545941e+00
1.619806457519531250e+03 3.062557057231715953e+04 4.842077347917202346e+00
1.619827331542968750e+03 3.060754641880952477e+04 4.839859907786789428e+00
1.619848144531250000e+03 3.058845288158237963e+04 4.839738328969398928e+00
1.619868957519531250e+03 3.060142733008532014e+04 4.839780891755347980e+00
1.619889831542968750e+03 3.058899610959779602e+04 4.839894784776830328e+00
1.619910644531250000e+03 3.059787804651699844e+04 4.840067392620923670e+00
1.619931457519531250e+03 3.060636374807031825e+04 4.840209454504686981e+00
1.619952331542968750e+03 3.059344865423056035e+04 4.839581473989645666e+00
1.619973144531250000e+03 3.057227457274319386e+04 4.838615403231149692e+00
1.619993957519531250e+03 3.058830870361279085e+04 4.838681627212764624e+00
1.620014831542968750e+03 3.058700184968728354e+04 4.839427964005542648e+00
1.620035644531250000e+03 3.060966209063936913e+04 4.840664379139471230e+00
1.620056457519531250e+03 3.060750149112993677e+04 4.840549519136933654e+00
1.620077331542968750e+03 3.060658914701465983e+04 4.840238024005464545e+00
1.620098144531250000e+03 3.060763447462537442e+04 4.840673047708301091e+00
1.620118957519531250e+03 3.063384501714105500e+04 4.841363528156874096e+00
1.620139831542968750e+03 3.060868674561541775e+04 4.840798346196630852e+00
1.620160644531250000e+03 3.060731473623931015e+04 4.839475061938233402e+00
1.620181457519531250e+03 3.058974305022594490e+04 4.840768400940893557e+00
1.620223144531250000e+03 3.060416769946431668e+04 4.839259668902507805e+00
1.620243957519531250e+03 3.059319150382433509e+04 4.839795670412921247e+00
1.620264831542968750e+03 3.057531359108416291e+04 4.838594510953637240e+00
1.620285644531250000e+03 3.057998555350072274e+04 4.838961098199456856e+00
1.620306457519531250e+03 3.056981207720129532e+04 4.838017966758669353e+00
1.620327331542968750e+03 3.059600377455570924e+04 4.837436622381891205e+00
1.620348144531250000e+03 3.058409774911255590e+04 4.837411782103503199e+00
1.620368957519531250e+03 3.059224204449845638e+04 4.837366635556671568e+00
1.620389831542968750e+03 3.058567403947161802e+04 4.840396827949787983e+00
1.620410644531250000e+03 3.059379846240782717e+04 4.838964842764588603e+00
1.620431457519531250e+03 3.058354767344507854e+04 4.840752640205573165e+00
1.620452331542968750e+03 3.059007879397123543e+04 4.840031531680463850e+00
1.620473144531250000e+03 3.058567826802123454e+04 4.839231487768683948e+00
1.620493957519531250e+03 3.057702994679484254e+04 4.838357988312903757e+00
1.620514831542968750e+03 3.056905136938361466e+04 4.837988398537636847e+00
1.620535644531250000e+03 3.056528768579523967e+04 4.835511122535249839e+00
1.620556457519531250e+03 3.057093072916080564e+04 4.837130644347266362e+00
1.620577331542968750e+03 3.059634871547679359e+04 4.836741046364273267e+00
1.620598144531250000e+03 3.060656377377171520e+04 4.837858690472922163e+00
1.620618957519531250e+03 3.060978600611770889e+04 4.838212521146655121e+00
1.620639831542968750e+03 3.059465431002783589e+04 4.839669754804690527e+00
1.620660644531250000e+03 3.060790662788440022e+04 4.838388934015809717e+00
1.620681457519531250e+03 3.058385384620112018e+04 4.837705520088699807e+00
1.620702331542968750e+03 3.060046251113152903e+04 4.838365084160358265e+00
1.620723144531250000e+03 3.060241143583243320e+04 4.837414739286190368e+00
1.620743957519531250e+03 3.060099929795286516e+04 4.836605981033754276e+00
1.620764831542968750e+03 3.060225160788036737e+04 4.836563981848343019e+00
1.620785644531250000e+03 3.059370467504384578e+04 4.838778990587498718e+00
1.620806457519531250e+03 3.059203180820667330e+04 4.838431311568109017e+00
1.620827331542968750e+03 3.059211885026612435e+04 4.839469938335976273e+00
1.620848144531250000e+03 3.060764883358549923e+04 4.840042171767442447e+00
1.620868957519531250e+03 3.059769373930223082e+04 4.839274843291206274e+00
1.620889831542968750e+03 3.059015250551631107e+04 4.837835232260093044e+00
1.620910644531250000e+03 3.058971674919607904e+04 4.838653639807307449e+00
1.620931457519531250e+03 3.059486427069459023e+04 4.837671218720281274e+00
1.620952331542968750e+03 3.058606669416221848e+04 4.838920104875887418e+00
1.620973144531250000e+03 3.061101836385943534e+04 4.839511912302356222e+00
1.620993957519531250e+03 3.058930826740723205e+04 4.839535756506090358e+00
1.621014831542968750e+03 3.058805842710465004e+04 4.836847321396247068e+00
1.621035644531250000e+03 3.058785343902960085e+04 4.839606303131642306e+00
1.621056457519531250e+03 3.058760134168734658e+04 4.839389339417401459e+00
1.621077331542968750e+03 3.057021797284292188e+04 4.837527308029652140e+00
1.621098144531250000e+03 3.057779473944315032e+04 4.836776340186739631e+00
1.621118957519531250e+03 3.055648244789136152e+04 4.836726258373270859e+00
1.621139831542968750e+03 3.057273047919232704e+04 4.836581728027517180e+00
1.621160644531250000e+03 3.057635086042095645e+04 4.838177632029673880e+00
1.621181457519531250e+03 3.058949473035696428e+04 4.839507971100341699e+00
1.621202331542968750e+03 3.057753593027558236e+04 4.840096948141352051e+00
1.621223144531250000e+03 3.062492092759775551e+04 4.841211256625186365e+00
1.621243957519531250e+03 3.060721218741355551e+04 4.841816374696009895e+00
1.621264831542968750e+03 3.060174974318485692e+04 4.839296323838013336e+00
1.621285644531250000e+03 3.059948139536689268e+04 4.841435820984909100e+00
1.621306457519531250e+03 3.060565495727931557e+04 4.839946213100215999e+00
1.621327331542968750e+03 3.058651624155650643e+04 4.840065028171492756e+00
1.621348144531250000e+03 3.060574968222906318e+04 4.840746335897076591e+00
1.621368957519531250e+03 3.059802412740938962e+04 4.840386779715655230e+00
1.621389831542968750e+03 3.059590735920967927e+04 4.839342043583499731e+00
1.621410644531250000e+03 3.060497986247525478e+04 4.841272914368336622e+00
1.621431457519531250e+03 3.058979489521499272e+04 4.839251589013787047e+00
1.621452331542968750e+03 3.059535382288156325e+04 4.839822271882830762e+00
1.621473144531250000e+03 3.058804411615545905e+04 4.838686554556121067e+00
1.621493957519531250e+03 3.057096868434787757e+04 4.838491427924172861e+00
1.621514831542968750e+03 3.056899377704206199e+04 4.836759974926780892e+00
1.621535644531250000e+03 3.055853216936388344e+04 4.836588826480955561e+00
1.621556457519531250e+03 3.057490244617161443e+04 4.838265347127404858e+00
1.621577331542968750e+03 3.059087242854120268e+04 4.840826912221897871e+00
1.621598144531250000e+03 3.059431573169974217e+04 4.840512282633439689e+00
1.621618957519531250e+03 3.058157404539706113e+04 4.839099842256325168e+00
1.621639831542968750e+03 3.059724882506933500e+04 4.840199011817492014e+00
1.621660644531250000e+03 3.060251592695936779e+04 4.840548928083559410e+00
1.621681457519531250e+03 3.060077991256867608e+04 4.841227606838057085e+00
1.621702331542968750e+03 3.060260182102163162e+04 4.840486473037012516e+00
1.621723144531250000e+03 3.061336810577848519e+04 4.842922213792789421e+00
1.621743957519531250e+03 3.061048631070233387e+04 4.840360181348146718e+00
1.621764831542968750e+03 3.060606101714454417e+04 4.842765855792865004e+00
1.621785644531250000e+03 3.061022849338541710e+04 4.840508539265391263e+00
1.621806457519531250e+03 3.060795002635404671e+04 4.841682435807216578e+00
1.621827331542968750e+03 3.060493676652689101e+04 4.841167524459149440e+00
1.621848144531250000e+03 3.060502728973524790e+04 4.840562916327379561e+00
1.621868957519531250e+03 3.060749661148683663e+04 4.840207090124653888e+00
1.621889831542968750e+03 3.060434582374475940e+04 4.840584194141877461e+00
1.621910644531250000e+03 3.060695978972066223e+04 4.840804059415170002e+00
1.621931457519531250e+03 3.060062405389427659e+04 4.841500824513474299e+00
1.621952331542968750e+03 3.060955737913171833e+04 4.840201376201471284e+00
1.621973144531250000e+03 3.058370819839392425e+04 4.840942356648199940e+00
1.621993957519531250e+03 3.060034809346122347e+04 4.839195226487920110e+00
1.622014831542968750e+03 3.058696954803815242e+04 4.840733136224571354e+00
1.622035644531250000e+03 3.058670483866799259e+04 4.840157437877150137e+00
1.622056457519531250e+03 3.057725362762697841e+04 4.839963946878125256e+00
1.622077331542968750e+03 3.060613930122206511e+04 4.840516025998593541e+00
1.622098144531250000e+03 3.060398180821311689e+04 4.842575029176936496e+00
1.622118957519531250e+03 3.061482552663065508e+04 4.841212241579332165e+00
1.622139831542968750e+03 3.059429996144881079e+04 4.841230364699844912e+00
1.622160644531250000e+03 3.063145412688405850e+04 4.841610343636142844e+00
1.622181457519531250e+03 3.060095908982316541e+04 4.840260091366495487e+00
1.622202331542968750e+03 3.061091113222083368e+04 4.839456538119811135e+00
1.622223144531250000e+03 3.059956398012189675e+04 4.839884341410693125e+00
1.622243957519531250e+03 3.062174026238830629e+04 4.840206104965965928e+00
1.622264831542968750e+03 3.059797685920058939e+04 4.840195662271543853e+00
1.622285644531250000e+03 3.061868109502802690e+04 4.841309948034669297e+00
1.622306457519531250e+03 3.060388454242641455e+04 4.841759648089541734e+00
1.622327331542968750e+03 3.059722052867031744e+04 4.839696356966697088e+00
1.622348144531250000e+03 3.059404098534683362e+04 4.840153300166866401e+00
1.622368957519531250e+03 3.060234490113691936e+04 4.839772221588568790e+00
1.622389831542968750e+03 3.059076395894435700e+04 4.840703584588469610e+00
1.622410644531250000e+03 3.060098873192768224e+04 4.841506930860707492e+00
1.622431457519531250e+03 3.057883540776192967e+04 4.838698380159705437e+00
1.622452331542968750e+03 3.057279808947682977e+04 4.840373579062642762e+00
1.622473144531250000e+03 3.056373036640649298e+04 4.838364098626612098e+00
1.622493957519531250e+03 3.055378006513239234e+04 4.838073160287768459e+00
1.622514831542968750e+03 3.054214278917668344e+04 4.836264061570892281e+00
1.622535644531250000e+03 3.052316799963240192e+04 4.836334261541014534e+00
1.622556457519531250e+03 3.051895407774246269e+04 4.835102656319052450e+00
1.622577331542968750e+03 3.048729783176356432e+04 4.832347418541668382e+00
1.622598144531250000e+03 3.051184982959296030e+04 4.833907630388273979e+00
1.622618957519531250e+03 3.049999480446958114e+04 4.833496661002656403e+00
1.622639831542968750e+03 3.052128003125552641e+04 4.834411676190062401e+00
1.622660644531250000e+03 3.052136951908184346e+04 4.835293383371011444e+00
1.622681457519531250e+03 3.052353318348580069e+04 4.834303374891091742e+00
1.622702331542968750e+03 3.052282716111659465e+04 4.834457442129946436e+00
1.622723144531250000e+03 3.053132868399892686e+04 4.835335196362465560e+00
1.622743957519531250e+03 3.051967554480262697e+04 4.834867935349476120e+00
1.622764831542968750e+03 3.053248190814492045e+04 4.835714849668020676e+00
1.622785644531250000e+03 3.052987282999288800e+04 4.835193582977137083e+00
1.622806457519531250e+03 3.053041067961063163e+04 4.835359652850251599e+00
1.622827331542968750e+03 3.051490150851960425e+04 4.834638528970965687e+00
1.622848144531250000e+03 3.054395601142637315e+04 4.833999171378869697e+00
1.622868957519531250e+03 3.053375434153323295e+04 4.835477397273809430e+00
1.622889831542968750e+03 3.055660523481094060e+04 4.834305742158536034e+00
1.622910644531250000e+03 3.054633426379456068e+04 4.835102064599841931e+00
1.622931457519531250e+03 3.052430484804852313e+04 4.833637732205041004e+00
1.622952331542968750e+03 3.051613821901498522e+04 4.832909642207394718e+00
1.622973144531250000e+03 3.051794942084969080e+04 4.832073288582795279e+00
1.622993957519531250e+03 3.051239415529554026e+04 4.832609692476657948e+00
1.623014831542968750e+03 3.053973381581521971e+04 4.835623341156151334e+00
1.623035644531250000e+03 3.052887920590429712e+04 4.833386366103798792e+00
1.623056457519531250e+03 3.055494128124591589e+04 4.834846435127959197e+00
1.623077331542968750e+03 3.059128271023880370e+04 4.837765251201470385e+00
1.623098144531250000e+03 3.057092805622385276e+04 4.835765928019645443e+00
1.623118957519531250e+03 3.060554438405897963e+04 4.839731235135348975e+00
1.623139831542968750e+03 3.060267356014106554e+04 4.840102268115861861e+00
1.623160644531250000e+03 3.062416627683273327e+04 4.840121183533431015e+00
1.623181457519531250e+03 3.061791369815996950e+04 4.840835186487386643e+00
1.623202331542968750e+03 3.063841141891218649e+04 4.841872312782125931e+00
1.623223144531250000e+03 3.064754197613446013e+04 4.842842066179125382e+00
1.623243957519531250e+03 3.065742819946486634e+04 4.844272708376368364e+00
1.623264831542968750e+03 3.066839031692202843e+04 4.843584020908746623e+00
1.623285644531250000e+03 3.065439482932972896e+04 4.844040006754292804e+00
1.623306457519531250e+03 3.065368561076126934e+04 4.842004276833108634e+00
1.623327331542968750e+03 3.065324787029848449e+04 4.843961255788800102e+00
1.623348144531250000e+03 3.065391265219828347e+04 4.844893978757974118e+00
1.623368957519531250e+03 3.066689494788254888e+04 4.844168564954501655e+00
1.623389831542968750e+03 3.065317488366986072e+04 4.845124671048509413e+00
1.623410644531250000e+03 3.064163598892866503e+04 4.843685617326651816e+00
1.623431457519531250e+03 3.063582697491360886e+04 4.843476318503104672e+00
1.623452331542968750e+03 3.064316883453296759e+04 4.842474000277066537e+00
1.623473144531250000e+03 3.064159983567828385e+04 4.843649389391084803e+00
1.623493957519531250e+03 3.064946317474647731e+04 4.843191200755972758e+00
1.623514831542968750e+03 3.065273343522660798e+04 4.842758569465732243e+00
1.623535644531250000e+03 3.064873549567042937e+04 4.843482028562791974e+00
1.623556457519531250e+03 3.064564839555263825e+04 4.844316018781117172e+00
1.623577331542968750e+03 3.066038975888143250e+04 4.844931575264416423e+00
1.623598144531250000e+03 3.067408546451668008e+04 4.845512807691961576e+00
1.623618957519531250e+03 3.066663475724797536e+04 4.844717015366777346e+00
1.623639831542968750e+03 3.066596532064301573e+04 4.845356926934242914e+00
1.623660644531250000e+03 3.065845014103364883e+04 4.845591139815935477e+00
1.623681457519531250e+03 3.066443520247066408e+04 4.847483125433980078e+00
1.623702331542968750e+03 3.066734268960862391e+04 4.843927392480007477e+00
1.623723144531250000e+03 3.068967440903667011e+04 4.845815698007172045e+00
1.623743957519531250e+03 3.070399263898370191e+04 4.844462877543744384e+00
1.623764831542968750e+03 3.070214954563546053e+04 4.842690431930048334e+00
1.623785644531250000e+03 3.071308276635533912e+04 4.841449806666258127e+00
1.623806457519531250e+03 3.069680521711018446e+04 4.845417547824806270e+00
1.623827331542968750e+03 3.069411697238111810e+04 4.845412824146293929e+00
1.623848083496093750e+03 3.069207486357888774e+04 4.847110296424872011e+00
1.623868957519531250e+03 3.069368948381830705e+04 4.846490884362820495e+00
