1.518224487304687500e+03 5.939675160045337634e+02 1.174021827088683967e+00
1.518245300292968750e+03 5.945360936794872941e+02 1.172783512170930464e+00
1.518266174316406250e+03 5.929315546349638453e+02 1.165829642078444861e+00
1.518286987304687500e+03 5.933476712061648186e+02 1.165816195763981877e+00
1.518307800292968750e+03 5.927741775841425351e+02 1.172009117081239005e+00
1.518328674316406250e+03 5.939773779339789144e+02 1.157370308104844536e+00
1.518349487304687500e+03 5.943687765442927002e+02 1.155225299725519239e+00
1.518370300292968750e+03 5.935734099521343978e+02 1.157343991273010575e+00
1.518391174316406250e+03 5.942881465966679571e+02 1.150627850099563476e+00
1.518411987304687500e+03 5.942827037815494577e+02 1.148662571034257951e+00
1.518432800292968750e+03 5.934815633436535336e+02 1.145904290285275851e+00
1.518453674316406250e+03 5.931496361666567054e+02 1.141851784439319450e+00
1.518474487304687500e+03 5.932928207143617101e+02 1.149414425495774328e+00
1.518495300292968750e+03 5.948818398594391965e+02 1.139197095917096947e+00
1.518516174316406250e+03 5.941528979346697952e+02 1.140618311196141432e+00
1.518536987304687500e+03 5.932043837149971068e+02 1.137357499555323948e+00
1.518557800292968750e+03 5.942743911549288214e+02 1.138836856883671311e+00
1.518578674316406250e+03 5.944599108320689993e+02 1.135609613292296816e+00
1.518599487304687500e+03 5.937139296113837190e+02 1.142558353611655031e+00
1.518620300292968750e+03 5.933653006494474766e+02 1.136838297112539253e+00
1.518641174316406250e+03 5.943988090161097944e+02 1.136859531140063995e+00
1.518661987304687500e+03 5.923435351547636856e+02 1.138163588915519941e+00
1.518682800292968750e+03 5.938366442798635489e+02 1.136017206011344260e+00
1.518703674316406250e+03 5.928104492934018026e+02 1.136377919280717075e+00
1.518724487304687500e+03 5.939160157245098617e+02 1.155689361331458498e+00
1.518745300292968750e+03 5.930828402913302853e+02 1.137710348529261450e+00
1.518766174316406250e+03 5.932981407518319656e+02 1.137557988208319992e+00
1.518786987304687500e+03 5.935143775960966650e+02 1.135803798273811838e+00
1.518807800292968750e+03 5.929943512925151481e+02 1.135380169809766082e+00
1.518828674316406250e+03 5.936014871450151986e+02 1.136944882686665270e+00
1.518849487304687500e+03 5.926602525690741459e+02 1.136496768001957092e+00
1.518870300292968750e+03 5.942508054377028657e+02 1.136656402241366326e+00
1.518891174316406250e+03 5.934591157738274205e+02 1.135766643283828703e+00
1.518911987304687500e+03 5.936013564485008374e+02 1.137384540860366666e+00
1.518932800292968750e+03 5.937783915013510523e+02 1.139147755554959174e+00
1.518953674316406250e+03 5.932108037437141093e+02 1.135815763181351246e+00
1.518974487304687500e+03 5.939504751886623808e+02 1.138774886796267261e+00
1.518995300292968750e+03 5.942809602791019188e+02 1.138550531062559878e+00
1.519016174316406250e+03 5.949504018064131969e+02 1.138380062341246113e+00
1.519036987304687500e+03 5.934918411676009100e+02 1.136799812703717771e+00
1.519057800292968750e+03 5.942286504945567458e+02 1.148177863634340046e+00
1.519078674316406250e+03 5.935403628401304559e+02 1.134591120369691897e+00
1.519099487304687500e+03 5.922890956353923002e+02 1.135855907673918752e+00
1.519120300292968750e+03 5.927925641636874161e+02 1.136514442147336990e+00
1.519141174316406250e+03 5.939875492481071433e+02 1.139096163028566977e+00
1.519161987304687500e+03 5.931410112371742116e+02 1.136550890926451451e+00
1.519182800292968750e+03 5.933050398709144702e+02 1.135384317106383101e+00
1.519203674316406250e+03 5.937390626900299822e+02 1.135386364500393430e+00
1.519224487304687500e+03 5.940920662986269463e+02 1.136285181371668784e+00
1.519245300292968750e+03 5.929716507316113621e+02 1.138247481181011489e+00
1.519266174316406250e+03 5.930173253930530564e+02 1.136196160546443013e+00
1.519286987304687500e+03 5.937391610993713584e+02 1.135756514664711281e+00
1.519307800292968750e+03 5.949798337280589067e+02 1.139928683593361525e+00
1.519328674316406250e+03 5.928003129373327056e+02 1.136804584002262475e+00
1.519349487304687500e+03 5.925156781256747536e+02 1.136815909202145258e+00
1.519370300292968750e+03 5.932015216064705783e+02 1.135549199246605578e+00
1.519391174316406250e+03 5.930330553268142921e+02 1.136336796616990830e+00
1.519411987304687500e+03 5.934750785904748227e+02 1.140088307825272151e+00
1.519432800292968750e+03 5.925239624845219168e+02 1.139536612678650140e+00
1.519453674316406250e+03 5.938264191374606753e+02 1.137652298928697903e+00
1.519474487304687500e+03 5.938399725912039457e+02 1.142339228246873617e+00
1.519495300292968750e+03 5.934962117900605563e+02 1.135256426408493002e+00
1.519516174316406250e+03 5.924208234888802735e+02 1.137511982697472224e+00
1.519536987304687500e+03 5.947783575446713940e+02 1.143867274040982540e+00
1.519557800292968750e+03 5.935213515588636710e+02 1.136372569222452666e+00
1.519578674316406250e+03 5.938944120988339819e+02 1.136596673132333368e+00
1.519599487304687500e+03 5.945344591661512368e+02 1.135496025928445007e+00
1.519620300292968750e+03 5.915486134266145655e+02 1.138533935567161537e+00
1.519641174316406250e+03 5.929897323030227199e+02 1.135162809265046979e+00
1.519661987304687500e+03 5.933159181713382395e+02 1.137170551086736037e+00
1.519682800292968750e+03 5.940040040586230816e+02 1.135135032418760570e+00
1.519703674316406250e+03 5.946666989339894371e+02 1.136674388531123014e+00
1.519724487304687500e+03 5.937871712661439005e+02 1.136026860097549829e+00
1.519745300292968750e+03 5.930214244798015670e+02 1.135649187736336607e+00
1.519766174316406250e+03 5.928614820007561548e+02 1.135984045699069078e+00
1.519786987304687500e+03 5.939942968664688578e+02 1.136865979914352565e+00
1.519807800292968750e+03 5.938578261733720183e+02 1.136814126539275271e+00
1.519828674316406250e+03 5.935398471154444451e+02 1.135349773337980483e+00
1.519849487304687500e+03 5.939262396037624967e+02 1.137300584940624582e+00
1.519870300292968750e+03 5.944320195120018298e+02 1.135086303152160081e+00
1.519891174316406250e+03 5.942269271929086472e+02 1.135572084528257086e+00
1.519911987304687500e+03 5.935975944837745146e+02 1.136935498524241472e+00
1.519932800292968750e+03 5.946294338465710325e+02 1.139540326401259795e+00
1.519953674316406250e+03 5.956088575132800997e+02 1.137846449607690547e+00
1.519974487304687500e+03 5.939285664611726361e+02 1.136720060891775352e+00
1.519995300292968750e+03 5.934632479283975499e+02 1.134608771666710592e+00
1.520016174316406250e+03 5.935313952961322457e+02 1.138951419390443753e+00
1.520036987304687500e+03 5.935622502952376180e+02 1.136069515485519377e+00
1.520057800292968750e+03 5.943891863711933183e+02 1.135748012852509925e+00
1.520078674316406250e+03 5.948543891087125530e+02 1.137909046446964334e+00
1.520099487304687500e+03 5.931246702683562262e+02 1.137961845120348148e+00
1.520120300292968750e+03 5.932022812010131929e+02 1.136369946635672035e+00
1.520141174316406250e+03 5.943874683302383346e+02 1.136040081865100859e+00
1.520161987304687500e+03 5.940455121104080263e+02 1.135780550308001624e+00
1.520182800292968750e+03 5.929669677729144723e+02 1.136059284634407085e+00
1.520203674316406250e+03 5.929054568999899857e+02 1.138414985377559807e+00
1.520224487304687500e+03 5.938939138073963022e+02 1.135850292777952131e+00
1.520245300292968750e+03 5.926475428880332856e+02 1.134952549467664662e+00
1.520266174316406250e+03 5.940055468849152476e+02 1.135199773995025474e+00
1.520286987304687500e+03 5.940420972582530794e+02 1.140452855327750870e+00
1.520307800292968750e+03 5.933850110953544572e+02 1.136018255372514663e+00
1.520328674316406250e+03 5.919432714990628028e+02 1.135852549234807274e+00
1.520349487304687500e+03 5.923628980118106711e+02 1.135702983674865107e+00
1.520370300292968750e+03 5.924840891333536774e+02 1.136510351420033427e+00
1.520391174316406250e+03 5.927706766154645948e+02 1.136994475912398661e+00
1.520411987304687500e+03 5.944226299834539304e+02 1.143030530259834698e+00
1.520432800292968750e+03 5.937928254938574355e+02 1.139212949259567065e+00
1.520453674316406250e+03 5.926715941126972211e+02 1.135320793560468333e+00
1.520474487304687500e+03 5.944454196392166523e+02 1.140677568452316049e+00
1.520495300292968750e+03 5.947401505715921530e+02 1.135161024006140051e+00
1.520536987304687500e+03 5.937807849428896816e+02 1.137291203713216570e+00
1.520557800292968750e+03 5.944336220334344034e+02 1.140590562692496590e+00
1.520578674316406250e+03 5.940912325080061009e+02 1.136129744474594361e+00
1.520599487304687500e+03 5.928555824500846256e+02 1.136408445601884143e+00
1.520620300292968750e+03 5.960360135560489425e+02 1.139570349573422403e+00
1.520641174316406250e+03 5.928819711952694433e+02 1.137423267501208146e+00
1.520661987304687500e+03 5.935589729223729591e+02 1.139590382016621772e+00
1.520682800292968750e+03 5.943705263278310440e+02 1.135696895677012375e+00
1.520703674316406250e+03 5.933873755500654852e+02 1.135282520220710856e+00
1.520724487304687500e+03 5.949319127367679130e+02 1.138612146921258672e+00
1.520745300292968750e+03 5.924673754933344298e+02 1.141694547261714598e+00
1.520766174316406250e+03 5.930698478158808484e+02 1.137907160734748180e+00
1.520786987304687500e+03 5.936929175258881060e+02 1.134826553468643251e+00
1.520807800292968750e+03 5.938435014397623490e+02 1.140187009564029630e+00
1.520828674316406250e+03 5.942785733476903260e+02 1.136702075324702355e+00
1.520849487304687500e+03 5.932450687014845698e+02 1.143674875095595844e+00
1.520870300292968750e+03 5.924273395607439170e+02 1.136879558921091160e+00
1.520891174316406250e+03 5.951550365875301623e+02 1.136290217108570921e+00
1.520911987304687500e+03 5.942329278559993782e+02 1.135665195574608655e+00
1.520932800292968750e+03 5.948778716200971530e+02 1.144319065462483964e+00
1.520953674316406250e+03 5.953008240186982221e+02 1.140227313802299802e+00
1.520974487304687500e+03 5.943691559294479703e+02 1.139044044878867457e+00
1.520995300292968750e+03 5.926619814704312148e+02 1.138334299499488944e+00
1.521016174316406250e+03 5.940735686607704338e+02 1.135318378545618456e+00
1.521036987304687500e+03 5.958185913085782204e+02 1.137402777656583153e+00
1.521057800292968750e+03 5.938770470888704267e+02 1.135446682221192827e+00
1.521078674316406250e+03 5.940432437593929080e+02 1.136115526943646259e+00
1.521099487304687500e+03 5.930958696688875307e+02 1.134212496969262851e+00
1.521120300292968750e+03 5.940710602601731125e+02 1.143793226165243704e+00
1.521141174316406250e+03 5.938636515921944010e+02 1.136830222835031545e+00
1.521161987304687500e+03 5.935919270143215272e+02 1.138164060237654152e+00
1.521182800292968750e+03 5.939196989403793623e+02 1.135022185272647421e+00
1.521203674316406250e+03 5.934403775727690800e+02 1.136596201160237074e+00
1.521224487304687500e+03 5.942421185724753059e+02 1.135044240971561313e+00
1.521245300292968750e+03 5.940861137113605537e+02 1.134907121093039262e+00
1.521266174316406250e+03 5.939751990540628412e+02 1.135156508338725612e+00
1.521286987304687500e+03 5.942094933558596495e+02 1.136802329435116166e+00
1.521307800292968750e+03 5.925030592400582918e+02 1.137525187203035637e+00
1.521328674316406250e+03 5.929682320041223420e+02 1.136999246394059471e+00
1.521349487304687500e+03 5.940354977245823420e+02 1.136473429317660599e+00
1.521370300292968750e+03 5.949974796123101441e+02 1.136950020351717550e+00
1.521391174316406250e+03 5.928937065157780353e+02 1.136984934889029963e+00
1.521411987304687500e+03 5.946362781345148960e+02 1.135770894128155239e+00
1.521432800292968750e+03 5.937188013501922796e+02 1.136177327315384344e+00
1.521453674316406250e+03 5.947138719039371608e+02 1.136077647634783583e+00
1.521474487304687500e+03 5.942681271042854405e+02 1.137614366001113986e+00
1.521495300292968750e+03 5.934075151785144726e+02 1.137597704453573222e+00
1.521516174316406250e+03 5.935183805422076375e+02 1.144971482950433384e+00
1.521536987304687500e+03 5.948771607362057239e+02 1.135546207329363844e+00
1.521557800292968750e+03 5.933497392861077060e+02 1.136563896826535247e+00
1.521578674316406250e+03 5.958751162281157576e+02 1.136672500770639083e+00
1.521599487304687500e+03 5.943186378804771266e+02 1.134719138580286835e+00
1.521620300292968750e+03 5.949477383763725129e+02 1.138658893177499021e+00
1.521641174316406250e+03 5.939399104180662334e+02 1.136180999557640181e+00
1.521662048339843750e+03 5.941545171183851153e+02 1.135888074720496466e+00
1.521682861328125000e+03 5.949759596325363873e+02 1.136478306880061906e+00
1.521703674316406250e+03 5.945342083627257352e+02 1.137312272059814111e+00
1.521724548339843750e+03 5.952507481795412332e+02 1.134565588543487991e+00
1.521745361328125000e+03 5.928429891156561098e+02 1.134720819478365783e+00
1.521766174316406250e+03 5.951790863375523486e+02 1.136521469772688642e+00
1.521787048339843750e+03 5.939840523861022348e+02 1.139257892024630792e+00
1.521807861328125000e+03 5.934729265064642050e+02 1.134779806918425615e+00
1.521828674316406250e+03 5.940257954555654578e+02 1.135199773995025474e+00
1.521849548339843750e+03 5.938952419378470040e+02 1.136679160356145468e+00
1.521870361328125000e+03 5.924585341529751759e+02 1.134394048105263897e+00
1.521891174316406250e+03 5.937077245815031574e+02 1.141443246480754015e+00
1.521912048339843750e+03 5.937199655624524439e+02 1.144440058177167652e+00
1.521932861328125000e+03 5.938762058083458442e+02 1.137275113941901505e+00
1.521953674316406250e+03 5.935011540014182856e+02 1.137763523136274380e+00
1.521974548339843750e+03 5.929857454401981158e+02 1.135255796369394332e+00
1.521995361328125000e+03 5.933879225882712944e+02 1.138394461024247128e+00
1.522016174316406250e+03 5.933380676108504304e+02 1.133879796750252300e+00
1.522037048339843750e+03 5.928824037100241640e+02 1.135543110424267033e+00
1.522057861328125000e+03 5.939792032771665617e+02 1.134144913639737462e+00
1.522078674316406250e+03 5.941744147127028555e+02 1.134954072468374653e+00
1.522099548339843750e+03 5.953770400528298978e+02 1.134969827528209629e+00
1.522120361328125000e+03 5.950251687176159976e+02 1.135181081753601440e+00
1.522141174316406250e+03 5.950099576846303080e+02 1.134861848464427725e+00
1.522162048339843750e+03 5.934662122388018588e+02 1.134589912086342078e+00
1.522182861328125000e+03 5.932394845364492539e+02 1.135420224712058168e+00
1.522203674316406250e+03 5.930013210079947612e+02 1.134175762828607548e+00
1.522224548339843750e+03 5.936215474057032679e+02 1.134363782842993773e+00
1.522245361328125000e+03 5.957596668072517332e+02 1.137910617871424224e+00
1.522266174316406250e+03 5.942662757852832556e+02 1.137238007021645014e+00
1.522287048339843750e+03 5.937487187186353594e+02 1.134934798481077367e+00
1.522307861328125000e+03 5.936633563090264261e+02 1.134967201700091577e+00
1.522328674316406250e+03 5.929069490454863853e+02 1.134448428969485168e+00
1.522349548339843750e+03 5.928627138471862281e+02 1.138519067473099833e+00
1.522370361328125000e+03 5.944183182431856949e+02 1.135315176018003136e+00
1.522391174316406250e+03 5.924144421905167519e+02 1.134528760761513766e+00
1.522412048339843750e+03 5.929795569132840001e+02 1.134619120662561098e+00
1.522432861328125000e+03 5.941079289896275668e+02 1.136237970252820917e+00
1.522453674316406250e+03 5.932684586615758917e+02 1.136926061858222203e+00
1.522474548339843750e+03 5.931141724632774412e+02 1.133807304557570284e+00
1.522495361328125000e+03 5.941119395495170465e+02 1.134711049223456447e+00
1.522516174316406250e+03 5.950268189173094697e+02 1.142341628419003996e+00
1.522537048339843750e+03 5.942049780244603880e+02 1.134342449551416943e+00
1.522557861328125000e+03 5.934225572867443361e+02 1.142412326879539197e+00
1.522578674316406250e+03 5.937166712982461831e+02 1.133837584673785814e+00
1.522599548339843750e+03 5.946944616624944047e+02 1.135173310731195429e+00
1.522620361328125000e+03 5.918701961689931750e+02 1.133443932653052544e+00
1.522641174316406250e+03 5.944899490898935710e+02 1.135397073885822783e+00
1.522662048339843750e+03 5.943543775524309467e+02 1.136160015156306269e+00
1.522682861328125000e+03 5.941632119124717519e+02 1.137718783287940294e+00
1.522703674316406250e+03 5.931014082867493471e+02 1.138700350737423372e+00
1.522724548339843750e+03 5.947720471712246990e+02 1.135843733284894297e+00
1.522745361328125000e+03 5.935126841274496883e+02 1.134611713522849508e+00
1.522766174316406250e+03 5.938438101015532311e+02 1.135607356352726915e+00
1.522787048339843750e+03 5.916399148004178414e+02 1.136641876662601636e+00
1.522807861328125000e+03 5.945509230718121216e+02 1.135790941105482510e+00
1.522828674316406250e+03 5.935739155279784427e+02 1.136809460143820782e+00
1.522849548339843750e+03 5.935118478457726496e+02 1.134494663789185731e+00
1.522870361328125000e+03 5.937632326223066457e+02 1.133333546741315923e+00
1.522891174316406250e+03 5.936319031285993333e+02 1.134416221100896571e+00
1.522912048339843750e+03 5.933918998924463040e+02 1.135052222928407462e+00
1.522932861328125000e+03 5.938045803642827423e+02 1.135031585253875486e+00
1.522953674316406250e+03 5.931880492837037764e+02 1.139317638566643254e+00
1.522974548339843750e+03 5.944977181997824118e+02 1.135558962290141638e+00
1.522995361328125000e+03 5.930534205765309252e+02 1.135646825905030743e+00
1.523016174316406250e+03 5.942916974711667990e+02 1.136505946004932044e+00
1.523037048339843750e+03 5.943103770440120570e+02 1.144594574826674815e+00
1.523057861328125000e+03 5.930259596560715636e+02 1.134176393467668964e+00
1.523078674316406250e+03 5.927919823352907542e+02 1.134393575216750882e+00
1.523099548339843750e+03 5.930845011728980580e+02 1.139955297898683106e+00
1.523120361328125000e+03 5.942615720560706905e+02 1.134743353777792008e+00
1.523141174316406250e+03 5.946929207078576383e+02 1.135133982241105288e+00
1.523162048339843750e+03 5.944455632266004841e+02 1.136807100723097763e+00
1.523182861328125000e+03 5.940853127088280417e+02 1.136794674359812518e+00
1.523203674316406250e+03 5.940864574167496812e+02 1.135952248667767339e+00
1.523224548339843750e+03 5.930974633118659085e+02 1.135239940270277526e+00
1.523245361328125000e+03 5.943316672517966026e+02 1.136958722874245931e+00
1.523266174316406250e+03 5.945865242362234540e+02 1.137458324716925429e+00
1.523287048339843750e+03 5.932507369793821681e+02 1.134537114100766075e+00
1.523307861328125000e+03 5.928184538082068684e+02 1.135907909737266630e+00
1.523328674316406250e+03 5.949611237452273826e+02 1.144193423672123844e+00
1.523349548339843750e+03 5.941056035350862885e+02 1.142005920588549994e+00
1.523370361328125000e+03 5.943497865234066921e+02 1.146143536048664036e+00
1.523391174316406250e+03 5.944203186982662146e+02 1.136708262811374270e+00
1.523412048339843750e+03 5.933335817538979882e+02 1.137950897977672460e+00
1.523432861328125000e+03 5.938296865610730038e+02 1.138119912217324892e+00
1.523453674316406250e+03 5.934042070520818015e+02 1.137089619650027750e+00
1.523474548339843750e+03 5.933874787634121049e+02 1.134334304962354878e+00
1.523495361328125000e+03 5.951149985995403995e+02 1.135090714077055640e+00
1.523516174316406250e+03 5.929643530078209324e+02 1.135172103067532134e+00
1.523537048339843750e+03 5.940629397893005716e+02 1.134738678866681116e+00
1.523557861328125000e+03 5.936278071897779682e+02 1.136401994231212020e+00
1.523578674316406250e+03 5.947475047609625562e+02 1.136500858778152878e+00
1.523599548339843750e+03 5.931573867247702765e+02 1.135801541720104835e+00
1.523620361328125000e+03 5.944590117991709803e+02 1.134121421445895450e+00
1.523662048339843750e+03 5.932131171540230525e+02 1.134140026042181226e+00
1.523682861328125000e+03 5.931399818446597010e+02 1.147169230291481989e+00
1.523703674316406250e+03 5.946639965376434702e+02 1.135095702602413770e+00
1.523724548339843750e+03 5.939673875443883162e+02 1.135684247232310984e+00
1.523745361328125000e+03 5.957778108273267890e+02 1.136109126373480827e+00
1.523766174316406250e+03 5.920894725574624999e+02 1.137329461864427849e+00
1.523787048339843750e+03 5.934463652053603937e+02 1.134418743120342077e+00
1.523807861328125000e+03 5.941542334852033491e+02 1.134778493785276288e+00
1.523828674316406250e+03 5.937006487249062729e+02 1.136940741082630213e+00
1.523849548339843750e+03 5.943560835866385332e+02 1.134620066251384118e+00
1.523870361328125000e+03 5.935962372395092643e+02 1.136129849400360659e+00
1.523891174316406250e+03 5.938334524686608802e+02 1.136991382952055041e+00
1.523912048339843750e+03 5.936769601098799285e+02 1.136379020760174274e+00
1.523932861328125000e+03 5.923258926277513865e+02 1.134649379114034851e+00
1.523953674316406250e+03 5.945631983904540903e+02 1.138390167617826298e+00
1.523974548339843750e+03 5.935128601517479865e+02 1.133649950586369304e+00
1.523995361328125000e+03 5.919841979904867912e+02 1.140112043027942335e+00
1.524016174316406250e+03 5.946600465489043472e+02 1.136681572479852909e+00
1.524037048339843750e+03 5.949626273655180739e+02 1.134306192544376035e+00
1.524057861328125000e+03 5.926150069010354855e+02 1.136233091658715111e+00
1.524078674316406250e+03 5.941491068529744553e+02 1.137047998520705150e+00
1.524099548339843750e+03 5.944011499623967438e+02 1.136306163461532348e+00
1.524120361328125000e+03 5.931262554951736092e+02 1.134354114602926566e+00
1.524141174316406250e+03 5.938944531396796265e+02 1.134949555977554203e+00
1.524162048339843750e+03 5.939059813600150619e+02 1.135347620879936459e+00
1.524182861328125000e+03 5.943157833462926192e+02 1.134661093540901611e+00
1.524203674316406250e+03 5.921192452708822884e+02 1.136726877504637301e+00
1.524224548339843750e+03 5.934835501771379995e+02 1.135759138667970403e+00
1.524245361328125000e+03 5.945401795943419074e+02 1.137672522320688717e+00
1.524266174316406250e+03 5.927013067515269995e+02 1.134797928000714329e+00
1.524287048339843750e+03 5.940160787594545582e+02 1.135234007302082127e+00
1.524307861328125000e+03 5.944568539160607088e+02 1.136558180542007301e+00
1.524328674316406250e+03 5.951743859266547361e+02 1.137612113038827477e+00
1.524349548339843750e+03 5.952829612656479412e+02 1.135371192698114928e+00
1.524370361328125000e+03 5.924549115606287160e+02 1.135818964297523159e+00
1.524391174316406250e+03 5.940078940401461978e+02 1.138035277297526182e+00
1.524412048339843750e+03 5.949481708289313246e+02 1.136456226564873662e+00
1.524432861328125000e+03 5.944883832966880846e+02 1.143251764976395357e+00
1.524453674316406250e+03 5.940209157864868530e+02 1.133982192617872808e+00
1.524474548339843750e+03 5.941953355833591104e+02 1.135272492287373591e+00
1.524495361328125000e+03 5.934837550314215378e+02 1.134113170157193373e+00
1.524516174316406250e+03 5.927136401260947878e+02 1.139041794744407365e+00
1.524537048339843750e+03 5.949247917267286994e+02 1.134731062397216661e+00
1.524557861328125000e+03 5.943619274239244987e+02 1.136760592919469515e+00
1.524578674316406250e+03 5.940886828619654807e+02 1.133707416495965514e+00
1.524599548339843750e+03 5.932725274845677177e+02 1.136800074863498544e+00
1.524620361328125000e+03 5.932846673452322648e+02 1.134955753018510594e+00
1.524641174316406250e+03 5.940219863514031431e+02 1.135231854624539904e+00
1.524662048339843750e+03 5.925765414050240452e+02 1.135633966959526786e+00
1.524682861328125000e+03 5.931512161515883008e+02 1.134901291424302849e+00
1.524703674316406250e+03 5.940899849111074218e+02 1.134787423060726441e+00
1.524724548339843750e+03 5.925908461150922903e+02 1.133739013618644265e+00
1.524745361328125000e+03 5.932520365631900177e+02 1.134220116920977128e+00
1.524766174316406250e+03 5.933069189785430808e+02 1.140174515483643791e+00
1.524787048339843750e+03 5.939220478837207793e+02 1.137374059810683846e+00
1.524807861328125000e+03 5.940749340338242064e+02 1.134545099625442921e+00
1.524828674316406250e+03 5.931302939200444371e+02 1.134127623011901287e+00
1.524849548339843750e+03 5.922205212760121640e+02 1.136882442473073018e+00
1.524870361328125000e+03 5.936124105548148009e+02 1.137901294054535439e+00
1.524891174316406250e+03 5.950638855017407423e+02 1.134494401096669103e+00
1.524912048339843750e+03 5.929167580265722108e+02 1.133851042243648966e+00
1.524932861328125000e+03 5.934514195090596331e+02 1.133782123081153559e+00
1.524953674316406250e+03 5.941181786058436955e+02 1.138753165063741024e+00
1.524974548339843750e+03 5.935299587309510798e+02 1.137851740352437746e+00
1.524995361328125000e+03 5.940908918541293815e+02 1.140722035500189691e+00
1.525016174316406250e+03 5.934402425447623273e+02 1.136053670743622401e+00
1.525037048339843750e+03 5.923540357305067801e+02 1.133758413079621219e+00
1.525057861328125000e+03 5.930854426843432066e+02 1.134421843094895799e+00
1.525078674316406250e+03 5.935749151800561094e+02 1.141371391333295016e+00
1.525099548339843750e+03 5.936593587764963331e+02 1.134892940765564795e+00
1.525120361328125000e+03 5.923562504993941502e+02 1.133936988190007211e+00
1.525141174316406250e+03 5.933396766258771322e+02 1.137592098154719844e+00
1.525162048339843750e+03 5.935960019996385881e+02 1.137794588530008477e+00
1.525182861328125000e+03 5.938641231149086934e+02 1.135514240563616273e+00
1.525203674316406250e+03 5.955427431401415106e+02 1.135784276311969654e+00
1.525224548339843750e+03 5.939673937172656224e+02 1.133842105593978022e+00
1.525245361328125000e+03 5.934675596528579717e+02 1.135267504538854277e+00
1.525266174316406250e+03 5.942151668404169413e+02 1.137088780952134837e+00
1.525287048339843750e+03 5.941444094988964935e+02 1.134772190725008345e+00
1.525307861328125000e+03 5.935952075249206246e+02 1.145716811526592105e+00
1.525328674316406250e+03 5.946035777261349722e+02 1.135987141402097222e+00
1.525349548339843750e+03 5.940914027977407841e+02 1.135298953239330055e+00
1.525370361328125000e+03 5.933658794425925862e+02 1.134375342587085722e+00
1.525391174316406250e+03 5.935515324536922890e+02 1.133945083068847559e+00
1.525412048339843750e+03 5.936278350288384900e+02 1.138165840786177885e+00
1.525432861328125000e+03 5.935552195843049503e+02 1.136634587583816858e+00
1.525453674316406250e+03 5.929881687639264101e+02 1.134529128519881969e+00
1.525474548339843750e+03 5.931320040156884943e+02 1.136597040221606125e+00
1.525495361328125000e+03 5.936224519041613803e+02 1.134773136186280285e+00
1.525516174316406250e+03 5.937304154070742470e+02 1.135881043176369065e+00
1.525537048339843750e+03 5.937382337726162405e+02 1.133686544036756505e+00
1.525557861328125000e+03 5.928562940740181375e+02 1.134473700735106005e+00
1.525578674316406250e+03 5.939737820053874202e+02 1.134578091855269477e+00
1.525599548339843750e+03 5.932564412107000180e+02 1.137989291082052157e+00
1.525620361328125000e+03 5.943881021871239909e+02 1.137180929183321476e+00
1.525641174316406250e+03 5.942327277856643377e+02 1.136463516787634909e+00
1.525662048339843750e+03 5.929063518372621502e+02 1.136496086204492828e+00
1.525682861328125000e+03 5.943255030482791881e+02 1.142218221728752869e+00
1.525703674316406250e+03 5.923262054911027690e+02 1.134216070470234206e+00
1.525724548339843750e+03 5.939439213508532021e+02 1.138683443354212566e+00
1.525745361328125000e+03 5.943165711854312576e+02 1.133394026299871626e+00
1.525766174316406250e+03 5.940975548839269322e+02 1.133953808652751638e+00
1.525787048339843750e+03 5.932848787148509473e+02 1.135177038728312882e+00
1.525807861328125000e+03 5.929796574882579989e+02 1.134544469191327787e+00
1.525828674316406250e+03 5.941121965326690315e+02 1.140536788246761635e+00
1.525849548339843750e+03 5.927383224063760281e+02 1.132779351111165456e+00
1.525870361328125000e+03 5.940830619259223795e+02 1.135970928219748544e+00
1.525891174316406250e+03 5.932048769658439369e+02 1.133447298228968725e+00
1.525912048339843750e+03 5.935256581093939303e+02 1.134271405746806405e+00
1.525932861328125000e+03 5.934824297921788911e+02 1.140741472960200786e+00
1.525953674316406250e+03 5.948875026444047762e+02 1.135324941073984295e+00
1.525974487304687500e+03 5.934748375742867665e+02 1.134157421589172765e+00
1.525995300292968750e+03 5.925524480991626888e+02 1.142665761863442153e+00
1.526016174316406250e+03 5.932836959943750799e+02 1.134956960912383739e+00
1.526036987304687500e+03 5.941741144523625735e+02 1.133815032372417875e+00
1.526057800292968750e+03 5.926137105081694472e+02 1.133930102241092142e+00
1.526078674316406250e+03 5.935905970186137210e+02 1.135069604495495543e+00
1.526099487304687500e+03 5.934701005811036794e+02 1.134722710485728259e+00
1.526120300292968750e+03 5.938964750848230096e+02 1.133555043964270093e+00
1.526141174316406250e+03 5.924907584500397206e+02 1.133785382510446915e+00
1.526161987304687500e+03 5.954061421713028039e+02 1.136579996666055692e+00
1.526182800292968750e+03 5.930157032021426176e+02 1.134406710935469409e+00
1.526203674316406250e+03 5.932456845342171619e+02 1.134955175329682042e+00
1.526224487304687500e+03 5.923538476758321849e+02 1.133880953223381338e+00
1.526245300292968750e+03 5.933943218196804992e+02 1.133685492517309212e+00
1.526266174316406250e+03 5.929971827362812746e+02 1.135187382543526580e+00
1.526286987304687500e+03 5.938158361695694794e+02 1.136044856354454957e+00
1.526307800292968750e+03 5.938029307114113635e+02 1.135212900385097257e+00
1.526328674316406250e+03 5.936420221224483385e+02 1.133317137817526632e+00
1.526349487304687500e+03 5.929052951183978166e+02 1.136424285397287237e+00
1.526370300292968750e+03 5.944204714931096305e+02 1.136515123933789395e+00
1.526391174316406250e+03 5.936749689275590072e+02 1.136874420937615593e+00
1.526411987304687500e+03 5.937256794335622772e+02 1.134792202820478213e+00
1.526432800292968750e+03 5.938844711946430834e+02 1.135954609864050280e+00
1.526453674316406250e+03 5.956700574224261118e+02 1.134593589466449393e+00
1.526474487304687500e+03 5.937022941699179910e+02 1.137385379340168923e+00
1.526495300292968750e+03 5.942473980383308572e+02 1.134893781086205644e+00
1.526516174316406250e+03 5.938647995874716798e+02 1.134108913099418858e+00
1.526536987304687500e+03 5.938405171394389299e+02 1.134822509180278827e+00
1.526557800292968750e+03 5.924655851668507012e+02 1.134119056432978168e+00
1.526578674316406250e+03 5.936590925243510810e+02 1.136754877624047477e+00
1.526599487304687500e+03 5.927941355134953483e+02 1.136438027027693698e+00
1.526620300292968750e+03 5.929870015739193150e+02 1.137206192638698932e+00
1.526641174316406250e+03 5.927201283876000844e+02 1.134141550134001752e+00
1.526661987304687500e+03 5.948622498060020689e+02 1.134392156550028341e+00
1.526682800292968750e+03 5.918766328978562115e+02 1.133637542194216197e+00
1.526703674316406250e+03 5.937001842302853447e+02 1.135132196936861293e+00
1.526724487304687500e+03 5.929417165292622940e+02 1.134909379425133258e+00
1.526745300292968750e+03 5.926796573302353863e+02 1.134562121214136576e+00
1.526786987304687500e+03 5.938576797026345275e+02 1.136014687540580326e+00
1.526807800292968750e+03 5.953401793829305007e+02 1.143166884316657583e+00
1.526828674316406250e+03 5.939806688711643119e+02 1.133324868974679545e+00
1.526849487304687500e+03 5.939509974086869306e+02 1.137529955459042119e+00
1.526870300292968750e+03 5.932714893384976449e+02 1.134320012380840792e+00
1.526891174316406250e+03 5.944335069784864345e+02 1.134238824999089346e+00
1.526911987304687500e+03 5.945756116137449681e+02 1.136600396460887286e+00
1.526932800292968750e+03 5.937220577657407148e+02 1.133917802045077083e+00
1.526953674316406250e+03 5.941028546779557473e+02 1.134415643137317353e+00
1.526974487304687500e+03 5.934302235180645084e+02 1.135738513838910224e+00
1.526995300292968750e+03 5.946431192374453758e+02 1.141219728701377667e+00
1.527016174316406250e+03 5.940377279473772205e+02 1.136249563387040862e+00
1.527036987304687500e+03 5.937033781561133310e+02 1.134652741114388741e+00
1.527057800292968750e+03 5.934344088969593258e+02 1.139077430072576114e+00
1.527078674316406250e+03 5.939556683352687969e+02 1.135944010677857996e+00
1.527099487304687500e+03 5.928470516745995837e+02 1.136737941304651889e+00
1.527120300292968750e+03 5.942219783850432577e+02 1.136397116341267166e+00
1.527141174316406250e+03 5.930468140196991271e+02 1.134036277873589960e+00
1.527161987304687500e+03 5.934372946177292079e+02 1.141780163815256710e+00
1.527182800292968750e+03 5.945024146214550456e+02 1.139042998305252796e+00
1.527203674316406250e+03 5.935439025603562868e+02 1.136573546269134427e+00
1.527224487304687500e+03 5.928288156238722877e+02 1.136958827723508980e+00
1.527245300292968750e+03 5.940535863905855649e+02 1.137788773655739272e+00
1.527266174316406250e+03 5.942086706352124565e+02 1.135690545230683579e+00
1.527286987304687500e+03 5.922429803176106589e+02 1.134817466930443164e+00
1.527307800292968750e+03 5.935189444772987599e+02 1.136521469772688642e+00
1.527328674316406250e+03 5.930749783811551197e+02 1.142090209073664209e+00
1.527349487304687500e+03 5.934639231432042834e+02 1.135405525829474849e+00
1.527370300292968750e+03 5.934511758901867324e+02 1.134858854735069311e+00
1.527391174316406250e+03 5.932572233315700032e+02 1.134337878079594963e+00
1.527411987304687500e+03 5.931764178591483869e+02 1.136875888935263701e+00
1.527432800292968750e+03 5.941311947926099037e+02 1.142934420859498479e+00
1.527453674316406250e+03 5.925528090768320908e+02 1.139030805651785272e+00
1.527474487304687500e+03 5.937752193526930569e+02 1.135148894672757036e+00
1.527495300292968750e+03 5.942825849994917462e+02 1.137386060604552940e+00
1.527516174316406250e+03 5.941841908337987661e+02 1.138198989901499258e+00
1.527536987304687500e+03 5.930481506103493530e+02 1.139356351815945079e+00
1.527557800292968750e+03 5.918868779310512309e+02 1.134282493497511313e+00
1.527578674316406250e+03 5.942855930013566876e+02 1.136304379998960501e+00
1.527599487304687500e+03 5.928301129515002685e+02 1.133975044130627996e+00
1.527620300292968750e+03 5.932329162113813936e+02 1.137856716773064880e+00
1.527641174316406250e+03 5.934197919076258358e+02 1.135349248348589857e+00
1.527661987304687500e+03 5.942725256723033453e+02 1.138410901479604220e+00
1.527682800292968750e+03 5.942435260239331001e+02 1.133963007237781317e+00
1.527703674316406250e+03 5.942194042673364720e+02 1.135110037926946758e+00
1.527724487304687500e+03 5.925403661072216437e+02 1.133983348986575157e+00
1.527745300292968750e+03 5.949181951450834731e+02 1.134188270437834767e+00
1.527766174316406250e+03 5.928397137879699130e+02 1.138658055635481059e+00
1.527786987304687500e+03 5.945922173814144571e+02 1.134912740655277252e+00
1.527807800292968750e+03 5.935550909754986151e+02 1.136652941289985952e+00
1.527828674316406250e+03 5.942258962840525101e+02 1.135425684248552614e+00
1.527849487304687500e+03 5.932147027523076304e+02 1.135591767601118462e+00
1.527870300292968750e+03 5.941824102101353446e+02 1.143801094956731879e+00
1.527891174316406250e+03 5.942400463461937079e+02 1.135887025239061821e+00
1.527911987304687500e+03 5.928581774227584447e+02 1.133927579134838437e+00
1.527932800292968750e+03 5.950420300769217192e+02 1.135561954173777144e+00
1.527953674316406250e+03 5.938487610481819274e+02 1.134258846504903273e+00
1.527974487304687500e+03 5.931438013780034453e+02 1.136897069833203711e+00
1.527995300292968750e+03 5.934328368165616894e+02 1.140391129856006991e+00
1.528016174316406250e+03 5.922733971429781832e+02 1.135378017409347962e+00
1.528036987304687500e+03 5.944668175013206337e+02 1.137879712792038145e+00
1.528057800292968750e+03 5.932574143871181604e+02 1.134027973405258294e+00
1.528078674316406250e+03 5.921347662503657148e+02 1.135608458579588920e+00
1.528099487304687500e+03 5.935167048131623915e+02 1.141912334815215591e+00
1.528120300292968750e+03 5.931004623454838338e+02 1.135956761171946328e+00
1.528141174316406250e+03 5.949256200072276215e+02 1.134984479537583191e+00
1.528161987304687500e+03 5.945375615013226707e+02 1.138058636326264583e+00
1.528182800292968750e+03 5.950136129054499179e+02 1.135029432192423027e+00
1.528203674316406250e+03 5.930532026697740093e+02 1.133636595785850520e+00
1.528224487304687500e+03 5.934094672510265127e+02 1.137642029918462416e+00
1.528245300292968750e+03 5.939924349438073250e+02 1.134556867664625157e+00
1.528266174316406250e+03 5.934905528093186149e+02 1.134883066951426489e+00
1.528286987304687500e+03 5.932133373196065804e+02 1.138889089186322590e+00
1.528307800292968750e+03 5.942434727928745133e+02 1.135103579176763855e+00
1.528328674316406250e+03 5.931415158088969974e+02 1.135549671653870440e+00
1.528349487304687500e+03 5.933935514743209296e+02 1.137014501316460091e+00
1.528370300292968750e+03 5.942820066985706262e+02 1.136463149655232874e+00
1.528391174316406250e+03 5.937532843767413624e+02 1.134313338944710647e+00
1.528411987304687500e+03 5.952937213213654104e+02 1.136337530963321685e+00
1.528432800292968750e+03 5.943479450382272944e+02 1.134864106886612323e+00
1.528453674316406250e+03 5.941314272151820433e+02 1.135098695707105421e+00
1.528474487304687500e+03 5.950690307617187500e+02 1.135251648603265995e+00
1.528495300292968750e+03 5.933314425185418486e+02 1.135031112630979777e+00
1.536474365234375000e+03 5.932522900242910282e+02 1.133846994475759873e+00
1.536495178222656250e+03 5.941133661808646593e+02 1.131268257710351888e+00
1.536516052246093750e+03 5.952463744912533912e+02 1.140495920062763568e+00
1.536536865234375000e+03 5.945712083431964174e+02 1.131822087332347460e+00
1.536578552246093750e+03 5.933554125815586531e+02 1.134459514990036277e+00
1.536599365234375000e+03 5.949344926046962883e+02 1.131753465940823711e+00
1.536620178222656250e+03 5.939722610598388428e+02 1.133224254622872129e+00
1.536641052246093750e+03 5.942040632857676883e+02 1.132423281397345827e+00
1.536661865234375000e+03 5.928074948176697490e+02 1.132109167183086962e+00
1.536682678222656250e+03 5.924477856070087682e+02 1.134057879718399331e+00
1.536703552246093750e+03 5.932364117630178271e+02 1.134201040669654770e+00
1.536724365234375000e+03 5.926693104659030951e+02 1.131454126898899126e+00
1.536745178222656250e+03 5.925458765065905027e+02 1.132221936158366749e+00
1.536766052246093750e+03 5.953902482356240853e+02 1.132683740072540912e+00
1.536786865234375000e+03 5.932068901303081248e+02 1.132162710155857344e+00
1.536807678222656250e+03 5.941220070895049048e+02 1.133404964866689069e+00
1.536828552246093750e+03 5.937375677676807300e+02 1.132559544174777333e+00
1.536849365234375000e+03 5.936878549943177177e+02 1.131668091540406262e+00
1.536870178222656250e+03 5.933409552628839947e+02 1.138803726335839706e+00
1.536891052246093750e+03 5.938185444378704005e+02 1.135761237866212747e+00
1.536911865234375000e+03 5.932819586227650461e+02 1.131276951252782714e+00
1.536932678222656250e+03 5.937521322997603193e+02 1.134908434077361639e+00
1.536953552246093750e+03 5.939707227962293246e+02 1.134772085673707132e+00
1.536974365234375000e+03 5.937402064581267496e+02 1.136619799524968721e+00
1.536995178222656250e+03 5.939322143487938774e+02 1.131914137738144310e+00
1.537016052246093750e+03 5.934817297431739007e+02 1.131509544568298331e+00
1.537036865234375000e+03 5.937982131776927872e+02 1.133679498837835142e+00
1.537057678222656250e+03 5.942788194528715167e+02 1.131431685131365716e+00
1.537078552246093750e+03 5.928284954962080064e+02 1.136131423285692277e+00
1.537099365234375000e+03 5.943139277614664024e+02 1.133150195069425159e+00
1.537120178222656250e+03 5.940603184283230576e+02 1.135399226250115134e+00
1.537141052246093750e+03 5.936039687295748308e+02 1.135652284352162367e+00
1.537161865234375000e+03 5.926501209533015526e+02 1.136859531140063995e+00
1.537182678222656250e+03 5.929501984161382779e+02 1.132498599003141981e+00
1.537203552246093750e+03 5.931264988871864716e+02 1.134402507522028314e+00
1.537224365234375000e+03 5.945374746294114630e+02 1.136188868608221769e+00
1.537245178222656250e+03 5.933231522516142604e+02 1.131687631838896202e+00
1.537266052246093750e+03 5.937572258313638258e+02 1.132833862103268752e+00
1.537286865234375000e+03 5.946546704435033917e+02 1.135162336696786012e+00
1.537307678222656250e+03 5.937474342698122882e+02 1.132081999868638000e+00
1.537328552246093750e+03 5.935272474552039057e+02 1.132207037820052609e+00
1.537349365234375000e+03 5.926996570752595517e+02 1.131745671383024954e+00
1.537370178222656250e+03 5.942516517336807738e+02 1.134191265937219084e+00
1.537391052246093750e+03 5.936640339910907187e+02 1.132151022525341277e+00
1.537411865234375000e+03 5.946637628849869088e+02 1.131991858682236174e+00
1.537432678222656250e+03 5.929494906988541061e+02 1.139115471255766954e+00
1.537453552246093750e+03 5.936026291079629118e+02 1.132238518883900813e+00
1.537474365234375000e+03 5.934219385251119547e+02 1.136288538532083114e+00
1.537495178222656250e+03 5.947261286063096577e+02 1.136414057740079420e+00
1.537516052246093750e+03 5.940471416132835429e+02 1.135555393015142078e+00
1.537536865234375000e+03 5.930938372864474104e+02 1.132984858587624100e+00
1.537557678222656250e+03 5.932767812959818912e+02 1.131997703334244321e+00
1.537578552246093750e+03 5.947366493621905192e+02 1.133540268312720700e+00
1.537599365234375000e+03 5.942988374402154932e+02 1.139440993230379284e+00
1.537620178222656250e+03 5.941686348811639391e+02 1.137281769998683245e+00
1.537641052246093750e+03 5.937388696698441208e+02 1.137858654952051518e+00
1.537661865234375000e+03 5.939168475910825009e+02 1.132413386049589521e+00
1.537682678222656250e+03 5.934568169201520504e+02 1.133583805979170966e+00
1.537703552246093750e+03 5.937439451255598897e+02 1.133664829962286680e+00
1.537724365234375000e+03 5.940465584828062902e+02 1.131819980828121741e+00
1.537745178222656250e+03 5.935078141641057528e+02 1.132244467548474409e+00
1.537766052246093750e+03 5.931246892374209665e+02 1.134199043688154829e+00
1.537786865234375000e+03 5.931973404235910721e+02 1.137074942347587880e+00
1.537807678222656250e+03 5.929032085753502770e+02 1.131755730565795703e+00
1.537828552246093750e+03 5.952365936076430444e+02 1.135411982862045255e+00
1.537849365234375000e+03 5.936662361840596986e+02 1.132194508323699944e+00
1.537870178222656250e+03 5.934198421599522817e+02 1.132689212798829725e+00
1.537891052246093750e+03 5.939253119272933645e+02 1.134407183818506804e+00
1.537911865234375000e+03 5.945504049608761079e+02 1.135415657579632809e+00
1.537932678222656250e+03 5.926443598843117115e+02 1.131929145246737045e+00
1.537953491210937500e+03 5.925168722208866257e+02 1.132409227872336999e+00
1.537974304199218750e+03 5.949872258752009202e+02 1.135422849492495612e+00
1.537995178222656250e+03 5.928617974911473993e+02 1.134778283683831601e+00
1.538015991210937500e+03 5.923781923505299574e+02 1.135051015135909891e+00
1.538036804199218750e+03 5.939093479620670450e+02 1.131987593646860635e+00
1.538057678222656250e+03 5.932421059199887168e+02 1.134117584866896067e+00
1.538078491210937500e+03 5.923887338595092160e+02 1.131847628384132110e+00
1.538099304199218750e+03 5.947592250427212548e+02 1.132903575524617290e+00
1.538120178222656250e+03 5.932842998618961019e+02 1.136730547971554817e+00
1.538140991210937500e+03 5.940342770545329358e+02 1.132518546013626892e+00
1.538161804199218750e+03 5.925844574565066978e+02 1.131695637470225835e+00
1.538182678222656250e+03 5.944821661754705246e+02 1.132462019799269859e+00
1.538203491210937500e+03 5.938838089319669962e+02 1.133601525540964161e+00
1.538224304199218750e+03 5.942530060193341797e+02 1.131961845128986566e+00
1.538245178222656250e+03 5.945533670497218282e+02 1.134067392809087194e+00
1.538265991210937500e+03 5.957405925297171052e+02 1.134531492677974374e+00
1.538286804199218750e+03 5.941576848932051007e+02 1.144533385186921493e+00
1.538307678222656250e+03 5.935095805308952777e+02 1.131654397329600936e+00
1.538328491210937500e+03 5.946139194655455640e+02 1.136067521788427959e+00
1.538349304199218750e+03 5.935850664760955624e+02 1.133123631337134007e+00
1.538370178222656250e+03 5.933491762311084585e+02 1.132303478713950984e+00
1.538390991210937500e+03 5.927842817334416168e+02 1.132172712987056018e+00
1.538411804199218750e+03 5.931028177000471260e+02 1.135144011398049102e+00
1.538432678222656250e+03 5.948706240321060932e+02 1.131925722499134590e+00
1.538453491210937500e+03 5.937739924568523975e+02 1.132423281397345827e+00
1.538474304199218750e+03 5.947596674901024016e+02 1.134949083320499152e+00
1.538495178222656250e+03 5.942115602632156879e+02 1.134210605111249270e+00
1.538515991210937500e+03 5.936085801475862809e+02 1.135470619436341755e+00
1.538536804199218750e+03 5.942285574102637611e+02 1.133171813805780248e+00
1.538557678222656250e+03 5.931253650153787476e+02 1.132382173029756522e+00
1.538578491210937500e+03 5.939287589723253404e+02 1.132841491328240746e+00
1.538599304199218750e+03 5.931453049486019609e+02 1.132628800855085105e+00
1.538620178222656250e+03 5.942596673050967411e+02 1.136198049098352536e+00
1.538640991210937500e+03 5.941279114093970293e+02 1.133275746303623155e+00
1.538661804199218750e+03 5.945075496013868133e+02 1.136891722217991507e+00
1.538682678222656250e+03 5.941689961027011577e+02 1.134450688214689862e+00
1.538703491210937500e+03 5.930765571424407199e+02 1.133851883336462141e+00
1.538724304199218750e+03 5.929846109767695452e+02 1.136781828398436334e+00
1.538745178222656250e+03 5.929761841634672237e+02 1.136895549435359420e+00
1.538765991210937500e+03 5.944396887886446166e+02 1.134330626741674619e+00
1.538786804199218750e+03 5.923386417771746437e+02 1.131330375555874346e+00
1.538807678222656250e+03 5.935641424564005320e+02 1.132141230093365758e+00
1.538828491210937500e+03 5.935923785712880090e+02 1.132350222217859637e+00
1.538849304199218750e+03 5.938488769827292799e+02 1.132073523111885693e+00
1.538870178222656250e+03 5.944934315862510630e+02 1.133193011339008738e+00
1.538890991210937500e+03 5.939986455053773398e+02 1.134171611112700928e+00
1.538911804199218750e+03 5.945688195962308100e+02 1.132761250356061344e+00
1.538932678222656250e+03 5.920560033078141942e+02 1.132870429300741000e+00
1.538953491210937500e+03 5.939536551026236566e+02 1.133461128537587070e+00
1.538974304199218750e+03 5.927529571890876241e+02 1.131987804266268771e+00
1.538995178222656250e+03 5.942823838547607238e+02 1.132560965137063613e+00
1.539015991210937500e+03 5.941887476518326139e+02 1.133844839164884322e+00
1.539036804199218750e+03 5.933658451341766522e+02 1.135754205536828376e+00
1.539057678222656250e+03 5.941521266001753929e+02 1.133034940781823652e+00
1.539078491210937500e+03 5.942149925545326141e+02 1.139473582160298815e+00
1.539099304199218750e+03 5.950074360458851288e+02 1.135280472639425220e+00
1.539120178222656250e+03 5.925659048024488129e+02 1.131471405702999977e+00
1.539140991210937500e+03 5.930109505955816758e+02 1.132663269736899236e+00
1.539161804199218750e+03 5.917961493491117153e+02 1.131797177668947274e+00
1.539182678222656250e+03 5.945849568414338364e+02 1.132150759289030306e+00
1.539203491210937500e+03 5.940788451009602795e+02 1.132846331913305526e+00
1.539224304199218750e+03 5.940045227991466845e+02 1.132490967468215537e+00
1.539245178222656250e+03 5.952855452710902000e+02 1.134498026248027092e+00
1.539265991210937500e+03 5.930011284183004818e+02 1.135881410496915933e+00
1.539286804199218750e+03 5.929244140564284180e+02 1.131341334075451455e+00
1.539307678222656250e+03 5.927195548603624502e+02 1.136666155774923581e+00
1.539328491210937500e+03 5.935979382377349793e+02 1.131739878095829654e+00
1.539349304199218750e+03 5.945065812199142101e+02 1.141585115782538962e+00
1.539370178222656250e+03 5.936667548819816602e+02 1.132276895117308113e+00
1.539390991210937500e+03 5.937762054890283707e+02 1.133216733170296253e+00
1.539411804199218750e+03 5.934651578668124330e+02 1.133862239240589487e+00
1.539432678222656250e+03 5.939990902057486437e+02 1.132074944684217765e+00
1.539453491210937500e+03 5.928988467006330438e+02 1.134432666668439893e+00
1.539474304199218750e+03 5.933253805832556509e+02 1.134804125869694369e+00
1.539495178222656250e+03 5.912785003313647394e+02 1.134149433334862289e+00
1.539515991210937500e+03 5.943873112225061277e+02 1.132861853215054948e+00
1.539536804199218750e+03 5.927377264787722879e+02 1.132468914674823690e+00
1.539557678222656250e+03 5.941520626205051485e+02 1.134732270530267373e+00
1.539578430175781250e+03 5.938467602107696166e+02 1.136400945224389059e+00
1.539599304199218750e+03 5.953300485127790580e+02 1.133522127124821255e+00
1.539620117187500000e+03 5.937331083108591656e+02 1.143014677719431438e+00
1.539640930175781250e+03 5.933540759625686860e+02 1.135229596933951424e+00
1.539661804199218750e+03 5.930684360623982911e+02 1.131967426657018327e+00
1.539703430175781250e+03 5.937701340948991628e+02 1.131875643885327687e+00
1.539724304199218750e+03 5.934362537541059055e+02 1.131901131069744881e+00
1.539745117187500000e+03 5.936563105859299867e+02 1.133014582005639648e+00
1.539765930175781250e+03 5.951723546226297685e+02 1.133530382715893126e+00
1.539786804199218750e+03 5.955558579260607530e+02 1.135092972043880932e+00
1.539807617187500000e+03 5.942505947043483729e+02 1.134367355867382132e+00
1.539828430175781250e+03 5.954275412739493731e+02 1.137487878839656519e+00
1.539849304199218750e+03 5.932651715504373442e+02 1.132445335079382165e+00
1.539870117187500000e+03 5.920331101401685601e+02 1.133866286954056557e+00
1.539890930175781250e+03 5.917981848260232027e+02 1.132725363701525767e+00
1.539911804199218750e+03 5.937402433254879952e+02 1.135319376052374762e+00
1.539932617187500000e+03 5.933380292745699762e+02 1.132798293452135896e+00
1.539953430175781250e+03 5.942322247451303383e+02 1.132574911524146577e+00
1.539974304199218750e+03 5.945232342193276054e+02 1.135343315951606202e+00
1.539995117187500000e+03 5.927536384735711863e+02 1.133954754796368869e+00
1.540015930175781250e+03 5.933191947663740393e+02 1.133064136837880653e+00
1.540036804199218750e+03 5.936681345638359062e+02 1.134479637679463249e+00
1.540057617187500000e+03 5.932410889585516998e+02 1.138910651322107226e+00
1.540078430175781250e+03 5.947547450381669023e+02 1.131850472094445781e+00
1.540099304199218750e+03 5.932866162696283254e+02 1.133526438969697292e+00
1.540120117187500000e+03 5.940798921351693025e+02 1.133929944547115820e+00
1.540140930175781250e+03 5.937819070001633008e+02 1.131811607435058820e+00
1.540161804199218750e+03 5.935985774750331530e+02 1.132418491638750746e+00
1.540182617187500000e+03 5.943139439975732330e+02 1.132706051790793866e+00
1.540203430175781250e+03 5.934876780013736379e+02 1.133340225946746882e+00
1.540224304199218750e+03 5.939458270277344809e+02 1.133543002611515860e+00
1.540245117187500000e+03 5.948021928997769692e+02 1.132696369401002157e+00
1.540265930175781250e+03 5.936853301559228839e+02 1.134328104526314718e+00
1.540286804199218750e+03 5.935565924084013432e+02 1.132896051943008908e+00
1.540307617187500000e+03 5.937762981679736640e+02 1.132263682047964570e+00
1.540328430175781250e+03 5.933282613507458336e+02 1.135285250323347483e+00
1.540349304199218750e+03 5.935503106714961632e+02 1.135274907399835165e+00
1.540370117187500000e+03 5.939561017148547535e+02 1.136333439599149120e+00
1.540390930175781250e+03 5.936563316570280904e+02 1.132519388096050239e+00
1.540411804199218750e+03 5.936447501313108432e+02 1.133603102936600049e+00
1.540432617187500000e+03 5.943412820871217264e+02 1.136409284801881192e+00
1.540453430175781250e+03 5.922828350220737548e+02 1.130857372117451298e+00
1.540474304199218750e+03 5.951587384336531841e+02 1.131982802044740000e+00
1.540495117187500000e+03 5.951179081246290252e+02 1.132347221848197805e+00
1.540515930175781250e+03 5.939986775142788247e+02 1.132911677787396210e+00
1.540536804199218750e+03 5.932467405919807106e+02 1.131670250996984262e+00
1.540557617187500000e+03 5.940173515387162979e+02 1.131367465501478486e+00
1.540578430175781250e+03 5.934677536145450176e+02 1.131805182525423170e+00
1.540599304199218750e+03 5.940609988313177610e+02 1.132509230435041037e+00
1.540620117187500000e+03 5.923949248993054653e+02 1.134030443728141657e+00
1.540640930175781250e+03 5.941163621192525852e+02 1.132773300018823148e+00
1.540661804199218750e+03 5.928935976579533644e+02 1.131829249417389383e+00
1.540682617187500000e+03 5.936327564687030645e+02 1.132962710188608835e+00
1.540703430175781250e+03 5.939763013317991636e+02 1.132126067450939244e+00
1.540724304199218750e+03 5.944147531121636803e+02 1.131590506379051009e+00
1.540745117187500000e+03 5.935993943590095796e+02 1.135467994766330646e+00
1.540765930175781250e+03 5.940118866947451579e+02 1.136293521798784401e+00
1.540786804199218750e+03 5.942781002401908381e+02 1.132718575628740121e+00
1.540807617187500000e+03 5.934517115778787684e+02 1.132481072711883918e+00
1.540828430175781250e+03 5.925488895150754161e+02 1.137716425752991256e+00
1.540849304199218750e+03 5.943929618169405558e+02 1.137627621712119508e+00
1.540870117187500000e+03 5.940540738633724231e+02 1.131926880968712634e+00
1.540890930175781250e+03 5.941568772006222616e+02 1.134883066951426489e+00
1.540911804199218750e+03 5.941702526336225674e+02 1.133301622751195614e+00
1.540932617187500000e+03 5.935500283876580170e+02 1.133360526282255032e+00
1.540953430175781250e+03 5.931549197710695580e+02 1.134636876587814536e+00
1.540974243164062500e+03 5.925441837137377661e+02 1.137032272256630394e+00
1.540995056152343750e+03 5.950972950834731137e+02 1.137727270373308119e+00
1.541015930175781250e+03 5.929720770582883915e+02 1.135094757409818689e+00
1.541036743164062500e+03 5.939429388664063936e+02 1.135249495959175237e+00
1.541057556152343750e+03 5.942336111825123908e+02 1.132436966310273574e+00
1.541078430175781250e+03 5.935408137282681764e+02 1.136281142274899736e+00
1.541099243164062500e+03 5.927657977212795686e+02 1.131415143261872203e+00
1.541120056152343750e+03 5.939889497965045848e+02 1.139612558514322194e+00
1.541140930175781250e+03 5.941647806527114426e+02 1.131984487006039597e+00
1.541161743164062500e+03 5.942458015092452115e+02 1.137021525851080073e+00
1.541182556152343750e+03 5.937036811442784483e+02 1.133918064871173303e+00
1.541203430175781250e+03 5.939411948946510620e+02 1.133378144154363776e+00
1.541224243164062500e+03 5.935140917874192610e+02 1.130946391551093333e+00
1.541245056152343750e+03 5.940432074915069052e+02 1.135098695707105421e+00
1.541265930175781250e+03 5.924363485456349281e+02 1.132305268478231319e+00
1.541286743164062500e+03 5.950868387824937145e+02 1.134726177324374641e+00
1.541307556152343750e+03 5.945128461589587232e+02 1.132019028159982899e+00
1.541328430175781250e+03 5.929891745419569133e+02 1.135218728453633696e+00
1.541349243164062500e+03 5.934423340104834779e+02 1.132666585009165727e+00
1.541370056152343750e+03 5.945300139030936180e+02 1.132862326742951842e+00
1.541390930175781250e+03 5.948781486932947473e+02 1.131636857963720599e+00
1.541411743164062500e+03 5.941948244682195082e+02 1.131790278701166219e+00
1.541432556152343750e+03 5.930915735449592603e+02 1.134296681456447908e+00
1.541453430175781250e+03 5.940644405171610742e+02 1.135109092746288795e+00
1.541474243164062500e+03 5.944842440416754243e+02 1.137524034434847175e+00
1.541495056152343750e+03 5.944928348738603745e+02 1.135899409058205078e+00
1.541515930175781250e+03 5.939500312229663450e+02 1.137118449513988772e+00
1.541536743164062500e+03 5.943551610937601026e+02 1.138171915577824933e+00
1.541557556152343750e+03 5.936266561660515890e+02 1.134468551855551066e+00
1.541578430175781250e+03 5.941615761741639972e+02 1.131731030109062175e+00
1.541599243164062500e+03 5.950709086582726286e+02 1.131691792667510521e+00
1.541620056152343750e+03 5.919520395809465754e+02 1.130741251572395356e+00
1.541640930175781250e+03 5.939745642649737647e+02 1.131638543440116162e+00
1.541661743164062500e+03 5.936997074136673973e+02 1.131881857755919762e+00
1.541682556152343750e+03 5.924256903536149821e+02 1.131455549249447134e+00
1.541703430175781250e+03 5.942012363487376660e+02 1.132067310293336737e+00
1.541724243164062500e+03 5.946712024397622827e+02 1.133206108375995669e+00
1.541745056152343750e+03 5.934695068185329774e+02 1.131187905140631500e+00
1.541765930175781250e+03 5.931000663229141310e+02 1.131464715465643645e+00
1.541786743164062500e+03 5.920393880589942910e+02 1.131733400112300503e+00
1.541807556152343750e+03 5.934674354142995298e+02 1.131664773343000086e+00
1.541828430175781250e+03 5.930743180769427454e+02 1.134086366193654660e+00
1.541849243164062500e+03 5.923576377171675631e+02 1.134720556838205052e+00
1.541870056152343750e+03 5.934515383315714416e+02 1.135169372692774514e+00
1.541890930175781250e+03 5.949771218774833414e+02 1.136094803655516516e+00
1.541911743164062500e+03 5.934488697155602495e+02 1.132134912350367006e+00
1.541932556152343750e+03 5.938075181346545151e+02 1.135966992946415122e+00
1.541953430175781250e+03 5.938025049979326013e+02 1.134387480191602737e+00
1.541974243164062500e+03 5.943415147467011366e+02 1.134201303430116603e+00
1.541995056152343750e+03 5.919542108877187729e+02 1.131397600186982100e+00
