1.354139900962874435e+03 2.478489963543058394e+00 7.259228669825300573e-01
1.354160734356215016e+03 4.530135047593475406e-01 7.256032702915892196e-01
1.354181567748622911e+03 2.375127509417848781e+00 7.270055261058221419e-01
1.354202401140100392e+03 2.057953715285338880e+00 7.261333633889467398e-01
1.354223234530646550e+03 1.451884440988218561e+00 7.255638807186515216e-01
1.354244067920493535e+03 2.016396964624119104e+00 7.257210155248503547e-01
1.354264901309642937e+03 3.050371936615729140e+00 7.258376330596135739e-01
1.354285734697859880e+03 2.861830825574469550e+00 7.260438031493997579e-01
1.354306568085145955e+03 2.211691554717516883e+00 7.255187792907542566e-01
1.354327401471965914e+03 3.264186141780084149e+00 7.255903323465279220e-01
1.354348234857855459e+03 1.898784179251489235e+00 7.251641548053031627e-01
1.354369068243046968e+03 2.016365356213641213e+00 7.250681039458636290e-01
1.354389901627305562e+03 2.548934299217346933e+00 7.256659441821535772e-01
1.354410735011098950e+03 1.447086748878287921e+00 7.244044011413617312e-01
1.354431568394194528e+03 2.209923233125272723e+00 7.255573908862310573e-01
1.354452401776359466e+03 2.897891569706708470e+00 7.260030417838360117e-01
1.354473235157824547e+03 3.030383974622908205e+00 7.286388712276122837e-01
1.354494068538823512e+03 3.569683178499943210e+00 7.258265059274483511e-01
1.354514901919125350e+03 2.333460480587470354e+00 7.252782731566077556e-01
1.354535735298496093e+03 3.226417378241821510e+00 7.256664780780206492e-01
1.354556568677400492e+03 3.038044568872643847e+00 7.244128760243004894e-01
1.354577402055605944e+03 2.260588077017186226e+00 7.248403587187968178e-01
1.354598235433113132e+03 3.056706575363533407e+00 7.243812798399825725e-01
1.354619068810154658e+03 3.768738916406537243e+00 7.250453737464220838e-01
1.354639902186264862e+03 3.266505082226848877e+00 7.244001225220204621e-01
1.354660735561909405e+03 2.999103547897613797e+00 7.243872453709434556e-01
1.354681568937088514e+03 4.121825654556581675e+00 7.283845430727372561e-01
1.354702402311336073e+03 4.100979163412191042e+00 7.272573860268096713e-01
1.354723235685118652e+03 2.829128461263396233e+00 7.245646666026571703e-01
1.354744069058434889e+03 3.047124928573476055e+00 7.289019422005191817e-01
1.354764902431052633e+03 3.451581718865043946e+00 7.283455085027741305e-01
1.354785735802971885e+03 3.527298648941001424e+00 7.242120028513785446e-01
1.354806569174425931e+03 2.682652121377928189e+00 7.251817442561924176e-01
1.354827402545181030e+03 3.027312506910200263e+00 7.243247077078379670e-01
1.354848235915470013e+03 4.192288516300663126e+00 7.250538411372721148e-01
1.354869069285060959e+03 2.536908748665843039e+00 7.241821263341827741e-01
1.354889902654187608e+03 4.363115614470059356e+00 7.284579420392143234e-01
1.354910736022847459e+03 2.735788850013804119e+00 7.254039181840377104e-01
1.354931569390808363e+03 2.519492425105978928e+00 7.243170135565447643e-01
1.354952402758303379e+03 3.312490579480149577e+00 7.239764140407550785e-01
1.354973236125100811e+03 4.987945387378237783e+00 7.249587211696278954e-01
1.354994069491433038e+03 3.003084472726169185e+00 7.241652533762859001e-01
1.355014902857298466e+03 3.187016457822512194e+00 7.254836573846878967e-01
1.355035736222464948e+03 3.064918254907184725e+00 7.251517843985577638e-01
1.355056569587167360e+03 3.686243471484108802e+00 7.248338624082897308e-01
1.355077402951404110e+03 2.885190707817713474e+00 7.237737315080463585e-01
1.355098236314941005e+03 3.270290104837509038e+00 7.241852128083370310e-01
1.355119069678012011e+03 3.145793486096724045e+00 7.235808360266001715e-01
1.355139903040619174e+03 3.967012803672792742e+00 7.256240115951653191e-01
1.355160736402759994e+03 3.245387760458511295e+00 7.242098629765247875e-01
1.355181569764202095e+03 3.181424867488745534e+00 7.248795820401549017e-01
1.355202403125178080e+03 3.761246372066556098e+00 7.243158614840753406e-01
1.355223236485688631e+03 3.458059110585362195e+00 7.249089364706986505e-01
1.355244069845733975e+03 2.454883649102789889e+00 7.230074879507847330e-01
1.355264903205081055e+03 2.532443299045281648e+00 7.243428112708416577e-01
1.355285736564193940e+03 4.383788810229958699e+00 7.250565950731794329e-01
1.355306569922609015e+03 1.571210818774857465e+00 7.232516336300620630e-01
1.355327403280558883e+03 3.102378063560555788e+00 7.238033366603632279e-01
1.355348236638044000e+03 2.850928665300529463e+00 7.241406840004291912e-01
1.355369069995061636e+03 3.588001487863784256e+00 7.236963982901900572e-01
1.355389903351380553e+03 2.411611169778640651e+00 7.234919484289568103e-01
1.355410736707235628e+03 3.500168048094822737e+00 7.252726436842195090e-01
1.355431570062857645e+03 2.286094966677249651e+00 7.240856159390959279e-01
1.355452403417780033e+03 3.522978030630047996e+00 7.241487915750671744e-01
1.355473236772236532e+03 2.318103319417493147e+00 7.228417235856423595e-01
1.355494070126228053e+03 2.876917519978816173e+00 7.235202058186379626e-01
1.355514903479754594e+03 1.057719275614640964e+00 7.237426839139176060e-01
1.355535736832581961e+03 2.772883345929248122e+00 7.272337817065138710e-01
1.355556570185174905e+03 3.510793645452631839e+00 7.240305436894153290e-01
1.355577403537071405e+03 5.731365907519974101e-01 7.249301087464492532e-01
1.355598236888734846e+03 3.516822576856122318e+00 7.242313437411070920e-01
1.355619070239700022e+03 1.219328925608189174e+00 7.279859975002661576e-01
1.355639903590431459e+03 2.315035841333302535e+00 7.235690975582032003e-01
1.355660736940465085e+03 1.903839102219631485e+00 7.260034112324715849e-01
1.355681570290032596e+03 2.580602170710269760e+00 7.247559843813052849e-01
1.355702403639135355e+03 4.678802247551832494e+00 7.240802241474588730e-01
1.355723236987771998e+03 3.181678571882790241e+00 7.241636072130035462e-01
1.355744070335942524e+03 2.833261153788043885e+00 7.240447443339658173e-01
1.355764903683646935e+03 2.013827597307394690e+00 7.237344482543067725e-01
1.355785737030887049e+03 2.762310525434566344e+00 7.234049037897918311e-01
1.355806570377660591e+03 1.933442556981134874e+00 7.268566643590906873e-01
1.355827403723968473e+03 3.594121951635361079e+00 7.242715464485645072e-01
1.355848237069811603e+03 3.127210935623304877e+00 7.248956983452596869e-01
1.355869070414955331e+03 2.194401331543782696e+00 7.240831052624888686e-01
1.355889903759866002e+03 2.607233208317446316e+00 7.245505584124973808e-01
1.355910737104311011e+03 3.261561566576077986e+00 7.237091641937897224e-01
1.355931570448291495e+03 2.350160707587618969e+00 7.237538842605957257e-01
1.355952403791573488e+03 2.863035601176035616e+00 7.238331876393463427e-01
1.355973237134621513e+03 3.535130351978186702e+00 7.239097240421450419e-01
1.355994070477203422e+03 3.024383078166816397e+00 7.242519185887167366e-01
1.356014903819320807e+03 2.342832259696806307e+00 7.237068581117400701e-01
1.356035737160740609e+03 2.245640797489264262e+00 7.238258588233548174e-01
1.356056570501927126e+03 1.963272995291305278e-01 7.228848482398128050e-01
1.356077403842646618e+03 2.994361076987682946e+00 7.243143390997871522e-01
1.356098237182899993e+03 3.113068248009406958e+00 7.236976748906834844e-01
1.356119070522456468e+03 1.240023908336357117e+00 7.232100555592234636e-01
1.356139903861780567e+03 3.549769427797162535e-01 7.228558238990506757e-01
1.356160737200638096e+03 2.505594932922623475e+00 7.230616077012346210e-01
1.356181570539029508e+03 2.589352344619349822e+00 7.240731859468196863e-01
1.356244070551178083e+03 2.337920147701053164e+00 7.234072520315718569e-01
1.356264903887707533e+03 3.231481939618939148e+00 7.245983935241200324e-01
1.356285737223771548e+03 1.650772451495609694e+00 7.231240073207942931e-01
1.356306570559369902e+03 3.015361043751413561e+00 7.233937392377568498e-01
1.356348237229167353e+03 3.279763751975043995e+00 7.229586406765224904e-01
1.356369070563368950e+03 2.899576189901455159e+00 7.225698058517344702e-01
1.356389903897104887e+03 3.356233913562187698e+00 7.231671151415274279e-01
1.356410737230374025e+03 2.653219595151850463e+00 7.233694320525068111e-01
1.356431570563177957e+03 3.294577435702688462e+00 7.232308242898265460e-01
1.356452403895515999e+03 3.118823451475004394e+00 7.236157619923181405e-01
1.356473237227388836e+03 3.411127404767386295e+00 7.238460334748730851e-01
1.356494070558796466e+03 2.562968703120373171e+00 7.240652010047792242e-01
1.356514903889970356e+03 1.529088687846980488e+00 7.233406743616129786e-01
1.356535737220446208e+03 1.793258469936206190e+00 7.243504640045965726e-01
1.356556570550456399e+03 2.091359403231694003e+00 7.228800246730148205e-01
1.356577403880234669e+03 2.260825136048631112e+00 7.240750792706771577e-01
1.356598237209312629e+03 2.152031368285670876e+00 7.234840806502768062e-01
1.356619070538157530e+03 2.747284910735288133e+00 7.237592784833679627e-01
1.356660737194220474e+03 2.196016716283733849e+00 7.231260679825634030e-01
1.356681570521669073e+03 4.026604523014340131e+00 7.245810778251701167e-01
1.356702403848419635e+03 1.727821978152177085e+00 7.232180087348605291e-01
1.356723237174936912e+03 2.865023777015008655e+00 7.239168461683432865e-01
1.356744070500988528e+03 3.032309433834762036e+00 7.235601597194778467e-01
1.356764903826574937e+03 3.444468018796943198e+00 7.229854349486919407e-01
1.356785737151695002e+03 2.367699634421554400e+00 7.245654892291760740e-01
1.356806570476350544e+03 2.303570244343359885e+00 7.238001250334118453e-01
1.356827403800540651e+03 2.426754432857171739e+00 7.238271351955211097e-01
1.356848237124264415e+03 3.134502167138811135e+00 7.245008279362614712e-01
1.356869070447522517e+03 1.891993196572423486e+00 7.236410493163134561e-01
1.356889903770546880e+03 2.593265405408468727e+00 7.275663025128050743e-01
1.356910737092873205e+03 2.351534465993286194e+00 7.237111820095553094e-01
1.356931570414734551e+03 2.330334797532886526e+00 7.242224963769233748e-01
1.356952403736363067e+03 3.174398035640107807e+00 7.245929644183866092e-01
1.356973237057291954e+03 6.860064083172519034e-01 7.231822805706707991e-01
1.356994070377989374e+03 2.472937280181942032e+00 7.237220534099320091e-01
1.357014903697988530e+03 1.192210697103938344e+00 7.246383291048110742e-01
1.357035737017753945e+03 2.579376354234075741e+00 7.233889602624509196e-01
1.357056570337053017e+03 2.201482417675369341e+00 7.258371814081239215e-01
1.357077403655886883e+03 1.883283645879596513e+00 7.233663008980742992e-01
1.357098236974255542e+03 3.091832095989930806e+00 7.245661061984522977e-01
1.357119070292158540e+03 2.246597362272950704e+00 7.238088128631967599e-01
1.357139903609595422e+03 2.283429521911193749e+00 7.247006752096288862e-01
1.357160736926567552e+03 2.650221567263981726e+00 7.242752497586983917e-01
1.357181570243074020e+03 3.175636181977263384e+00 7.236196333988818008e-01
1.357202403559114828e+03 2.420957731696966153e+00 7.238044895486133168e-01
1.357223236874688610e+03 2.544231090187949462e+00 7.254584342885339598e-01
1.357244070190029106e+03 1.649682176961449365e+00 7.261797809632165590e-01
1.357264903504672930e+03 2.969820095359582357e+00 7.237233711443352702e-01
1.357285736819083922e+03 2.674369087464986361e+00 7.253106931362303111e-01
1.357327403446274502e+03 1.034856936066064215e+00 7.227912982844370005e-01
1.357348236759288511e+03 1.842086413203969375e+00 7.232910255139066713e-01
1.357369070071837086e+03 3.150040101950787541e+00 7.256375649980068010e-01
1.357389903383919091e+03 3.381995133594461134e+00 7.237791255828998072e-01
1.357410736695534979e+03 2.201332333145933351e+00 7.243050812886011602e-01
1.357431570006685888e+03 2.018357456596509003e+00 7.238282468726708885e-01
1.357452403317370454e+03 2.516112871529497141e+00 7.268346461396700819e-01
1.357473236627590040e+03 2.189991404864814140e+00 7.237026165487827623e-01
1.357494069937576569e+03 3.472042704612585240e+00 7.244376418615706692e-01
1.357514903246864833e+03 3.075004623792081837e+00 7.236062481286213988e-01
1.357535736555687890e+03 4.283360521709031588e+00 7.259868269085163472e-01
1.357577403172400864e+03 1.904583572622692511e+00 7.233314452901127289e-01
1.357598236479827392e+03 4.069744920155091705e+00 7.239433991426408310e-01
1.357619069787020635e+03 3.220490247411340601e+00 7.241175131217313377e-01
1.357639903093747989e+03 2.566656743418676889e+00 7.236220221287692489e-01
1.357660736400009000e+03 2.290863231350058093e+00 7.242819568166276589e-01
1.357681569705804122e+03 1.247801529972690560e+00 7.243321137655740483e-01
1.357702403011133811e+03 2.604122313433922198e+00 7.235594595154672959e-01
1.357723236315998520e+03 3.492352671005330311e+00 7.248432779279759819e-01
1.357744069620397113e+03 2.012664728610934706e+00 7.227282101656165025e-01
1.357764902924563103e+03 3.379249385778926751e+00 7.247800394697059279e-01
1.357785736228031055e+03 2.428036010663248589e+00 7.239419994752884779e-01
1.357806569531266177e+03 3.393621577040290216e+00 7.236852794164767566e-01
1.357827402833801898e+03 3.639496425090724241e+00 7.246686391938125249e-01
1.357848236136104788e+03 2.589938413576753362e+00 7.236551752380225855e-01
1.357869069437942926e+03 3.035581278535913974e+00 7.239401469702199110e-01
1.357889902739082572e+03 1.268611498190259645e+00 7.228458465127538535e-01
1.357910736039988933e+03 2.891127351274025870e+00 7.237355188953558116e-01
1.357931569340429178e+03 4.534656204718103822e+00 7.248845567541962742e-01
1.357952402640404671e+03 2.513900113969659067e+00 7.235973931214465527e-01
1.357973235940145969e+03 1.805567296973173974e+00 7.245464451858033561e-01
1.357994069239189457e+03 3.366143964834943603e+00 7.242735215496589607e-01
1.358035735836112508e+03 1.377025540107950974e+00 7.230110740763239230e-01
1.358056569133759467e+03 1.794495867424765301e+00 7.231759342069542518e-01
1.358077402431174050e+03 4.308147671342796414e+00 7.238373872645045282e-01
1.358098235727889005e+03 2.591591620290187858e+00 7.240731859468196863e-01
1.358119069024371584e+03 3.567443332776491616e+00 7.241569813679492595e-01
1.358139902320388501e+03 2.447086706220162888e+00 7.232911491252281833e-01
1.358160735615940212e+03 3.407626838706364847e+00 7.298357663854148081e-01
1.358181568911024897e+03 3.072597332661942460e+00 7.234486951847478586e-01
1.358202402205644830e+03 2.495704701867980102e+00 7.239561195248207515e-01
1.358223235499800012e+03 2.068910464728852538e+00 7.277707543855230776e-01
1.358244068793721453e+03 2.885574688061271598e+00 7.242482151592832817e-01
1.358264902086943948e+03 2.160438342162215530e+00 7.241454580147578257e-01
1.358285735379701009e+03 2.947500687980374678e+00 7.237179766539281189e-01
1.358306568672226149e+03 4.660000782073895564e+00 7.306603980973084278e-01
1.358327401964285400e+03 3.272566710727388362e+00 7.240347833312997805e-01
1.358348235255645022e+03 3.019683958005653146e+00 7.248820077314317434e-01
1.358369068546772496e+03 2.289873594064649964e+00 7.242575148461538603e-01
1.358389901837434536e+03 2.303982315550106019e+00 7.233476784890685574e-01
1.358410735127631142e+03 1.856237799735704908e+00 7.245597308239305478e-01
1.358431568417360950e+03 3.126106085060770035e+00 7.246792494817028141e-01
1.358452401706625096e+03 2.891802028275358705e+00 7.247754752322531635e-01
1.358473234995657094e+03 3.217019648663236531e+00 7.251706070599659437e-01
1.358494068283991055e+03 4.588582723490732818e+00 7.247825888510874837e-01
1.358514901571858900e+03 3.449115606857944716e+00 7.243948976352827529e-01
1.358535734859493914e+03 2.640459508354503715e+00 7.241033139042751809e-01
1.358556568146662812e+03 4.277531753857132912e+00 7.245587847958347982e-01
1.358577401433134128e+03 3.523499757778258523e+00 7.256189187359357584e-01
1.358598234719372613e+03 3.402093148220074692e+00 7.240673413071602171e-01
1.358619068005144527e+03 1.983685136545146221e+00 7.239933737272450376e-01
1.358639901290451007e+03 3.379460066303362265e+00 7.245992572417362387e-01
1.358660734575292508e+03 3.814181808269532237e+00 7.248224731664414389e-01
1.358681567859668121e+03 2.583691471270911588e+00 7.243327309336339281e-01
1.358702401143809993e+03 3.132748524795009981e+00 7.257433960469931167e-01
1.358723234427253828e+03 2.566943697689052062e+00 7.236222692383075250e-01
1.358744067710233139e+03 3.185455462110916791e+00 7.242580497802622030e-01
1.358764900992979165e+03 3.526640843321621421e+00 7.253487816791764908e-01
1.358827400838188623e+03 2.315402907875678373e+00 7.243483245387857261e-01
1.358848234119072004e+03 4.097566248438763381e+00 7.251845798987613945e-01
1.358869067399489495e+03 1.856958356976361024e+00 7.248026546366500567e-01
1.358889900679441098e+03 3.508270489094200695e+00 7.246986190252147075e-01
1.358910733958926357e+03 3.334347147905992959e+00 7.245024321984534499e-01
1.358931567238179923e+03 3.341988839430334757e+00 7.259203216057255048e-01
1.358952400516734997e+03 1.860311701267376883e+00 7.235996583661548076e-01
1.358973233795056331e+03 3.714249204752495981e+00 7.248865301850192511e-01
1.358994067072679627e+03 2.613717069431229056e+00 7.244934236031882469e-01
1.359014900350070548e+03 9.360163303561686021e-01 7.236271702267168537e-01
1.359035733626995352e+03 2.928939401175632895e+00 7.248806509898535477e-01
1.359056566903221665e+03 4.105576745596244415e+00 7.252408794919694701e-01
1.359077400179214465e+03 1.536716923412016378e+00 7.247770377672294595e-01
1.359098233454742967e+03 2.901358816481959035e+00 7.246534637446300220e-01
1.359119066730038412e+03 2.726821507179507442e+00 7.258166104378276362e-01
1.359160733278765974e+03 3.304695829244645555e+00 7.248914226257646698e-01
1.359181566552663526e+03 2.300895489387444037e+00 7.258758992379571451e-01
1.359202399825863495e+03 3.315972888094168347e+00 7.249430584744176453e-01
1.359223233098830406e+03 2.445759001814392875e+00 7.306424510689315532e-01
1.359244066371330973e+03 1.959424728809799454e+00 7.244741719830417592e-01
1.359264899643133504e+03 2.901460939504407754e+00 7.248800342882967263e-01
1.359285732914703658e+03 1.504307336610102741e+00 7.250001989561662974e-01
1.359306566185808151e+03 4.537533804896003886e+00 7.257116524594402485e-01
1.359327399456678904e+03 3.710708848185735764e+00 7.250331246273826746e-01
1.359348232726851620e+03 4.118865131858886031e+00 7.275872745796750918e-01
1.359369065996559584e+03 3.700844819337663072e+00 7.265762820013426104e-01
1.359389899266034490e+03 2.235655142829286124e+00 7.260511095772902435e-01
1.359410732534809995e+03 2.558253431249723153e+00 7.249713004120946769e-01
1.359431565803352441e+03 2.236293507368763311e+00 7.256383453377359682e-01
1.359452399071197533e+03 3.346143445734635957e+00 7.256910779308085591e-01
1.359473232338809339e+03 3.407231073824265710e+00 7.263027260003449559e-01
1.359494065605955029e+03 2.312970059588462579e+00 7.244118475243755961e-01
1.359514898872635058e+03 3.798940508012667472e+00 7.260015639874134452e-01
1.359535732138850108e+03 2.084142530068592070e+00 7.248299563707792936e-01
1.359556565404831872e+03 1.817006828130432350e+00 7.262969813686848131e-01
1.359577398670116054e+03 4.474214867292580777e+00 7.265545013971895782e-01
1.359598231934932983e+03 3.107583399688121251e+00 7.253146787624679126e-01
1.359619065199517536e+03 1.827218081189937671e+00 7.246493099754994782e-01
1.359639898463404506e+03 3.049639108144748256e+00 7.270209803984226671e-01
1.359660731727058192e+03 2.030195156753667796e+00 7.248229254502158714e-01
1.359681564990245988e+03 3.343820455932242641e+00 7.261313933466827519e-01
1.359702398252967669e+03 3.756351974470190314e+00 7.260345263428764628e-01
1.359723231515224597e+03 2.644310173275622677e+00 7.262389170052142573e-01
1.359744064777015410e+03 3.226817739020968911e+00 7.254790564944300080e-01
1.359764898038340107e+03 4.380673611536940015e+00 7.255633878220235644e-01
1.359785731299432427e+03 3.306154668929240703e+00 7.253153772720272174e-01
1.359806564559827621e+03 3.379942548799342195e+00 7.256422470237940958e-01
1.359827397819989528e+03 3.270053684901127244e+00 7.264884172633350179e-01
1.359848231079683956e+03 2.937324668830986862e+00 7.258911722995186055e-01
1.359869064338680801e+03 3.916975388831276383e+00 7.267367246377850476e-01
1.359889897597445497e+03 2.572771293816307203e+00 7.258167336190256558e-01
1.359910730855744077e+03 3.160630148037403053e+00 7.260300110401771700e-01
1.359931564113576997e+03 3.197246742321605328e+00 7.277728428402345795e-01
1.359952397370944027e+03 2.504254687768101117e+00 7.266460083582739760e-01
1.359973230628077999e+03 3.582784849519871972e+00 7.261535970553464336e-01
1.359994063884514162e+03 3.905216790680680283e+00 7.264241732927583239e-01
1.360014897140717039e+03 2.794415052486879159e+00 7.263817921355232299e-01
1.360035730396220970e+03 3.160412067257553748e+00 7.281277112132664708e-01
1.360056563651492525e+03 3.036580320157513668e+00 7.259441738996011972e-01
1.360077396906298873e+03 2.707123430480420812e+00 7.260316529716805967e-01
1.360098230160639559e+03 2.480681070275970068e+00 7.258156660479487821e-01
1.360119063414514585e+03 2.616454747903566691e+00 7.266155346618626831e-01
1.360139896667923495e+03 2.145816783016427642e+00 7.259875658221027761e-01
1.360160729920867652e+03 2.932851612947151576e+00 7.260287795891128271e-01
1.360181563173578070e+03 3.681536849575668402e+00 7.277452419941873307e-01
1.360202396425589995e+03 2.592567873900386122e+00 7.259849796212598516e-01
1.360223229677368636e+03 4.275681742365366134e+00 7.286789534601152418e-01
1.360244062928682524e+03 3.367499505726704534e+00 7.270429929747813658e-01
1.360264896179530524e+03 2.315535153652171996e+00 7.258413283794276083e-01
1.360285729429680032e+03 2.760030788804123780e+00 7.255580891621263850e-01
1.360306562679829085e+03 3.921201079480960860e+00 7.270619716257060716e-01
1.360327395929280101e+03 4.019442593874844150e+00 7.292288390402272835e-01
1.360348229178266138e+03 2.569108823896101068e+00 7.265128662219766387e-01
1.360369062426786513e+03 1.172592368243901007e+00 7.257801889467233591e-01
1.360389895675072921e+03 1.973469346972254623e+00 7.258028550725448280e-01
1.360410728922893668e+03 1.480493375095421893e+00 7.278203842764648934e-01
1.360431562170016605e+03 3.256889909046190468e+00 7.270856635011717639e-01
1.360452395416906484e+03 3.677711066397328477e+00 7.273665870170793468e-01
1.360473228663330019e+03 2.443328903006914299e+00 7.262260724589084671e-01
1.360494061909288121e+03 3.469465754750896913e+00 7.269188612007175809e-01
1.360514895154780788e+03 2.602881805363356449e+00 7.252509472067274476e-01
1.360535728400041535e+03 3.637320627819647711e+00 7.285547322676216853e-01
1.360556561644602880e+03 2.722710443414317893e+00 7.320548803857371833e-01
1.360577394888931849e+03 3.742609581010068354e+00 7.280266478424533005e-01
1.360598228132562554e+03 2.546954006555663064e+00 7.254797137662531981e-01
1.360619061375959973e+03 3.785904598399440157e+00 7.312043509947583342e-01
1.360639894618891049e+03 3.123566224044847406e+00 7.283949355720791274e-01
1.360660727861356918e+03 3.627922384605773765e+00 7.267877373176823141e-01
1.360681561103357581e+03 2.905513517088015529e+00 7.264191680960826458e-01
1.360702394344892582e+03 2.049252124165108047e+00 7.254362503846857324e-01
1.360723227586195662e+03 2.083770782208036909e+00 7.263432653949304374e-01
1.360744060826798886e+03 3.816089073603883719e+00 7.276159463491865820e-01
1.360764894067168825e+03 3.333787721701294782e+00 7.262190140172525288e-01
1.360785727307074012e+03 1.994263376575339031e+00 7.257702517625711502e-01
1.360806560546513538e+03 3.558824229064689870e+00 7.262733048000789005e-01
1.360827393785486947e+03 1.524978352619748900e+00 7.258444899158907893e-01
1.360848227023993786e+03 3.469981553547377473e+00 7.265942064155627156e-01
1.360869060262036555e+03 3.350141792497399074e+00 7.263157333198324572e-01
1.360889893499614573e+03 1.896967095909488865e+00 7.261081218179612495e-01
1.360910726736957940e+03 2.134417868689491016e+00 7.261995619102002975e-01
1.360931559973602816e+03 2.607989063118312689e+00 7.260355525441192226e-01
1.360952393210015543e+03 2.095743346295714904e+00 7.255598143114575516e-01
1.360973226445496493e+03 2.588692609322686522e+00 7.280660679098004406e-01
1.360994059680976989e+03 2.423493137215812165e+00 7.255813372582973209e-01
1.361014892915992505e+03 3.981060572646174744e+00 7.272065702199249637e-01
1.361035726150543496e+03 2.009541024751481331e+00 7.259146150027123712e-01
1.361056559384860975e+03 2.357861917317501277e+00 7.259414643841604065e-01
1.361077392618479507e+03 2.126549348066188561e+00 7.263858129129466823e-01
1.361098225851864981e+03 2.128537402631140107e+00 7.257531693429104536e-01
1.361119059084784567e+03 2.083124120782931410e+00 7.258956884658391839e-01
1.361139892317005888e+03 1.323587776403427618e+00 7.279236461899452060e-01
1.361202392011808570e+03 4.530429473574820065e+00 7.289137174462998470e-01
1.361223225242400531e+03 2.904525140748032364e+00 7.261787139258634172e-01
1.361244058472759662e+03 2.637329695549641695e+00 7.252456051714030183e-01
1.361264891702418936e+03 3.081479194823771195e+00 7.256674637308971887e-01
1.361285724931846516e+03 1.406535599158644345e+00 7.254395369317655495e-01
1.361306558160809345e+03 3.280392292882800653e+00 7.265792352533331222e-01
1.361327391389306513e+03 2.726140558270607972e+00 7.267933960599363141e-01
1.361348224617335973e+03 3.349670221496174438e+00 7.264946526463849086e-01
1.361369057845133511e+03 3.256441335137707060e+00 7.294183205992164076e-01
1.361389891072232786e+03 2.784438827253421511e+00 7.266496585538300135e-01
1.361410724299099456e+03 3.410344756005583289e+00 7.274779018834381938e-01
1.361431557525501375e+03 2.364814978167611326e+00 7.263139689336841620e-01
1.361452390751203893e+03 2.623282202528026907e+00 7.266433424735289082e-01
1.361473223976673125e+03 3.227987206914547880e+00 7.267288509791385298e-01
1.361494057201909527e+03 2.404570352875138095e+00 7.266743071472306914e-01
1.361514890426447892e+03 3.421790459204317791e+00 7.262263186823790795e-01
1.361535723650519913e+03 3.472609758916642697e+00 7.268012690193463854e-01
1.361556556874359558e+03 1.884438218460147141e+00 7.256802360283475251e-01
1.361577390097734451e+03 2.089351068544189616e+00 7.266952229351333337e-01
1.361598223320409943e+03 3.585597411407613233e+00 7.264730747114029885e-01
1.361619056542851922e+03 2.265981120212348099e+00 7.271548901808780885e-01
1.361660722986573091e+03 3.915519136560749125e+00 7.272219792590582932e-01
1.361681556207619451e+03 3.065059716521262079e+00 7.274762222494240982e-01
1.361702389428432980e+03 3.566255977796581433e+00 7.260582517447241591e-01
1.361723222648779029e+03 2.229500169595542314e+00 7.260399036212752399e-01
1.361744055868427949e+03 2.728902316748572865e+00 7.264688082757463361e-01
1.361764889087844040e+03 2.862362550049438514e+00 7.268490380122241135e-01
1.361785722307026845e+03 3.149026716844345319e+00 7.259231133088439591e-01
1.361806555525512067e+03 3.662678338255912269e+00 7.260920324237523094e-01
1.361827388743531174e+03 2.773217692798766620e+00 7.273619160908619818e-01
1.361848221961317449e+03 3.633054157148276619e+00 7.274134175404333158e-01
1.361869055178638064e+03 3.376976706511960913e+00 7.296746981884404404e-01
1.361889888395493017e+03 3.870506840939814897e+00 7.268553933068363504e-01
1.361910721611881854e+03 3.779536120881668015e+00 7.269967944902275825e-01
1.361931554827805485e+03 3.001035645689633657e+00 7.264571985210908078e-01
1.361952388043263454e+03 2.952031181358255818e+00 7.264628598380584723e-01
1.361973221258487911e+03 2.609992757387201046e+00 7.265802606852443946e-01
1.361994054473014330e+03 3.709846704886039515e+00 7.265615975979359265e-01
1.362014887687309056e+03 3.203125920520426106e+00 7.268959428782902910e-01
1.362035720901137211e+03 4.329747740890821817e+00 7.281074505438782651e-01
1.362056554114499022e+03 2.900958028899398133e+00 7.258258900295417870e-01
1.362077387327628458e+03 2.806115209318172266e+00 7.272741872463961421e-01
1.362098220540060083e+03 2.614197333459876038e+00 7.259949549166038185e-01
1.362119053752258424e+03 3.088057872785356039e+00 7.277004805333295856e-01
1.362139886963756908e+03 3.812412830446555656e+00 7.272750887642798201e-01
1.362160720175023471e+03 2.288510593801664328e+00 7.268799939234130703e-01
1.362181553386058567e+03 4.511823181149383188e+00 7.294116199129528910e-01
1.362202386596394490e+03 2.456156816433306744e+00 7.261586040825248611e-01
1.362223219806264524e+03 3.794590412696111859e+00 7.274214476685635367e-01
1.362244053015901045e+03 2.417972670633435239e+00 7.264411578834203409e-01
1.362264886225072587e+03 3.026294392221656970e+00 7.282453347504221908e-01
1.362285719433546546e+03 3.011635643644194893e+00 7.271487014446246233e-01
1.362306552642019597e+03 4.695861214424491337e+00 7.278322998603254934e-01
1.362327385849793018e+03 2.312411087430766177e+00 7.259634275892787869e-01
1.362348219057101460e+03 2.224066738420968470e+00 7.291151755181326521e-01
1.362369052264177526e+03 2.556918705840950157e+00 7.304595701895403304e-01
1.362389885470789068e+03 3.510609307210930563e+00 7.268596164718794661e-01
1.362410718676932902e+03 2.952739635774028759e+00 7.273153690820133299e-01
1.362431551882611529e+03 2.615318964406351920e+00 7.269366541764011869e-01
1.362452385087825405e+03 4.225252448686647178e+00 7.295176796499691640e-01
1.362473218292574074e+03 2.884548038579880291e+00 7.278713619528428547e-01
1.362494051497088094e+03 2.752482169066977402e+00 7.266842319687026874e-01
1.362514884701136452e+03 3.020767071416413430e+00 7.294535799036305779e-01
1.362535717904720514e+03 4.351296118636923893e+00 7.278849553969032327e-01
1.362556551107839368e+03 3.389069824931131514e+00 7.271590706219183131e-01
1.362577384310491652e+03 3.972693965243433656e+00 7.312621025974971323e-01
1.362598217512909969e+03 2.255879127489870406e+00 7.263994341567646673e-01
1.362619050714631612e+03 3.212680131235454262e+00 7.268893829392163441e-01
1.362639883916120198e+03 3.929467402310811597e+00 7.290962503128831651e-01
1.362660717117142667e+03 3.921340865357936689e+00 7.275588064906922670e-01
1.362681550317930942e+03 2.685465938011711184e+00 7.265491689463955405e-01
1.362702383518022543e+03 2.139922322910531527e+00 7.274453736472433762e-01
1.362723216717880860e+03 3.413603563376065964e+00 7.295479912715121529e-01
1.362744049917041139e+03 3.788348442135008209e+00 7.275723238516818014e-01
1.362764883115966995e+03 2.378373062394821602e+00 7.270043373004764220e-01
1.362785716314661386e+03 4.319317711199842869e+00 7.323052478759041195e-01
1.362806549512657512e+03 3.382164354288861308e+00 7.277784529732184149e-01
1.362827382710420352e+03 3.379071594031123560e+00 7.281562798456957530e-01
1.362848215907484018e+03 3.634570623102439502e+00 7.345336174617380642e-01
1.362869049104315309e+03 3.573711815553644922e+00 7.283771782196506450e-01
1.362889882300682075e+03 4.480936053728532542e+00 7.287111812479699635e-01
1.362931548692249635e+03 2.524009420903031042e+00 7.282892443044853836e-01
1.362952381887450883e+03 2.134835629639705523e+00 7.278956006878963825e-01
1.362973215082186925e+03 2.629621662168950103e+00 7.289638418850957757e-01
1.362994048276456851e+03 2.503755392239887190e+00 7.287185018285363691e-01
1.363014881470262480e+03 3.069937984685160881e+00 7.289317070378303898e-01
1.363035714663833915e+03 2.682256718635887882e+00 7.293817929406738454e-01
1.363056547856940142e+03 3.092104716461301805e+00 7.360850370535590992e-01
1.363077381049580481e+03 3.203290335394502364e+00 7.304679748204652157e-01
1.363098214241756068e+03 2.932579220903087869e+00 7.309602929745195876e-01
1.363119047433465084e+03 4.136756548425234215e+00 7.356223612100337705e-01
1.363139880624940815e+03 2.681476260145033930e+00 7.296732686715503569e-01
1.363160713815719646e+03 3.138907493113560321e+00 7.315270412607055572e-01
1.363181547006265191e+03 3.213980353650242261e+00 7.316599634061878854e-01
1.363202380196576541e+03 2.500302177345678611e+00 7.307296531786197091e-01
1.363223213386190309e+03 3.925003153971876380e+00 7.303015777724417568e-01
1.363244046575571474e+03 2.087483509287081151e+00 7.301245301644658792e-01
1.363264879764254147e+03 3.159188562224870989e+00 7.298542232492898352e-01
1.363285712952703079e+03 2.569312021242060595e+00 7.303807006644803534e-01
1.363306546140919636e+03 3.266929653469364148e+00 7.296543579416856495e-01
1.363327379328438383e+03 2.411953254843239858e+00 7.308112580747107012e-01
1.363348212515723844e+03 2.430878599668709672e+00 7.301562859837045227e-01
1.363369045702544554e+03 2.881188169987152659e+00 7.296475368886102819e-01
1.363389878888898920e+03 2.867978326966577729e+00 7.298911355768756826e-01
1.363410712074785806e+03 4.170950247319533233e+00 7.310100324701580554e-01
1.363431545260442363e+03 2.612984729050462196e+00 7.305387983547771968e-01
1.363452378445632803e+03 3.098833212571782347e+00 7.313361907765225656e-01
1.363473211630356900e+03 3.805378858286028620e+00 7.315080562312193946e-01
1.363494044814614426e+03 3.713534780502087518e+00 7.324479162037201840e-01
1.363514877998641623e+03 2.657951583902469217e+00 7.317491620928596729e-01
1.363535711182201794e+03 1.813816018550767684e+00 7.335074149487031958e-01
1.363556544365295395e+03 2.616404701386654708e+00 7.333545493900505141e-01
1.363577377547924470e+03 4.255166124668143368e+00 7.332603842763765201e-01
1.363598210730087885e+03 3.844292171269840352e+00 7.341374357973645681e-01
1.363619043912018469e+03 5.819023431102293031e+00 7.356947545092590302e-01
1.363639877093482937e+03 1.617592434948821989e+00 7.332990352961885616e-01
1.363681543455248629e+03 1.687515622535463056e+00 7.334339118027815019e-01
1.363702376635316341e+03 2.740499155731753511e+00 7.333440239806192640e-01
1.363723209815152131e+03 2.747906220022836354e+00 7.339268798397592386e-01
1.363744042994753499e+03 2.085783128803650577e+00 7.340599764167081709e-01
1.363764876173656830e+03 2.862237993412414472e+00 7.379447937323286855e-01
1.363785709352328013e+03 2.625782195735784530e+00 7.360997339085192381e-01
1.363806542530533079e+03 2.825353248383371874e+00 7.389733032855450023e-01
1.363827375708272484e+03 8.441715718506594968e-01 7.369810493004861351e-01
1.363848208885779059e+03 4.207922708547211954e+00 7.393839840572908884e-01
1.363869042062587141e+03 2.888116178041082893e+00 7.374923366213135267e-01
1.363889875239162848e+03 3.219619438098000774e+00 7.383979422571599338e-01
1.363910708415505042e+03 3.817256437603468555e+00 7.400435954217121637e-01
1.363931541591148516e+03 2.597187647035823943e+00 7.400116195281957188e-01
1.363952374766560524e+03 2.195112793158447761e+00 7.388306445594818861e-01
1.363973207941506644e+03 3.403248269865564168e+00 7.460014326092052617e-01
1.363994041115985056e+03 2.265023097158012089e+00 7.391317000463636377e-01
1.364014874290232456e+03 2.496524220841590758e+00 7.395627641280053677e-01
1.364035707464014195e+03 3.425200098518350611e+00 7.411211082496576008e-01
1.364056540637329363e+03 1.003268713906495080e+00 7.390325044186353276e-01
1.364077373810412610e+03 3.098343348216037185e+00 7.423545247915686041e-01
1.364098206982796455e+03 2.467780763391128840e+00 7.418254571583834389e-01
1.364119040154948379e+03 3.075861670465877218e+00 7.417583630343980161e-01
1.364160706498088075e+03 2.704909728557713944e+00 7.428683721563462683e-01
1.364181539669075391e+03 2.586236869362375845e+00 7.424178318193377368e-01
1.364202372839597047e+03 2.116450732247709521e+00 7.426669128410141596e-01
1.364223206009885416e+03 2.922743121603510463e+00 7.447795778018155843e-01
1.364244039179709489e+03 3.593195302925298318e+00 7.426939591509958971e-01
1.364264872349066991e+03 2.329521331542512286e+00 7.433243326816841856e-01
1.364285705517957922e+03 3.304625295337574098e+00 7.435061335461379262e-01
1.364306538686617387e+03 2.859831740307982262e+00 7.425341148117308165e-01
1.364327371854811645e+03 2.391684167962722096e+00 7.441447500680243854e-01
1.364348205022538878e+03 2.154030530884790906e+00 7.481616855890899087e-01
1.364369038189801358e+03 3.745460952326671311e+00 7.427252578055399956e-01
1.364389871356830099e+03 4.056895120271503785e+00 7.415994422607011805e-01
1.364410704523627373e+03 2.967683085531070741e+00 7.425483629421965048e-01
1.364431537689725019e+03 3.866404398491691818e+00 7.450618298366525893e-01
1.364452370855589379e+03 3.040988083071528791e+00 7.426615756931600476e-01
1.364473204020989670e+03 3.169664492483662332e+00 7.422876792355943554e-01
1.364494037186156447e+03 3.437425923582765552e+00 7.447724951208425370e-01
1.364514870350625642e+03 4.179199399344717847e+00 7.436893726930892123e-01
1.364535703515093019e+03 3.388307457154489111e+00 7.440598411464488526e-01
1.364556536678861903e+03 9.827636005251019213e-01 7.449266182518921031e-01
1.364577369842399548e+03 2.031211047907609313e+00 7.453183043951662201e-01
1.364598203005471078e+03 2.734784860025204711e+00 7.467521837839200538e-01
1.364619036168308867e+03 2.335621171865521983e+00 7.468689491314164375e-01
1.364639869330449073e+03 3.137720059297267827e+00 7.488269374083811325e-01
1.364660702492588371e+03 4.152430460711604709e+00 7.491843238534746652e-01
1.364681535654030540e+03 2.605121506299592937e+00 7.494469431368974144e-01
1.364702368815238970e+03 1.478397938283920521e+00 7.489085600491223182e-01
1.364723201975981510e+03 2.956722640557871262e+00 7.526123328024383330e-01
1.364744035136492585e+03 4.568713262266976827e+00 7.542900334052388134e-01
1.364764868296536406e+03 3.061520404330249967e+00 7.522330419543925561e-01
1.364785701456115021e+03 2.711051309393569309e+00 7.523871024090528215e-01
1.364806534615460805e+03 3.423841529093744729e+00 7.559613693777114118e-01
1.364827367774341383e+03 3.967616516083989797e+00 7.572075306899284097e-01
1.364848200932756527e+03 3.151135457978090582e+00 7.566536763906479557e-01
1.364869034090937475e+03 2.394307720122522465e+00 7.574292423072952474e-01
1.364889867248653445e+03 3.756478211501900866e+00 7.606684559654212086e-01
1.364910700405904208e+03 3.542010482322347276e+00 7.595369048654582178e-01
1.364931533562922596e+03 3.760439091597677308e+00 7.610026588192984054e-01
1.364952366719474867e+03 3.533204814306427632e+00 7.633028431456999607e-01
1.364973199875792943e+03 2.814990687373795097e+00 7.612359497577694256e-01
1.364994033031646495e+03 3.103498355989521063e+00 7.604913849026022632e-01
1.365014866187034386e+03 2.281358990481495486e+00 7.619257718975739335e-01
1.365035699342190583e+03 2.388456154860504999e+00 7.618043900299970028e-01
1.365056532497111903e+03 1.914978250760829948e+00 7.622645452330857330e-01
1.365077365651335640e+03 2.884131220461064959e+00 7.623772147078149430e-01
1.365098198805326547e+03 3.571746648475963237e+00 7.638733346877549790e-01
1.365119031959084623e+03 3.329727926800045701e+00 7.626184871728748371e-01
1.365139865112143525e+03 4.186279516031353509e+00 7.638166051438575188e-01
1.365160698265202882e+03 3.715911423707927597e+00 7.631955820070704943e-01
1.365181531417564656e+03 4.295310242800228551e+00 7.640690075805878223e-01
1.365202364569693600e+03 3.362959905763373225e+00 7.645601535855600650e-01
1.365223197721588349e+03 3.386324703621949705e+00 7.649671881626388670e-01
1.365244030873017891e+03 4.143947130614539454e+00 7.655482351005081787e-01
1.365264864023981545e+03 4.568567571612396350e+00 7.656311502015017423e-01
1.365285697174713505e+03 4.128185315754910434e+00 7.667145275297441165e-01
1.365306530324979576e+03 2.461626981687206062e+00 7.640705287644136146e-01
1.365327363475012135e+03 3.000512054870235534e+00 7.635365241806933989e-01
1.365348196624578577e+03 2.168811835945036126e+00 7.655761080331348056e-01
1.365369029773680495e+03 1.464960044721360433e+00 7.619901124833374784e-01
1.365389862922549582e+03 3.590371980881847502e+00 7.615605507920795159e-01
1.365410696071185157e+03 4.664997240301895332e+00 7.620011026419524214e-01
1.365431529219355070e+03 3.753835072253724814e+00 7.613622369067556406e-01
1.365452362367058868e+03 2.890683951707016863e+00 7.612219339593306877e-01
1.365473195514531653e+03 2.864702318071242093e+00 7.620061478929991416e-01
1.365494028661536959e+03 3.205301006396382935e+00 7.626884743436450620e-01
1.365514861808309433e+03 2.414784801622718913e+00 7.633380989761622271e-01
1.365535694954617611e+03 2.973819913210377308e+00 7.650544122904633371e-01
1.365556528100692503e+03 3.380904195893418951e+00 7.679449471619974599e-01
1.365577361246301507e+03 2.782443103386075034e+00 7.688382121392413060e-01
1.365598194391677680e+03 4.171214029740385243e+00 7.715919516200516748e-01
1.365619027536587964e+03 3.800140454416481628e+00 7.736356076924620906e-01
1.365639860681266327e+03 4.698060339589622103e+00 7.761251972141097744e-01
1.365660693825479029e+03 3.171071471246940998e+00 7.789288179883555596e-01
1.365681526969224024e+03 2.096360229471934122e+00 7.785047745702177169e-01
1.365702360112970382e+03 4.297255567785296826e+00 7.815596920361080890e-01
1.365723193256018476e+03 4.925499871615205194e+00 7.850695130373811503e-01
1.365744026398833512e+03 3.653314178082061492e+00 7.828141004960988969e-01
1.365764859541415944e+03 4.097718477140267268e+00 7.838043416727706880e-01
1.365785692683532034e+03 4.656277025352466126e+00 7.854910369254832769e-01
1.365806525825415974e+03 4.913932726193296574e+00 7.893473045099641539e-01
1.365827358966834481e+03 3.249775938931623198e+00 7.884751579493272100e-01
1.365848192108019475e+03 2.393589412157608454e+00 7.903792093464429014e-01
1.365869025248738581e+03 3.500433308345521244e+00 7.920970917827365732e-01
1.365889858389225992e+03 2.475426650814233742e+00 7.957274832576425316e-01
1.365910691529247515e+03 3.842349722465309814e+00 7.963383307336756589e-01
1.365931524669035070e+03 2.808059647688839089e+00 7.968617606465687730e-01
1.365952357808590477e+03 4.607573797261439452e+00 7.988102544823572071e-01
1.365973190947447620e+03 1.947291141713456408e+00 7.991216815012579522e-01
1.365994024086304307e+03 3.694303785174059662e+00 8.001664197201365791e-01
1.366014857224696016e+03 3.883827051732810620e+00 8.046477595025079976e-01
1.366035690362854439e+03 2.641608556744830416e+00 8.012011659829868515e-01
1.366098189775002083e+03 2.114439126074989517e+00 8.052072050441191342e-01
1.366119022911763523e+03 4.377907653417288714e+00 8.061330459105652269e-01
1.366139856048058846e+03 3.253411103548667249e+00 8.060752605366706680e-01
1.366160689184122475e+03 2.132934162308618653e+00 8.059483621848191337e-01
1.366181522319719988e+03 2.006960265640195029e+00 8.061368907276865725e-01
1.366202355455317047e+03 1.713406931161889801e+00 8.074339505396712635e-01
1.366223188590215614e+03 1.645027964745938043e+00 8.061330459105652269e-01
1.366244021724881350e+03 1.227924683766219438e+00 8.062440576260428982e-01
1.366264854859315619e+03 1.622453605364684748e+00 8.070399886744783480e-01
1.366285687993515467e+03 7.936469553627798490e-01 8.074700107261234550e-01
1.366306521127249653e+03 1.621394048894195361e+00 8.073149811034038281e-01
1.366327354260518860e+03 1.477025528770260721e+00 8.077999770708262917e-01
1.366348187393555463e+03 7.307881962882971649e-01 8.080568235571050639e-01
1.366369020526358554e+03 2.219408274014970317e+00 8.078769326107961835e-01
1.366389853658696211e+03 7.474003993512798871e-01 8.074065629146675027e-01
1.366410686790801492e+03 2.537311169984146630e-01 8.068372657633817724e-01
1.366431519922441112e+03 2.325306529987704263e+00 8.069324473548675769e-01
1.366452353053847673e+03 1.126943652879732305e+00 8.071297554985512601e-01
1.366473186184788119e+03 2.510573120394271829e+00 8.104462710532760461e-01
1.366494019315495507e+03 1.010852235886215311e+00 8.109639393165932741e-01
1.366514852445970973e+03 2.909630810673689005e+00 8.119498003889114024e-01
1.366535685575980551e+03 2.946499938377567851e+00 8.134685025955005200e-01
1.366556518705757071e+03 2.131275728243815060e+00 8.156511748341512824e-01
1.366577351835067475e+03 1.534088252687821452e+00 8.177316666369908171e-01
1.366598184964146640e+03 1.695354243858611554e+00 8.210419454302279041e-01
1.366619018092759461e+03 1.637241416773948188e+00 8.242611987134471629e-01
1.366660684349052190e+03 3.402837653790438122e+00 8.336051060654733336e-01
1.366681517476733461e+03 3.317936395722008935e+00 8.352422229275759946e-01
1.366702350603949071e+03 4.155774478437541219e+00 8.394404662869932032e-01
1.366723183730931396e+03 5.793469668141320028e+00 8.443878729662761540e-01
1.366744016857448059e+03 4.127692015547760107e+00 8.438466334637506616e-01
1.366764849983499516e+03 2.220578361889486541e+00 8.443149159003182636e-01
1.366785683109318597e+03 3.929274783079979461e+00 8.476786456687371851e-01
1.366806516234904393e+03 2.586159830497597234e+00 8.470367066109614207e-01
1.366827349360024073e+03 3.521726668300882768e+00 8.487012548030828940e-01
1.366848182484678091e+03 2.881830124708897323e+00 8.486636455803753254e-01
1.366869015609100643e+03 4.507383377516173795e+00 8.509632416865193782e-01
1.366889848732823793e+03 3.318596759594736323e+00 8.511942145824112904e-01
1.366910681856546489e+03 2.314423105773272038e+00 8.553598412989673605e-01
1.366931514979570466e+03 3.618124406179008989e+00 8.520440306300454125e-01
1.366952348102362521e+03 3.516934165876314911e+00 8.512364034365086374e-01
1.366973181224689142e+03 4.185781480886305417e+00 8.506616849927814972e-01
1.366994014346549193e+03 2.507523374762695045e+00 8.481272430502705406e-01
1.367014847467944037e+03 2.495436521098780336e+00 8.476078353626792516e-01
1.367035680589106050e+03 3.347044000703515376e+00 8.441959544790939018e-01
1.367056513709569572e+03 3.106410678173078477e+00 8.420577563277712452e-01
1.367077346829800035e+03 3.269038876429972706e+00 8.391605525913143904e-01
1.367098179949331552e+03 1.933233669476931649e+00 8.356954277563506395e-01
1.367119013068631375e+03 3.511432472005100447e+00 8.315432196284670008e-01
1.367139846187465537e+03 3.035301867639713436e+00 8.262237460398984545e-01
1.368618995562191003e+03 6.965445898141844339e-01 7.248825010913759748e-01
1.368639828618350975e+03 9.179279480769420019e-01 7.230964763162479603e-01
1.368660661673813593e+03 2.712216306295240464e+00 7.244589513229490185e-01
1.368681494728577945e+03 1.157962950085853926e+00 7.243942805201875057e-01
1.368702327782410066e+03 1.989336830500593400e+00 7.235452493464853418e-01
1.368723160835543013e+03 2.270443732302771522e+00 7.244272337307765541e-01
1.368743993887746456e+03 1.083309030373586168e+00 7.245724815168783639e-01
1.368764826939483555e+03 1.950095496796669270e+00 7.272009966572771100e-01
1.368785659990288877e+03 1.815478149032523802e+00 7.233652297105517270e-01
1.368806493040396617e+03 0.000000000000000000e+00 7.231177016593034468e-01
1.368827326089804956e+03 2.949845600056167250e+00 7.250090368299607624e-01
1.368848159138515030e+03 9.328179071464788308e-01 7.231877614763344564e-01
1.368868992186527066e+03 3.070743125636701265e+00 7.236347069760542539e-01
1.368889825233839929e+03 1.545940717785423413e+00 7.241202706186319338e-01
1.368910658280221924e+03 1.086758071919113888e+00 7.239002140418467901e-01
1.368931491326138485e+03 2.726184626585725024e+00 7.234487363795439885e-01
1.368952324371356099e+03 2.637320066259901008e+00 7.241022438070394696e-01
1.368973157415874994e+03 1.592764372379789073e+00 7.252628228212139039e-01
1.368993990459695397e+03 1.910438430842714030e+00 7.236513040216014936e-01
1.369014823503051048e+03 3.515279525022146245e+00 7.246584811369783941e-01
1.369035656545474922e+03 2.886966450611172519e+00 7.248765396362309987e-01
1.369056489587433134e+03 1.387193973304773564e+00 7.266488793001383284e-01
1.369077322628692400e+03 2.966240697850535568e+00 7.242216322099765957e-01
1.369098155669254538e+03 1.497869555689807619e+00 7.234042446328342590e-01
1.369118988709349424e+03 3.884442159037627906e+00 7.239817242765779204e-01
1.369139821748513441e+03 3.398558674329725804e+00 7.246174362022118620e-01
1.369160654787445083e+03 2.841992337700736559e+00 7.251031226777321370e-01
1.369181487825444492e+03 4.927464453041258352e+00 7.246380412145770888e-01
1.369202320862978922e+03 2.836152221571345500e+00 7.239164756548353008e-01
1.369223153899815088e+03 2.655936413705780375e+00 7.235288146291081190e-01
1.369243986936185593e+03 3.196317525161216366e+00 7.233212684542213999e-01
1.369264819971857378e+03 2.637396804444335885e+00 7.234622069520981746e-01
1.369285653007063047e+03 2.808724260621799473e+00 7.257780536954897554e-01
1.369306486041571134e+03 2.002064124392339384e+00 7.228641520251367636e-01
1.369327319075380046e+03 2.716103206854262542e+00 7.229819723601605963e-01
1.369348152108723070e+03 2.658694360132146883e+00 7.229149844968134619e-01
1.369368985141601115e+03 2.511637635962141069e+00 7.243909892308006970e-01
1.369389818173780895e+03 3.000380963199924533e+00 7.271119777935755035e-01
1.369410651205261502e+03 3.176201182029059655e+00 7.239103827388381207e-01
1.369431484236276447e+03 2.662519061025287126e+00 7.224434204122988090e-01
1.369452317266825048e+03 2.351866398077488096e+00 7.231456439765029387e-01
1.369473150296909807e+03 2.054386402664971190e+00 7.242048836278716095e-01
1.369493983326063017e+03 2.265374341744847975e+00 7.242045544135308210e-01
1.369514816354982031e+03 1.720329459708993536e+00 7.228580090107243894e-01
1.369535649383202781e+03 2.366075115867446677e+00 7.299045280837676009e-01
1.369556482410959006e+03 2.913804451626455183e+00 7.247415920663333733e-01
1.369577315438249116e+03 3.708070953691403382e+00 7.237010105136016946e-01
1.369598148464839596e+03 3.786518620270150848e+00 7.232939097725716859e-01
1.369618981490964870e+03 2.368013361615034285e+00 7.238017720233721475e-01
1.369639814516393017e+03 3.756593573032919409e+00 7.240172483407615323e-01
1.369660647541355047e+03 4.500591141255126715e+00 7.238000015090136907e-01
1.369681480565850052e+03 3.718532282731989991e+00 7.227691974524801388e-01
1.369702313589880532e+03 2.992329340635695889e+00 7.235150981506136558e-01
1.369723146613212521e+03 3.637617542072471899e+00 7.250010210885059481e-01
1.369743979636079075e+03 4.160488600652875846e+00 7.247375210453855798e-01
1.369764812658478604e+03 2.725928795135686755e+00 7.236973042649657017e-01
1.369785645680412927e+03 3.998307430252238781e+00 7.230449146839773578e-01
1.369806478701650121e+03 2.859528193992673994e+00 7.231124675063672624e-01
1.369827311722420973e+03 3.951265888031252782e+00 7.236169151794178411e-01
1.369848144742725026e+03 2.995723437837764180e+00 7.225432436452353668e-01
1.369868977762564100e+03 3.336776542651250566e+00 7.239298963564874123e-01
1.369889810781937513e+03 3.170563275250038782e+00 7.225791271399503168e-01
1.369910643800613798e+03 3.936288053865194314e+00 7.236842910638792148e-01
1.369931476818823512e+03 4.210771276278621578e+00 7.234711460009423112e-01
1.369952309836567110e+03 2.751421473518945948e+00 7.236042712061827586e-01
1.369973142853844820e+03 2.855753308477289476e+00 7.230043552288610842e-01
1.369993975870658005e+03 3.527594979938295960e+00 7.234890649597919277e-01
1.370014808886771789e+03 2.930709747303823498e+00 7.224753900976298437e-01
1.370035641902652515e+03 4.451098200943839345e+00 7.236300119610956649e-01
1.370056474917834521e+03 3.546113715304982872e+00 7.222338292420000805e-01
1.370077307932552458e+03 3.591303428494305727e+00 7.235523338714132668e-01
1.370098140946804051e+03 2.891925209853178469e+00 7.226115857317614299e-01
1.370118973960356925e+03 4.122960014808862539e+00 7.235506863136665912e-01
1.370139806973676968e+03 3.999900855274532319e+00 7.234495190802255893e-01
1.370160639986530896e+03 3.780854110254700196e+00 7.226989733464755927e-01
1.370181472998687468e+03 1.946777524836309947e+00 7.230185760285475771e-01
1.370202306010377924e+03 3.060195149558712746e+00 7.222659732535117172e-01
1.370223139021834868e+03 2.076957635973547767e+00 7.223606226636092309e-01
1.370243972032594002e+03 2.804936387565705402e+00 7.218834946698179378e-01
1.370264805042887019e+03 3.843387775305441512e+00 7.234603944125970187e-01
1.370285638052715058e+03 3.048075096200535405e+00 7.244600620305828853e-01
1.370306471061843922e+03 2.667616564999386597e+00 7.245907022789918051e-01
1.370327304070740411e+03 3.691909128031447551e+00 7.222124541266017328e-01
1.370348137079171011e+03 2.898237530098732417e+00 7.222892035292034496e-01
1.370368970086903118e+03 2.295037287311315843e+00 7.226321654559210161e-01
1.370389803094402396e+03 3.403136921757245137e+00 7.281785445929321865e-01
1.370410636101204091e+03 3.983846806538196006e+00 7.236485035542598032e-01
1.370431469107772045e+03 3.047294397387393161e+00 7.232176790712866454e-01
1.370452302113641508e+03 2.405583357541353440e+00 7.222604028276766730e-01
1.370473135119277458e+03 4.330695443553904234e+00 7.227602084879474198e-01
1.370493968124215371e+03 3.752657294443219715e+00 7.240205001668565954e-01
1.370514801128688532e+03 2.492733909995225261e+00 7.223680488580712655e-01
1.370535634132695577e+03 3.448450859909635291e+00 7.230058391514643246e-01
1.370556467136237188e+03 3.114244823753984814e+00 7.239087359959818224e-01
1.370577300139312911e+03 3.662982434346706562e+00 7.221025975103376737e-01
1.370598133141922062e+03 4.493194134346053303e+00 7.235260136876611181e-01
1.370618966144065780e+03 1.626024664200709235e+00 7.215951500961202969e-01
1.370639799145744973e+03 2.730015610143988969e+00 7.221082929673053874e-01
1.370723131147802633e+03 2.977933434797962686e+00 7.222644878108230859e-01
1.370743964147152383e+03 3.913618979440022017e+00 7.237687903354969032e-01
1.370764797146037381e+03 1.379062147062118271e+00 7.220228151193187616e-01
1.370785630144457173e+03 3.265333465729796547e+00 7.226979011698356770e-01
1.370806463142409939e+03 3.764012226758502777e+00 7.225071108775018569e-01
1.370827296139897953e+03 3.500226928529507120e+00 7.232421149764513002e-01
1.370848129136687476e+03 2.358159866264672111e+00 7.238381695449301878e-01
1.370868962133243031e+03 2.228428332112160959e+00 7.243366396524683060e-01
1.370889795129333834e+03 3.598943043282746945e+00 7.227569922257748303e-01
1.370910628124958976e+03 3.234423047405104334e+00 7.246745201090036836e-01
1.370931461120118456e+03 2.638773565147585209e+00 7.219263463110249246e-01
1.370952294114812503e+03 2.531627980201685446e+00 7.224076951934039759e-01
1.370973127109040888e+03 3.318716950866567039e+00 7.223539802805466481e-01
1.370993960102802930e+03 1.844740781094473370e+00 7.238186122806505862e-01
1.371014793096099538e+03 3.560216405051225053e+00 7.231458912488266666e-01
1.371035626088697427e+03 1.572812153272794333e+00 7.220492313724059530e-01
1.371056459081063167e+03 1.413950989244531442e+00 7.219229199246062212e-01
1.371077292072963019e+03 3.695498557440227927e+00 7.229643293896484968e-01
1.371098125064397209e+03 2.025218826652749105e+00 7.212812384545949085e-01
1.371160624036137506e+03 4.190352417887949876e+00 7.223971340513357653e-01
1.371181457025709051e+03 3.176030953936362256e+00 7.221094898329852851e-01
1.371202290014814935e+03 4.117772345639849618e+00 7.235581414825503765e-01
1.371223123003455385e+03 3.608531006313224321e+00 7.219952834020183507e-01
1.371243955991629946e+03 4.112267368992698735e+00 7.232382415490773431e-01
1.371264788979572131e+03 3.579063984365488338e+00 7.234520731502438462e-01
1.371285621966816052e+03 3.567223116344282019e+00 7.219644895628581915e-01
1.371306454953592493e+03 4.500434213557192642e+00 7.232471833660450988e-01
1.371327287940136557e+03 3.260420918885520880e+00 7.225030685148449150e-01
1.371348120925983039e+03 4.000925536658575865e+00 7.224759263512553487e-01
1.371368953911595781e+03 4.093644239114681227e+00 7.224175961238707977e-01
1.371389786896511396e+03 4.324886974967053987e+00 7.228532264935632057e-01
1.371410619881193952e+03 4.634489977768279978e+00 7.230809793616055359e-01
1.371431452865177107e+03 4.234676966044702340e+00 7.236481740868012658e-01
1.371452285848928568e+03 3.419784136469559588e+00 7.219884312672385507e-01
1.371473118832213913e+03 3.335825399330730523e+00 7.221084993235986627e-01
1.371493951814799402e+03 4.466392368095410959e+00 7.232294232434266501e-01
1.371514784797152970e+03 2.953302307236989055e+00 7.249494304778665299e-01
1.371535617779040422e+03 2.944628621629183929e+00 7.217918794015020234e-01
1.371556450760464031e+03 4.226738538388032040e+00 7.226999218091002541e-01
1.371577283741419933e+03 3.957436623334537718e+00 7.230300349042190211e-01
1.371598116721911538e+03 3.692204810227998735e+00 7.219554080190186962e-01
1.371618949701937026e+03 2.953327681881878775e+00 7.230032835050868023e-01
1.371639782681496399e+03 4.019776521507232303e+00 7.226875916978869885e-01
1.371660615660824078e+03 3.273523312135763419e+00 7.219904538921010362e-01
1.371681448639453038e+03 3.774475441578758250e+00 7.217127233643023665e-01
1.371702281617615427e+03 3.021040288830403320e+00 7.236220633136981606e-01
1.371723114595545439e+03 3.775212225610344863e+00 7.222193041359401544e-01
1.371743947572776051e+03 4.917902520043000436e+00 7.230336621363741001e-01
1.371764780549774969e+03 3.046374591416249000e+00 7.216384318410203891e-01
1.371785613526074940e+03 2.546263916329048360e+00 7.224530733437978247e-01
1.371806446502142080e+03 3.319570066167964573e+00 7.228162433743385851e-01
1.371827279477744469e+03 4.093681866762103105e+00 7.224461842990254068e-01
1.371848112452880969e+03 2.783719449528483381e+00 7.226911794108097364e-01
1.371868945427550898e+03 5.644175351882930514e+00 7.238098833942475663e-01
1.371889778401755848e+03 3.245836055335796555e+00 7.216050208752318174e-01
1.371910611375494909e+03 4.331298980834553447e+00 7.223102050359262449e-01
1.371931444348768537e+03 2.838799064235813407e+00 7.224937049961076552e-01
1.371952277321576048e+03 3.311827792537378912e+00 7.217050013664482178e-01
1.371973110293918580e+03 3.983819891315680817e+00 7.226128642487336107e-01
1.371993943266027600e+03 3.385026792836440368e+00 7.217868420824044007e-01
1.372014776237437445e+03 3.059586713573680061e+00 7.225297559398756730e-01
1.372035609208615369e+03 3.570323420982624452e+00 7.227136537589350374e-01
1.372056442179095029e+03 1.559877120249214322e+00 7.214982936571950889e-01
1.372077275149341403e+03 3.356513574482067330e+00 7.232710002008914119e-01
1.372098108119123026e+03 3.778768049635433890e+00 7.224839288580687802e-01
1.372118941088438078e+03 3.089307989564546109e+00 7.219601964836438457e-01
1.372139774057287468e+03 4.602859795033406698e+00 7.231561941871573751e-01
1.372160607025672107e+03 2.665580780130522687e+00 7.248893258694885100e-01
1.372181439993589947e+03 2.070219806817616082e+00 7.233613569424277578e-01
1.372202272961043036e+03 3.733118163095929365e+00 7.240254396215911603e-01
1.372223105928030009e+03 3.446065888090936280e+00 7.240923659117275424e-01
1.372243938894784151e+03 4.068537586563348185e+00 7.229656072828168911e-01
1.372264771860840028e+03 2.562694787760840587e+00 7.213643666635345397e-01
1.372285604826663075e+03 2.179680744960134309e+00 7.215386486448177594e-01
1.372306437791787175e+03 3.211127092852188003e+00 7.230255008384357529e-01
1.372327270756679354e+03 2.698817890132230168e+00 7.250502240115317409e-01
1.372348103721104962e+03 4.129005682795675369e+00 7.227206639630567864e-01
1.372368936685065364e+03 3.523215954340920497e+00 7.226811172743218270e-01
1.372389769648559650e+03 4.753053107816228362e+00 7.244205280178956929e-01
1.372410602611588047e+03 3.942419667583013432e+00 7.229484173694143978e-01
1.372431435574150328e+03 2.155406927548337404e+00 7.220301209609965021e-01
1.372452268536480915e+03 2.608821580327705281e+00 7.220605818093073225e-01
1.372473101498113010e+03 2.690180590053783849e+00 7.232873995724096172e-01
1.372493934459512047e+03 1.636397417968071366e+00 7.239620062279783497e-01
1.372514767420212593e+03 2.842091249264968145e+00 7.230480472301705763e-01
1.372535600380680535e+03 2.389708253151941353e+00 7.233896194333356844e-01
1.372556433340683043e+03 2.773472453639628466e+00 7.220881110369153921e-01
1.372577266300218980e+03 2.864857593283118398e+00 7.227806602817689052e-01
1.372598099259290393e+03 3.255143111856583449e+00 7.229401314378259835e-01
1.372618932217895008e+03 2.071936594773230222e+00 7.227937722161061895e-01
1.372639765176034871e+03 3.949395318723149639e+00 7.242667732653494950e-01
1.372660598133707936e+03 1.394547209521009634e+00 7.240324782863645225e-01
1.372681431091149079e+03 2.194656855041801968e+00 7.232772633213377933e-01
1.372702264047892641e+03 3.748323198395308697e+00 7.252874363649324252e-01
1.372723097004402007e+03 3.780713716857841966e+00 7.226959630003347845e-01
1.372743929960445485e+03 2.705020280454557557e+00 7.232601220206856807e-01
1.372764762915791835e+03 3.208344932985814690e+00 7.253279503290662733e-01
1.372785595870903990e+03 2.757173719215881835e+00 7.223515461000320492e-01
1.372806428825551393e+03 3.450824974026104108e+00 7.229006792072414367e-01
1.372827261779965056e+03 4.135275051745967545e+00 7.239895866472382258e-01
1.372848094733681137e+03 3.336299485678109189e+00 7.229026992797059625e-01
1.372868927686931329e+03 2.042495304557462976e+00 7.224690375243959517e-01
1.372889760639948008e+03 1.887036978237613738e+00 7.253158292484424008e-01
1.372910593592267105e+03 2.157816692286014693e+00 7.230837820269400140e-01
1.372931426544352917e+03 2.910928719164074696e+00 7.236609408411108779e-01
1.372952259495973067e+03 2.757473943787449588e+00 7.239459926367586284e-01
1.372973092447127783e+03 3.633597494694747798e+00 7.233474312857247623e-01
1.372993925397817065e+03 3.070226358454971383e+00 7.230787124919914044e-01
1.373014758348039322e+03 2.598544428455020316e+00 7.237757491438046031e-01
1.373035591297797964e+03 3.704684977649015387e+00 7.235217710645241995e-01
1.373056424247322411e+03 2.345748068723980673e+00 7.244452113173169838e-01
1.373077257196148821e+03 3.029556254199124776e+00 7.228910734793024817e-01
1.373098090144741946e+03 2.879221625268878704e+00 7.242806400984983517e-01
1.373118923092869409e+03 2.248305237433450898e+00 7.231528560512132664e-01
1.373139756040299517e+03 2.810761389736415428e+00 7.240683291368945618e-01
1.373160588987495885e+03 3.651378640310304569e+00 7.231036476668922797e-01
1.373202254880724922e+03 1.879397663951143382e+00 7.243796753094779994e-01
1.373223087826524079e+03 2.240578106143428450e+00 7.233430228119057670e-01
1.373243920772090405e+03 2.955923855568602931e+00 7.246477471651078250e-01
1.373264753716959603e+03 2.527334580421654486e+00 7.237124585839709301e-01
1.373285586661595062e+03 1.775948898930715281e+00 7.230668834388872535e-01
1.373306419605765541e+03 2.564101892459927257e+00 7.231488997219925885e-01
1.373327252549468994e+03 3.349230890393877225e+00 7.250361252696408965e-01
1.373348085492707469e+03 2.580685397205077614e+00 7.240301320723763201e-01
1.373368918435480055e+03 2.715166860426894146e+00 7.237256771737676786e-01
1.373389751377786524e+03 2.224848284029254053e+00 7.232359751723768104e-01
1.373410584319861528e+03 2.299438500272613872e+00 7.220339183184336651e-01
1.373431417261237129e+03 2.768371148986359831e+00 7.222657256799424053e-01
1.373452250202379673e+03 3.212266091940693347e+00 7.277425391844447589e-01
1.373473083143057465e+03 2.983272917725783735e+00 7.229183237311493926e-01
1.373493916083268914e+03 2.511656969817739782e+00 7.229812303747463753e-01
1.373514749023014474e+03 2.649058364130905119e+00 7.226021823761411556e-01
1.373535581962295055e+03 2.551966135219668530e+00 7.222529755263997764e-01
1.373556414901108838e+03 1.492437901267937406e+00 7.222842522009448318e-01
1.373577247839691609e+03 3.645100620720001405e+00 7.255900448340174558e-01
1.373598080777574069e+03 2.842144145494058805e+00 7.223700704200104461e-01
1.373660579589128929e+03 3.381901572823067692e+00 7.282232766687840586e-01
1.373681412525382484e+03 3.703439968580357622e+00 7.228074611516221992e-01
1.373702245461171060e+03 4.125072499216885902e+00 7.231500124417736819e-01
1.373723078396492838e+03 3.006488268680817200e+00 7.223364044878771706e-01
1.373743911331582467e+03 3.300031009749986755e+00 7.234125252484928659e-01
1.373764744265972922e+03 3.867344374048800049e+00 7.227345192253142869e-01
1.373785577200131002e+03 4.481153703337112049e+00 7.234444109131381584e-01
1.373806410133822965e+03 4.999358281962336115e+00 7.250689260012079806e-01
1.373827243067049494e+03 4.069721290498955923e+00 7.224497732107865167e-01
1.373848075999811044e+03 2.027270988024223897e+00 7.230149075011964577e-01
1.373868908932339082e+03 2.628591801819039731e+00 7.218384110066561332e-01
1.373889741864168627e+03 3.958273404186285926e+00 7.223759700480171242e-01
1.373910574795766024e+03 2.665938735771885337e+00 7.258799228176110452e-01
1.373931407726664020e+03 3.822619705336692153e+00 7.228859201391748535e-01
1.373952240657329639e+03 5.242741675290278458e+00 7.246785914838712594e-01
1.373993906517497635e+03 4.000576158832599205e+00 7.236655532905076349e-01
1.374014739446766498e+03 2.309143195082273614e+00 7.277883217883356348e-01
1.374035572375569018e+03 2.810827137179658486e+00 7.220386237119000850e-01
1.374056405304138934e+03 3.093796729322966232e+00 7.224826913628088487e-01
1.374077238232243872e+03 4.045052735753337458e+00 7.229131293599619923e-01
1.374098071159649407e+03 2.768027130128642987e+00 7.226458986932838835e-01
1.374118904086822567e+03 3.195058617474880958e+00 7.240156018409664718e-01
1.374139737013761987e+03 2.573544485773623158e+00 7.219615174338134267e-01
1.374160569940003825e+03 3.382149009677867912e+00 7.232327610259690065e-01
1.374181402865781365e+03 3.564847915572935566e+00 7.245873707517512807e-01
1.374202235791324938e+03 3.855106414131121095e+00 7.230477174891051240e-01
1.374223068716402395e+03 3.125805655525860871e+00 7.268531382086571568e-01
1.374243901640781132e+03 3.800491919715977218e+00 7.238976203837188539e-01
1.374264734564927494e+03 3.278965314380096974e+00 7.229126758813408937e-01
1.374285567488841025e+03 2.869115274491991219e+00 7.222112574315567857e-01
1.374306400412056064e+03 4.220761308325995387e+00 7.236384547292897818e-01
1.374327233334804987e+03 3.260203068553708672e+00 7.230489952348961857e-01
1.374348066257321989e+03 2.854282558906682699e+00 7.230848536314029573e-01
1.374368899179372875e+03 3.105735086553082169e+00 7.224303433720289380e-01
1.374389732100959009e+03 2.852139672899232981e+00 7.262402301728673182e-01
1.374410565022078117e+03 2.845801545941344823e+00 7.225550812709218285e-01
1.374431397942732019e+03 1.886309883102952778e+00 7.222013949382602993e-01
1.374452230862920487e+03 3.357444709947392081e+00 7.226295672465200548e-01
1.374473063782876125e+03 3.948527909511138301e+00 7.235445491280454444e-01
1.374493896702364964e+03 3.204707867502317509e+00 7.229603720287341995e-01
1.374514729621389506e+03 2.950116997266617691e+00 7.238757180111722311e-01
1.374535562539948387e+03 3.361672592846211227e+00 7.226734881020464574e-01
1.374556395458041607e+03 3.186344301914178612e+00 7.229294131764867348e-01
1.374577228375668028e+03 3.054289189609594946e+00 7.227716302264112214e-01
1.374598061292829470e+03 3.043623498855049903e+00 7.228300143444141845e-01
1.374618894209758537e+03 3.273341830079498305e+00 7.224680062572373940e-01
1.374639727126221032e+03 2.025604974199636921e+00 7.263508560219735788e-01
1.374660560042218094e+03 4.464619632163861596e+00 7.236926096561122623e-01
1.374681392957983007e+03 2.836288282424720641e+00 7.223435833844341625e-01
1.374702225873049429e+03 2.104835705719692918e+00 7.234505901429438834e-01
1.374723058787883019e+03 2.506695489026287138e+00 7.223409841370238560e-01
1.374743891702016981e+03 2.800981024929687369e+00 7.222902350516517966e-01
1.374764724615919022e+03 3.571494804480314755e+00 7.227880409281580709e-01
1.374785557529355629e+03 3.241635986994240159e+00 7.225327669784983309e-01
1.374806390442325437e+03 2.994970046768148375e+00 7.231324147839165439e-01
1.374827223354830494e+03 2.148250318914493473e+00 7.225438210948902373e-01
1.374848056267102947e+03 2.694704586790145129e+00 7.232417441172815931e-01
1.374868889178676454e+03 1.925836930297867067e+00 7.240260982130096723e-01
1.374889722090017585e+03 1.675111341600501458e+00 7.253809109121082122e-01
1.374910555000891918e+03 3.623054505703031669e+00 7.241196532694919030e-01
1.374931387911301044e+03 2.887304695443559499e+00 7.244216799239103777e-01
1.374952220821246101e+03 3.416928502814764901e+00 7.232327610259690065e-01
1.374973053730956963e+03 2.083530442905546565e+00 7.220592610403682166e-01
1.374993886639968878e+03 3.024579338280799945e+00 7.234205173946117728e-01
1.375014719548747962e+03 2.352786885611775514e+00 7.262022294240615405e-01
1.375035552457061840e+03 2.072417121629731795e+00 7.229581460037004526e-01
1.375056385364910511e+03 2.344735972613177122e+00 7.238547619253461463e-01
1.375077218272293521e+03 3.619283729835296892e+00 7.231296123070700688e-01
1.375098051179443473e+03 3.306913393540974244e+00 7.228860438197681759e-01
1.375118884085894933e+03 2.890897514420695202e+00 7.286173567934660644e-01
1.375139716992112881e+03 4.148925555338676574e+00 7.230682848002308871e-01
1.375160549897866076e+03 2.892905041610414063e+00 7.228537624668883721e-01
1.375181382803152928e+03 2.367527281694000507e+00 7.232225003860826007e-01
1.375202215708207405e+03 3.022002338029295299e+00 7.221824123545050877e-01
1.375223048612564071e+03 3.507592935092858522e+00 7.234549979612863169e-01
1.375243881516686997e+03 2.666576984893832325e+00 7.232347801708932655e-01
1.375264714420343807e+03 3.207039498560876112e+00 7.231810854804611166e-01
1.375285547323534956e+03 2.979819813852026655e+00 7.224846301044418606e-01
1.375306380226261354e+03 2.731747168825144456e+00 7.244090499971921338e-01
1.375327213128522544e+03 2.328538724521507675e+00 7.231312196112955615e-01
1.375348046030549995e+03 2.108978270566114421e+00 7.223096686592667126e-01
1.375368878932111329e+03 2.470077365697798122e+00 7.225613505969125105e-01
1.375389711833207912e+03 2.977622997282448836e+00 7.228053995815298949e-01
1.375410544733838833e+03 3.483181807841503552e+00 7.237174001411247337e-01
1.375431377634004093e+03 2.458261634666209172e+00 7.227104785264581999e-01
1.375452210533936068e+03 3.096619495716944837e+00 7.243440044443278936e-01
1.375473043433169096e+03 2.824460868186130291e+00 7.225015010620152722e-01
1.375493876332170203e+03 2.201237066036417112e+00 7.229161388017850687e-01
1.375514709230705648e+03 2.528799192776926219e+00 7.224708938015717008e-01
1.375535542129007808e+03 1.568048290908493847e+00 7.221973095982401336e-01
1.375556375026611022e+03 2.798406753692972426e+00 7.230335384810321342e-01
1.375577207923981859e+03 2.888204335197023909e+00 7.232202339600535268e-01
1.375598040820654660e+03 2.807102172169142040e+00 7.229434705560096042e-01
1.375618873717094630e+03 2.581012632668703510e+00 7.231069860300008978e-01
1.375639706613301541e+03 2.438522258728468728e+00 7.240727743540216199e-01
1.375660539508809961e+03 1.703722551316803280e+00 7.229696470592663626e-01
1.375681372404084868e+03 3.060804130807558643e+00 7.222856138195995479e-01
1.375702205298661511e+03 3.293698184551771657e+00 7.234521555394490822e-01
1.375723038193005777e+03 3.594725618044756654e+00 7.231077691005971531e-01
1.375743871087117896e+03 3.169867834026228959e+00 7.226667248765750173e-01
1.375764703980531067e+03 2.342884158210333023e+00 7.229801586166926253e-01
1.375785536873710953e+03 3.704532198203522420e+00 7.233213096562748357e-01
1.375806369766192347e+03 4.209705322884985890e+00 7.253701876306977159e-01
1.375827202658441820e+03 2.385641766648819662e+00 7.236992809332669641e-01
1.375848035550457553e+03 2.644948931534384151e+00 7.240108681331984819e-01
1.375889701332859204e+03 3.810522911182231631e+00 7.230259130274091506e-01
1.375910534223245577e+03 3.110734436665946845e+00 7.222535532081272303e-01
1.375931367113399119e+03 2.387604919216502086e+00 7.227291998256817340e-01
1.375952200003086091e+03 3.171892275624776936e+00 7.258830020726887433e-01
1.375973032892541596e+03 1.568648380717788893e+00 7.270862373432508408e-01
1.375993865781297927e+03 2.811215679771752463e+00 7.232454527004211764e-01
1.376014698669820518e+03 3.227039195243298408e+00 7.235566175039971348e-01
1.376035531557878585e+03 2.421229595198761686e+00 7.228114193497169326e-01
1.376056364445703821e+03 2.076805345943258274e+00 7.242300680813118507e-01
1.376077197332830565e+03 2.509421790842775835e+00 7.227421889884210193e-01
1.376098030219724478e+03 3.027762468967010179e+00 7.239549668780391745e-01
1.376160528877610886e+03 4.080403994631973674e+00 7.234767482978331499e-01
1.376181361762641473e+03 4.111318302899055865e+00 7.241501908427232514e-01
1.376202194647440137e+03 4.109239895158029121e+00 7.228191295275224748e-01
1.376223027531772914e+03 4.274282159417291282e+00 7.239237623856831227e-01
1.376243860415640029e+03 4.052213826207974989e+00 7.285479827322000057e-01
1.376264693299273858e+03 4.725836473944411864e+00 7.239995482717337394e-01
1.376285526182208969e+03 4.627473187051234227e+00 7.239291553426403514e-01
1.376306359064912613e+03 6.559991549929035770e+00 7.239590422995043628e-01
1.376327191947149004e+03 4.391567014888691389e+00 7.245002520464030038e-01
1.376348024828920188e+03 3.911326646059885892e+00 7.226102247273374912e-01
1.376368857710458997e+03 5.589871319955164175e+00 7.243538377647666948e-01
1.376389690591532144e+03 4.345191211431097322e+00 7.232935389399590687e-01
1.376410523471906345e+03 4.736716157072170752e+00 7.248270371079480467e-01
1.376431356352280545e+03 4.378727400830360494e+00 7.242242247077236295e-01
1.376452189231956481e+03 5.242245933797395452e+00 7.240809238478773668e-01
1.376473022111400496e+03 3.692026958456872343e+00 7.240803064651902821e-01
1.376493854990377486e+03 6.176516920822015422e+00 7.240803064651902821e-01
1.376514687868888814e+03 3.892521506135543152e+00 7.250625961510148709e-01
1.376535520746935617e+03 4.153673167549428058e+00 7.234285506483822958e-01
1.376556353624516078e+03 4.104986431468824470e+00 7.241590802446821185e-01
1.376577186501863480e+03 5.555790269817180160e+00 7.255250230071682571e-01
1.376598019378745448e+03 4.490914334148148335e+00 7.239604419339069619e-01
1.376618852255394813e+03 5.694252238400347998e+00 7.250439351022265333e-01
1.376639685131345459e+03 4.506825719970878552e+00 7.244219267606752943e-01
1.376660518007063047e+03 5.554176865298726895e+00 7.246294044543708512e-01
1.376681350882315655e+03 5.313850707791885952e+00 7.241816324970973273e-01
1.376702183757102830e+03 4.660002631651654070e+00 7.240816235476196239e-01
1.376723016631422979e+03 3.894606856350228519e+00 7.233765594982412006e-01
1.376743849505511662e+03 3.825399566789209338e+00 7.236169563646374092e-01
1.376764682379134001e+03 5.972784184654319262e+00 7.250447982890864118e-01
1.376785515252289542e+03 4.551075218954089507e+00 7.287677400238955494e-01
1.376806348125214527e+03 5.619622848632013223e+00 7.247348892620977256e-01
1.376827180997439882e+03 6.367901900679995286e+00 7.252250996088673851e-01
1.376848013869432179e+03 4.581811824255872523e+00 7.243133927511845593e-01
1.376868846740958816e+03 4.693852540076836277e+00 7.270228660455896330e-01
1.376889679612253076e+03 2.351756973613586155e+00 7.236558341664147687e-01
1.376910512483082130e+03 4.476958492340681772e+00 7.235676559787795892e-01
1.376931345353445067e+03 5.529480568432850518e+00 7.241129447082345072e-01
1.376952178223341889e+03 5.868368790380202427e+00 7.244477207389938833e-01
1.376973011092773504e+03 3.639793888046695347e+00 7.247996530278324467e-01
1.376993843961971379e+03 3.592569771628360442e+00 7.251501815729387568e-01
1.377014676830704502e+03 4.397905745635386054e+00 7.262444569151293994e-01
1.377035509698971964e+03 5.480188607148130941e+00 7.241720437602712224e-01
1.377077175434342507e+03 2.870667751482496310e+00 7.274839239540014102e-01
1.377098008301446043e+03 4.454695137190450183e+00 7.245884401325347612e-01
1.377118841168315612e+03 4.484351537906858809e+00 7.255814194057264022e-01
1.377139674034488507e+03 4.181139321597724390e+00 7.243066859843509953e-01
1.377160506900426981e+03 3.488973150002084189e+00 7.246248803960370077e-01
1.377181339765899793e+03 4.088343094643188458e+00 7.283429306745166087e-01
1.377223005495683083e+03 3.875312797280910715e+00 7.247949244407808633e-01
1.377243838359991969e+03 4.315540771962571576e+00 7.256917350106002473e-01
1.377264671223835649e+03 4.419103693382152365e+00 7.251722920342139611e-01
1.377285504087446498e+03 4.085907251689295805e+00 7.255283091521198546e-01
1.377306336950358855e+03 5.013740052391485236e+00 7.249847015871441203e-01
1.377327169813038381e+03 4.359916745955345618e+00 7.279096440451598982e-01
1.377348002675485077e+03 6.153161679105775050e+00 7.267531278193207767e-01
1.377368835537232826e+03 3.418191976989130687e+00 7.239712272611869004e-01
1.377389668398748654e+03 5.136576238470325961e+00 7.253202257316051504e-01
1.377410501259797911e+03 3.990299965043014652e+00 7.252283049254104608e-01
1.377431334120614792e+03 4.862729395505045460e+00 7.249347131206737016e-01
1.377452166980733182e+03 4.009289621060721842e+00 7.243021599102876795e-01
1.377472999840618058e+03 4.276681359257379356e+00 7.254530937810867997e-01
1.377493832700270559e+03 4.524761988854613115e+00 7.262199989202067218e-01
1.377514665559225477e+03 4.239596471092327512e+00 7.254892441407747583e-01
1.377535498417945973e+03 4.817022710339649016e+00 7.267608781938035278e-01
1.377556331276201490e+03 3.917129455117478010e+00 7.264555165271138204e-01
1.377577164134225541e+03 5.105242124546943927e+00 7.261435828974137641e-01
1.377597996991782566e+03 4.276903765168484028e+00 7.267983986794398499e-01
1.377618829848874157e+03 3.462607504108483170e+00 7.272507064097288865e-01
1.377639662705498949e+03 4.620548811561199010e+00 7.275174745774717344e-01
1.377660495561892503e+03 4.869445181627759744e+00 7.266358779442102511e-01
1.377681328417820623e+03 5.192702095557901742e+00 7.266102436745359716e-01
1.377702161273281490e+03 3.757745248651388259e+00 7.268814289336797962e-01
1.377722994128510436e+03 5.775608895787478936e+00 7.283911713768460583e-01
1.377743826983273948e+03 3.838472227699134542e+00 7.305168911171030510e-01
1.377764659837571344e+03 3.320524223068386682e+00 7.283328647815701107e-01
1.377785492691636591e+03 4.565476647874293192e+00 7.274694627074771436e-01
1.377806325545001982e+03 4.939376516008115559e+00 7.286478694717356541e-01
1.377827158398368510e+03 4.521288905145793180e+00 7.276352786760386104e-01
1.377847991251036547e+03 4.187830681241777597e+00 7.284007864021401213e-01
1.377868824103471525e+03 4.589301749549519194e+00 7.285277337507434225e-01
1.377889656955440842e+03 3.683192137199434502e+00 7.280179694101149845e-01
1.377931322658214413e+03 4.451909825947314658e+00 7.283472270498769774e-01
1.377952155509020486e+03 3.727175047155754761e+00 7.288229450078962390e-01
1.377972988359592819e+03 4.813745721707189062e+00 7.294033256855555480e-01
1.377993821209699490e+03 4.824062963081599875e+00 7.299647504970573353e-01
1.378014654059340046e+03 5.065020914558770571e+00 7.305026123031498342e-01
1.378056319757457914e+03 4.916361129825187248e+00 7.311893519495401561e-01
1.378077152605934543e+03 4.370805965076876021e+00 7.332322177389030138e-01
1.378097985454178797e+03 5.003759448530842313e+00 7.311749639893195818e-01
1.378118818301957162e+03 5.176078964955346251e+00 7.313028153476801574e-01
1.378139651149269412e+03 4.224873883200154445e+00 7.310180230899901987e-01
1.378160483996116454e+03 4.713283668249972358e+00 7.347380369808345080e-01
1.378181316842731121e+03 5.509565332229726664e+00 7.325397854308492995e-01
1.378202149688879672e+03 4.967254690311471599e+00 7.310893640388665959e-01
1.378222982534795392e+03 2.550477498968357182e+00 7.308298534178520045e-01
1.378243815380245906e+03 4.461025051705595601e+00 7.316385378097522985e-01
1.378264648225229394e+03 4.057960351239992214e+00 7.351172733818663874e-01
1.378285481069981415e+03 4.058187986481057941e+00 7.329574864485102204e-01
1.378306313914266866e+03 3.421950487647803296e+00 7.317055008980067887e-01
1.378327146758087565e+03 3.725184093491527015e+00 7.319271603963850570e-01
1.378347979601674979e+03 4.570779302876592176e+00 7.325579707540484931e-01
1.378368812444796504e+03 3.345675347358634255e+00 7.324826634930072800e-01
1.378389645287686108e+03 3.748260792842082356e+00 7.329407341847432589e-01
1.378410478130108913e+03 3.958659134689907155e+00 7.331520205020021219e-01
1.378431310972066512e+03 3.394446788132819748e+00 7.338418445585974670e-01
1.378493809495843834e+03 6.569329221203409119e+00 7.369338966367591226e-01
1.378514642336404449e+03 3.919040918596189638e+00 7.360827292562889257e-01
1.378535475176499403e+03 3.766329037166481264e+00 7.366611526967585810e-01
1.378660472209386626e+03 3.970306087387167171e+00 7.402376361060463150e-01
1.378681305046919988e+03 3.877114933729211899e+00 7.409052966265904372e-01
1.378702137884220519e+03 3.862036876877170677e+00 7.400982814682789401e-01
1.378722970720823923e+03 4.557659357876834960e+00 7.428530870774923134e-01
1.378743803557426418e+03 3.910699950268357927e+00 7.431493449414264818e-01
1.378764636393330420e+03 5.226250824417059349e+00 7.445553402440775459e-01
1.378785469229001592e+03 5.894204870332735879e+00 7.440186247852971224e-01
1.378806302064439478e+03 6.512361477404574828e+00 7.456153814010354486e-01
1.378827134899412613e+03 4.655375799329847020e+00 7.456288512035332827e-01
1.378847967733919631e+03 5.334253684923087491e+00 7.476022061035278998e-01
1.378868800568193365e+03 6.207651290561028823e+00 7.479141157384811001e-01
1.378889633402002346e+03 5.826540208890075512e+00 7.485140146155154772e-01
1.378910466235578042e+03 5.460188483900797252e+00 7.483628205887996598e-01
1.378931299068688531e+03 6.076199056315433999e+00 7.495228521160086643e-01
1.378952131901332450e+03 5.859432503505761503e+00 7.497369781869348548e-01
1.378972964733743538e+03 6.226354649523056395e+00 7.513581932090784843e-01
1.378993797565923614e+03 6.874860603694479266e+00 7.518448392505858724e-01
1.379014630397403380e+03 6.967103935456342434e+00 7.526897043019914468e-01
1.379035463228883600e+03 6.503707102270011475e+00 7.584901905972005753e-01
1.379056296059898159e+03 6.298924487509134806e+00 7.538326800723987864e-01
1.379077128890447057e+03 5.957222418195914138e+00 7.560644931103146504e-01
1.379097961720763578e+03 7.037898834908823176e+00 7.556385831661146524e-01
1.379118794550613984e+03 8.359424470757272019e+00 7.563429278822504376e-01
1.379139627379998501e+03 6.020449434213869466e+00 7.566061741711366251e-01
1.379160460209151097e+03 5.685629829956690529e+00 7.564415870297009903e-01
1.379181293038070635e+03 5.779382093876432869e+00 7.571606536274922972e-01
1.379202125866523602e+03 6.327940204570928984e+00 7.569573680307175589e-01
1.379222958694744193e+03 4.751596280263443717e+00 7.581170640044189168e-01
1.379243791522499123e+03 4.950914605757546383e+00 7.568886227881969075e-01
1.379264624349788846e+03 5.743264814856395617e+00 7.579323192138468501e-01
1.379285457176845057e+03 5.909852006368230271e+00 7.572221324398478171e-01
1.379306290003668437e+03 6.903707750570426072e+00 7.569976043310517877e-01
1.379327122830027520e+03 4.980102798919814333e+00 7.565550055087343351e-01
1.379347955656152408e+03 4.416730530473406802e+00 7.573301608985733013e-01
1.379389621307005655e+03 5.724555792493450035e+00 7.582861216663925319e-01
1.379410454131966617e+03 4.971767957892721412e+00 7.579211520928574863e-01
1.379431286956695658e+03 6.430903856142084152e+00 7.588060688877077409e-01
1.379452119780958128e+03 6.285606258604865104e+00 7.614897946295680065e-01
1.379472952604987540e+03 5.614418502222869201e+00 7.604852323233161071e-01
1.379493785428551064e+03 6.078511931826446002e+00 7.627681057586828128e-01
1.379514618251882439e+03 4.751626663954450436e+00 7.644076887924784458e-01
1.379535451074748380e+03 6.279637979200805908e+00 7.654947831881196985e-01
1.379556283897381036e+03 4.569939400225814019e+00 7.666971523678329792e-01
1.379577116719781543e+03 5.263773820194741049e+00 7.685291329658985315e-01
1.379597949541483558e+03 3.959796201549451666e+00 7.700835439021718187e-01
1.379618782363184437e+03 4.768077880336448970e+00 7.717099017052873045e-01
1.379639615184420109e+03 3.021539294699860712e+00 7.716583055890503529e-01
1.379660448005422950e+03 4.598397950181796645e+00 7.714820958357354597e-01
1.379681280825960584e+03 3.666831434988885530e+00 7.712519814761039649e-01
1.379702113646265389e+03 3.996318400916529789e+00 7.730597141735957578e-01
1.379722946466104077e+03 3.359053498968767926e+00 7.731238605857847501e-01
1.379743779285709479e+03 4.272388573125737388e+00 7.733959996042305551e-01
1.379764612105083415e+03 4.138237142290476456e+00 7.738724458529383510e-01
1.379785444923990326e+03 5.339403370969161955e+00 7.764819174390951151e-01
1.379806277742432485e+03 4.389039951161320730e+00 7.771134538582776807e-01
1.379827110560874644e+03 2.604158028795196422e+00 7.778374719040341834e-01
1.379847943378850459e+03 4.944135530150211011e+00 7.805384256384580999e-01
1.379868776196361523e+03 5.707901908426853410e+00 7.819186972795995061e-01
1.379889609013639074e+03 4.422525743859603509e+00 7.824568772545094086e-01
1.379910441830683794e+03 5.338736991739672533e+00 7.858987590122290534e-01
1.379931274647495457e+03 5.899998432293300787e+00 7.867499730752917086e-01
1.379952107463841458e+03 5.559494636642067888e+00 7.878578735262206090e-01
1.379972940279722479e+03 3.576728317497625653e+00 7.902540520308001248e-01
1.379993773095603956e+03 4.904470967563517192e+00 7.914781136755062452e-01
1.380014605911018862e+03 4.111922314455598304e+00 7.926787047962595700e-01
1.380035438725968561e+03 5.604901803355856416e+00 7.946103772097156126e-01
1.380056271540684975e+03 4.498608549955900315e+00 7.963336526953385119e-01
1.380077104355168558e+03 5.032783111432371115e+00 7.982019334485316309e-01
1.380097937169419538e+03 3.925886476147139703e+00 7.989323181996540457e-01
1.380118769983204402e+03 5.454168352690127008e+00 8.011379284969469827e-01
1.380139602796758027e+03 6.054236770194746597e+00 8.031170529220973409e-01
1.380160435609844626e+03 4.423272657791549989e+00 8.040405932280233481e-01
1.380181268422931680e+03 5.796874012923810326e+00 8.048950594271380155e-01
1.380222934047707895e+03 5.794456970384349148e+00 8.071110348993191241e-01
1.380243766859863172e+03 4.179752049438846484e+00 8.067306948569349379e-01
1.380264599671319957e+03 5.409750474482426519e+00 8.074247968276649923e-01
1.380306265294002060e+03 3.938642229505707970e+00 8.078097537084415469e-01
1.380327098104759898e+03 4.089953419459000372e+00 8.099652513067658877e-01
1.380347930915052530e+03 4.582122007901007876e+00 8.093927462484427071e-01
1.380368763725345616e+03 2.770169508487373200e+00 8.073504559840283257e-01
1.380389596535172586e+03 5.732567222879495716e+00 8.110703949274695734e-01
1.380410429344767635e+03 3.955973585075490462e+00 8.098579512360593036e-01
1.380431262154128945e+03 3.704629673326972572e+00 8.108845202829608745e-01
1.380452094963024592e+03 4.653322993622803772e+00 8.134897512623840976e-01
1.380472927771920467e+03 4.781241008888787114e+00 8.152903911828647265e-01
1.380493760580118533e+03 4.127037009519693100e+00 8.168313046993005422e-01
1.380514593388315461e+03 5.487515874935869675e+00 8.236737370246103307e-01
1.380535426196279332e+03 5.729101483597576205e+00 8.247608372790617981e-01
1.380556259003778450e+03 6.214775091531293150e+00 8.271228556634745432e-01
1.380577091811044511e+03 6.060286571360855135e+00 8.317741032494126996e-01
1.380597924617845820e+03 5.548246164555420634e+00 8.343057125054643697e-01
1.380618757424645537e+03 6.788287676074403976e+00 8.379688359818351362e-01
1.380639590230980502e+03 4.970411180170914989e+00 8.411886757410835802e-01
1.380660423037082637e+03 5.283468366257658921e+00 8.442921486167459522e-01
1.380681255842718656e+03 5.994480264572912276e+00 8.464047734707352832e-01
1.380702088648355584e+03 3.537804469439168820e+00 8.486433127294693568e-01
1.380722921453525487e+03 3.566605124966762297e+00 8.505663163279391092e-01
1.380743754258463468e+03 6.710767927549174061e+00 8.538695415623358542e-01
1.380764587063169074e+03 7.606485658744176703e+00 8.553723842743076178e-01
1.380785419867408109e+03 5.380829242869237916e+00 8.579761911770147353e-01
1.380806252671413858e+03 3.236745568996332700e+00 8.602396343397124001e-01
1.380827085475187459e+03 5.074927734577205030e+00 8.643078116054543347e-01
1.380847918278728457e+03 5.600730865830482408e+00 8.713731873498475888e-01
1.380868751081804021e+03 3.458805507036165849e+00 8.743662241890024500e-01
1.380889583884878903e+03 5.631776996157823234e+00 8.806609545610771805e-01
