1.354141372446023979e+03 1.203059009482728243e+03 1.057172997240163115e+00
1.354162206452408100e+03 1.203418945185168695e+03 1.057641646365665489e+00
1.354183040456462095e+03 1.200293311032163047e+03 1.055714481642443303e+00
1.354203874457723032e+03 1.201206088213677276e+03 1.055441749165269005e+00
1.354224708456190001e+03 1.202428246731758236e+03 1.056617722465808873e+00
1.354245542452328209e+03 1.202516108145856606e+03 1.054389120209759945e+00
1.354266376446138111e+03 1.201453098187566638e+03 1.054758535747976511e+00
1.354287210437154044e+03 1.202995277260300327e+03 1.053721571931392376e+00
1.354308044426308015e+03 1.204994010018880545e+03 1.053926094156786730e+00
1.354328878412665972e+03 1.204409227562808155e+03 1.053191077086554239e+00
1.354349712396697669e+03 1.202933470661732827e+03 1.051768296666785840e+00
1.354370546378866493e+03 1.202096155833224202e+03 1.051744211263029971e+00
1.354391380358240440e+03 1.205303293299596362e+03 1.051871545959350396e+00
1.354412214335752196e+03 1.202973064785724091e+03 1.052738168458349666e+00
1.354433048310936101e+03 1.204080401588200402e+03 1.051028821631667665e+00
1.354453882284257816e+03 1.203722081965565621e+03 1.050981183512449402e+00
1.354474716255249405e+03 1.204536395598069475e+03 1.050238940890136696e+00
1.354495550224378803e+03 1.203872231957829626e+03 1.050025469607302364e+00
1.354516384191646921e+03 1.204204927926213031e+03 1.049267554266499536e+00
1.354537218156587187e+03 1.203741376246148320e+03 1.048777488466464902e+00
1.354558052119662989e+03 1.203412852104285321e+03 1.048595892912951966e+00
1.354578886080875918e+03 1.202620673844699013e+03 1.048054216027186625e+00
1.354599720040227567e+03 1.202984209606121112e+03 1.048233744667415701e+00
1.354620553997715888e+03 1.205923179496747025e+03 1.049054510309443300e+00
1.354641387953807453e+03 1.203396482794895974e+03 1.047572003532377227e+00
1.354662221907570938e+03 1.206093037705174538e+03 1.048486010911547472e+00
1.354683055859471096e+03 1.204895340958691349e+03 1.049376275230482491e+00
1.354703889809974953e+03 1.204206411504820608e+03 1.047667132498184106e+00
1.354724723758615482e+03 1.204983752581639010e+03 1.047676804217880564e+00
1.354745557705859937e+03 1.207280039097549661e+03 1.048165564937763694e+00
1.354766391651241065e+03 1.206347572412812951e+03 1.049091213766293995e+00
1.354787225595224982e+03 1.206270173557762064e+03 1.048153395612177352e+00
1.354808059537347162e+03 1.207049429461952968e+03 1.048130990035718080e+00
1.354828893478071450e+03 1.207189979981969145e+03 1.049675682480599948e+00
1.354849727416933092e+03 1.208433936842914363e+03 1.047782902810121097e+00
1.354870561354397978e+03 1.208475743418591719e+03 1.048075940798647077e+00
1.354891395290466335e+03 1.206901646725385490e+03 1.047113306051957071e+00
1.354912229225138617e+03 1.208163864503537525e+03 1.047295215591317330e+00
1.354933063158411642e+03 1.208999527594453639e+03 1.048321820172120056e+00
1.354953897089822476e+03 1.208947325944971226e+03 1.047816010198222791e+00
1.354974731020303352e+03 1.208566980475074388e+03 1.048123483491822938e+00
1.354995564948921583e+03 1.207738184293129734e+03 1.049120643783937323e+00
1.355016398876607127e+03 1.209202601745218317e+03 1.047132147336667707e+00
1.355037232802430026e+03 1.210131185820080418e+03 1.048465488475267771e+00
1.355058066727322512e+03 1.209313500893282026e+03 1.046961538808908188e+00
1.355078900650818468e+03 1.209763103679400956e+03 1.048191893415687082e+00
1.355099734572916077e+03 1.209125193235493043e+03 1.047422294465814252e+00
1.355120568493616474e+03 1.209924975492081785e+03 1.047074313192581929e+00
1.355141402413387368e+03 1.212271758845918157e+03 1.048857789712295041e+00
1.355162236331761051e+03 1.210816157356363192e+03 1.047238585689698853e+00
1.355183070248737067e+03 1.210292241225153930e+03 1.048159025364473473e+00
1.355203904164781079e+03 1.209866025588341927e+03 1.048369067441711433e+00
1.355224738078962446e+03 1.211143376695633378e+03 1.047852529505757246e+00
1.355245571992679515e+03 1.209706547324717349e+03 1.046997177054635575e+00
1.355266405904998919e+03 1.209778670442989096e+03 1.048566561855041712e+00
1.355287239815921112e+03 1.208214766556273389e+03 1.048873928781907328e+00
1.355308073725911527e+03 1.208719152217981900e+03 1.046954365469017878e+00
1.355328907634506550e+03 1.208461325828545796e+03 1.047282580843481581e+00
1.355349741542169795e+03 1.207506789834437313e+03 1.048446443749837975e+00
1.355370575448434920e+03 1.206746997399937754e+03 1.045580162824491399e+00
1.355391409353768495e+03 1.208350877174068955e+03 1.048389648618976544e+00
1.355412243258172566e+03 1.207269763455279872e+03 1.047100669109126025e+00
1.355433077161179426e+03 1.208811066735158420e+03 1.047082168805139712e+00
1.355453911063254054e+03 1.206025878381833309e+03 1.045456907963250748e+00
1.355474744963931016e+03 1.208768096811277474e+03 1.045934567864795550e+00
1.355495578864143454e+03 1.207598638575882205e+03 1.047354232642293770e+00
1.355516412762959135e+03 1.207437475705800125e+03 1.045766100805818111e+00
1.355537246660843039e+03 1.207492024470149545e+03 1.047851562500000000e+00
1.355558080557329049e+03 1.209347252915686795e+03 1.046221970669231727e+00
1.355578914453350080e+03 1.207279693609004653e+03 1.045485014999177009e+00
1.355599748347975037e+03 1.207891283163726712e+03 1.046411724922128528e+00
1.355620582241667989e+03 1.207928091677835482e+03 1.045810727841478327e+00
1.355641416134429619e+03 1.208549486189981053e+03 1.045943115875786589e+00
1.355662250026259926e+03 1.209306606491674984e+03 1.047630094675344070e+00
1.355683083916692794e+03 1.210816683470259932e+03 1.047078468705117782e+00
1.355703917806661593e+03 1.208218292853201547e+03 1.045967334860897324e+00
1.355724751695232044e+03 1.211734329433568973e+03 1.046979301153302178e+00
1.355745585583336833e+03 1.211297612580677651e+03 1.047222706001725401e+00
1.355766419470045093e+03 1.210953358067248701e+03 1.047230503584690497e+00
1.355787253355821576e+03 1.210587983942522442e+03 1.046995639966832981e+00
1.355808087241132398e+03 1.211362614105087232e+03 1.047315476400279222e+00
1.355828921125046463e+03 1.212223337774729544e+03 1.047640335678991175e+00
1.355849755008030115e+03 1.210968118214630067e+03 1.049649334435439840e+00
1.355870588890081081e+03 1.211510374352910958e+03 1.047745129529572994e+00
1.355891422771665930e+03 1.212540644684305562e+03 1.047540766120763189e+00
1.355912256651854932e+03 1.208766639374083752e+03 1.047584293406206957e+00
1.355933090531578500e+03 1.211150710411930504e+03 1.047385589433170727e+00
1.355953924409905540e+03 1.212133024077839309e+03 1.048377027060942712e+00
1.355974758287764871e+03 1.214694054746316397e+03 1.050864347554314238e+00
1.355995592164228128e+03 1.214245381965008391e+03 1.048006158322884351e+00
1.356016426040226634e+03 1.215140379872379526e+03 1.048937346101058710e+00
1.356037259915293362e+03 1.214609673023116102e+03 1.050229690043011255e+00
1.356058093789428995e+03 1.215045001367149553e+03 1.048560991135053966e+00
1.356078927662632395e+03 1.215374956403983333e+03 1.048448945166345458e+00
1.356099761534903791e+03 1.215231745618760669e+03 1.050319187150963618e+00
1.356120595406711345e+03 1.214439323512879582e+03 1.049235458411411637e+00
1.356141429277588031e+03 1.214151967193037081e+03 1.049807923777715146e+00
1.356162263147065914e+03 1.213226879279078275e+03 1.048120753826168317e+00
1.356183097016079046e+03 1.214797953024938806e+03 1.048210260407180128e+00
1.356245598617995029e+03 1.213790938621315490e+03 1.047979483924132538e+00
1.356266432483748531e+03 1.214582071315749999e+03 1.049380648826676810e+00
1.356287266348570938e+03 1.213312547598407491e+03 1.048247675759604425e+00
1.356308100212927911e+03 1.212947545746867490e+03 1.049310782707272738e+00
1.356349767938379500e+03 1.216427293206465720e+03 1.050137631160881657e+00
1.356370601799942051e+03 1.214286047697021331e+03 1.048657508199785982e+00
1.356391435660574189e+03 1.215551543418650226e+03 1.049246649467057813e+00
1.356412269520739073e+03 1.216314602245928427e+03 1.049524058603714227e+00
1.356433103379973090e+03 1.215012799373807866e+03 1.052891876951366212e+00
1.356453937238276012e+03 1.215975738489082914e+03 1.051027914259092810e+00
1.356474771096112818e+03 1.217145752917190748e+03 1.049941170270531243e+00
1.356495604953019210e+03 1.215706639606153431e+03 1.049663303524511759e+00
1.356516438808992916e+03 1.218191668160080098e+03 1.051526907648660858e+00
1.356537272664036664e+03 1.217767050572070275e+03 1.051088479659566532e+00
1.356558106518614522e+03 1.216369364823803380e+03 1.049938331791241630e+00
1.356578940372261059e+03 1.217088707329826775e+03 1.051788187960857712e+00
1.356599774225440569e+03 1.218676601090178792e+03 1.050753001007071141e+00
1.356620608077223551e+03 1.218570063489865106e+03 1.051354517781528886e+00
1.356662275779394349e+03 1.219830095356252741e+03 1.051740300874847156e+00
1.356683109629314913e+03 1.218157557723112404e+03 1.051032677956371231e+00
1.356703943478304609e+03 1.219332603199334699e+03 1.051901124843993562e+00
1.356724777326827962e+03 1.219366122405984243e+03 1.051412116488018578e+00
1.356745611174420446e+03 1.218974007254081471e+03 1.052887461329835572e+00
1.356766445021082063e+03 1.218845642389154818e+03 1.051826836066402038e+00
1.356787278867277109e+03 1.220022001931471550e+03 1.052245017491473922e+00
1.356808112712541970e+03 1.222325685347458602e+03 1.052511103066348541e+00
1.356828946557341624e+03 1.220364238881610845e+03 1.052342556030230414e+00
1.356849780401209046e+03 1.220090899749490063e+03 1.051936029124595828e+00
1.356870614244144917e+03 1.219195141619745755e+03 1.052513708084251709e+00
1.356891448086613991e+03 1.220604297788103167e+03 1.053045506406067755e+00
1.356912281928152879e+03 1.221405765786231996e+03 1.052808429894714015e+00
1.356933115769226788e+03 1.224758245933351873e+03 1.053640113974696479e+00
1.356953949609368919e+03 1.220934089742670949e+03 1.052356602647623207e+00
1.356974783449044935e+03 1.224120290279538267e+03 1.055655367354049412e+00
1.356995617287790537e+03 1.224365422554355973e+03 1.053198434323930233e+00
1.357016451125604817e+03 1.223850630526735131e+03 1.054247163757460415e+00
1.357037284962952981e+03 1.223498523520580193e+03 1.053147668339844412e+00
1.357058118799368003e+03 1.223286458483153183e+03 1.053191529841107643e+00
1.357078952635319638e+03 1.223780658634865176e+03 1.053428406971784748e+00
1.357099786470805611e+03 1.222821325572809201e+03 1.054556718417852368e+00
1.357120620304893464e+03 1.221194489821358275e+03 1.054137475032986826e+00
1.357141454138516110e+03 1.220623413566210502e+03 1.053397512975523309e+00
1.357162287971673550e+03 1.224270112830380867e+03 1.054805494701668733e+00
1.357183121803900121e+03 1.222151959276601929e+03 1.052750567876100440e+00
1.357203955635660350e+03 1.220910578320433615e+03 1.052817318396611634e+00
1.357224789466488573e+03 1.220717307595065222e+03 1.054171683308321006e+00
1.357245623296850454e+03 1.223552232883292390e+03 1.053592707070416079e+00
1.357266457126283058e+03 1.224399511983644970e+03 1.053552143622402681e+00
1.357287290954784112e+03 1.223654279486800988e+03 1.055396173948141225e+00
1.357328958610387417e+03 1.222273729784594252e+03 1.053042506487589680e+00
1.357349792437025826e+03 1.226268669641074212e+03 1.056079369932596101e+00
1.357370626263198574e+03 1.224693582409868895e+03 1.054129841629972697e+00
1.357391460088439089e+03 1.224647457673366034e+03 1.055556045638076590e+00
1.357412293913214398e+03 1.224825744706477053e+03 1.054315911284062546e+00
1.357433127737057930e+03 1.227206703176723067e+03 1.055428477774784213e+00
1.357453961560435800e+03 1.225148117200102661e+03 1.054823068453606627e+00
1.357474795382883030e+03 1.226371834912929899e+03 1.054878839161478732e+00
1.357495629204863462e+03 1.224549936115157607e+03 1.056449040727036826e+00
1.357516463025914163e+03 1.225078449295049950e+03 1.054344630140370720e+00
1.357537296846498975e+03 1.223419369197933520e+03 1.054132103384776808e+00
1.357578964485338474e+03 1.224005640783278750e+03 1.054288605031795889e+00
1.357599798303594980e+03 1.222645361167850524e+03 1.053647637786049307e+00
1.357620632121385825e+03 1.221335938076290631e+03 1.054252987118117213e+00
1.357641465938711008e+03 1.221425390535432598e+03 1.053844821686521271e+00
1.357662299755103959e+03 1.218565240295286912e+03 1.052072292055917568e+00
1.357683133570564905e+03 1.218573225316406933e+03 1.054656642886278473e+00
1.357703967386027216e+03 1.215971946122254167e+03 1.051159475105265306e+00
1.357724801200092543e+03 1.217219768146801471e+03 1.053226844096623038e+00
1.357745635014156960e+03 1.215201535978563015e+03 1.052569261387729549e+00
1.357766468827290510e+03 1.216364762659340158e+03 1.051840662902945756e+00
1.357787302639493646e+03 1.215353145663433907e+03 1.051590108296480919e+00
1.357808136451230894e+03 1.216254985118426475e+03 1.051799748540116708e+00
1.357828970262502025e+03 1.215374037179290099e+03 1.050966267800292897e+00
1.357849804072840925e+03 1.214049914294566634e+03 1.051074529511504041e+00
1.357870637882249866e+03 1.213556154795463272e+03 1.051196218468847698e+00
1.357891471691658808e+03 1.214977502168288538e+03 1.051673652023193961e+00
1.357912305500135972e+03 1.216410385161937484e+03 1.051797368431244717e+00
1.357933139307681358e+03 1.214304641266945509e+03 1.053926094156786730e+00
1.357953973114761993e+03 1.213288377136565259e+03 1.050230144074219440e+00
1.357974806921376057e+03 1.214446845611841582e+03 1.051577695195458517e+00
1.357995640727058799e+03 1.214425350745778815e+03 1.052458151848429502e+00
1.358037308336562091e+03 1.214369377626686628e+03 1.050846821040194889e+00
1.358058142140383097e+03 1.211980895185351528e+03 1.050507520453556776e+00
1.358078975943738442e+03 1.211740449069465512e+03 1.049959904041389835e+00
1.358099809746162009e+03 1.209840882136930986e+03 1.049717417793442742e+00
1.358120643548119460e+03 1.211557802679679753e+03 1.049894334380928607e+00
1.358141477349146044e+03 1.210402857230149721e+03 1.051270948693453278e+00
1.358162311149707421e+03 1.210963910257995849e+03 1.051657102504068853e+00
1.358183144949802454e+03 1.210135105444926921e+03 1.050258747644640778e+00
1.358203978748966165e+03 1.211625412110470961e+03 1.050055611363887254e+00
1.358224812547664897e+03 1.208402749860648328e+03 1.049268235937730109e+00
1.358245646345431851e+03 1.207643762949894835e+03 1.048963541562820456e+00
1.358266480142732917e+03 1.206641945528597716e+03 1.051636585272895497e+00
1.358287313939568548e+03 1.207125831864701468e+03 1.051294591368459486e+00
1.358308147735473085e+03 1.209035773162828718e+03 1.051440857969490050e+00
1.358328981530912642e+03 1.207030119528228624e+03 1.049015987343505873e+00
1.358349815325884947e+03 1.205278131207849356e+03 1.048931265932878221e+00
1.358370649119926384e+03 1.206794785797761733e+03 1.050341829788755899e+00
1.358391482913502387e+03 1.207424774171019862e+03 1.049227959769269747e+00
1.358412316706147521e+03 1.206299873728651392e+03 1.048429388478221203e+00
1.358433150498326540e+03 1.207044303771246405e+03 1.048800846363136419e+00
1.358453984290038989e+03 1.207294056601173679e+03 1.049538710855734358e+00
1.358474818080820569e+03 1.207760933367663483e+03 1.049286697698479376e+00
1.358495651871137397e+03 1.207016985704297213e+03 1.049370879210060004e+00
1.358516485660988565e+03 1.206154044041858015e+03 1.050040228390950237e+00
1.358537319449907500e+03 1.206960864054586409e+03 1.049479987031349371e+00
1.358558153238361001e+03 1.206055830409279224e+03 1.049466753839708888e+00
1.358578987025884089e+03 1.205891709392762095e+03 1.048767315399939504e+00
1.358599820812940834e+03 1.206504893133834230e+03 1.049479589470083241e+00
1.358620654599531917e+03 1.204662204529582141e+03 1.048456563079855020e+00
1.358641488385656885e+03 1.207391888409148578e+03 1.050139050132136820e+00
1.358662322170851439e+03 1.206077144050377910e+03 1.049150584286743904e+00
1.358683155955579878e+03 1.206211644764087168e+03 1.050228384702194040e+00
1.358703989739376993e+03 1.206051313437016006e+03 1.051872849261056508e+00
1.358724823522707993e+03 1.206900480285824869e+03 1.051771980268143780e+00
1.358745657305573786e+03 1.207705415941524961e+03 1.051343462550735186e+00
1.358766491087509166e+03 1.206616601661969980e+03 1.050220382359984939e+00
1.358828992430052494e+03 1.208399298166032622e+03 1.050606865576026783e+00
1.358849826209659113e+03 1.208422153797238025e+03 1.052659635420886364e+00
1.358870659988800071e+03 1.208386292417749701e+03 1.050414351042500583e+00
1.358891493767009024e+03 1.207061648982727093e+03 1.050415656152219324e+00
1.358912327544751861e+03 1.206899808273843064e+03 1.050581221703779766e+00
1.358933161322030628e+03 1.207808301972715753e+03 1.051230805955491121e+00
1.358953995098377618e+03 1.208472853958857968e+03 1.051150572584687914e+00
1.358974828874258037e+03 1.206101397993921864e+03 1.050085638731889093e+00
1.358995662649672795e+03 1.206642990491365254e+03 1.049992658952754399e+00
1.359016496424157594e+03 1.209531340494411097e+03 1.051276788540324025e+00
1.359037330198175823e+03 1.207683780732063042e+03 1.051042658966372390e+00
1.359058163971727936e+03 1.208085897891797686e+03 1.050607205977200920e+00
1.359078997744814387e+03 1.209801378839094241e+03 1.052831188838824428e+00
1.359099831516970426e+03 1.209901925159942948e+03 1.051627516755865299e+00
1.359120665288195596e+03 1.207933347089670633e+03 1.050653215854330469e+00
1.359162332829712341e+03 1.207112971808608108e+03 1.051275711289457959e+00
1.359183166599539618e+03 1.208308636510319275e+03 1.051850692912429830e+00
1.359204000368436027e+03 1.206884036036411317e+03 1.052510876542747997e+00
1.359224834137332437e+03 1.208231992418332084e+03 1.053368202449186386e+00
1.359245667905296614e+03 1.207722025417865098e+03 1.053102956026098047e+00
1.359266501672329468e+03 1.208520761597696719e+03 1.053370352669958709e+00
1.359287335438897571e+03 1.208786143634389646e+03 1.052439689086181573e+00
1.359308169205000013e+03 1.209247602657951802e+03 1.053525326761588943e+00
1.359329002970635884e+03 1.210539196293437726e+03 1.052632682573844125e+00
1.359349836735340432e+03 1.209280038458599620e+03 1.052687153792215335e+00
1.359370670499581593e+03 1.210855111873559508e+03 1.053466768585240132e+00
1.359391504263356182e+03 1.210621476071218694e+03 1.053190567737449124e+00
1.359412338026663974e+03 1.210381156016739169e+03 1.053385121172976335e+00
1.359433171789039989e+03 1.208894757988043239e+03 1.052196528070577175e+00
1.359454005550951479e+03 1.210014299298745300e+03 1.052815676577070869e+00
1.359474839311931646e+03 1.209964205788308163e+03 1.054692642764516020e+00
1.359495673072910904e+03 1.212177586770191510e+03 1.053765748925587165e+00
1.359516506832958839e+03 1.210140770955378684e+03 1.053104144605834458e+00
1.359537340592076362e+03 1.211057247965640499e+03 1.054164050153015619e+00
1.359558174351193884e+03 1.213896588982046069e+03 1.054643870263662464e+00
1.359579008109380084e+03 1.211007926346305794e+03 1.053795331203900565e+00
1.359599841867099940e+03 1.211912083200237475e+03 1.053888823843751599e+00
1.359620675623888474e+03 1.212117161205324464e+03 1.054523087861497066e+00
1.359641509380212028e+03 1.211905017708289961e+03 1.054918278064597370e+00
1.359662343136069467e+03 1.213908227043728175e+03 1.056300533372476647e+00
1.359683176891461017e+03 1.211903438380110401e+03 1.053916592897149229e+00
1.359704010645921471e+03 1.213897134274623113e+03 1.056309561771219929e+00
1.359724844400382153e+03 1.213474629165513079e+03 1.054510596238822151e+00
1.359745678153446079e+03 1.213170680781953934e+03 1.054603799395026575e+00
1.359766511906509095e+03 1.212013216582367022e+03 1.054178977160639130e+00
1.359787345658640788e+03 1.213041495619746456e+03 1.054510370144740694e+00
1.359808179410308639e+03 1.213727711197549979e+03 1.054859740710015314e+00
1.359829013161510375e+03 1.212166596527248885e+03 1.054449549076313719e+00
1.359849846912245084e+03 1.211841248813377433e+03 1.055006642976068054e+00
1.359870680662048926e+03 1.213850684429584362e+03 1.055486192989713690e+00
1.359891514411387561e+03 1.213766937849674605e+03 1.055370081674008143e+00
1.359912348160260535e+03 1.214427935224048952e+03 1.057690618753752032e+00
1.359933181908202187e+03 1.213133235454524765e+03 1.055189846638814988e+00
1.359954015655677040e+03 1.213575683330920810e+03 1.055975290273071465e+00
1.359974849402687141e+03 1.213205503989735917e+03 1.055796852194127000e+00
1.359995683149231354e+03 1.213435652088805000e+03 1.055381546540577586e+00
1.360016516894844472e+03 1.216085362677526746e+03 1.055857539201806583e+00
1.360037350639991928e+03 1.210892119096773058e+03 1.054506300442984656e+00
1.360058184384673041e+03 1.209682507865018351e+03 1.054766899228483101e+00
1.360079018128423513e+03 1.211741289290253690e+03 1.054711461678036200e+00
1.360099851872173986e+03 1.212360252542919625e+03 1.054490586724914802e+00
1.360120685614993363e+03 1.211770934180875884e+03 1.054548975006642797e+00
1.360141519357347079e+03 1.211090847533553870e+03 1.054811936561129704e+00
1.360162353098769472e+03 1.211034943507788739e+03 1.056906224290918406e+00
1.360183186840191865e+03 1.209674470456156996e+03 1.054161166502182834e+00
1.360204020580682027e+03 1.210204341657787381e+03 1.056124915667600694e+00
1.360224854320706527e+03 1.211148529832616305e+03 1.057943841395627249e+00
1.360245688059801068e+03 1.209362969949565922e+03 1.055306937960176938e+00
1.360266521798429039e+03 1.208129765979909280e+03 1.053654652418915649e+00
1.360287355537057465e+03 1.210222644118802918e+03 1.053775647485922340e+00
1.360308189274287997e+03 1.209931183773771409e+03 1.054303643345175345e+00
1.360329023011518984e+03 1.210754222363297913e+03 1.054429990626716052e+00
1.360349856747819558e+03 1.211258631869809733e+03 1.055220462218479982e+00
1.360370690483654471e+03 1.213186783863558730e+03 1.054934832924107058e+00
1.360391524219023040e+03 1.210704560316178913e+03 1.055170640840238150e+00
1.360412357953925039e+03 1.209625967059141431e+03 1.053317784172488336e+00
1.360433191687896851e+03 1.210186902347718387e+03 1.053982364742258371e+00
1.360454025421868664e+03 1.213058580428275718e+03 1.055556553845742096e+00
1.360474859154908017e+03 1.212663631859865745e+03 1.054498104468170938e+00
1.360495692887016503e+03 1.211537326304698809e+03 1.054731240954946969e+00
1.360516526619126125e+03 1.212438862628918969e+03 1.054512631083373897e+00
1.360537360350303516e+03 1.211634862141937219e+03 1.056787392511758572e+00
1.360558194081015472e+03 1.212850610776458097e+03 1.054317098496379224e+00
1.360579027811261994e+03 1.212425678922608540e+03 1.054431177710587697e+00
1.360599861540577422e+03 1.212551039506634879e+03 1.054184065864927966e+00
1.360620695269892622e+03 1.214171723101234647e+03 1.056542749860610142e+00
1.360641528998275589e+03 1.215063110222633213e+03 1.055055850661391181e+00
1.360662362726192896e+03 1.214269670492558816e+03 1.054967037879221081e+00
1.360683196453645451e+03 1.214561094615831962e+03 1.055516969382645165e+00
1.360704030180166455e+03 1.216532633861881777e+03 1.055323486722778759e+00
1.360724863906222481e+03 1.214072751382938350e+03 1.054083474586998692e+00
1.360745697631813073e+03 1.214786107738691271e+03 1.054128145310685216e+00
1.360766531356936412e+03 1.216344103452556737e+03 1.055835240660171204e+00
1.360787365081594544e+03 1.218332209434682682e+03 1.055321905282277317e+00
1.360808198805321808e+03 1.215239914153515883e+03 1.056024565707197604e+00
1.360829032528582957e+03 1.216072468179618681e+03 1.054520035623463636e+00
1.360849866251377989e+03 1.215415502327548438e+03 1.054832448535760525e+00
1.360870699973707815e+03 1.215956672256891579e+03 1.055860135963383017e+00
1.360891533695573344e+03 1.216932613008047610e+03 1.056476234721178908e+00
1.360912367416507095e+03 1.217504177989280379e+03 1.054866182238206829e+00
1.360933201136973366e+03 1.218516452987537377e+03 1.054879404199155157e+00
1.360954034856975341e+03 1.219285089028051743e+03 1.055967670155297800e+00
1.360974868570923491e+03 1.219896938459856983e+03 1.055066358549398453e+00
1.360995702289993915e+03 1.219866398363713415e+03 1.055211763417178705e+00
1.361016536008131879e+03 1.219651173049429644e+03 1.056610953148833687e+00
1.361037369725806457e+03 1.219284906409029418e+03 1.055216169312514163e+00
1.361058203443015373e+03 1.217679676155505831e+03 1.055035343030139794e+00
1.361079037159757490e+03 1.215990966796875000e+03 1.053224693582869520e+00
1.361099870876033492e+03 1.215968087821376685e+03 1.054422755038980641e+00
1.361120704591377944e+03 1.218544026595018522e+03 1.054728641414009793e+00
1.361141538306257644e+03 1.217632810445258201e+03 1.053642999051566109e+00
1.361204039448102549e+03 1.217644253570975479e+03 1.053446512922117329e+00
1.361224873161119376e+03 1.216523874420261336e+03 1.053204886012871988e+00
1.361245706873205108e+03 1.219275426072712662e+03 1.054496521789834107e+00
1.361266540584824952e+03 1.215879694069393736e+03 1.052854683252601564e+00
1.361287374295977997e+03 1.217614286041530704e+03 1.055398828320831539e+00
1.361308208006667428e+03 1.217827466206799954e+03 1.054528118382680679e+00
1.361329041716891425e+03 1.217771736913759696e+03 1.053030959551805923e+00
1.361349875426182052e+03 1.219207480030804163e+03 1.052776102290054583e+00
1.361370709135007473e+03 1.218282726622125665e+03 1.053301430251264881e+00
1.361391542843367915e+03 1.219788477510846860e+03 1.053468692287185426e+00
1.361412376551262469e+03 1.218521591939522068e+03 1.053235502699673365e+00
1.361433210258692498e+03 1.218036391363171788e+03 1.053133462481357974e+00
1.361454043965655956e+03 1.219487658777276010e+03 1.053984061296170394e+00
1.361474877671687409e+03 1.219078368966204607e+03 1.054023986076594310e+00
1.361495711377719545e+03 1.220434442336527127e+03 1.053087843966777459e+00
1.361516545082819903e+03 1.219516515045323558e+03 1.052945598863471499e+00
1.361537378787454600e+03 1.222732110221168114e+03 1.053869254987819470e+00
1.361558212491624090e+03 1.221686788212787405e+03 1.054629458490460303e+00
1.361579046194862485e+03 1.223175524676916893e+03 1.054782721848032123e+00
1.361599879898100880e+03 1.222521838343534000e+03 1.053355357617884902e+00
1.361620713600407043e+03 1.228219618653198495e+03 1.055855281143070590e+00
1.361662381004088502e+03 1.221008418502602353e+03 1.055157309550980971e+00
1.361683214704533384e+03 1.221672443829585973e+03 1.053593499088724128e+00
1.361704048404976902e+03 1.221759803641342387e+03 1.053590783594903657e+00
1.361724882104955213e+03 1.222443171469521076e+03 1.055802610553014942e+00
1.361745715804002430e+03 1.219835648506662210e+03 1.053170193571244306e+00
1.361766549503049646e+03 1.222535890517489406e+03 1.054095518905224349e+00
1.361787383201165085e+03 1.223077213996517457e+03 1.054772154624872949e+00
1.361808216898815544e+03 1.222639219859255718e+03 1.054206964730255880e+00
1.361829050595999888e+03 1.221298458018456358e+03 1.054051016443320776e+00
1.361849884292718798e+03 1.221433301247615191e+03 1.053572680123904259e+00
1.361870717988972046e+03 1.222907202480009573e+03 1.054754353982854331e+00
1.361891551684293972e+03 1.219841685854637944e+03 1.054497482701964639e+00
1.361912385379615444e+03 1.223456571283957828e+03 1.054127692958414020e+00
1.361933219074006047e+03 1.223915664469234571e+03 1.054340390200962929e+00
1.361954052767930989e+03 1.223268202145888381e+03 1.054737570245220857e+00
1.361974886461855476e+03 1.224334049834231109e+03 1.054238456925215006e+00
1.361995720154849096e+03 1.225598956367178289e+03 1.054453732050234516e+00
1.362016553846911847e+03 1.225284004515641755e+03 1.054694790285133577e+00
1.362037387538974144e+03 1.225641846369372843e+03 1.054357293324561073e+00
1.362058221230570098e+03 1.224118352808958434e+03 1.054447174948598409e+00
1.362079054921235638e+03 1.225879429014368725e+03 1.055235148343659723e+00
1.362099888611900951e+03 1.224898411666720449e+03 1.054069168246156263e+00
1.362120722301634942e+03 1.225024928449779054e+03 1.054050790250659286e+00
1.362141555991368023e+03 1.222033792027421669e+03 1.054801595662356428e+00
1.362162389680170008e+03 1.225103263989824654e+03 1.055806901074513471e+00
1.362183223368507470e+03 1.225470726024016585e+03 1.054584243806174326e+00
1.362204057056379497e+03 1.223864403948837662e+03 1.052991619775940801e+00
1.362224890743785636e+03 1.223966172643038817e+03 1.052922955609827182e+00
1.362245724430259088e+03 1.225207453702525299e+03 1.054983252984500686e+00
1.362266558116733449e+03 1.225372808613203688e+03 1.054330214276817390e+00
1.362287391802742604e+03 1.225893968744569293e+03 1.053992883332491637e+00
1.362308225487819982e+03 1.225960429397874577e+03 1.054585317677399825e+00
1.362329059172431016e+03 1.224777268848744370e+03 1.053642037360154049e+00
1.362349892857042050e+03 1.223328969688465804e+03 1.053270079809992987e+00
1.362370726540722444e+03 1.225436956576540297e+03 1.053756811859811737e+00
1.362391560223938086e+03 1.226719879856032321e+03 1.057585852274140370e+00
1.362412393906686930e+03 1.225028267498804325e+03 1.054689647531089181e+00
1.362433227588969658e+03 1.224796140721265147e+03 1.053254347648493683e+00
1.362454061270787406e+03 1.223984856415193917e+03 1.052992695271368406e+00
1.362474894952140403e+03 1.222393115094547966e+03 1.051933196028124629e+00
1.362495728633025919e+03 1.222045395965098578e+03 1.052810694488308885e+00
1.362516562313446002e+03 1.220640640826431763e+03 1.051310522943121661e+00
1.362537395993401333e+03 1.221632089041028621e+03 1.051851372909611060e+00
1.362558229672426023e+03 1.219940800890341052e+03 1.051439780886720854e+00
1.362579063351449804e+03 1.221441157932392116e+03 1.051939598815285537e+00
1.362599897030007014e+03 1.221640573660698237e+03 1.051774983810472186e+00
1.362620730707633811e+03 1.221390786942857403e+03 1.051740980943401516e+00
1.362641564384795856e+03 1.222957741624050868e+03 1.052177550878071743e+00
1.362662398061956537e+03 1.222552284943518998e+03 1.051696322174620279e+00
1.362683231738185896e+03 1.222403319719191359e+03 1.052089571540895552e+00
1.362704065414415481e+03 1.226411458207692704e+03 1.052797559777652214e+00
1.362724899089714654e+03 1.225234705722393528e+03 1.053630214141061838e+00
1.362745732764547483e+03 1.224920916572819806e+03 1.052685851498677438e+00
1.362766566438913969e+03 1.224143000092426064e+03 1.054933928911181207e+00
1.362787400113281365e+03 1.228348553958166804e+03 1.053857943344676418e+00
1.362808233786717665e+03 1.225882215599395977e+03 1.053284170647241558e+00
1.362829067459687394e+03 1.227015043683030854e+03 1.053551294998025467e+00
1.362849901132191007e+03 1.224739948795930331e+03 1.052672035763677627e+00
1.362870734804229869e+03 1.224734298880253164e+03 1.051727039450141232e+00
1.362891568475803979e+03 1.225369935017544094e+03 1.052686814063621634e+00
1.362933235818019057e+03 1.224582132587347814e+03 1.052657596994392986e+00
1.362954069488194818e+03 1.223918510283237310e+03 1.052083962821142693e+00
1.362974903157905374e+03 1.222025154654171729e+03 1.051545273071478270e+00
1.362995736827150495e+03 1.222257744221137500e+03 1.051063868297923198e+00
1.363016570495930409e+03 1.220825672047553326e+03 1.050687310653396267e+00
1.363037404164243981e+03 1.221161493131174211e+03 1.050429331334801875e+00
1.363058237832090981e+03 1.220139820575023123e+03 1.051116946460484813e+00
1.363079071499473002e+03 1.219350290529179574e+03 1.049737234388199880e+00
1.363099905166390499e+03 1.219526288885911072e+03 1.050068042457820372e+00
1.363120738833307087e+03 1.219806030141814517e+03 1.049861065437468488e+00
1.363141572499291669e+03 1.218972638843203640e+03 1.051965379555054314e+00
1.363162406164811500e+03 1.219957693741850335e+03 1.050042271898490087e+00
1.363183239829866125e+03 1.221912110119360932e+03 1.051361094171369581e+00
1.363204073494453951e+03 1.220108598673032247e+03 1.050900704212989201e+00
1.363224907159041322e+03 1.219492287224182064e+03 1.051151536555524180e+00
1.363245740822699645e+03 1.219236760433794643e+03 1.051059728542225624e+00
1.363266574485890487e+03 1.219943599695949615e+03 1.049901147003811763e+00
1.363287408149080875e+03 1.219550931902072534e+03 1.049964161669969087e+00
1.363308241811340849e+03 1.219250264629234607e+03 1.049867651182321504e+00
1.363329075473601506e+03 1.220344793958791797e+03 1.050251256308636139e+00
1.363349909134930385e+03 1.219885760679401756e+03 1.050345177906803817e+00
1.363370742796259492e+03 1.221453485253484132e+03 1.051178584082721468e+00
1.363391576457122937e+03 1.219425667314515067e+03 1.049935720383517568e+00
1.363412410117518903e+03 1.220697456288812191e+03 1.052759626719119712e+00
1.363433243776985364e+03 1.217350407506812871e+03 1.049029680772213480e+00
1.363454077436452508e+03 1.217030108252997479e+03 1.049005873410025602e+00
1.363474911095451944e+03 1.221971646320858554e+03 1.050952316030012712e+00
1.363495744753985946e+03 1.220022748818750188e+03 1.050374175567466928e+00
1.363516578412521540e+03 1.220840548787169155e+03 1.050035573720041082e+00
1.363537412070125356e+03 1.219079519322309125e+03 1.050445446259210325e+00
1.363558245727261919e+03 1.220761908693298210e+03 1.052074444925260366e+00
1.363579079384399392e+03 1.220803711446671741e+03 1.051882992293060592e+00
1.363599913040607134e+03 1.220459863984043523e+03 1.051001770250334033e+00
1.363620746696813057e+03 1.221394033908530218e+03 1.049992772486198822e+00
1.363641580352553547e+03 1.222382489467776168e+03 1.050072413172774555e+00
1.363683247662637996e+03 1.224755610588890704e+03 1.050486072929113002e+00
1.363704081316982410e+03 1.222443882834249507e+03 1.050081154548106799e+00
1.363724914970860937e+03 1.223207884218251365e+03 1.050311582747072814e+00
1.363745748624272892e+03 1.224007595578952760e+03 1.050568342797306265e+00
1.363766582277684847e+03 1.225860288540713555e+03 1.052716992859310086e+00
1.363787415930166844e+03 1.224987408419449139e+03 1.051755545639386336e+00
1.363808249582647932e+03 1.222652505041291079e+03 1.050942164015707503e+00
1.363829083234663358e+03 1.224340325134687191e+03 1.051023263962352017e+00
1.363849916886213123e+03 1.224155112012979771e+03 1.053392024386899939e+00
1.363870750537762433e+03 1.225279769617638522e+03 1.051791191456902474e+00
1.363891584188381330e+03 1.224313883035019899e+03 1.051903504718099125e+00
1.363912417839000000e+03 1.225163513493373557e+03 1.053130010032622188e+00
1.363933251488686437e+03 1.225864402525367723e+03 1.051908151123454038e+00
1.363954085138374467e+03 1.223225434258877385e+03 1.050754929677330196e+00
1.363974918787596380e+03 1.222514453134690029e+03 1.053169627616556747e+00
1.363995752436816929e+03 1.224038895380593658e+03 1.052440991684321370e+00
1.364016586085107065e+03 1.221748136121952939e+03 1.053094239733707305e+00
1.364037419733398110e+03 1.226763893037152684e+03 1.053086994968246870e+00
1.364058253381222585e+03 1.226757125697632091e+03 1.052548422163919195e+00
1.364079087028580943e+03 1.223794415458083677e+03 1.051726699411411614e+00
1.364099920675474095e+03 1.223747760768813123e+03 1.052134893431800222e+00
1.364120754322367475e+03 1.224356151064068627e+03 1.052042378047058024e+00
1.364162421614757477e+03 1.218739771675448537e+03 1.052181969478836132e+00
1.364183255260254100e+03 1.220401521912879616e+03 1.053867671365088521e+00
1.364204088905749813e+03 1.220155423761059637e+03 1.051698079090952254e+00
1.364224922550314659e+03 1.219244888302729578e+03 1.051899311602965792e+00
1.364245756194880414e+03 1.219692218916255115e+03 1.054773341323659741e+00
1.364266589839445032e+03 1.217963308193550120e+03 1.052168260426197710e+00
1.364287423483077418e+03 1.219908090241842956e+03 1.055376294178741237e+00
1.364308257126711396e+03 1.219731192488627585e+03 1.056811588580016892e+00
1.364329090769880622e+03 1.219339829008014249e+03 1.053308843305842402e+00
1.364349924412582368e+03 1.218769501816904267e+03 1.053151743291772080e+00
1.364370758055284568e+03 1.217101193029295018e+03 1.053473841001579592e+00
1.364391591697521108e+03 1.216051999609004952e+03 1.052579510963290277e+00
1.364412425339292440e+03 1.218056278455829215e+03 1.053610583910139731e+00
1.364433258981063091e+03 1.216936268327981907e+03 1.053988698529596535e+00
1.364454092622368080e+03 1.219391426810242592e+03 1.054554005404337191e+00
1.364474926263208090e+03 1.217577054843007772e+03 1.054991840674500470e+00
1.364495759903582439e+03 1.216040274971904410e+03 1.054725194186798776e+00
1.364516593543956787e+03 1.217084302763135611e+03 1.055064098797369621e+00
1.364537427183865020e+03 1.217849125036118721e+03 1.055705786911761646e+00
1.364558260823772798e+03 1.216710302952131769e+03 1.057615271343774310e+00
1.364579094463215824e+03 1.216551098840081295e+03 1.056641583962278474e+00
1.364599928102193644e+03 1.217436992086467399e+03 1.058743455724746374e+00
1.364620761741170099e+03 1.215414258214555502e+03 1.057279101267344812e+00
1.364641595379681348e+03 1.215395277152862718e+03 1.059964295721629979e+00
1.364662429017726936e+03 1.215371880544329997e+03 1.059551129848678386e+00
1.364683262655773433e+03 1.216161009156030786e+03 1.058697966340741203e+00
1.364704096293352904e+03 1.216984182962545674e+03 1.061616754860740697e+00
1.364724929930932831e+03 1.215899983479859429e+03 1.059315678108674552e+00
1.364745763568047551e+03 1.216627585860439240e+03 1.061005326407794547e+00
1.364766597204696609e+03 1.216609309113154495e+03 1.062389592436863150e+00
1.364787430841345213e+03 1.216347728691196380e+03 1.063084721954396406e+00
1.364808264477993362e+03 1.215758993564126285e+03 1.064178935443013341e+00
1.364829098113711552e+03 1.213936601406194768e+03 1.065778274923460778e+00
1.364849931749894949e+03 1.214755441981577633e+03 1.066228495444710545e+00
1.364870765385146115e+03 1.216268016547415300e+03 1.067898387586296405e+00
1.364891599020862941e+03 1.213711550335469383e+03 1.069161513225199922e+00
1.364912432655649354e+03 1.213704944354415829e+03 1.068702098821458613e+00
1.364933266290901429e+03 1.215542570993653726e+03 1.069537306685536260e+00
1.364954099925223090e+03 1.215072819241335083e+03 1.070276969821137847e+00
1.364974933559542023e+03 1.213564072172437818e+03 1.070259928282337514e+00
1.364995767193862321e+03 1.215581496856691501e+03 1.071720116549492507e+00
1.365016600827717866e+03 1.215283106323463016e+03 1.073369248620565486e+00
1.365037434461573412e+03 1.216010368273965014e+03 1.073418725084143155e+00
1.365058268095428048e+03 1.216754705924119435e+03 1.073822503267727990e+00
1.365079101728816568e+03 1.214185828315372191e+03 1.074242109564907732e+00
1.365099935361740336e+03 1.214257987511807869e+03 1.074107882240438627e+00
1.365120768994663649e+03 1.215266661352399979e+03 1.076261762406319322e+00
1.365141602627586963e+03 1.213850622280547896e+03 1.076180958233559304e+00
1.365162436260044615e+03 1.216228025833218453e+03 1.076836576302120596e+00
1.365183269892502494e+03 1.214337433997949802e+03 1.077998167676907704e+00
1.365204103524495622e+03 1.213097275151355007e+03 1.076052567364310208e+00
1.365224937156952819e+03 1.214652115285336322e+03 1.077320794074653643e+00
1.365245770788479604e+03 1.214332014131911137e+03 1.077102397304817716e+00
1.365266604420471594e+03 1.213961020788572114e+03 1.077288150804977196e+00
1.365287438051998379e+03 1.214904516720352831e+03 1.078462022819251187e+00
1.365308271683525163e+03 1.215870095860619813e+03 1.077681795879122495e+00
1.365329105314585831e+03 1.212783375323872178e+03 1.077106602981242167e+00
1.365349938945646500e+03 1.215317316435919565e+03 1.078685780511072778e+00
1.365370772576707623e+03 1.215985862167179675e+03 1.077878951592663226e+00
1.365391606207769200e+03 1.213731686300038291e+03 1.077470553144008747e+00
1.365412439838364207e+03 1.212233526347202314e+03 1.077045453043109724e+00
1.365433273468958532e+03 1.213351614424716672e+03 1.078831648405438770e+00
1.365454107099553539e+03 1.212644651772519637e+03 1.078539727096085921e+00
1.365474940730149683e+03 1.211519798934964683e+03 1.078506733858735744e+00
1.365495774360744463e+03 1.213711809281543083e+03 1.082649687709841713e+00
1.365516607990873581e+03 1.211810402495440712e+03 1.082795021609645136e+00
1.365537441621003381e+03 1.212974328256733088e+03 1.083724972041029133e+00
1.365558275251133637e+03 1.212741941757340555e+03 1.085103874508007715e+00
1.365579108881262982e+03 1.213963236412982951e+03 1.087910513293716352e+00
1.365599942510926667e+03 1.214749830704214673e+03 1.089887009722612099e+00
1.365620776141056467e+03 1.212659889981368451e+03 1.091452501609927461e+00
1.365641609770720606e+03 1.210444884366383803e+03 1.093046070824112537e+00
1.365662443400385200e+03 1.212501050362719525e+03 1.095482843188963162e+00
1.365683277030514091e+03 1.213806808183586327e+03 1.098099588481178834e+00
1.365704110660177321e+03 1.212966893588255971e+03 1.099630840085231931e+00
1.365724944289841460e+03 1.211896903208056756e+03 1.100904606444972789e+00
1.365745777919506054e+03 1.211758114328433976e+03 1.101975546158793007e+00
1.365766611549169511e+03 1.212327606072703475e+03 1.103391981371696806e+00
1.365787445178833423e+03 1.211581541743164280e+03 1.104390025789537599e+00
1.365808278808497562e+03 1.213240206890426862e+03 1.107341891298366354e+00
1.365829112438161474e+03 1.212008913136707406e+03 1.109571358939256402e+00
1.365849946067824931e+03 1.210114323011460556e+03 1.112273231711303101e+00
1.365870779697489070e+03 1.210565200360251083e+03 1.112842781321207397e+00
1.365891613327153664e+03 1.210729855968300626e+03 1.114532730997872534e+00
1.365912446957283464e+03 1.209026610278674980e+03 1.117697379327278417e+00
1.365933280586946921e+03 1.211024316771630538e+03 1.118502503195746733e+00
1.365954114217076494e+03 1.209613042647120892e+03 1.120723011775128342e+00
1.365974947846740633e+03 1.211959412566290439e+03 1.122430197535616792e+00
1.365995781476870434e+03 1.212074488021291018e+03 1.124118936758827791e+00
1.366016615107000007e+03 1.212828843996667274e+03 1.124455585147072334e+00
1.366037448737129580e+03 1.210837014613688098e+03 1.124542726196059883e+00
1.366099949628449849e+03 1.210214443822399062e+03 1.128395413776233758e+00
1.366120783259044856e+03 1.210312875945076939e+03 1.130416968055363292e+00
1.366141616890105524e+03 1.213449287567136253e+03 1.131806604434796526e+00
1.366162450520701441e+03 1.214884331739824574e+03 1.134607668468692099e+00
1.366183284151763019e+03 1.215007909988642950e+03 1.131637911386762063e+00
1.366204117783288893e+03 1.216562971545432220e+03 1.131667828191761371e+00
1.366224951414349562e+03 1.215747952160964132e+03 1.131134632192257738e+00
1.366245785045876346e+03 1.217904076181709343e+03 1.131306772230095348e+00
1.366266618677868792e+03 1.217915894385088677e+03 1.131370784570858934e+00
1.366287452309861010e+03 1.218636615691045790e+03 1.132133017020592547e+00
1.366308285941853001e+03 1.217559987577593347e+03 1.134040219846766506e+00
1.366329119574311335e+03 1.218786143129834500e+03 1.133241664227187417e+00
1.366349953206769442e+03 1.221852298378654041e+03 1.133484266319168210e+00
1.366370786839692528e+03 1.221611443825522201e+03 1.134184591743556680e+00
1.366391620472616069e+03 1.218826900944635554e+03 1.132747990317025888e+00
1.366412454106005498e+03 1.219969653657793287e+03 1.132781876774929364e+00
1.366433287739395382e+03 1.217486055285110979e+03 1.132692948971781410e+00
1.366454121373250473e+03 1.217707066210059565e+03 1.132673478639478315e+00
1.366474955007105109e+03 1.218447643380642603e+03 1.134319066541887411e+00
1.366495788641425406e+03 1.220464060723525108e+03 1.135591400186883204e+00
1.366516622275746613e+03 1.216459082040885050e+03 1.136993532298270493e+00
1.366537455910532572e+03 1.218530185511368245e+03 1.137611012753298567e+00
1.366558289545783964e+03 1.218592734073928341e+03 1.138898038568933790e+00
1.366579123181035811e+03 1.219481779554864261e+03 1.140462158284420990e+00
1.366599956816754457e+03 1.222538208082724623e+03 1.144186130607253604e+00
1.366620790452937854e+03 1.220731688533410534e+03 1.147335639768059412e+00
1.366662457725769400e+03 1.214209011942077723e+03 1.154731629887253419e+00
1.366683291362884574e+03 1.214850441130614172e+03 1.154051417347394803e+00
1.366704124999998839e+03 1.213261150020097148e+03 1.156806966305171880e+00
1.366724958637578993e+03 1.213008534485549035e+03 1.158206573018028429e+00
1.366745792275624808e+03 1.216143662984427237e+03 1.158843045413484152e+00
1.366766625913670850e+03 1.216125164763293242e+03 1.160641655378746639e+00
1.366787459552183009e+03 1.215340333401440830e+03 1.158264158548115041e+00
1.366808293191160374e+03 1.212245334110025397e+03 1.157421601031834557e+00
1.366829126830602945e+03 1.212302394521913129e+03 1.158757815123769852e+00
1.366849960470045517e+03 1.213589830125772551e+03 1.160110935135376886e+00
1.366870794109954659e+03 1.213940445927131123e+03 1.159370438805833459e+00
1.366891627749863801e+03 1.214058346296896616e+03 1.162040849476493554e+00
1.366912461390703356e+03 1.215836452843279176e+03 1.162136558407123044e+00
1.366933295031542457e+03 1.213796507842548635e+03 1.161974884713817158e+00
1.366954128672382467e+03 1.213398145565412733e+03 1.161651264582965082e+00
1.366974962313689048e+03 1.216573209374659882e+03 1.163158552207542940e+00
1.366995795955459471e+03 1.213372771026531609e+03 1.164115904536679569e+00
1.367016629597230803e+03 1.214798396917957461e+03 1.163129445374452953e+00
1.367037463239467797e+03 1.213152810006662776e+03 1.163436157897945744e+00
1.367058296881705473e+03 1.213338507902624315e+03 1.165783985330552497e+00
1.367079130524407447e+03 1.213186981040961427e+03 1.163669699122304779e+00
1.367099964167109647e+03 1.211414787605587435e+03 1.162310619720515081e+00
1.367120797809812530e+03 1.210733197620969577e+03 1.161225773175714737e+00
1.367141631452981073e+03 1.211301033792649150e+03 1.156748535316913573e+00
1.368620816896665929e+03 1.211221079008834295e+03 1.051731686635095198e+00
1.368641650412666422e+03 1.210739750361220786e+03 1.049477317688530364e+00
1.368662483925873858e+03 1.211829269800336078e+03 1.050096366638169298e+00
1.368683317437219102e+03 1.211668122793484144e+03 1.049620487110302980e+00
1.368704150945769015e+03 1.212742826624552890e+03 1.049689026604621489e+00
1.368724984452456965e+03 1.211336591069416272e+03 1.051116209282137115e+00
1.368745817957282497e+03 1.212429183442649219e+03 1.049480214209148166e+00
1.368766651459779951e+03 1.211035249292346862e+03 1.051044133425723670e+00
1.368787484959948415e+03 1.212890170655511383e+03 1.050430920141151692e+00
1.368808318458255144e+03 1.212051631877559430e+03 1.051332974147392685e+00
1.368829151954699000e+03 1.212423240785631151e+03 1.050006396410396503e+00
1.368849985448813641e+03 1.212872894881354568e+03 1.051808022210007243e+00
1.368870818941066545e+03 1.211491578878662267e+03 1.050079451688489263e+00
1.368891652431456350e+03 1.211275619380580110e+03 1.049805652706678361e+00
1.368912485919518076e+03 1.214141604039846243e+03 1.052493434079093015e+00
1.368933319406182363e+03 1.212330058028982194e+03 1.050145123307445028e+00
1.368954152890519026e+03 1.211893694397591389e+03 1.050497761316832701e+00
1.368974986373458023e+03 1.211713176575427269e+03 1.049670799056643178e+00
1.368995819854534602e+03 1.211964986825652431e+03 1.050062990569817556e+00
1.369016653333283102e+03 1.212732940843089409e+03 1.050424451414559091e+00
1.369037486810635073e+03 1.210424055584912594e+03 1.049541834371380489e+00
1.369058320286588923e+03 1.210345536758676189e+03 1.049598567155988205e+00
1.369079153760215377e+03 1.210560704622552748e+03 1.049479135114166128e+00
1.369099987232445073e+03 1.212124100244076089e+03 1.051514267063260233e+00
1.369120820702811443e+03 1.212024221156764497e+03 1.050313001483319741e+00
1.369141654171780374e+03 1.210194787451500133e+03 1.049810194843838973e+00
1.369162487638887342e+03 1.212234572755850195e+03 1.050773762389098476e+00
1.369183321104596871e+03 1.210416948863717607e+03 1.050393582556587324e+00
1.369204154568444665e+03 1.212449540814134707e+03 1.050776598611626644e+00
1.369224988030895020e+03 1.211186256037520252e+03 1.049596806725290765e+00
1.369245821491948391e+03 1.210264390715699165e+03 1.049375196028617729e+00
1.369266654951139571e+03 1.211293490128244684e+03 1.050423259802684139e+00
1.369287488408933086e+03 1.210685105711740107e+03 1.049684427159755629e+00
1.369308321865329617e+03 1.210600199882863308e+03 1.049435856811334666e+00
1.369329155320329392e+03 1.210759222356584132e+03 1.050454014304973649e+00
1.369349988773466066e+03 1.211644625967023330e+03 1.050211188104300142e+00
1.369370822225671873e+03 1.211007959879393184e+03 1.051231769852754239e+00
1.369391655676015489e+03 1.208803626152434390e+03 1.050503378505439622e+00
1.369412489125427328e+03 1.212071523538752444e+03 1.052288180259699502e+00
1.369433322572976067e+03 1.210071370338072029e+03 1.049762955656729613e+00
1.369454156019127822e+03 1.209619382678073180e+03 1.048881032166940841e+00
1.369474989464349619e+03 1.208533023332355015e+03 1.048937459748726653e+00
1.369495822907708089e+03 1.210265226478296881e+03 1.049542175117979426e+00
1.369516656350133871e+03 1.209342474016779079e+03 1.050868771676720437e+00
1.369537489791164489e+03 1.211970014738461487e+03 1.049889224884756000e+00
1.369558323230797441e+03 1.211374173097995254e+03 1.050092109545619046e+00
1.369579156669498843e+03 1.210379657826971197e+03 1.049278631369124914e+00
1.369599990106337373e+03 1.210734008170239804e+03 1.049472944495196014e+00
1.369620823542245034e+03 1.209704499691501496e+03 1.049303057387316773e+00
1.369641656976756622e+03 1.209829840754506904e+03 1.051390177195297371e+00
1.369662490410335977e+03 1.208816933660673612e+03 1.048828579637936853e+00
1.369683323842052005e+03 1.209415129831316335e+03 1.049958484828026783e+00
1.369704157273302826e+03 1.209683094075812960e+03 1.050123838660387277e+00
1.369724990702691912e+03 1.211593722647572804e+03 1.049568071535817326e+00
1.369745824131149220e+03 1.210860688068501304e+03 1.049478623963524093e+00
1.369766657558674524e+03 1.209090127204295186e+03 1.050565108862070440e+00
1.369787490984802389e+03 1.208452521633930928e+03 1.048806074823496637e+00
1.369808324409535089e+03 1.208937961672568463e+03 1.050032508437686474e+00
1.369829157833336012e+03 1.209699823136120131e+03 1.049842102803458133e+00
1.369849991256204476e+03 1.211868576381094499e+03 1.049655580799060184e+00
1.369870824677675955e+03 1.207967136300143011e+03 1.049986811963774969e+00
1.369891658098216794e+03 1.209041200168251407e+03 1.050821409911581794e+00
1.369912491517361559e+03 1.211106266619276312e+03 1.050163739925056294e+00
1.369933324935574547e+03 1.209792920914075239e+03 1.049763069215016609e+00
1.369954158352855075e+03 1.212705378364562876e+03 1.050188088600608083e+00
1.369974991768739528e+03 1.210783763593340609e+03 1.052450053191982260e+00
1.369995825183692887e+03 1.209477262256594486e+03 1.050660250479169333e+00
1.370016658597248806e+03 1.210793904153666062e+03 1.050816191478759931e+00
1.370037492010338610e+03 1.209189684683416772e+03 1.049592263664687719e+00
1.370058325422030975e+03 1.211146787561845485e+03 1.052193412435590059e+00
1.370079158832328631e+03 1.209711069110042445e+03 1.049976934452119259e+00
1.370099992242159033e+03 1.209031635768780916e+03 1.049346227563824341e+00
1.370120825650592906e+03 1.209108609879334153e+03 1.050459972176396750e+00
1.370141659058095001e+03 1.210049880230140161e+03 1.050778130168608548e+00
1.370162492464666002e+03 1.208639264803091919e+03 1.049265622862274316e+00
1.370183325870305453e+03 1.208783238604134795e+03 1.049225232977021971e+00
1.370204159275014035e+03 1.210410324762084201e+03 1.049527295746764732e+00
1.370224992678326089e+03 1.208347617000337095e+03 1.049235003949777090e+00
1.370245826080705910e+03 1.207745879011021998e+03 1.049389111967548471e+00
1.370266659482153955e+03 1.209738917226370177e+03 1.049867253767855058e+00
1.370287492883137475e+03 1.210417182773216382e+03 1.049826489599190893e+00
1.370308326282257894e+03 1.207170050969262775e+03 1.049069510019725593e+00
1.370329159680913108e+03 1.210062880808347018e+03 1.049863109293740493e+00
1.370349993078636544e+03 1.209957370529344871e+03 1.050000663030505876e+00
1.370370826475427975e+03 1.210846384937621679e+03 1.049988174371883520e+00
1.370391659871288994e+03 1.208402818694470398e+03 1.049475216286215540e+00
1.370412493265753483e+03 1.210883443101265357e+03 1.049733259743025338e+00
1.370433326659752083e+03 1.209428279700521443e+03 1.049788222072910671e+00
1.370454160052353473e+03 1.212426134593909637e+03 1.050938817799558889e+00
1.370474993444488518e+03 1.210042374158062103e+03 1.049841024080448548e+00
1.370495826835691787e+03 1.212612489450004432e+03 1.051731233252101161e+00
1.370516660225499891e+03 1.212071613393594816e+03 1.049963593987155885e+00
1.370537493614841424e+03 1.211001442953064497e+03 1.050741315458623593e+00
1.370558327002786427e+03 1.212279982375713189e+03 1.050551321973854479e+00
1.370579160390265542e+03 1.211672051706615775e+03 1.050464057554414410e+00
1.370599993776811971e+03 1.211308893663251865e+03 1.050260450213553298e+00
1.370620827162429123e+03 1.211909832548903523e+03 1.050625700941878904e+00
1.370641660547114043e+03 1.210851572178996093e+03 1.050536173209044355e+00
1.370724994076540497e+03 1.211594887532854500e+03 1.050877563146734861e+00
1.370745827457034011e+03 1.211078173074448387e+03 1.050695649811890231e+00
1.370766660836131450e+03 1.209329077175250632e+03 1.049840910530593696e+00
1.370787494214764138e+03 1.209147184953374335e+03 1.049332992685336308e+00
1.370808327592463911e+03 1.210709395208909882e+03 1.049813487880991714e+00
1.370829160969232817e+03 1.210014283960822013e+03 1.050255058735861891e+00
1.370849994345069945e+03 1.209090479256330582e+03 1.049481293303020646e+00
1.370870827719975978e+03 1.212411242568183297e+03 1.050404647784616508e+00
1.370891661094416577e+03 1.212433028999172848e+03 1.051344539732180561e+00
1.370912494467459965e+03 1.211424221743699263e+03 1.050412648723039188e+00
1.370933327840038146e+03 1.210744554059819393e+03 1.050227760408186217e+00
1.370954161211685005e+03 1.211760027728283376e+03 1.049635194802300608e+00
1.370974994582400086e+03 1.210703723731935952e+03 1.049594535197447165e+00
1.370995827952649051e+03 1.212307359273372867e+03 1.050529137753350772e+00
1.371016661321501488e+03 1.213333647181870674e+03 1.051336772662310182e+00
1.371037494689888945e+03 1.210664040672637157e+03 1.050355449185409684e+00
1.371058328057344625e+03 1.213509621113870708e+03 1.052470328032798053e+00
1.371079161424333961e+03 1.211610349049989509e+03 1.050300970539166601e+00
1.371099994789927223e+03 1.210655169690386856e+03 1.049829612258620593e+00
1.371162494882514466e+03 1.209358923430000686e+03 1.051625476328756470e+00
1.371183328245313533e+03 1.206733463991242616e+03 1.052161462482610110e+00
1.371204161607181049e+03 1.206945760549141141e+03 1.049897911013454310e+00
1.371224994968118608e+03 1.207661855243321952e+03 1.050105561899179696e+00
1.371245828328123025e+03 1.209484946269237298e+03 1.051302698925947743e+00
1.371266661687662463e+03 1.210144122803802475e+03 1.051148531231763439e+00
1.371287495046271488e+03 1.208040561036802956e+03 1.049981589382982028e+00
1.371308328403947598e+03 1.210695721296892543e+03 1.050953507042023283e+00
1.371329161761158048e+03 1.208931818404122851e+03 1.050100453430781178e+00
1.371349995116971968e+03 1.206592483157115566e+03 1.050061344443757649e+00
1.371370828472785888e+03 1.211098316455638724e+03 1.050885900795506700e+00
1.371391661827203507e+03 1.208841152458876195e+03 1.050008780578956635e+00
1.371412495181155009e+03 1.209099052097537651e+03 1.052908180624294365e+00
1.371433328534175416e+03 1.207884111363209286e+03 1.049786916183157226e+00
1.371454161886264501e+03 1.209921379366520114e+03 1.052206894571483309e+00
1.371474995237887924e+03 1.210085840123541402e+03 1.051148077597241715e+00
1.371495828588579116e+03 1.208775608008175141e+03 1.050561421029038822e+00
1.371516661938803963e+03 1.209993200319147945e+03 1.050431487571408473e+00
1.371537495288098853e+03 1.209072558698983130e+03 1.050654747591169613e+00
1.371558328636463557e+03 1.207879876228102376e+03 1.050195353364154371e+00
1.371579161983896029e+03 1.208665984169809690e+03 1.050812391082026620e+00
1.371599995330861930e+03 1.208018354643084422e+03 1.052367307403538010e+00
1.371620828676896963e+03 1.209441565085478032e+03 1.051347487802071656e+00
1.371641662022466789e+03 1.211455248759509686e+03 1.051606772229112474e+00
1.371662495367105521e+03 1.207300794193106640e+03 1.050021552818348969e+00
1.371683328710812930e+03 1.208439191480273394e+03 1.050516598638883137e+00
1.371704162054053995e+03 1.209859837506738359e+03 1.053460375080006672e+00
1.371724995396363965e+03 1.210843805288430531e+03 1.051190604982531251e+00
1.371745828737741931e+03 1.210777862280995350e+03 1.052636476398669751e+00
1.371766662078654463e+03 1.209071400858774950e+03 1.050656222594904099e+00
1.371787495419102015e+03 1.210802923231656678e+03 1.051648997678810815e+00
1.371808328758152129e+03 1.209717290684798854e+03 1.051711340880830070e+00
1.371829162096737491e+03 1.210319264676934381e+03 1.051228764758369572e+00
1.371849995434856510e+03 1.209930281521651068e+03 1.050973527184742906e+00
1.371870828772044206e+03 1.210430286971205305e+03 1.051143994877737686e+00
1.371891662108300807e+03 1.210452144217780869e+03 1.051627743469744303e+00
1.371912495444091974e+03 1.209295153799450190e+03 1.053016186081688010e+00
1.371933328778950909e+03 1.211808101480753976e+03 1.051912060887668643e+00
1.371954162112878976e+03 1.210520507159473709e+03 1.053239577311772646e+00
1.371974995446341381e+03 1.210785396992983806e+03 1.051310182769672696e+00
1.371995828779337899e+03 1.210393451472361676e+03 1.051322315554638287e+00
1.372016662110936977e+03 1.210560469370649571e+03 1.051289658767927460e+00
1.372037495442536510e+03 1.211611535254474802e+03 1.051716781566762959e+00
1.372058328772739515e+03 1.210931809972240899e+03 1.051512963317108085e+00
1.372079162102476403e+03 1.211233230401480341e+03 1.052936315188372829e+00
1.372099995431748539e+03 1.213235259885532969e+03 1.052319503312274307e+00
1.372120828760088898e+03 1.212481387265653211e+03 1.052762004652495698e+00
1.372141662087497480e+03 1.210289166825645452e+03 1.051611873380189577e+00
1.372162495414440855e+03 1.212677409716906141e+03 1.052013369710983914e+00
1.372183328740918569e+03 1.211677815604150283e+03 1.054139623684606564e+00
1.372204162066464505e+03 1.211211302872692841e+03 1.051888715413207276e+00
1.372224995391079119e+03 1.212076879329962367e+03 1.051876645826388401e+00
1.372245828715228527e+03 1.211248192232177644e+03 1.051529628472281264e+00
1.372266662038447066e+03 1.210772894735589261e+03 1.052220206594992602e+00
1.372287495360732919e+03 1.212100033071952339e+03 1.053708448575026324e+00
1.372308328683020136e+03 1.209551039534197344e+03 1.053245066694816101e+00
1.372329162003909914e+03 1.210214764466071983e+03 1.054359215401724059e+00
1.372349995324334031e+03 1.211816694316198891e+03 1.053426992431309106e+00
1.372370828644292033e+03 1.209939319201256239e+03 1.052777291238807145e+00
1.372391661963318938e+03 1.209454486990125361e+03 1.052076201210145667e+00
1.372412495281879501e+03 1.212205351391295380e+03 1.054577009276789656e+00
1.372433328599509423e+03 1.212819059625225464e+03 1.053776835306914350e+00
1.372454161916208022e+03 1.209645636594794496e+03 1.051664470472828627e+00
1.372474995232440506e+03 1.212467749956698981e+03 1.052522542444783493e+00
1.372495828548208010e+03 1.212518087316568199e+03 1.052188030862518442e+00
1.372516661863043510e+03 1.210743952999412159e+03 1.052140615181730521e+00
1.372537495176949051e+03 1.212153417705445918e+03 1.052636646271103427e+00
1.372558328490388021e+03 1.211968575360858267e+03 1.054584639443068905e+00
1.372579161803360876e+03 1.211219736034232710e+03 1.053267816204106255e+00
1.372599995115403544e+03 1.210887346748407481e+03 1.052381410328437239e+00
1.372620828426513981e+03 1.210368177193353858e+03 1.051984813848909850e+00
1.372641661737159666e+03 1.210660301925380736e+03 1.052612184358413083e+00
1.372662495047339007e+03 1.211151398050462376e+03 1.052724240171095893e+00
1.372683328356586571e+03 1.212599176766534129e+03 1.055592523033458630e+00
1.372704161664903950e+03 1.209844940370238646e+03 1.051471129212893540e+00
1.372724994973219964e+03 1.213260708777459058e+03 1.052974921153368104e+00
1.372745828280139904e+03 1.213352069437789396e+03 1.053549767472424126e+00
1.372766661586595092e+03 1.212494959709983505e+03 1.053640227115114625e+00
1.372787494892583027e+03 1.212230568094469390e+03 1.053865409042773482e+00
1.372808328197640094e+03 1.212233011786576299e+03 1.052889952195539935e+00
1.372829161502231500e+03 1.214116550401879977e+03 1.054424055187311193e+00
1.372849994805891583e+03 1.212979706370418626e+03 1.053268778237202552e+00
1.372870828109086460e+03 1.213092536540414358e+03 1.053293960555712783e+00
1.372891661411349560e+03 1.211559501001360331e+03 1.052596952000575126e+00
1.372912494713147225e+03 1.215097438591154742e+03 1.056214082547372035e+00
1.372933328014479002e+03 1.212730857836806990e+03 1.053711163765615133e+00
1.372954161314413341e+03 1.212691597202378944e+03 1.053677336516799068e+00
1.372974994614348816e+03 1.212946972768530713e+03 1.053684577223278129e+00
1.372995827913352059e+03 1.212094918771473885e+03 1.052719710607076475e+00
1.373016661211890096e+03 1.213302054285846680e+03 1.053209413490285407e+00
1.373037494509496810e+03 1.211278908167255622e+03 1.053908109557234019e+00
1.373058327806171974e+03 1.212626262968964966e+03 1.052751926707522712e+00
1.373079161102847593e+03 1.214282700961890896e+03 1.054763791186037691e+00
1.373099994398125091e+03 1.216026589730125352e+03 1.055474390428494891e+00
1.373120827693403498e+03 1.214054106909329903e+03 1.054346552240618795e+00
1.373141660987751038e+03 1.214655731576029893e+03 1.053745272751382744e+00
1.373162494281165891e+03 1.213463849166530963e+03 1.053330799222465197e+00
1.373204160866600887e+03 1.214815253399653102e+03 1.053191077086554239e+00
1.373224994158154004e+03 1.214913273975179663e+03 1.053728812333907250e+00
1.373245827449241006e+03 1.212689184195327016e+03 1.053347322445538969e+00
1.373266660739397594e+03 1.214377655718440110e+03 1.053752286734311427e+00
1.373287494029088521e+03 1.215315218549722431e+03 1.053529739709657020e+00
1.373308327317848125e+03 1.213806601112674571e+03 1.053440119293948873e+00
1.373329160606140931e+03 1.213601937425615915e+03 1.053220166171140892e+00
1.373349993893968531e+03 1.213839779845750854e+03 1.055909981257534547e+00
1.373370827180865035e+03 1.215569702320485931e+03 1.053850873506056107e+00
1.373391660467295424e+03 1.215241850721092078e+03 1.054012167141953116e+00
1.373412493752795399e+03 1.215435002834436091e+03 1.054397203972543329e+00
1.373433327037829031e+03 1.213812823419917549e+03 1.054029810670275236e+00
1.373454160322396547e+03 1.214967884381129579e+03 1.054625615317678511e+00
1.373474993606033877e+03 1.217257439794281254e+03 1.054943082006270183e+00
1.373495826889205091e+03 1.215187586367021595e+03 1.056561084510556858e+00
1.373516660171444528e+03 1.216348656792383963e+03 1.055746436985443237e+00
1.373537493453218985e+03 1.217355291358139084e+03 1.055244072889118367e+00
1.373558326734061211e+03 1.216050899631684388e+03 1.054607133982370160e+00
1.373579160014438912e+03 1.214941113359359406e+03 1.053905847321723988e+00
1.373599993294350043e+03 1.214612947085886617e+03 1.053201433798266473e+00
1.373662493129894074e+03 1.213400577529190514e+03 1.054111577782118170e+00
1.373683326407011464e+03 1.213537811183186705e+03 1.057060003347723987e+00
1.373704159683197986e+03 1.214194940729627888e+03 1.053908222668882066e+00
1.373724992959384508e+03 1.213297572323817803e+03 1.054309579462461954e+00
1.373745826234639480e+03 1.214397420320901574e+03 1.054463850256374347e+00
1.373766659508963130e+03 1.213514391379452491e+03 1.054136174531194570e+00
1.373787492782821118e+03 1.214298364196384455e+03 1.054843071660606535e+00
1.373808326056212991e+03 1.214746102114520227e+03 1.054497934895605615e+00
1.373829159328673541e+03 1.214296769185576295e+03 1.055961743359012495e+00
1.373849992600669339e+03 1.213545925815378268e+03 1.054144599492595313e+00
1.373870825872199021e+03 1.212888148950587947e+03 1.053807039447960614e+00
1.373891659142796470e+03 1.215337382649080155e+03 1.054423433377440045e+00
1.373912492412930078e+03 1.215171649562471430e+03 1.054015164300600826e+00
1.373933325682597115e+03 1.213590988265246779e+03 1.054126166268066100e+00
1.373954158951331920e+03 1.215253784997140201e+03 1.054322016933163964e+00
1.373995825486941612e+03 1.215655422679080630e+03 1.054162636599671465e+00
1.374016658753815136e+03 1.212232653154983154e+03 1.053221807360141149e+00
1.374037492019756428e+03 1.213290090557619351e+03 1.054014089848480662e+00
1.374058325285698174e+03 1.213514294633039754e+03 1.053663477213287347e+00
1.374079158550242937e+03 1.214219952254074997e+03 1.053958669253857172e+00
1.374099991814787927e+03 1.215463561270043328e+03 1.054328687879724447e+00
1.374120825078400458e+03 1.214660749450309822e+03 1.054187401779965505e+00
1.374141658341548009e+03 1.214898940978109067e+03 1.054475664128392109e+00
1.374162491603764465e+03 1.213336802224927396e+03 1.055866571388460295e+00
1.374183324865516624e+03 1.215303007763517599e+03 1.056039071324773371e+00
1.374204158126801985e+03 1.215967791513168777e+03 1.054704171508137778e+00
1.374224991387620776e+03 1.213415668059266636e+03 1.055440789112833233e+00
1.374245824647508925e+03 1.214295955111969306e+03 1.054094048714129706e+00
1.374266657906465525e+03 1.213286020860432018e+03 1.054195034766187700e+00
1.374287491165422580e+03 1.215189587000532356e+03 1.054409753467501654e+00
1.374308324423448084e+03 1.215881814512720211e+03 1.054699424393672924e+00
1.374329157680541812e+03 1.214183064474782668e+03 1.053934351134288905e+00
1.374349990937170332e+03 1.213242194427592040e+03 1.054347513289428662e+00
1.374370824193334101e+03 1.216167648672603718e+03 1.055636395877919798e+00
1.374391657449031527e+03 1.214850743743204703e+03 1.054688912849892857e+00
1.374412490703796948e+03 1.214555547042005173e+03 1.053967604607992881e+00
1.374433323958096935e+03 1.215755371061557980e+03 1.058749929921261712e+00
1.374454157211931943e+03 1.213101813077596034e+03 1.054280746579696615e+00
1.374474990464834946e+03 1.216021599254191642e+03 1.054543379367532507e+00
1.374495823717271833e+03 1.214987798832340104e+03 1.053815127675856278e+00
1.374516656968778534e+03 1.218512656424768693e+03 1.057496181057286266e+00
1.374537490220285463e+03 1.215579485920175102e+03 1.057066318694300344e+00
1.374558323470861069e+03 1.214611155721042223e+03 1.054348813530542106e+00
1.374579156720503988e+03 1.215679779639101298e+03 1.054620641779171475e+00
1.374599989969681474e+03 1.215999395912136606e+03 1.054194921685313702e+00
1.374620823218394435e+03 1.215473172240868962e+03 1.054143807888350048e+00
1.374641656466641052e+03 1.215934797728154081e+03 1.055290219492807546e+00
1.374662489713955438e+03 1.216580941434089254e+03 1.056485882214785121e+00
1.374683322954286496e+03 1.216288284811182393e+03 1.055244468278626613e+00
1.374704156200671150e+03 1.216710923789424896e+03 1.056478265779785763e+00
1.374724989446123800e+03 1.215478131490131773e+03 1.057051319684573887e+00
1.374745822691110334e+03 1.214037512140786021e+03 1.053509711566152030e+00
1.374766655935631661e+03 1.217316798410178080e+03 1.056891561386314571e+00
1.374787489179687327e+03 1.214783238792062775e+03 1.054612277138787135e+00
1.374808322422812125e+03 1.216434221692028586e+03 1.054235912707411460e+00
1.374829155665005601e+03 1.216615040498239296e+03 1.054134817484135622e+00
1.374849988907198622e+03 1.216561338416093804e+03 1.055207357503446630e+00
1.374870822148459865e+03 1.215378448878676181e+03 1.054659751244485744e+00
1.374891655389256357e+03 1.216086728286104290e+03 1.054740452320171107e+00
1.374912488629121071e+03 1.214660438002923456e+03 1.055250286135694493e+00
1.374933321868984876e+03 1.213591564292255498e+03 1.054655908182090984e+00
1.374954155107919632e+03 1.214689709018263784e+03 1.053801270184536065e+00
1.374974988345921929e+03 1.215454046917526057e+03 1.054084775153810716e+00
1.374995821583923998e+03 1.215282021671330313e+03 1.054142733567351886e+00
1.375016654820994063e+03 1.212809313746532780e+03 1.053358809328029944e+00
1.375037488057133487e+03 1.213071183063265835e+03 1.054964777914445762e+00
1.375058321293273366e+03 1.214239883793513172e+03 1.057189798693704885e+00
1.375079154528481922e+03 1.213659651555078881e+03 1.053826439778577484e+00
1.375099987763224362e+03 1.213321416822951278e+03 1.055558078467270899e+00
1.375120820997500914e+03 1.215280420793488702e+03 1.053603512411700249e+00
1.375141654230846598e+03 1.216668134905185980e+03 1.054793741032153287e+00
1.375162487463726393e+03 1.216063213150067213e+03 1.054764017225797268e+00
1.375183320696140072e+03 1.214280217908865779e+03 1.053969866710947390e+00
1.375204153927623338e+03 1.215134517439258161e+03 1.056566500223209193e+00
1.375224987158641852e+03 1.215848238583111652e+03 1.054606681835551507e+00
1.375245820389192886e+03 1.214957079640305892e+03 1.056096809609659015e+00
1.375266653619278486e+03 1.216329203298511175e+03 1.055722950467121946e+00
1.375287486848432991e+03 1.219584262416522279e+03 1.055792448722021382e+00
1.375308320077122062e+03 1.215455675892555973e+03 1.056249239317490263e+00
1.375329153305346608e+03 1.215767836134781646e+03 1.054655286508917156e+00
1.375349986533102992e+03 1.215139695361740451e+03 1.056219838631579977e+00
1.375370819759929418e+03 1.214288165026184515e+03 1.056143144698871383e+00
1.375391652986290410e+03 1.213928789412490687e+03 1.054237495776988665e+00
1.375412486212185513e+03 1.213043648734651242e+03 1.054450849191606920e+00
1.375433319437149521e+03 1.213643371562369111e+03 1.053561082424322004e+00
1.375454152662113074e+03 1.215498651557140192e+03 1.057335588015845929e+00
1.375474985886144623e+03 1.214532253115992262e+03 1.054714795924994508e+00
1.375495819109245986e+03 1.215804356640866899e+03 1.055238367966863766e+00
1.375516652332347348e+03 1.214320016973722659e+03 1.055091159009874824e+00
1.375537485554517389e+03 1.210564842430673934e+03 1.053895101636736165e+00
1.375558318776221085e+03 1.213101845663023141e+03 1.053827175061051280e+00
1.375579151997459121e+03 1.212769577856225624e+03 1.053346020968193741e+00
1.375599985217766061e+03 1.213025427210296357e+03 1.054438469767908781e+00
1.375620818437607795e+03 1.212725552872683465e+03 1.053493869827025975e+00
1.375641651656983868e+03 1.213977742484598593e+03 1.053905847321723988e+00
1.375662484875893824e+03 1.214150178271124787e+03 1.053187511637645013e+00
1.375683318094338119e+03 1.215016474718832569e+03 1.054132838454043153e+00
1.375704151311851092e+03 1.212999423749319931e+03 1.053536415672882587e+00
1.375724984528898403e+03 1.212245503810155924e+03 1.055460441776897573e+00
1.375745817745480508e+03 1.212634916845126099e+03 1.053139914568326674e+00
1.375766650961131518e+03 1.212870386046862450e+03 1.053570643463950685e+00
1.375787484176780936e+03 1.212022924682221401e+03 1.052689418646704844e+00
1.375808317391500623e+03 1.212821693975786957e+03 1.052976619330471264e+00
1.375829150605289669e+03 1.213848962016146061e+03 1.053593046506906772e+00
1.375849983819076897e+03 1.213102496790060741e+03 1.052944636535099177e+00
1.375891650244790071e+03 1.213970038465963626e+03 1.053290961344866661e+00
1.375912483456715108e+03 1.215453673270907984e+03 1.053719761822990097e+00
1.375933316667709505e+03 1.211495802993114694e+03 1.052691683496321362e+00
1.375954149878702992e+03 1.212044245759645491e+03 1.053371201440107985e+00
1.375974983088765384e+03 1.213831113093831391e+03 1.052672262252598356e+00
1.375995816298363025e+03 1.213513206233300480e+03 1.053936217428459887e+00
1.376016649507493639e+03 1.214030253331471613e+03 1.052874667244942053e+00
1.376037482716159047e+03 1.214198833490465631e+03 1.054872397710576282e+00
1.376058315923894042e+03 1.213981430028354225e+03 1.052899972209410118e+00
1.376079149131628583e+03 1.213648587688140424e+03 1.052945825293548854e+00
1.376099982338431346e+03 1.214476376727073784e+03 1.053640849387197820e+00
1.376162481955580461e+03 1.213978735555282583e+03 1.054225226925586290e+00
1.376183315160054462e+03 1.212901499847208697e+03 1.053753870530447001e+00
1.376204148364064167e+03 1.213361656449066231e+03 1.054094218351668388e+00
1.376224981567607529e+03 1.210545772948350077e+03 1.052664618224586235e+00
1.376245814770685456e+03 1.210966715559657587e+03 1.052844266516971050e+00
1.376266647972831834e+03 1.213095193753477588e+03 1.053621898208923824e+00
1.376287481174977984e+03 1.214791787282489622e+03 1.054316985428597198e+00
1.376308314376192811e+03 1.213249724777208712e+03 1.053357507864877363e+00
1.376329147576942432e+03 1.213214833359676732e+03 1.053355244446869010e+00
1.376349980777225483e+03 1.211874451270085274e+03 1.053216204669913392e+00
1.376370813976578575e+03 1.214395171938960630e+03 1.053534718398106751e+00
1.376391647175931212e+03 1.215152555955654634e+03 1.055099237393908096e+00
1.376412480374352072e+03 1.211172560454598852e+03 1.053294073733313407e+00
1.376433313572307043e+03 1.212543312328136153e+03 1.053239124577873387e+00
1.376454146769796807e+03 1.212753826761996152e+03 1.053145404470849256e+00
1.376474979966822048e+03 1.212104224937111212e+03 1.053158138670645227e+00
1.376495813162913919e+03 1.211513084471948332e+03 1.052834868721393313e+00
1.376516646359006472e+03 1.213523744061153366e+03 1.053175683315931144e+00
1.376537479554168385e+03 1.213678426582313250e+03 1.057364224855326773e+00
1.376558312748865092e+03 1.211888640280398704e+03 1.052530980322467391e+00
1.376579145943093863e+03 1.214233598646149176e+03 1.053488608053829045e+00
1.376599979136859019e+03 1.213617909148083299e+03 1.053235672475492324e+00
1.376620812330158060e+03 1.211851195545354130e+03 1.053127180148168751e+00
1.376641645522525323e+03 1.212842522853427909e+03 1.053270475940523143e+00
1.376662478714892586e+03 1.212955786909289372e+03 1.055493138932950936e+00
1.376683311906328527e+03 1.211237956569075095e+03 1.052514557545217277e+00
1.376704145097300625e+03 1.211123305101041979e+03 1.052309647696441974e+00
1.376724978287805015e+03 1.213092984604111507e+03 1.054056388504763575e+00
1.376745811477843517e+03 1.213553985037087841e+03 1.052939032370044936e+00
1.376766644667417950e+03 1.212373022817026140e+03 1.052865722615376365e+00
1.376787477856059468e+03 1.212930043777569153e+03 1.054149009848223129e+00
1.376808311044702350e+03 1.212412709034384989e+03 1.053065203771720526e+00
1.376829144232413000e+03 1.212882613442308639e+03 1.053080316155935670e+00
1.376849977419657989e+03 1.211258728064690331e+03 1.052637835377370656e+00
1.376870810606903433e+03 1.212973037560240982e+03 1.053309692125556474e+00
1.376891643793217554e+03 1.212672569013757084e+03 1.052804466844202036e+00
1.376912476979066014e+03 1.212882364343942299e+03 1.053534605246357891e+00
1.376933310163983151e+03 1.212987626787957197e+03 1.054770685376906325e+00
1.376954143348899834e+03 1.213090238448179207e+03 1.054324504409697827e+00
1.376974976533351537e+03 1.212826578717509619e+03 1.053332213892120617e+00
1.376995809716871008e+03 1.214047341582537911e+03 1.053694872517132675e+00
1.377016642899925500e+03 1.213220111410543268e+03 1.052886498948326199e+00
1.377037476082979992e+03 1.213844841378195269e+03 1.053567871337131701e+00
1.377079142446760670e+03 1.213591207902014048e+03 1.053303467431767393e+00
1.377099975627952062e+03 1.214435724881588840e+03 1.053183436824111308e+00
1.377120808808677339e+03 1.215498017446276663e+03 1.053276304701097787e+00
1.377141641988938318e+03 1.214955022432583746e+03 1.054926979285943922e+00
1.377162475168733636e+03 1.214768908025141400e+03 1.053616523932150884e+00
1.377183308347596494e+03 1.215111013975859123e+03 1.053165213159555247e+00
1.377224974704857459e+03 1.213915235655101469e+03 1.052910105346798408e+00
1.377245807882323788e+03 1.216039453214453488e+03 1.056187841177764097e+00
1.377266641059790345e+03 1.215319657691486782e+03 1.053859922890991063e+00
1.377287474236326034e+03 1.214192560881404688e+03 1.053668511838503186e+00
1.377308307412395607e+03 1.214738175091063795e+03 1.053822876479320936e+00
1.377329140588465179e+03 1.213215262159178565e+03 1.053332440239089118e+00
1.377349973763602975e+03 1.216627169232050846e+03 1.054525744431853873e+00
1.377370806938275564e+03 1.216089531260330887e+03 1.054204081196810749e+00
1.377391640112482492e+03 1.214786958638185070e+03 1.057039252657599127e+00
1.377412473286223531e+03 1.214803784709914453e+03 1.053025016226677435e+00
1.377433306459499363e+03 1.214548988776884926e+03 1.052603010994592747e+00
1.377454139632308852e+03 1.216089097483959222e+03 1.055794142367312505e+00
1.377474972804653135e+03 1.214049118733716568e+03 1.052603747131676704e+00
1.377495805976531528e+03 1.215486666981898679e+03 1.053257346963599517e+00
1.377516639147944488e+03 1.216707328587914390e+03 1.053360676641918348e+00
1.377537472318891105e+03 1.215602634759871762e+03 1.053500998639111952e+00
1.377558305489372515e+03 1.214126437825424091e+03 1.052806278526287054e+00
1.377579138659389628e+03 1.213302554362209776e+03 1.052588684531914565e+00
1.377599971828939488e+03 1.214832052780531512e+03 1.052700969328804970e+00
1.377620804998024596e+03 1.212757160213559700e+03 1.052302737382016184e+00
1.377641638166643133e+03 1.215626105294554463e+03 1.053533304000371595e+00
1.377662471334795555e+03 1.214986861825831056e+03 1.052986638519634255e+00
1.377683304502484134e+03 1.212048412579089700e+03 1.052003001303072116e+00
1.377704137669705005e+03 1.214846320003798610e+03 1.052520277231203227e+00
1.377724970835996373e+03 1.214696287648283715e+03 1.052765628159692879e+00
1.377745804002287059e+03 1.213055151198609792e+03 1.052001924795848531e+00
1.377766637168111629e+03 1.216199024824359867e+03 1.052956693880003014e+00
1.377787470333471447e+03 1.216565973053547623e+03 1.053322763862777789e+00
1.377808303498829900e+03 1.217030766888494554e+03 1.053588294386086366e+00
1.377829136663258396e+03 1.215175155582428715e+03 1.053448662983047956e+00
1.377849969827220775e+03 1.216908535241321715e+03 1.053796632126331234e+00
1.377870802990717948e+03 1.214980799181313614e+03 1.053954258101733821e+00
1.377891636153749005e+03 1.215484342438700423e+03 1.054624937109263083e+00
1.377933302478878431e+03 1.216482250082368409e+03 1.053843973297827530e+00
1.377954135640513414e+03 1.216176425747149324e+03 1.053033846297622311e+00
1.377974968802147487e+03 1.217531681047546499e+03 1.054964438919311798e+00
1.377995801962850464e+03 1.217396586582198097e+03 1.053956859552655390e+00
1.378016635123552987e+03 1.216431749195471866e+03 1.053335043225731349e+00
1.378058301443095388e+03 1.215732521991764997e+03 1.052853607616194065e+00
1.378079134602401609e+03 1.216355498568344956e+03 1.054584752482154331e+00
1.378099967761241487e+03 1.214656167536953262e+03 1.052866118898041714e+00
1.378120800919616158e+03 1.215025203958210568e+03 1.055124150062872301e+00
1.378141634077524486e+03 1.216498259975758629e+03 1.053526628017428246e+00
1.378162467234967608e+03 1.217819827847684110e+03 1.053524138657027764e+00
1.378183300392410501e+03 1.216676829283935831e+03 1.054025512914943841e+00
1.378204133548922528e+03 1.215542271472925677e+03 1.053391005882772458e+00
1.378224966705434326e+03 1.217100284021120842e+03 1.052935126419186185e+00
1.378245799861480918e+03 1.217253638781467316e+03 1.053883450928165377e+00
1.378266633017060485e+03 1.218080922351807885e+03 1.055835014849746178e+00
1.378287466172176664e+03 1.219250220334018422e+03 1.054740056741722665e+00
1.378308299326824908e+03 1.219560724909564215e+03 1.054905508609817133e+00
1.378329132481008401e+03 1.220531553705683336e+03 1.054842337086267623e+00
1.378349965635191893e+03 1.219249859384920228e+03 1.053740973835543882e+00
1.378370798788444517e+03 1.218512425615921757e+03 1.055174707979700477e+00
1.378391631941697142e+03 1.219509500124449232e+03 1.054346552240618795e+00
1.378412465094482968e+03 1.218245192235865716e+03 1.054177507085938048e+00
1.378433298246803588e+03 1.217669324286224764e+03 1.055554521013611691e+00
1.378495797701903939e+03 1.219253810002326190e+03 1.054255587831903540e+00
1.378516630852827802e+03 1.214614199586529594e+03 1.053285359022486434e+00
1.378537464003286004e+03 1.218135076165118790e+03 1.053753135196823010e+00
1.378662462899050524e+03 1.215618536469896981e+03 1.055128951756850508e+00
1.378683296046714986e+03 1.216572179384774245e+03 1.055353646598780282e+00
1.378704129194378538e+03 1.216040068771511187e+03 1.055190806919567681e+00
1.378724962342043455e+03 1.215855501383804267e+03 1.056608414643787075e+00
1.378745795488776366e+03 1.216912025184048616e+03 1.058085583551465758e+00
1.378766628635509505e+03 1.214156159691638777e+03 1.055160021013288318e+00
1.378787461781776528e+03 1.214669775094617989e+03 1.056211825250884306e+00
1.378808294928043324e+03 1.215920293788543859e+03 1.058909914444651656e+00
1.378829128073845368e+03 1.215671335590629951e+03 1.059371831208387515e+00
1.378849961219180841e+03 1.215655289665855889e+03 1.057529435255387895e+00
1.378870794364051562e+03 1.214711760893008432e+03 1.057634601819494868e+00
1.378891627508922511e+03 1.213663311202369641e+03 1.058762202637305361e+00
1.378912460653326889e+03 1.214781337961516783e+03 1.059916159445073891e+00
1.378933293797265378e+03 1.216335242430782046e+03 1.059365135754597009e+00
1.378954126941205004e+03 1.215508525156717042e+03 1.060479037256172097e+00
1.378974960084677605e+03 1.215082683314678206e+03 1.059646139639861984e+00
1.378995793228151797e+03 1.214302164798906915e+03 1.062299372860855184e+00
1.379016626370693530e+03 1.215097352411878774e+03 1.061427023403708869e+00
1.379037459513701378e+03 1.214374705467286049e+03 1.061429044988915660e+00
1.379058292655777677e+03 1.214457223196759287e+03 1.062072162881211757e+00
1.379079125797853521e+03 1.215095106613314101e+03 1.062436326306833267e+00
1.379099958939930502e+03 1.214447297143131209e+03 1.063767182405260581e+00
1.379120792081540912e+03 1.216012042010825098e+03 1.063593414024141870e+00
1.379141625222686343e+03 1.218786888821556659e+03 1.064890640357076812e+00
1.379162458363831547e+03 1.211650031523852476e+03 1.063915711975824685e+00
1.379183291504511089e+03 1.214750218619545649e+03 1.064549656961783608e+00
1.379204124644724516e+03 1.216429166754601965e+03 1.066109193222903206e+00
1.379224957784937942e+03 1.213636086833281524e+03 1.064791676289864375e+00
1.379245790925152050e+03 1.213816920189444318e+03 1.065821057403790739e+00
1.379266624064900498e+03 1.215337754997443426e+03 1.067185169848555271e+00
1.379287457204648035e+03 1.215958780805670813e+03 1.068206441418386055e+00
1.379308290343930366e+03 1.215361471625269132e+03 1.067837491791008286e+00
1.379329123482747946e+03 1.218854302041429037e+03 1.069799314110650768e+00
1.379349956621564615e+03 1.217922498268540039e+03 1.070042374208577174e+00
1.380579111645517514e+03 1.218101614389215229e+03 1.162528646792954534e+00
1.380599944783403998e+03 1.217166043123404052e+03 1.165551072299829460e+00
1.380620777921289573e+03 1.216437677110392315e+03 1.169158125828284822e+00
1.380641611059640582e+03 1.218183602984603795e+03 1.173369865652513999e+00
1.380662444198457479e+03 1.215455029439390501e+03 1.176931838467581537e+00
1.380683277337274376e+03 1.217414554679496632e+03 1.179858315334608720e+00
1.380704110476557162e+03 1.216017466982729502e+03 1.181593410084607276e+00
1.380724943615839493e+03 1.218410316654021472e+03 1.186095963698265976e+00
1.380745776755587485e+03 1.214592612028470285e+03 1.186241285897055242e+00
1.380766609895802048e+03 1.213660589843864955e+03 1.189123148630899074e+00
1.380787443036016157e+03 1.216638874393247988e+03 1.194573167523248935e+00
1.380808276176695017e+03 1.216441965793711915e+03 1.195144791151051544e+00
1.380829109317839993e+03 1.213574665560461199e+03 1.198041207294223254e+00
1.380849942458985424e+03 1.213624385881105582e+03 1.202784898916478440e+00
1.380870775601062633e+03 1.213910114791837032e+03 1.207657685419039728e+00
1.380891608743138477e+03 1.212353413478979064e+03 1.212851408540975839e+00
1.380912441885681346e+03 1.216517413506166577e+03 1.218820814373987371e+00
1.380933275028689422e+03 1.212902924345210522e+03 1.221744916776913437e+00
1.380954108171697044e+03 1.212859848288184139e+03 1.225862631396886115e+00
1.380974941315635988e+03 1.214918301481262688e+03 1.229855048314683508e+00
1.380995774459575387e+03 1.214460318390388238e+03 1.232393388373602905e+00
1.381016607603980901e+03 1.216002614049757312e+03 1.236546887271969597e+00
1.381037440748851168e+03 1.214342874227100992e+03 1.238921760945978168e+00
1.381058273894187550e+03 1.216315721841046297e+03 1.241128434051118168e+00
1.381079107039990049e+03 1.217719680987935590e+03 1.243053686092019827e+00
1.381162439626921469e+03 1.214856900062674640e+03 1.250583035872151028e+00
1.381183272774586840e+03 1.214967449250307936e+03 1.251730198286990614e+00
1.381204105922716508e+03 1.213448478216491594e+03 1.253001804907641237e+00
1.381224939071312519e+03 1.214345647548926081e+03 1.255477681154911096e+00
1.381245772220373965e+03 1.215414046740434287e+03 1.257406228363062040e+00
1.381266605369900390e+03 1.213750980636746363e+03 1.258474329865839847e+00
1.381287438519429088e+03 1.210995509091323356e+03 1.258533721193187294e+00
1.381308271669887063e+03 1.214583904193722447e+03 1.259555343702243535e+00
1.381329104820345492e+03 1.210649040323409963e+03 1.259703878619406581e+00
1.381349937970804604e+03 1.216059996697044198e+03 1.258356201940903141e+00
1.381370771122195038e+03 1.214659091351309826e+03 1.256965019989681798e+00
1.381391604273584562e+03 1.212899827768269915e+03 1.255370856351470055e+00
1.381412437424974087e+03 1.211737237052193223e+03 1.254560448471502943e+00
1.381433270576829500e+03 1.213765547163224483e+03 1.253879059588858258e+00
1.381454103729151029e+03 1.211756033424159341e+03 1.252568847835077825e+00
1.381474936881471876e+03 1.212270655743658608e+03 1.252737861630827787e+00
1.381495770033793633e+03 1.212931966839466668e+03 1.255607377987707496e+00
