1.545204040527343750e+03 5.048482448932915077e+02 1.092952273873842861e+00
1.545224853515625000e+03 5.049980431665035212e+02 1.089260916237789312e+00
1.545245666503906250e+03 5.045614253800941924e+02 1.088335257981737136e+00
1.545266540527343750e+03 5.042927469260520184e+02 1.088141092338083205e+00
1.545287353515625000e+03 5.046130705989064609e+02 1.087345938896193909e+00
1.545308166503906250e+03 5.045496262560429841e+02 1.084357395084177389e+00
1.545329040527343750e+03 5.057797991357780347e+02 1.082926961290411771e+00
1.545349853515625000e+03 5.043865579772204910e+02 1.080660119972504107e+00
1.545370666503906250e+03 5.043204353591009976e+02 1.083597640049118738e+00
1.545391540527343750e+03 5.031957858968748383e+02 1.079735423900084257e+00
1.545412353515625000e+03 5.038151613034531806e+02 1.076846705600226439e+00
1.545433166503906250e+03 5.041685508671482694e+02 1.077248590262608996e+00
1.545454040527343750e+03 5.041984067669977776e+02 1.075688580723517029e+00
1.545474853515625000e+03 5.051669121502633857e+02 1.073999278450125106e+00
1.545495666503906250e+03 5.038018297124063452e+02 1.078625825296993135e+00
1.545516540527343750e+03 5.037537927781111193e+02 1.075119861307981761e+00
1.545537353515625000e+03 5.041039237046240942e+02 1.075687860384326511e+00
1.545558166503906250e+03 5.037313825219250703e+02 1.078008286060343046e+00
1.545579040527343750e+03 5.035568616605758621e+02 1.074926968245074166e+00
1.545599853515625000e+03 5.042280269546647560e+02 1.075432774569572203e+00
1.545620666503906250e+03 5.040614641347239058e+02 1.072141991107838255e+00
1.545641540527343750e+03 5.029576612137773282e+02 1.072469111800282038e+00
1.545662353515625000e+03 5.027671469804810727e+02 1.073320047541149513e+00
1.545683166503906250e+03 5.028687324312942906e+02 1.071691640846660576e+00
1.545704040527343750e+03 5.033384532738244275e+02 1.074461808883445002e+00
1.545724853515625000e+03 5.027696023147668711e+02 1.072585094784082260e+00
1.545745666503906250e+03 5.045747554774605419e+02 1.072240332355528958e+00
1.545766540527343750e+03 5.038953715165340554e+02 1.072555197160127705e+00
1.545787353515625000e+03 5.031412029122292893e+02 1.072649833065434821e+00
1.545808166503906250e+03 5.038426212473203236e+02 1.074211703190665057e+00
1.545829040527343750e+03 5.039406638073915019e+02 1.073394070431128444e+00
1.545849914550781250e+03 5.055821324336378098e+02 1.075315214118758300e+00
1.545870727539062500e+03 5.048092735028413358e+02 1.076492787887574520e+00
1.545891540527343750e+03 5.026715934803175401e+02 1.082452079381817311e+00
1.545912414550781250e+03 5.033573475904414067e+02 1.073391904792659668e+00
1.545933227539062500e+03 5.048784311039714794e+02 1.078886178041957633e+00
1.545954040527343750e+03 5.026329130110948427e+02 1.072827357059568998e+00
1.545974914550781250e+03 5.033109525738963157e+02 1.075785655869359259e+00
1.545995727539062500e+03 5.025401846012013038e+02 1.076345550867864542e+00
1.546016540527343750e+03 5.050164489610920100e+02 1.075589391018096030e+00
1.546037414550781250e+03 5.030442677032302186e+02 1.074740418431584743e+00
1.546058227539062500e+03 5.036540121254922724e+02 1.074514175019771534e+00
1.546079040527343750e+03 5.038151567209624204e+02 1.074557164378806995e+00
1.546099914550781250e+03 5.028584985802429514e+02 1.074253095597957453e+00
1.546120727539062500e+03 5.022517762888256243e+02 1.083293687877507905e+00
1.546141540527343750e+03 5.029451979734762403e+02 1.076438192380066550e+00
1.546162414550781250e+03 5.037571298791447703e+02 1.075405838232100342e+00
1.546183227539062500e+03 5.042694084339852338e+02 1.078253752166141943e+00
1.546204040527343750e+03 5.043205357548180245e+02 1.073965202233110094e+00
1.546224914550781250e+03 5.044090551112182652e+02 1.074661718415904854e+00
1.546245727539062500e+03 5.050182132291662924e+02 1.075950862946681186e+00
1.546266540527343750e+03 5.041092040601949975e+02 1.074184181350746004e+00
1.546287414550781250e+03 5.039101375623121157e+02 1.074783232369221242e+00
1.546308227539062500e+03 5.039019767120739743e+02 1.075048563104259003e+00
1.546329040527343750e+03 5.031630744265104909e+02 1.074340702417066140e+00
1.546349914550781250e+03 5.051035273189030477e+02 1.074862810740299324e+00
1.546370727539062500e+03 5.033614529565899147e+02 1.082423225217518770e+00
1.546412414550781250e+03 5.057541087138310445e+02 1.075228906257379435e+00
1.546433227539062500e+03 5.053045599293806731e+02 1.078923579248784792e+00
1.546454040527343750e+03 5.059875888235279149e+02 1.076808568020128698e+00
1.546474914550781250e+03 5.051397159214203612e+02 1.075550543841945039e+00
1.546495727539062500e+03 5.033469590678269583e+02 1.075487033168172735e+00
1.546516540527343750e+03 5.043379569114214860e+02 1.075168980025668297e+00
1.546537414550781250e+03 5.041638093153142108e+02 1.075739003268202598e+00
1.546558227539062500e+03 5.051523213876646423e+02 1.076264365318561289e+00
1.546579040527343750e+03 5.037318586114200798e+02 1.078139926972922602e+00
1.546599914550781250e+03 5.038977606466060024e+02 1.075830367330712134e+00
1.546620727539062500e+03 5.060236919430676039e+02 1.076177468951687421e+00
1.546641540527343750e+03 5.045655550382360843e+02 1.078697936922326406e+00
1.546662414550781250e+03 5.051149643827261571e+02 1.076944451198578401e+00
1.546683227539062500e+03 5.056926978717468160e+02 1.076481215643100064e+00
1.546704040527343750e+03 5.057842849697909742e+02 1.077282562620672124e+00
1.546724914550781250e+03 5.042997558714421871e+02 1.085769750139219392e+00
1.546745727539062500e+03 5.061776860825419817e+02 1.077418441341013722e+00
1.546766540527343750e+03 5.052432314290865065e+02 1.076606288955039181e+00
1.546787414550781250e+03 5.047420235513685611e+02 1.080603583825815894e+00
1.546808227539062500e+03 5.060418664164699294e+02 1.075311056866130599e+00
1.546829040527343750e+03 5.052862288549157483e+02 1.076199179855088062e+00
1.546849914550781250e+03 5.050253987932411519e+02 1.078226665181530430e+00
1.546870727539062500e+03 5.052871450549577048e+02 1.080236661288809907e+00
1.546891540527343750e+03 5.034599796760692243e+02 1.076697800858332332e+00
1.546912414550781250e+03 5.038528865965840282e+02 1.074900851002160262e+00
1.546933227539062500e+03 5.029457664219502817e+02 1.078777889540967205e+00
1.546954040527343750e+03 5.050749974098407620e+02 1.075787927500183150e+00
1.546974914550781250e+03 5.050237933745787018e+02 1.079336508466053113e+00
1.546995727539062500e+03 5.026683277140853647e+02 1.075853691903241982e+00
1.547016540527343750e+03 5.039051509411230541e+02 1.077165370057584948e+00
1.547037414550781250e+03 5.056576814080602276e+02 1.075729750077179414e+00
1.547058227539062500e+03 5.053303178113696390e+02 1.075448016025430498e+00
1.547079040527343750e+03 5.033266580483769985e+02 1.073942447153891644e+00
1.547099914550781250e+03 5.035642004580299158e+02 1.079217661140039475e+00
1.547120727539062500e+03 5.040079377156607165e+02 1.075242044124514296e+00
1.547141540527343750e+03 5.044737745832359224e+02 1.074840906480193592e+00
1.547162414550781250e+03 5.049362904793646294e+02 1.082669011636913092e+00
1.547183227539062500e+03 5.045811258790708962e+02 1.075012579555985059e+00
1.547204040527343750e+03 5.039523685501230830e+02 1.087164425869584283e+00
1.547224914550781250e+03 5.021556026210819823e+02 1.075621587115054067e+00
1.547245727539062500e+03 5.034263904133169945e+02 1.082332637967175160e+00
1.547266540527343750e+03 5.022172006040063366e+02 1.075209614921051937e+00
1.547287414550781250e+03 5.031700196193722832e+02 1.076677816163981838e+00
1.547308227539062500e+03 5.042194249940092163e+02 1.075583350679117700e+00
1.547329040527343750e+03 5.023484102359566350e+02 1.074340092134613567e+00
1.547349914550781250e+03 5.041781183390548904e+02 1.077973009535964533e+00
1.547370727539062500e+03 5.042321934089462729e+02 1.075580579870071940e+00
1.547391540527343750e+03 5.037160779003803555e+02 1.074919704277308208e+00
1.547412414550781250e+03 5.026408667805177970e+02 1.075310336274040823e+00
1.547433227539062500e+03 5.041125567306861512e+02 1.075449457024626021e+00
1.547454040527343750e+03 5.031975951964218439e+02 1.076758749117444847e+00
1.547474914550781250e+03 5.038969671932289316e+02 1.076745629756323153e+00
1.547495727539062500e+03 5.024253605239408103e+02 1.075728918948341439e+00
1.547516540527343750e+03 5.036217895607982200e+02 1.076626773238839485e+00
1.547537414550781250e+03 5.042885726725393170e+02 1.074855324524397249e+00
1.547558227539062500e+03 5.033488480492062536e+02 1.075066194048817092e+00
1.547579040527343750e+03 5.044683777640722724e+02 1.075694897523449045e+00
1.547599914550781250e+03 5.039414180514150985e+02 1.077689649615494183e+00
1.547620727539062500e+03 5.035278050224175672e+02 1.076180127453187474e+00
1.547641540527343750e+03 5.045040237195279360e+02 1.076466930117104148e+00
1.547662414550781250e+03 5.032864682968596526e+02 1.074514507847222022e+00
1.547683227539062500e+03 5.027116145291744260e+02 1.077281345388563016e+00
1.547704040527343750e+03 5.037946345956084997e+02 1.074639199944366297e+00
1.547724914550781250e+03 5.042620414521139764e+02 1.076985572544750136e+00
1.547745727539062500e+03 5.031322858071161477e+02 1.077813531969681771e+00
1.547766540527343750e+03 5.043551808332197766e+02 1.079255106087014360e+00
1.547787414550781250e+03 5.033237248267409996e+02 1.077190768394901133e+00
1.547808227539062500e+03 5.036719032717779214e+02 1.076345661621593619e+00
1.547829040527343750e+03 5.043373588426242691e+02 1.074692222981946887e+00
1.547849914550781250e+03 5.025170836348501666e+02 1.076833864069515867e+00
1.547870727539062500e+03 5.062947607629793652e+02 1.076107736327416076e+00
1.547891540527343750e+03 5.042054308996620762e+02 1.074518058000277998e+00
1.547912414550781250e+03 5.047612875515508790e+02 1.076439632053741269e+00
1.547933227539062500e+03 5.037252099559116800e+02 1.079315302467496185e+00
1.547954040527343750e+03 5.044649176290787409e+02 1.074622726773480919e+00
1.547974914550781250e+03 5.036018382305709338e+02 1.075760113543807073e+00
1.547995727539062500e+03 5.033675755014313040e+02 1.074641085745800417e+00
1.548016540527343750e+03 5.028451555322860145e+02 1.073987845833341614e+00
1.548037414550781250e+03 5.035224541525064978e+02 1.080325382896279329e+00
1.548058227539062500e+03 5.022118358970118948e+02 1.077203273674303352e+00
1.548079040527343750e+03 5.031161584641581612e+02 1.074815175336119033e+00
1.548099914550781250e+03 5.034035954350529209e+02 1.084989174819596114e+00
1.548120727539062500e+03 5.028355839480299210e+02 1.075089479758880362e+00
1.548141540527343750e+03 5.019161739097700092e+02 1.076022876872106293e+00
1.548162414550781250e+03 5.034988617127606858e+02 1.074138069590942157e+00
1.548183227539062500e+03 5.030484108737719566e+02 1.075076450911829795e+00
1.548204040527343750e+03 5.044285676659528121e+02 1.074588559391783216e+00
1.548224914550781250e+03 5.025373288351638053e+02 1.076877480369540896e+00
1.548245727539062500e+03 5.012970802352822375e+02 1.076423518673172763e+00
1.548266540527343750e+03 5.022894892555252682e+02 1.074289326516777443e+00
1.548287414550781250e+03 5.029271789088261926e+02 1.075293429936441836e+00
1.548308227539062500e+03 5.030140799897598072e+02 1.075183726290747321e+00
1.548329040527343750e+03 5.039627378293918127e+02 1.075898511336958130e+00
1.548349914550781250e+03 5.046223017468112175e+02 1.074879391136564832e+00
1.548370727539062500e+03 5.023743200522416146e+02 1.075220812807846427e+00
1.548391540527343750e+03 5.042348634162186727e+02 1.077747223498529472e+00
1.548412414550781250e+03 5.031530417584239672e+02 1.074270628630091817e+00
1.548433227539062500e+03 5.029654798144692904e+02 1.083518263120284431e+00
1.548454040527343750e+03 5.027012438069781979e+02 1.074341645580174642e+00
1.548474914550781250e+03 5.027555092925075542e+02 1.078353304808236102e+00
1.548495727539062500e+03 5.032753591769648551e+02 1.076353192848427787e+00
1.548516540527343750e+03 5.038286798297235691e+02 1.077800646656187133e+00
1.548537414550781250e+03 5.027237184432863728e+02 1.074899686524322995e+00
1.548558227539062500e+03 5.022005222666950317e+02 1.074981917739313175e+00
1.548579040527343750e+03 5.055778229625468043e+02 1.076472301054155700e+00
1.548599914550781250e+03 5.032878596997453542e+02 1.076962825937617163e+00
1.548620727539062500e+03 5.033456865197771890e+02 1.076845266470783269e+00
1.548641540527343750e+03 5.029142528513841626e+02 1.077130563955998044e+00
1.548662414550781250e+03 5.043689260062268431e+02 1.075596705878601789e+00
1.548683227539062500e+03 5.039026356164761182e+02 1.077041247127904278e+00
1.548704040527343750e+03 5.036855916424607358e+02 1.076440351889856428e+00
1.548724914550781250e+03 5.042845695285866441e+02 1.076522354684092297e+00
1.548745727539062500e+03 5.035953740614843355e+02 1.079434636008694159e+00
1.548766540527343750e+03 5.039942382403447141e+02 1.080745111677209769e+00
1.548787414550781250e+03 5.050922196658029861e+02 1.077336894034963022e+00
1.548808227539062500e+03 5.041221709753280606e+02 1.077460042473706414e+00
1.548829040527343750e+03 5.046114194481300501e+02 1.077735277585477380e+00
1.548849914550781250e+03 5.020915556724369821e+02 1.078924186938634566e+00
1.548870727539062500e+03 5.048163998761986591e+02 1.081080931747271601e+00
1.548891540527343750e+03 5.036612715167803458e+02 1.080193897961376770e+00
1.548912414550781250e+03 5.050358248652408406e+02 1.077802305718067011e+00
1.548933227539062500e+03 5.044925969549178717e+02 1.087096713914520008e+00
1.548954040527343750e+03 5.047633415794143161e+02 1.084691986892374782e+00
1.548974914550781250e+03 5.027179031305689705e+02 1.079326623430025833e+00
1.548995727539062500e+03 5.036632069379156178e+02 1.078777337020744076e+00
1.549016540527343750e+03 5.056767788859062307e+02 1.080794360787357800e+00
1.549037414550781250e+03 5.052471357921272102e+02 1.080266125615820361e+00
1.549058227539062500e+03 5.042736914719108086e+02 1.079175685908702498e+00
1.549079040527343750e+03 5.038354396976764633e+02 1.080505727933699589e+00
1.549099914550781250e+03 5.053822034829551626e+02 1.078244686393991625e+00
1.549120727539062500e+03 5.054053091585635684e+02 1.078162814596688168e+00
1.549141540527343750e+03 5.043088865317759542e+02 1.078768496658685239e+00
1.549162414550781250e+03 5.048523908386946459e+02 1.082669947544852018e+00
1.549183227539062500e+03 5.041672245173352849e+02 1.079087587844325569e+00
1.549204040527343750e+03 5.039785274847770893e+02 1.078252646588253372e+00
1.549224914550781250e+03 5.038028690733157191e+02 1.077339770978477329e+00
1.549245727539062500e+03 5.021690502089415418e+02 1.078098075641074960e+00
1.549266540527343750e+03 5.039814590281480946e+02 1.078897116786078803e+00
1.549287414550781250e+03 5.036009385833968963e+02 1.077526589882018104e+00
1.549308227539062500e+03 5.032150239145207706e+02 1.080092086839715693e+00
1.549329040527343750e+03 5.030195285796748976e+02 1.079426297999312334e+00
1.549349914550781250e+03 5.039332163657709884e+02 1.078228931669594770e+00
1.549370727539062500e+03 5.059910887977305833e+02 1.080168846141906336e+00
1.549391540527343750e+03 5.043421984232568320e+02 1.079267366539530260e+00
1.549412414550781250e+03 5.056010035550168595e+02 1.078587032221486997e+00
1.549433227539062500e+03 5.050994496106251859e+02 1.079115978852372537e+00
1.549454040527343750e+03 5.052480145016697861e+02 1.085290675011101547e+00
1.549474914550781250e+03 5.037567488548359051e+02 1.077793125543634378e+00
1.549495727539062500e+03 5.046809465162541528e+02 1.077173448896494357e+00
1.549537414550781250e+03 5.030337080408102679e+02 1.077994463108401302e+00
1.549558227539062500e+03 5.043724933994291177e+02 1.079291334769643118e+00
1.549579040527343750e+03 5.052631857960828938e+02 1.078137992006609647e+00
1.549599914550781250e+03 5.065269279372923279e+02 1.082996970312472218e+00
1.549620727539062500e+03 5.041510457729399377e+02 1.077810158576313349e+00
1.549641540527343750e+03 5.023942503565368156e+02 1.077412024002011748e+00
1.549662414550781250e+03 5.035685795953151001e+02 1.078642347849923411e+00
1.549683227539062500e+03 5.060358590912266550e+02 1.084478042499850137e+00
1.549704040527343750e+03 5.057843438321827989e+02 1.076853292360439029e+00
1.549724914550781250e+03 5.048308517031833844e+02 1.077664594890358263e+00
1.549745727539062500e+03 5.034169725832443305e+02 1.079205897193812991e+00
1.549766540527343750e+03 5.020703267128149605e+02 1.078643674063935132e+00
1.549787414550781250e+03 5.044677736066940383e+02 1.077744734777562829e+00
1.549808227539062500e+03 5.038039732641763067e+02 1.079145087145425341e+00
1.549829040527343750e+03 5.059243606339417170e+02 1.082627170220104684e+00
1.549849914550781250e+03 5.023196757545071591e+02 1.081521034448855501e+00
1.549870727539062500e+03 5.036164552792516815e+02 1.080009361685691838e+00
1.549891540527343750e+03 5.038446068278192342e+02 1.081468125761158694e+00
1.549912414550781250e+03 5.029449222800764687e+02 1.076460340992776876e+00
1.549933227539062500e+03 5.032398084537557565e+02 1.078216548847445555e+00
1.549954040527343750e+03 5.041190416278811313e+02 1.082575086407809639e+00
1.549974914550781250e+03 5.034370439442497513e+02 1.076705218905327222e+00
1.549995727539062500e+03 5.026078953356710599e+02 1.076843882690658782e+00
1.550016540527343750e+03 5.023022059584628209e+02 1.076174478129650058e+00
1.550037414550781250e+03 5.041572348018457319e+02 1.075967814350555107e+00
1.550058227539062500e+03 5.039799901935155617e+02 1.076511391809325646e+00
1.550079040527343750e+03 5.035132716919409859e+02 1.094243891785454670e+00
1.550099914550781250e+03 5.035879363571351064e+02 1.077757123020589791e+00
1.550120727539062500e+03 5.032091299312597812e+02 1.077430114161375352e+00
1.550141540527343750e+03 5.039202343092818523e+02 1.077015181155517975e+00
1.550162414550781250e+03 5.018256930538685197e+02 1.077625988456149653e+00
1.550183227539062500e+03 5.037915537030116866e+02 1.080277436614026865e+00
1.550204040527343750e+03 5.044588585128790328e+02 1.081940519749894802e+00
1.550224914550781250e+03 5.043032282319362594e+02 1.081775566216836459e+00
1.550245727539062500e+03 5.022300082101124303e+02 1.077932478812464456e+00
1.550266540527343750e+03 5.033860869669695717e+02 1.078328597153212609e+00
1.550287414550781250e+03 5.045616513286648228e+02 1.080589904391757949e+00
1.550308227539062500e+03 5.044411749296562562e+02 1.082488916882168084e+00
1.550329040527343750e+03 5.040575043070728611e+02 1.078014146938457651e+00
1.550349914550781250e+03 5.045710671176357778e+02 1.079001913173276872e+00
1.550370727539062500e+03 5.033110466077781666e+02 1.080550409570081305e+00
1.550391540527343750e+03 5.052091968183210042e+02 1.081750275525665606e+00
1.550412414550781250e+03 5.041796658193352982e+02 1.078281778187021978e+00
1.550433227539062500e+03 5.026155356762324118e+02 1.078414104233318405e+00
1.550454040527343750e+03 5.029149776430684256e+02 1.088236454180719237e+00
1.550474914550781250e+03 5.016610065077218223e+02 1.078652239156821624e+00
1.550495727539062500e+03 5.035339251461430194e+02 1.084954729586059541e+00
1.550516540527343750e+03 5.027478031341219662e+02 1.078065898215164964e+00
1.550537414550781250e+03 5.046195222766490929e+02 1.079464343094759471e+00
1.550558227539062500e+03 5.067681973365887416e+02 1.079618552804052056e+00
1.550579040527343750e+03 5.024630014343071025e+02 1.088738212302653885e+00
1.550599914550781250e+03 5.033727336766887674e+02 1.081112743772646434e+00
1.550620727539062500e+03 5.047169526656437029e+02 1.080948711600696610e+00
1.550641540527343750e+03 5.052330552777369235e+02 1.078888995607865997e+00
1.550662414550781250e+03 5.055397573709057042e+02 1.080959794894521320e+00
1.550683227539062500e+03 5.040829529360705692e+02 1.085576168844188727e+00
1.550704040527343750e+03 5.044920729249839155e+02 1.079159613381291738e+00
1.550724914550781250e+03 5.030345392281329850e+02 1.079017048974171056e+00
1.550745727539062500e+03 5.056000715032660651e+02 1.079754965588580085e+00
1.550766540527343750e+03 5.040903998416425793e+02 1.079156299428347898e+00
1.550787414550781250e+03 5.035654612088468411e+02 1.080292333845590091e+00
1.550808227539062500e+03 5.045514544352872690e+02 1.079990045360323059e+00
1.550829040527343750e+03 5.034743994342418318e+02 1.085082781222291182e+00
1.550849914550781250e+03 5.021123065078721766e+02 1.082565286002343807e+00
1.550870727539062500e+03 5.055628925661648623e+02 1.078847062837444470e+00
1.550891540527343750e+03 5.041837902178415334e+02 1.079390184287930987e+00
1.550912414550781250e+03 5.050962732098868173e+02 1.081228350825026885e+00
1.550933227539062500e+03 5.037570542529331306e+02 1.084354646695104618e+00
1.550954040527343750e+03 5.048244317793376013e+02 1.090571881506349872e+00
1.550974914550781250e+03 5.056495395603442375e+02 1.079382784693333042e+00
1.550995727539062500e+03 5.055911382097896194e+02 1.080118188925512701e+00
1.551016540527343750e+03 5.063955887271461052e+02 1.097556601783132191e+00
1.551037414550781250e+03 5.046148478575393028e+02 1.081069353481423523e+00
1.551058227539062500e+03 5.044694997609504981e+02 1.080603363191156685e+00
1.551079040527343750e+03 5.042991229826787958e+02 1.080718859274861776e+00
1.551099914550781250e+03 5.033882794067690156e+02 1.080784433935664257e+00
1.551120727539062500e+03 5.042768794950964093e+02 1.084310066851470022e+00
1.551141540527343750e+03 5.054387201901279241e+02 1.081949334194074241e+00
1.551162414550781250e+03 5.045538610038670413e+02 1.081414332608344964e+00
1.551183227539062500e+03 5.032179389813495618e+02 1.080039604838363809e+00
1.551204040527343750e+03 5.048425886117840946e+02 1.079475772926811628e+00
1.551224914550781250e+03 5.048941948505905657e+02 1.080270981083216730e+00
1.551245727539062500e+03 5.048434465728826126e+02 1.079778922995286550e+00
1.551266540527343750e+03 5.040536245036121272e+02 1.090248606967189060e+00
1.551287414550781250e+03 5.049203559477589351e+02 1.080267780891248197e+00
1.551308227539062500e+03 5.048851396915327996e+02 1.083938460193827558e+00
1.551329040527343750e+03 5.046471343266002805e+02 1.080487634103491912e+00
1.551349914550781250e+03 5.046827994925012035e+02 1.079380631070449459e+00
1.551370727539062500e+03 5.036747062359143001e+02 1.079561133932480432e+00
1.551391540527343750e+03 5.059110424251452969e+02 1.085713260469095998e+00
1.551412414550781250e+03 5.019600071532186121e+02 1.080927868083599641e+00
1.551433227539062500e+03 5.061168395498470431e+02 1.082778452328303942e+00
1.551454040527343750e+03 5.032089197932194793e+02 1.079572673162441321e+00
1.551474914550781250e+03 5.026906495123469085e+02 1.079032792191437773e+00
1.551495727539062500e+03 5.033698874182579175e+02 1.081899641826276737e+00
1.551516540527343750e+03 5.038366522541635959e+02 1.080729503708139694e+00
1.551537414550781250e+03 5.032063963207066308e+02 1.079005614282887660e+00
1.551558227539062500e+03 5.051064927928681527e+02 1.081404907507931945e+00
1.551579040527343750e+03 5.055419027178842271e+02 1.080139544708361043e+00
1.551599914550781250e+03 5.044515474323858371e+02 1.080374595969505469e+00
1.551620727539062500e+03 5.020543249304777191e+02 1.079870607607598787e+00
1.551641540527343750e+03 5.009105233175224612e+02 1.080503080075034150e+00
1.551662414550781250e+03 5.058917639913120183e+02 1.080865169684700700e+00
1.551683227539062500e+03 5.025219843067133070e+02 1.079687948268239772e+00
1.551704040527343750e+03 5.058279952062484881e+02 1.083067415074712159e+00
1.551724914550781250e+03 5.043348288393797247e+02 1.080181813565930016e+00
1.551745727539062500e+03 5.039133549762135544e+02 1.080803294875927190e+00
1.551766540527343750e+03 5.040823568838420670e+02 1.081722614877075994e+00
1.551787414550781250e+03 5.048688160962822167e+02 1.081205583222369038e+00
1.551808227539062500e+03 5.047558295269953987e+02 1.081455614682648614e+00
1.551829040527343750e+03 5.052590159689998472e+02 1.083334568218603300e+00
1.551849914550781250e+03 5.043492880393931728e+02 1.080824857711403242e+00
1.551870727539062500e+03 5.050887415036078210e+02 1.081885317660121748e+00
1.551891540527343750e+03 5.065882281277524726e+02 1.081613673531847120e+00
1.551912414550781250e+03 5.039430861131328356e+02 1.082790727933171215e+00
1.551933227539062500e+03 5.039902421896966871e+02 1.085977073332589304e+00
1.551954040527343750e+03 5.049633441834846508e+02 1.083133948146620229e+00
1.551974914550781250e+03 5.041480228168619533e+02 1.081331377880979661e+00
1.551995727539062500e+03 5.030073610638443142e+02 1.083052170776372725e+00
1.552016540527343750e+03 5.047230074578122867e+02 1.082121256586196401e+00
1.552037414550781250e+03 5.031786892359386911e+02 1.080984607826912303e+00
1.552058227539062500e+03 5.035778272429862454e+02 1.081380986124027332e+00
1.552079040527343750e+03 5.038965802670244329e+02 1.082017919134656170e+00
1.552099914550781250e+03 5.028262394345905477e+02 1.086653493955455074e+00
1.552120727539062500e+03 5.048259510155004364e+02 1.082398885801493238e+00
1.552141540527343750e+03 5.049443031727257676e+02 1.080642690607533263e+00
1.552162414550781250e+03 5.057361683638976046e+02 1.081166882710508537e+00
1.552183227539062500e+03 5.033238294426240600e+02 1.082919475781235708e+00
1.552204040527343750e+03 5.065262586974321266e+02 1.081963161708695997e+00
1.552224914550781250e+03 5.032696777297958306e+02 1.080964316404639192e+00
1.552245727539062500e+03 5.052683107131349516e+02 1.082759515696293251e+00
1.552266540527343750e+03 5.033245616019906947e+02 1.087375046139461787e+00
1.552287414550781250e+03 5.034929304957847762e+02 1.082196495025378846e+00
1.552308227539062500e+03 5.052738052484737636e+02 1.081699031136004630e+00
1.552329040527343750e+03 5.063634693411247554e+02 1.081160046578698797e+00
1.552349914550781250e+03 5.054829249489833956e+02 1.081786971629208782e+00
1.552370727539062500e+03 5.046570062816289237e+02 1.082950022938273360e+00
1.552391540527343750e+03 5.048097414939079499e+02 1.081817605861396858e+00
1.552412414550781250e+03 5.043690306774326473e+02 1.082433963021189438e+00
1.552433227539062500e+03 5.034447446523990948e+02 1.082271452865820383e+00
1.552454040527343750e+03 5.060097185109012798e+02 1.083431838521147439e+00
1.552474914550781250e+03 5.055469775201927405e+02 1.082833663931767720e+00
1.552495727539062500e+03 5.064596699829030513e+02 1.082721476286395701e+00
1.552516540527343750e+03 5.051339762787287100e+02 1.082826618141073505e+00
1.552537414550781250e+03 5.043772350728524998e+02 1.083325985125538127e+00
1.552558227539062500e+03 5.048519099911056855e+02 1.088530429374453989e+00
1.552579040527343750e+03 5.043463658142302393e+02 1.082829700680143281e+00
1.552599914550781250e+03 5.038642772016727349e+02 1.084020500612131066e+00
1.552620727539062500e+03 5.074103935093596647e+02 1.084016541699677205e+00
1.552662414550781250e+03 5.017626982759413750e+02 1.086342441062598363e+00
1.552683227539062500e+03 5.030611807639231756e+02 1.084230907002049271e+00
1.552704040527343750e+03 5.044259063220107464e+02 1.089500181673410228e+00
1.552724914550781250e+03 5.035537600798509175e+02 1.082552787603730859e+00
1.552745727539062500e+03 5.041864043991386097e+02 1.081226256005099362e+00
1.552766540527343750e+03 5.034759895868518242e+02 1.082549098621493622e+00
1.552787414550781250e+03 5.044500714450770147e+02 1.082116354339457631e+00
1.552808227539062500e+03 5.040002884688753966e+02 1.081615932922554757e+00
1.552829040527343750e+03 5.054988156636209169e+02 1.093243617955336200e+00
1.552849914550781250e+03 5.045400624612765341e+02 1.081559060969447206e+00
1.552870727539062500e+03 5.030119199753108887e+02 1.082592870063072921e+00
1.552891540527343750e+03 5.044384099245215793e+02 1.082722907605320861e+00
1.552912414550781250e+03 5.046022108536901669e+02 1.084099510882861717e+00
1.552933227539062500e+03 5.060427135225338588e+02 1.083297869517547474e+00
1.552954040527343750e+03 5.026969250296192513e+02 1.083262325062681830e+00
1.552974914550781250e+03 5.029860133384162282e+02 1.098502759229400771e+00
1.552995727539062500e+03 5.034504058199779593e+02 1.082555430448947975e+00
1.553016540527343750e+03 5.025935430967258526e+02 1.081923606834040985e+00
1.553037414550781250e+03 5.030547363090906856e+02 1.083013756394306748e+00
1.553058227539062500e+03 5.060274223323179967e+02 1.081042502454335530e+00
1.553079040527343750e+03 5.031860429869315112e+02 1.090717580631320960e+00
1.553099914550781250e+03 5.028996107458012830e+02 1.084683524442930258e+00
1.553120727539062500e+03 5.035428327930044361e+02 1.088911416562484691e+00
1.553141540527343750e+03 5.023508997623775940e+02 1.084016431729680319e+00
1.553162414550781250e+03 5.039621690484559622e+02 1.082598926349574775e+00
1.553183227539062500e+03 5.048594055766791371e+02 1.088301521107000402e+00
1.553204040527343750e+03 5.048732643863116891e+02 1.082288745855380485e+00
1.553224914550781250e+03 5.051093784090621739e+02 1.086411461896504616e+00
1.553245727539062500e+03 5.037920678171764166e+02 1.084199186468250087e+00
1.553266540527343750e+03 5.038905193253247035e+02 1.081888182508524920e+00
1.553287414550781250e+03 5.042242832207862193e+02 1.083396078395664874e+00
1.553308227539062500e+03 5.061407885512956000e+02 1.084399554499552609e+00
1.553329040527343750e+03 5.055220850051205161e+02 1.088462090511550073e+00
1.553349914550781250e+03 5.043873850959179208e+02 1.087258228743643196e+00
1.553370727539062500e+03 5.050239878779691480e+02 1.081740522748225075e+00
1.553391540527343750e+03 5.027638105148427030e+02 1.083168011057341618e+00
1.553412414550781250e+03 5.048265259240582736e+02 1.081968285005898922e+00
1.553433227539062500e+03 5.037413090200326451e+02 1.081218483085161663e+00
1.553454040527343750e+03 5.023346725411261104e+02 1.082788966419948817e+00
1.553474914550781250e+03 5.049012970677570138e+02 1.084000815876868362e+00
1.553495727539062500e+03 5.052946298068778788e+02 1.085282436913368453e+00
1.553516540527343750e+03 5.066178201435386654e+02 1.081500863316967820e+00
1.553537414550781250e+03 5.044094027772470099e+02 1.083264581014757866e+00
1.553558227539062500e+03 5.026283884198821852e+02 1.083674921077275144e+00
1.553579040527343750e+03 5.035983898607590845e+02 1.081244723356745041e+00
1.553599914550781250e+03 5.032053403885945499e+02 1.083941319615790988e+00
1.553620727539062500e+03 5.043557322865607375e+02 1.081366875566497354e+00
1.553641540527343750e+03 5.028009600739748066e+02 1.086373934419473830e+00
1.553662414550781250e+03 5.039161641803298153e+02 1.082591548686969940e+00
1.553683227539062500e+03 5.035042591149576765e+02 1.081564902606313661e+00
1.553704040527343750e+03 5.028170833682000875e+02 1.081454622608555738e+00
1.553724914550781250e+03 5.028594625015236943e+02 1.084279667953945259e+00
1.553745727539062500e+03 5.041435752432610116e+02 1.082163943751172308e+00
1.553766540527343750e+03 5.044248631759307955e+02 1.081931374688157810e+00
1.553787414550781250e+03 5.051384340861777673e+02 1.085823053051249598e+00
1.553808227539062500e+03 5.051618365543163236e+02 1.092481367881993348e+00
1.553829040527343750e+03 5.040469974889477953e+02 1.082149402764077228e+00
1.553849914550781250e+03 5.070270465225906946e+02 1.083172798488823085e+00
1.553870727539062500e+03 5.043350947801465054e+02 1.080676666577867762e+00
1.553891540527343750e+03 5.048101546402458553e+02 1.080814489956736013e+00
1.553912414550781250e+03 5.036078971500676289e+02 1.080341438080226535e+00
1.553933227539062500e+03 5.030146327272732378e+02 1.081333968589994310e+00
1.553954040527343750e+03 5.055327679546757054e+02 1.083285434593218799e+00
1.553974914550781250e+03 5.057584789467349538e+02 1.080779801373671134e+00
1.553995727539062500e+03 5.043709599550561506e+02 1.080964922947240670e+00
1.554016540527343750e+03 5.035074358648639645e+02 1.082169782122834434e+00
1.554037414550781250e+03 5.037266737254917643e+02 1.081620561903411160e+00
1.554058227539062500e+03 5.037308707092415716e+02 1.084027428674136040e+00
1.554079040527343750e+03 5.047266000716805365e+02 1.080510471997581101e+00
1.554099914550781250e+03 5.047913513151941061e+02 1.081374757658442043e+00
1.554120727539062500e+03 5.025890213052746276e+02 1.089407228396914507e+00
1.554141540527343750e+03 5.047397251383556522e+02 1.081635495742313102e+00
1.554162414550781250e+03 5.035264897974456062e+02 1.080431806107880144e+00
1.554183227539062500e+03 5.036273485369630407e+02 1.092724346459330365e+00
1.554204040527343750e+03 5.030606298307203588e+02 1.086416015581109118e+00
1.554224914550781250e+03 5.038165973208808737e+02 1.081795952618094692e+00
1.554245727539062500e+03 5.042059904789671236e+02 1.080390926269736429e+00
1.554266540527343750e+03 5.029980418785402208e+02 1.080644841715251658e+00
1.554287414550781250e+03 5.022219698008206024e+02 1.094328645501121411e+00
1.554308227539062500e+03 5.041381087503565368e+02 1.080027077211808129e+00
1.554329040527343750e+03 5.029967061155358579e+02 1.080674791308656069e+00
1.554349914550781250e+03 5.032274867940986951e+02 1.080296416754669586e+00
1.554370727539062500e+03 5.028596841121762964e+02 1.083766716076895786e+00
1.554391540527343750e+03 5.028695554011692366e+02 1.083054427166190381e+00
1.554412414550781250e+03 5.035411669345870678e+02 1.079620374699028718e+00
1.554433227539062500e+03 5.036120969878764981e+02 1.079921497211612458e+00
1.554454040527343750e+03 5.025413482504559397e+02 1.081415049133086503e+00
1.554474914550781250e+03 5.034555232831019111e+02 1.080366872092871411e+00
1.554495727539062500e+03 5.040898017789958203e+02 1.081707131217195528e+00
1.554516540527343750e+03 5.027213204145582495e+02 1.085701347306248232e+00
1.554537414550781250e+03 5.056704962834979824e+02 1.080202009329068513e+00
1.554558227539062500e+03 5.028948204186247040e+02 1.083050024449988546e+00
1.554579040527343750e+03 5.025658649736915322e+02 1.081152769358629362e+00
1.554599914550781250e+03 5.029823437135404447e+02 1.080160127531000880e+00
1.554620727539062500e+03 5.017976243048007063e+02 1.084527396890610174e+00
1.554641540527343750e+03 5.039000696912422654e+02 1.084911328133508990e+00
1.554662414550781250e+03 5.030855438597513967e+02 1.081436875351575067e+00
1.554683227539062500e+03 5.046481353406243215e+02 1.079436071685929255e+00
1.554704040527343750e+03 5.052863691834073734e+02 1.090660910028858677e+00
1.554724914550781250e+03 5.057868339439091869e+02 1.081154588668238770e+00
1.554745727539062500e+03 5.047627036431007355e+02 1.081548590031949253e+00
1.554766540527343750e+03 5.044019169376067566e+02 1.081144830517233757e+00
1.554787414550781250e+03 5.031886784758544309e+02 1.081029765902329576e+00
1.554808227539062500e+03 5.032480655993887240e+02 1.080697680401494498e+00
1.554829040527343750e+03 5.043895517279313481e+02 1.082912210384611607e+00
1.554849914550781250e+03 5.026829258089322821e+02 1.081203102461879340e+00
1.554870727539062500e+03 5.046727883161050840e+02 1.080820942241274674e+00
1.559308166503906250e+03 5.031540180459071507e+02 1.109981048954891580e+00
1.559328979492187500e+03 5.043181403885805594e+02 1.106761809667564878e+00
1.559349792480468750e+03 5.058486543088633880e+02 1.107032290224651216e+00
1.559370666503906250e+03 5.054763374328790633e+02 1.104067666036017137e+00
1.559391479492187500e+03 5.018951666535700724e+02 1.110182776996582632e+00
1.559412292480468750e+03 5.023534103531196706e+02 1.104422677548588583e+00
1.559433166503906250e+03 5.033126423046293212e+02 1.104585058488413596e+00
1.559453979492187500e+03 5.041520897450770917e+02 1.101832363539267945e+00
1.559474792480468750e+03 5.033085745629082339e+02 1.105037915282702565e+00
1.559495666503906250e+03 5.041158630451151339e+02 1.102402927856820369e+00
1.559516479492187500e+03 5.040206873479525029e+02 1.100317718398144518e+00
1.559537292480468750e+03 5.035569575465449361e+02 1.098626139302649962e+00
1.559558166503906250e+03 5.031942818490778109e+02 1.104328389590138348e+00
1.559578979492187500e+03 5.033510141687467012e+02 1.098559730642187260e+00
1.559599792480468750e+03 5.034643719330658769e+02 1.096663708455773545e+00
1.559620666503906250e+03 5.046005994063934850e+02 1.102208374275702063e+00
1.559641479492187500e+03 5.033797152224622096e+02 1.099350948016420304e+00
1.559662292480468750e+03 5.043794367325687062e+02 1.096147797190749618e+00
1.559683166503906250e+03 5.061622086845965214e+02 1.098570364978678660e+00
1.559703979492187500e+03 5.035859780549440075e+02 1.093249942363438310e+00
1.559724792480468750e+03 5.042059987081701138e+02 1.092081213760696334e+00
1.559745666503906250e+03 5.054870633536644391e+02 1.093189368296714647e+00
1.559766479492187500e+03 5.050202163998020524e+02 1.091562262971089492e+00
1.559787292480468750e+03 5.042594061171301973e+02 1.093156435532482096e+00
1.559808166503906250e+03 5.020587608568918085e+02 1.091932421409731901e+00
1.559828979492187500e+03 5.042297053336800445e+02 1.091483356043125852e+00
1.559849792480468750e+03 5.029762795904198356e+02 1.091588254592541940e+00
1.559870666503906250e+03 5.043002163258305472e+02 1.093061666513304386e+00
1.559891479492187500e+03 5.052546733501330891e+02 1.091529608754345571e+00
1.559933166503906250e+03 5.029198792691689732e+02 1.089268686487546489e+00
1.559953979492187500e+03 5.059703842431075600e+02 1.088287116895472195e+00
1.559974792480468750e+03 5.035392204017525728e+02 1.089163783438577227e+00
1.559995666503906250e+03 5.044081146096534667e+02 1.088098310990131878e+00
1.560016479492187500e+03 5.047240334168185427e+02 1.089524034207891345e+00
1.560037292480468750e+03 5.004650320154116798e+02 1.092220544929117798e+00
1.560058166503906250e+03 5.063051175329502485e+02 1.087108831100519701e+00
1.560078979492187500e+03 5.043451262560412260e+02 1.084737430215711784e+00
1.560099792480468750e+03 5.037704108481170806e+02 1.084138491560350248e+00
1.560120666503906250e+03 5.041735822351512297e+02 1.083331817234641337e+00
1.560141479492187500e+03 5.025833402486294972e+02 1.083719637048366380e+00
1.560162292480468750e+03 5.043396024847157832e+02 1.083238499721013381e+00
1.560183166503906250e+03 5.033979977810785158e+02 1.084247014300857792e+00
1.560203979492187500e+03 5.039247283432989661e+02 1.084311935833634610e+00
1.560224792480468750e+03 5.042623326642006987e+02 1.083150511989834364e+00
1.560245666503906250e+03 5.050275318372706579e+02 1.085086132006010340e+00
1.560266479492187500e+03 5.042654739004022986e+02 1.084839244922732204e+00
1.560287292480468750e+03 5.024790153241166308e+02 1.084650663136655036e+00
1.560308166503906250e+03 5.032350668871383732e+02 1.086185070331669333e+00
1.560328979492187500e+03 5.040368174604656133e+02 1.082659597459116885e+00
1.560349792480468750e+03 5.050526223350248074e+02 1.082084681985391983e+00
1.560370666503906250e+03 5.036837138584014610e+02 1.082057580730788837e+00
1.560391479492187500e+03 5.036232950545323774e+02 1.080655817813609865e+00
1.560412292480468750e+03 5.033288329739367555e+02 1.080972532270960240e+00
1.560433166503906250e+03 5.036276154695295872e+02 1.082462046004121436e+00
1.560453979492187500e+03 5.038035186957091582e+02 1.079646212151360585e+00
1.560474792480468750e+03 5.025859487380135988e+02 1.080910443035988822e+00
1.560495666503906250e+03 5.036954088662712365e+02 1.079785215866502668e+00
1.560516479492187500e+03 5.025841163460154348e+02 1.081596479965017954e+00
1.560537292480468750e+03 5.025513648180889277e+02 1.078690532579054118e+00
1.560558166503906250e+03 5.050671849330370264e+02 1.092230094984994571e+00
1.560578979492187500e+03 5.036801750470756360e+02 1.080670378897674366e+00
1.560599792480468750e+03 5.021474591246400792e+02 1.077939501297988878e+00
1.560620666503906250e+03 5.043726163725547167e+02 1.082076419479693685e+00
1.560641479492187500e+03 5.030704460413389825e+02 1.078925126095002129e+00
1.560662292480468750e+03 5.053846397708489917e+02 1.083672280962256540e+00
1.560683166503906250e+03 5.033746123402912644e+02 1.079833515192145876e+00
1.560703979492187500e+03 5.028032284945009565e+02 1.078211905252475900e+00
1.560724792480468750e+03 5.028925266453739482e+02 1.088877314362241222e+00
1.560745666503906250e+03 5.045101669175342067e+02 1.082158215506853205e+00
1.560766479492187500e+03 5.046110179211066793e+02 1.091640345180876714e+00
1.560787292480468750e+03 5.046016892038105084e+02 1.077501531365317566e+00
1.560808166503906250e+03 5.046430678020914229e+02 1.078830488170461344e+00
1.560828979492187500e+03 5.030975750477408042e+02 1.078166021036577993e+00
1.560849792480468750e+03 5.032174201193207068e+02 1.078632235414465734e+00
1.560870666503906250e+03 5.039201752655590099e+02 1.077316755215245392e+00
1.560891479492187500e+03 5.050768588485753980e+02 1.083571456756864393e+00
1.560912292480468750e+03 5.033727987192354476e+02 1.078677160427350623e+00
1.560933166503906250e+03 5.026407455514488447e+02 1.077588929403088702e+00
1.560953979492187500e+03 5.044868155436709003e+02 1.078320250591489726e+00
1.560974792480468750e+03 5.055543675567454898e+02 1.077647559556935475e+00
1.560995666503906250e+03 5.051639001438436480e+02 1.080350872458464284e+00
1.561016479492187500e+03 5.055716456282219156e+02 1.077401291470331701e+00
1.561037292480468750e+03 5.023905493164930931e+02 1.079863432090911735e+00
1.561058105468750000e+03 5.057496249425659585e+02 1.077764644384384018e+00
1.561078918457031250e+03 5.037307025010026678e+02 1.078355073567194955e+00
1.561099792480468750e+03 5.035975037959425435e+02 1.077181472340920543e+00
1.561120605468750000e+03 5.057180840148849370e+02 1.079226608280895006e+00
1.561141418457031250e+03 5.050265827747842309e+02 1.079327727907817502e+00
1.561162292480468750e+03 5.050886640158331602e+02 1.083267332169468133e+00
1.561183105468750000e+03 5.048968167045453015e+02 1.077502969618243212e+00
1.561203918457031250e+03 5.037331074730623754e+02 1.076935651137229666e+00
1.561224792480468750e+03 5.054808382098835864e+02 1.083637573852177516e+00
1.561245605468750000e+03 5.044781691560482386e+02 1.077852021087536860e+00
1.561266418457031250e+03 5.054453585794314563e+02 1.077492569899995756e+00
1.561287292480468750e+03 5.029861693675937886e+02 1.077189329725127598e+00
1.561308105468750000e+03 5.063044434244475838e+02 1.077991034988890151e+00
1.561328918457031250e+03 5.041359751887811740e+02 1.076369030403521165e+00
1.561349792480468750e+03 5.035575301863807454e+02 1.077064158098627544e+00
1.561370605468750000e+03 5.029347655215688064e+02 1.087271550178760648e+00
1.561391418457031250e+03 5.048121385554489393e+02 1.076404580989744675e+00
1.561412292480468750e+03 5.037477015247838494e+02 1.076448546913233217e+00
1.561433105468750000e+03 5.034496493659560770e+02 1.077402010663940812e+00
1.561453918457031250e+03 5.043161323730377035e+02 1.076861041438520239e+00
1.561474792480468750e+03 5.040529937400964400e+02 1.076275330709524525e+00
1.561495605468750000e+03 5.036283588664208537e+02 1.075444247249175200e+00
1.561516418457031250e+03 5.033264952578295492e+02 1.076206933643015118e+00
1.561537292480468750e+03 5.052192094878213879e+02 1.076265915986691857e+00
1.561558105468750000e+03 5.054383367207192919e+02 1.076375841588072424e+00
1.561578918457031250e+03 5.037974676820491595e+02 1.077113243489530747e+00
1.561599792480468750e+03 5.040958318050361981e+02 1.076471691980166900e+00
1.561620605468750000e+03 5.033185654076804099e+02 1.076184281348633531e+00
1.561641418457031250e+03 5.037003177119458996e+02 1.078665003781948517e+00
1.561662292480468750e+03 5.047099734689419392e+02 1.076069240210627997e+00
1.561683105468750000e+03 5.039378204437999216e+02 1.078070265997696842e+00
1.561703918457031250e+03 5.027679412284250020e+02 1.076422466588389693e+00
1.561724792480468750e+03 5.043424854390024734e+02 1.077149986895417744e+00
1.561745605468750000e+03 5.037705838079312457e+02 1.078961863040889702e+00
1.561766418457031250e+03 5.043666758927379874e+02 1.078205713761406503e+00
1.561787292480468750e+03 5.041694106400472037e+02 1.081965089834146188e+00
1.561808105468750000e+03 5.047874765913354054e+02 1.075768812408244290e+00
1.561828918457031250e+03 5.016577661332934213e+02 1.076056500185227804e+00
1.561849792480468750e+03 5.049620302883920999e+02 1.075621476286769074e+00
1.561870605468750000e+03 5.028622458894550391e+02 1.074249489084343701e+00
1.561891418457031250e+03 5.041907657360788448e+02 1.088950772348917573e+00
1.561912292480468750e+03 5.050551226678747412e+02 1.076887941376806435e+00
1.561933105468750000e+03 5.052692262173272297e+02 1.078664395946081989e+00
1.561953918457031250e+03 5.028145045660355095e+02 1.083114632514515119e+00
1.561974792480468750e+03 5.038351820212722600e+02 1.079238648143498569e+00
1.561995605468750000e+03 5.040949985358510617e+02 1.077466846761447217e+00
1.562016418457031250e+03 5.051486880927211018e+02 1.081561210254604388e+00
1.562037292480468750e+03 5.017300159958813310e+02 1.080338238096966608e+00
1.562058105468750000e+03 5.043858982701541436e+02 1.078848223054597044e+00
1.562078918457031250e+03 5.023356110622147526e+02 1.083189031575987560e+00
1.562099792480468750e+03 5.046216128795234113e+02 1.076869842109571263e+00
1.562120605468750000e+03 5.046058093041419852e+02 1.080098653808636344e+00
1.562141418457031250e+03 5.039394269960632755e+02 1.076166391791413490e+00
1.562162292480468750e+03 5.053981471518985131e+02 1.079645052791749826e+00
1.562183105468750000e+03 5.029628216824496008e+02 1.076497438898153858e+00
1.562203918457031250e+03 5.042298657749162203e+02 1.076480994163523608e+00
1.562224792480468750e+03 5.029870156985967355e+02 1.076932551727429965e+00
1.562245605468750000e+03 5.042801051897373554e+02 1.078860985360925895e+00
1.562266418457031250e+03 5.041737851468571421e+02 1.080364223893884867e+00
1.562287292480468750e+03 5.034203390449998210e+02 1.077729470496582076e+00
1.562308105468750000e+03 5.039278062307451478e+02 1.078160547969633898e+00
1.562328918457031250e+03 5.035296178346093825e+02 1.077997227712969686e+00
1.562349792480468750e+03 5.050264052073856647e+02 1.076334364682535627e+00
1.562370605468750000e+03 5.054668197993667604e+02 1.076459898024988870e+00
1.562391418457031250e+03 5.044863324843221335e+02 1.076465988816098118e+00
1.562412292480468750e+03 5.032024249230125861e+02 1.078884133920908761e+00
1.562433105468750000e+03 5.041704392328505833e+02 1.076660377692721049e+00
1.562453918457031250e+03 5.037717341186050248e+02 1.077435259013608926e+00
1.562474792480468750e+03 5.051627807617187500e+02 1.076833033792863104e+00
1.562495605468750000e+03 5.034970095170598938e+02 1.076660654496058189e+00
1.562516418457031250e+03 5.029564519609968443e+02 1.079127412374206729e+00
1.562537292480468750e+03 5.057905454873045414e+02 1.074963065555298192e+00
1.562558105468750000e+03 5.044981089003029524e+02 1.075170532273621804e+00
1.562578918457031250e+03 5.039913296276232018e+02 1.075644362085309780e+00
1.562599792480468750e+03 5.043905032547071414e+02 1.076373460447153763e+00
1.562620605468750000e+03 5.046982322076346463e+02 1.073978300060079771e+00
1.562641418457031250e+03 5.035539168842723825e+02 1.075288441130294093e+00
1.562662292480468750e+03 5.033921055921557581e+02 1.076004042926269388e+00
1.562683105468750000e+03 5.036312273678776137e+02 1.074001331868402520e+00
1.562703918457031250e+03 5.025517504369046264e+02 1.075516793872307364e+00
1.562724792480468750e+03 5.021206639225705999e+02 1.074011321414826359e+00
1.562745605468750000e+03 5.036461042573391182e+02 1.074027193503047872e+00
1.562766418457031250e+03 5.036274866682667835e+02 1.074544406425916643e+00
1.562787292480468750e+03 5.044158830714363262e+02 1.074168200603975221e+00
1.562808105468750000e+03 5.024355649619975566e+02 1.083917509198945917e+00
1.562828918457031250e+03 5.016802021436673158e+02 1.074277896986726377e+00
1.562849792480468750e+03 5.040735611521179749e+02 1.083816762801530942e+00
1.562870605468750000e+03 5.024182881471231781e+02 1.073327766595546073e+00
1.562891418457031250e+03 5.026501381054524700e+02 1.073600896534779858e+00
1.562912292480468750e+03 5.013557295593313938e+02 1.081167819918758433e+00
1.562933105468750000e+03 5.024888478506692309e+02 1.077909973373443187e+00
1.562953918457031250e+03 5.042667692288385410e+02 1.074902680893355944e+00
1.562974792480468750e+03 5.017285418359983282e+02 1.079369531561291451e+00
1.562995605468750000e+03 5.015173158342863076e+02 1.075674672550812394e+00
1.563016418457031250e+03 5.030944006284070724e+02 1.073915695444165541e+00
1.563058105468750000e+03 5.031175055238362575e+02 1.073926185301881331e+00
1.563078918457031250e+03 5.042810039027396556e+02 1.073520558349165155e+00
1.563099792480468750e+03 5.027639289758412247e+02 1.077288150804977196e+00
1.563120605468750000e+03 5.025730288970593165e+02 1.076305291132373609e+00
1.563141418457031250e+03 5.025936612899545821e+02 1.073151713923575112e+00
1.563162292480468750e+03 5.050174524073523799e+02 1.074797762100337506e+00
1.563183105468750000e+03 5.014387884194269986e+02 1.079846265853668941e+00
1.563203918457031250e+03 5.039097181385532167e+02 1.076705108188583671e+00
1.563224792480468750e+03 5.032806874093194551e+02 1.073373691044941403e+00
1.563245544433593750e+03 5.032840751072103558e+02 1.075754184978056527e+00
1.563266418457031250e+03 5.026301466341885202e+02 1.073643700397169498e+00
1.563287231445312500e+03 5.035360165946119082e+02 1.075052499598084577e+00
1.563308044433593750e+03 5.036226879972025472e+02 1.074060324343979689e+00
1.563328918457031250e+03 5.065300109103576460e+02 1.077047943379897621e+00
1.563349731445312500e+03 5.041056288899503670e+02 1.074390522487987942e+00
1.563370544433593750e+03 5.056768406550886539e+02 1.075111877918386138e+00
1.563391418457031250e+03 5.033868799710942881e+02 1.078425268846126217e+00
1.563412231445312500e+03 5.058432162040787148e+02 1.074916599054736466e+00
1.563433044433593750e+03 5.038546661303794849e+02 1.078117038863269483e+00
1.563453918457031250e+03 5.035265043924705992e+02 1.076630482513417864e+00
1.563474731445312500e+03 5.029794858874413990e+02 1.074707974091618556e+00
1.563495544433593750e+03 5.037543510244144613e+02 1.075740000613381264e+00
1.563516418457031250e+03 5.040848552909712907e+02 1.074542520454812466e+00
1.563537231445312500e+03 5.059120553973313008e+02 1.078334677389291008e+00
1.563558044433593750e+03 5.020023610401761402e+02 1.076032736865223827e+00
1.563578918457031250e+03 5.039429977020392357e+02 1.074406610881551316e+00
1.563599731445312500e+03 5.039431377016168767e+02 1.079132549134433017e+00
1.563620544433593750e+03 5.033482848436646009e+02 1.074686510374562420e+00
1.563641418457031250e+03 5.021113696321674524e+02 1.081432080235271709e+00
1.563662231445312500e+03 5.032999624253150728e+02 1.077194918393098444e+00
1.563683044433593750e+03 5.030825975385041602e+02 1.084122052771354650e+00
1.563703918457031250e+03 5.040425217216383658e+02 1.076028803957452595e+00
1.563724731445312500e+03 5.046489048197103102e+02 1.073947442212582759e+00
1.563745544433593750e+03 5.016792409235642936e+02 1.076207542866842282e+00
1.563766418457031250e+03 5.037288131331815748e+02 1.074210038583285121e+00
1.563787231445312500e+03 5.049922933710152506e+02 1.074551340114756615e+00
1.563808044433593750e+03 5.050777343593030650e+02 1.076917995451372345e+00
1.563828918457031250e+03 5.042632269025154415e+02 1.075718502079113570e+00
1.563849731445312500e+03 5.044064407884567345e+02 1.075684812790105971e+00
1.563870544433593750e+03 5.038479851031996191e+02 1.077835431119065879e+00
1.563891418457031250e+03 5.046051615634792142e+02 1.074499253149824751e+00
1.563912231445312500e+03 5.039611484225936238e+02 1.079742545064816373e+00
1.563933044433593750e+03 5.051197875364008496e+02 1.074584343860314206e+00
1.563953918457031250e+03 5.032704156458607940e+02 1.073957543260275704e+00
1.563974731445312500e+03 5.033279027516430233e+02 1.075616599830928610e+00
1.563995544433593750e+03 5.035192527078046965e+02 1.076364268086280829e+00
1.564016418457031250e+03 5.019413825124586879e+02 1.074656005646365875e+00
1.564037231445312500e+03 5.031593162275369195e+02 1.075105668574382056e+00
1.564058044433593750e+03 5.037913627594363106e+02 1.073850533927041884e+00
1.564078918457031250e+03 5.017032783755963692e+02 1.074919482475993338e+00
1.564099731445312500e+03 5.039360846099068567e+02 1.073977467575831346e+00
1.564120544433593750e+03 5.059051410956046197e+02 1.074372159234020074e+00
1.564141418457031250e+03 5.018813243908253412e+02 1.079907753943211812e+00
1.564162231445312500e+03 5.033717005848723716e+02 1.075047953223644104e+00
1.564183044433593750e+03 5.028795583736463755e+02 1.074262472476688712e+00
1.564203918457031250e+03 5.037261674935641054e+02 1.085742960457990680e+00
1.564224731445312500e+03 5.040981056837987353e+02 1.074608693873176701e+00
1.564245544433593750e+03 5.044951176525208894e+02 1.074714684881595161e+00
1.564266418457031250e+03 5.044183674032927911e+02 1.075883719468220479e+00
1.564287231445312500e+03 5.045457725124599619e+02 1.076978931249259475e+00
1.564308044433593750e+03 5.020070483113139517e+02 1.077335123604366451e+00
1.564328918457031250e+03 5.038515436116261412e+02 1.076359616500262684e+00
1.564349731445312500e+03 5.042503768755467490e+02 1.078622951783691164e+00
1.564370544433593750e+03 5.059247532003694232e+02 1.075376739578587149e+00
1.564391418457031250e+03 5.052473894433772443e+02 1.076128008549025461e+00
1.564412231445312500e+03 5.023025514960129954e+02 1.077699660280996508e+00
1.564433044433593750e+03 5.040196522811752970e+02 1.074644912803243813e+00
1.564453918457031250e+03 5.036505529970452244e+02 1.081080821478657805e+00
1.564474731445312500e+03 5.025105261651692103e+02 1.075833913141552856e+00
1.564495544433593750e+03 5.025253236221749376e+02 1.076090676347738917e+00
1.564516418457031250e+03 5.043482680733515622e+02 1.075155009693239183e+00
1.564537231445312500e+03 5.042639250441320655e+02 1.075822001386945503e+00
1.564558044433593750e+03 5.044182584328734151e+02 1.076370359418525435e+00
1.564578918457031250e+03 5.042468016330894329e+02 1.077612271223878260e+00
1.564599731445312500e+03 5.047529551528583056e+02 1.075204015933921342e+00
1.564620544433593750e+03 5.033753828318231172e+02 1.076508180441030138e+00
1.564641418457031250e+03 5.044207589599342896e+02 1.076743969066302320e+00
1.564662231445312500e+03 5.067873932694033670e+02 1.079043508495659998e+00
1.564683044433593750e+03 5.045563801361998344e+02 1.076421635994413428e+00
1.564703918457031250e+03 5.045020588141582607e+02 1.077313546247660847e+00
1.564724731445312500e+03 5.047282336654857318e+02 1.082418819933915977e+00
1.564745544433593750e+03 5.040697593445794951e+02 1.077080593929582442e+00
1.564766418457031250e+03 5.050669375013359854e+02 1.081567878522397885e+00
1.564787231445312500e+03 5.062618457151504572e+02 1.076215130443795021e+00
1.564808044433593750e+03 5.035436854568316107e+02 1.076845155768438644e+00
1.564828918457031250e+03 5.042323574033727027e+02 1.076539518556724140e+00
1.564849731445312500e+03 5.032579070856270391e+02 1.077082862829306098e+00
1.564870544433593750e+03 5.051028433469002721e+02 1.075443360476372234e+00
1.564891418457031250e+03 5.062591234429934275e+02 1.076555851665282004e+00
1.564912231445312500e+03 5.036048143867434987e+02 1.081080821478657805e+00
1.564933044433593750e+03 5.050892685034534679e+02 1.076481603232249062e+00
1.564953918457031250e+03 5.054857580541404900e+02 1.076581485841096253e+00
1.564974731445312500e+03 5.028962500568284213e+02 1.076854233322894761e+00
1.564995544433593750e+03 5.049637398228806546e+02 1.076884509734829409e+00
1.565016418457031250e+03 5.054155590717097084e+02 1.078657875503423513e+00
1.565037231445312500e+03 5.066632920644569822e+02 1.077597392254359576e+00
1.565058044433593750e+03 5.049881742361127976e+02 1.081236730064151663e+00
1.565078857421875000e+03 5.033201668824643207e+02 1.078117260006750344e+00
1.565099670410156250e+03 5.056745059757421359e+02 1.076721438785263052e+00
1.565120544433593750e+03 5.059220365137256863e+02 1.077173448896494357e+00
1.565141357421875000e+03 5.035007203083313811e+02 1.076610109026717499e+00
1.565162170410156250e+03 5.039767624712687848e+02 1.076788197902914135e+00
1.565183044433593750e+03 5.049682624447740977e+02 1.078015473925304946e+00
1.565203857421875000e+03 5.033505497337005181e+02 1.084487056164246344e+00
1.565224670410156250e+03 5.052280292428329744e+02 1.077787042252441374e+00
1.565245544433593750e+03 5.050928151940831867e+02 1.078271275424302234e+00
1.565266357421875000e+03 5.047465002384299169e+02 1.077269560297476447e+00
1.565287170410156250e+03 5.028712487997790959e+02 1.076832148163727743e+00
1.565308044433593750e+03 5.049491087316399671e+02 1.080530385805953841e+00
1.565328857421875000e+03 5.047376697859518799e+02 1.077371472174231348e+00
1.565349670410156250e+03 5.046159633007624166e+02 1.076536916309763336e+00
1.565370544433593750e+03 5.045184979013709494e+02 1.079343080032084679e+00
1.565391357421875000e+03 5.056547331055587620e+02 1.077935796527862422e+00
1.565412170410156250e+03 5.031858954738796683e+02 1.079169058091350442e+00
1.565433044433593750e+03 5.041122521350846455e+02 1.081582427327608675e+00
1.565453857421875000e+03 5.051043749653400710e+02 1.078629638216287212e+00
1.565474670410156250e+03 5.041693493245512627e+02 1.075641258954721513e+00
1.565495544433593750e+03 5.040399161738898783e+02 1.077232599645080446e+00
1.565516357421875000e+03 5.067143489026121301e+02 1.075448625679171988e+00
1.565537170410156250e+03 5.030781814636811760e+02 1.075004207247995502e+00
1.565558044433593750e+03 5.041572335293261062e+02 1.076815155013624681e+00
1.565578857421875000e+03 5.034662073272810972e+02 1.077962393177253286e+00
1.565599670410156250e+03 5.052462558105560220e+02 1.077437637807949100e+00
1.565620544433593750e+03 5.047082112923245631e+02 1.075216156275027313e+00
1.565641357421875000e+03 5.020446130034825956e+02 1.076313708698144911e+00
1.565662170410156250e+03 5.044447888580074277e+02 1.075821281137089525e+00
1.565683044433593750e+03 5.040855590865572822e+02 1.077980031757452384e+00
1.565703857421875000e+03 5.052279539939269739e+02 1.076525067701523897e+00
1.565724670410156250e+03 5.047571031778796282e+02 1.075507039989235247e+00
1.565745544433593750e+03 5.035780148815353527e+02 1.078250269591954247e+00
1.565766357421875000e+03 5.039960277920241651e+02 1.079609884958569799e+00
1.565787170410156250e+03 5.040072331260587930e+02 1.076673165932595655e+00
1.565808044433593750e+03 5.042804925710493080e+02 1.076877092922875701e+00
1.565828857421875000e+03 5.036337314682434680e+02 1.075809480051544531e+00
1.565849670410156250e+03 5.023282416894119251e+02 1.078954460508814828e+00
1.565870544433593750e+03 5.041612019955003348e+02 1.075408554066255462e+00
1.565891357421875000e+03 5.049095810839412479e+02 1.074771863549503825e+00
1.565912170410156250e+03 5.026080557693004494e+02 1.073994394628719151e+00
1.565933044433593750e+03 5.050292640970927778e+02 1.076310995147948590e+00
1.565953857421875000e+03 5.041217368034774040e+02 1.077612769029715478e+00
1.565974670410156250e+03 5.022766061242975297e+02 1.074610690660686929e+00
1.565995544433593750e+03 5.046794736529599277e+02 1.086777561112927115e+00
1.566016357421875000e+03 5.031589582567686421e+02 1.075611224621034534e+00
1.566037170410156250e+03 5.022200367148225268e+02 1.074836636483827990e+00
1.566058044433593750e+03 5.053201885399154207e+02 1.078558682553163450e+00
1.566078857421875000e+03 5.026924810194296924e+02 1.080559511158384112e+00
1.566099670410156250e+03 5.041251415101452267e+02 1.075845104530366747e+00
1.566120544433593750e+03 5.051759357095452856e+02 1.078528176814580686e+00
1.566141357421875000e+03 5.012759348526734016e+02 1.074735427058417292e+00
1.566183044433593750e+03 5.023480114309178362e+02 1.075655112147051451e+00
1.566203857421875000e+03 5.032580386745806891e+02 1.074157491151040977e+00
1.566224670410156250e+03 5.041570270701627692e+02 1.078291893909137045e+00
1.566245544433593750e+03 5.048281079838770324e+02 1.074834085568814324e+00
1.566266357421875000e+03 5.034651917824961629e+02 1.075184835024307617e+00
1.566287170410156250e+03 5.035248249984558129e+02 1.075868262579107615e+00
1.566308044433593750e+03 5.048468214387429498e+02 1.073658134518530094e+00
1.566328857421875000e+03 5.040301823144671403e+02 1.073446377602283119e+00
1.566349670410156250e+03 5.042225749425522849e+02 1.073801743456341162e+00
1.566370544433593750e+03 5.039032171445040831e+02 1.074316124404136596e+00
1.566391357421875000e+03 5.019768623714776936e+02 1.082520852714010662e+00
1.566412170410156250e+03 5.047984122454096791e+02 1.073311328830212297e+00
1.566433044433593750e+03 5.023935521686051402e+02 1.073986180878997665e+00
1.566453857421875000e+03 5.027443388016700965e+02 1.087906952055724741e+00
1.566474670410156250e+03 5.032976093129452124e+02 1.079581727782841671e+00
1.566495544433593750e+03 5.027745849357369252e+02 1.087293861846452270e+00
1.566516357421875000e+03 5.041211773441410742e+02 1.074202159406685730e+00
1.566537170410156250e+03 5.032403498179143071e+02 1.075601914915605306e+00
1.566558044433593750e+03 5.034268960581042620e+02 1.073147437206002808e+00
1.566578796386718750e+03 5.050627511800855700e+02 1.073481081059853848e+00
1.566599670410156250e+03 5.061721354276772331e+02 1.074619898021762943e+00
1.566620483398437500e+03 5.019952839545878760e+02 1.073915584439832260e+00
1.566641296386718750e+03 5.025088680903617160e+02 1.075184446967691443e+00
1.566662170410156250e+03 5.028998420778187324e+02 1.076805966423362237e+00
1.566682983398437500e+03 5.060815915037082959e+02 1.074765319491425730e+00
1.566703796386718750e+03 5.060766973454059894e+02 1.075121635386508068e+00
1.566724670410156250e+03 5.051931626705337521e+02 1.075365765024785203e+00
1.566745483398437500e+03 5.040287236055320363e+02 1.082560440825294457e+00
1.566766296386718750e+03 5.041531899525206768e+02 1.078227162703708775e+00
1.566787170410156250e+03 5.034857998761444833e+02 1.074661995734041531e+00
1.566807983398437500e+03 5.029831642373598015e+02 1.077579747410849054e+00
1.566828796386718750e+03 5.050594500304931103e+02 1.076190927547998388e+00
1.566849670410156250e+03 5.033770972880874410e+02 1.078122401579890699e+00
1.566870483398437500e+03 5.034868342656617415e+02 1.076736661999782463e+00
1.566891296386718750e+03 5.046629417173825232e+02 1.074387693124900123e+00
1.566912170410156250e+03 5.022717876927547991e+02 1.074600207484864400e+00
1.566932983398437500e+03 5.057629009770859057e+02 1.086980085946781749e+00
1.566953796386718750e+03 5.041653184909819743e+02 1.074827430979412357e+00
1.566974670410156250e+03 5.050662033701863152e+02 1.076182841333361395e+00
1.566995483398437500e+03 5.034231800520813636e+02 1.075068688970448383e+00
1.567016296386718750e+03 5.049483275535094435e+02 1.074718123451958274e+00
1.567037170410156250e+03 5.031284985054288086e+02 1.076687946955676045e+00
1.567057983398437500e+03 5.042143478651194073e+02 1.084713197676830276e+00
1.567078796386718750e+03 5.044780342708530156e+02 1.074741250324859010e+00
1.567099670410156250e+03 5.051391890777421736e+02 1.073642756620937000e+00
1.567120483398437500e+03 5.040424472605911888e+02 1.078466775873180294e+00
1.567141296386718750e+03 5.036136024355980680e+02 1.075179790277374314e+00
1.567162170410156250e+03 5.042415760795395272e+02 1.075232398617471885e+00
1.567182983398437500e+03 5.039655042605855897e+02 1.076794729667252870e+00
1.567203796386718750e+03 5.033645984171516261e+02 1.074071756189288518e+00
1.567224670410156250e+03 5.049547851992106189e+02 1.074380148120238632e+00
1.567245483398437500e+03 5.055638616530847571e+02 1.077234148919447021e+00
1.567266296386718750e+03 5.036259515481298195e+02 1.075394143439321271e+00
1.567287170410156250e+03 5.036277303689680025e+02 1.076112056668960815e+00
1.567307983398437500e+03 5.044369543010820962e+02 1.076756590246222611e+00
1.567328796386718750e+03 5.051604653116310715e+02 1.075182063188262926e+00
1.567349670410156250e+03 5.025546754866115862e+02 1.074348691537198475e+00
1.567370483398437500e+03 5.023412709836583190e+02 1.074817892662752739e+00
1.567391296386718750e+03 5.042264840493068618e+02 1.084598896316988137e+00
1.567412170410156250e+03 5.046611570729522214e+02 1.074301366230027366e+00
1.567432983398437500e+03 5.045118592834895139e+02 1.075252299310087922e+00
1.567453796386718750e+03 5.058747664404840521e+02 1.078031674091368464e+00
1.567474670410156250e+03 5.030395112363144108e+02 1.074170919567258409e+00
1.567495483398437500e+03 5.041311492072927649e+02 1.075533641280174368e+00
1.567516296386718750e+03 5.033217636274376332e+02 1.076655505942338165e+00
1.567537170410156250e+03 5.043902014373267662e+02 1.079128958928245341e+00
1.567557983398437500e+03 5.041216059223860952e+02 1.077060007596600588e+00
1.567578796386718750e+03 5.030677011573025652e+02 1.074743135947229922e+00
1.567599670410156250e+03 5.024855659640993508e+02 1.074751399370956539e+00
1.567620483398437500e+03 5.040268215666559968e+02 1.078034493890620116e+00
1.567641296386718750e+03 5.022656621227535538e+02 1.076681635981881158e+00
1.567662170410156250e+03 5.032427303754848253e+02 1.073973416143276127e+00
1.567682983398437500e+03 5.032444359594563821e+02 1.076510782757454043e+00
1.567703796386718750e+03 5.043901830372303721e+02 1.075951472315500368e+00
1.567724670410156250e+03 5.030251311860069450e+02 1.073913197843892720e+00
1.567745483398437500e+03 5.037147635050583858e+02 1.076584696990727563e+00
1.567766296386718750e+03 5.031457324715286745e+02 1.074950589663494993e+00
1.567787170410156250e+03 5.043527016801138529e+02 1.075496565550388528e+00
1.567807983398437500e+03 5.044142774411655523e+02 1.087603217740365391e+00
1.567828796386718750e+03 5.044899945571261242e+02 1.074935452053679352e+00
1.567849670410156250e+03 5.033269811023116063e+02 1.075314271809571398e+00
1.567870483398437500e+03 5.036968171431577161e+02 1.075815297504258972e+00
1.567891296386718750e+03 5.031715262500364361e+02 1.075848816499955785e+00
1.567912109375000000e+03 5.042390644059408942e+02 1.075171585583456935e+00
1.567932922363281250e+03 5.029666392208176262e+02 1.076266026748615712e+00
1.567953796386718750e+03 5.041651701253500732e+02 1.077082032744595796e+00
1.567974609375000000e+03 5.048804279764920580e+02 1.084097861457983702e+00
1.567995422363281250e+03 5.040461388783560892e+02 1.076268795793007049e+00
1.568016296386718750e+03 5.036870993662947740e+02 1.080519463596390839e+00
1.568037109375000000e+03 5.035592510852364398e+02 1.076492455671764104e+00
1.568057922363281250e+03 5.052522006671849226e+02 1.078711750859733254e+00
1.568078796386718750e+03 5.045870233301815801e+02 1.078347445773463198e+00
1.568099609375000000e+03 5.048700853421580632e+02 1.080894120584690254e+00
1.568120422363281250e+03 5.040273527939644964e+02 1.086874742645005165e+00
1.568141296386718750e+03 5.059117930122045550e+02 1.078141309089591271e+00
1.568162109375000000e+03 5.039816025052349460e+02 1.076812885549827126e+00
1.568182922363281250e+03 5.049237329844093551e+02 1.076250686113624067e+00
1.568203796386718750e+03 5.044609105655238181e+02 1.075817236648173303e+00
1.568224609375000000e+03 5.030734703120918994e+02 1.077251578102540464e+00
1.568245422363281250e+03 5.050012304215803169e+02 1.084506017591736482e+00
1.568266296386718750e+03 5.069261584247584551e+02 1.075390707030537518e+00
1.568287109375000000e+03 5.049562629341920683e+02 1.074379204990930203e+00
1.568307922363281250e+03 5.041045187016638351e+02 1.076769488053565427e+00
1.568328796386718750e+03 5.038030688735252056e+02 1.076882959957448760e+00
1.568349609375000000e+03 5.033302870816816608e+02 1.075714235566322063e+00
1.568370422363281250e+03 5.038341473080034234e+02 1.075595043414673269e+00
1.568391296386718750e+03 5.060194036296967965e+02 1.078723575449630712e+00
1.568412109375000000e+03 5.077166819378424520e+02 1.078275587097165200e+00
1.568432922363281250e+03 5.058414379315417477e+02 1.075826267472359321e+00
1.568453796386718750e+03 5.054414304708657255e+02 1.075348970415003214e+00
