1.410932332928281994e+03 6.743599536429477439e+02 8.847743153934751748e-01
1.410953166465458480e+03 6.728425616859587990e+02 8.847132787313976010e-01
1.411015667067674940e+03 6.754590625972889484e+02 8.842053523635307055e-01
1.411036500599263945e+03 6.746791807824945408e+02 8.836713343657346398e-01
1.411057334128990078e+03 6.766161955226682494e+02 8.847295488493001070e-01
1.411078167657319000e+03 6.785552590565500850e+02 8.855286396506555358e-01
1.411099001184250938e+03 6.763330525912889470e+02 8.846492059168407085e-01
1.411119834709785664e+03 6.770373155510035303e+02 8.842842527274443754e-01
1.411140668233922952e+03 6.774845254346801084e+02 8.873273130769609995e-01
1.411161501756198959e+03 6.748049459902604212e+02 8.851638470396933078e-01
1.411182335277542961e+03 6.806079912331827018e+02 8.842949362594634266e-01
1.411203168797023864e+03 6.771678520447538858e+02 8.844606998288723210e-01
1.411224002315108919e+03 6.784203840369245881e+02 8.860697787127760350e-01
1.411244835831796536e+03 6.781862371039164827e+02 8.842851963884662547e-01
1.411265669347087623e+03 6.796015702735058994e+02 8.863937185535721852e-01
1.411286502860515611e+03 6.806184163624706116e+02 8.840449347424763626e-01
1.411307336373011367e+03 6.764193017369408381e+02 8.842341361398312616e-01
1.411328169883646524e+03 6.781310534558314203e+02 8.846844431704063982e-01
1.411349003392883333e+03 6.767416959040639313e+02 8.836268829420617088e-01
1.411369836900722930e+03 6.784236447812339748e+02 8.845329399746382215e-01
1.411390670407165999e+03 6.771739081156756583e+02 8.848002513316041151e-01
1.411411503912212083e+03 6.814255059923264071e+02 8.880297678090609548e-01
1.411432337415861184e+03 6.791196803203087029e+02 8.885077356357032885e-01
1.411453170918114211e+03 6.798060388896598170e+02 8.857258686888224153e-01
1.411474004418968434e+03 6.765476394906108908e+02 8.841981394203074496e-01
1.411494837917960922e+03 6.756891289605806605e+02 8.848470014660263505e-01
1.411515671416022087e+03 6.787261102169080687e+02 8.850516221244234538e-01
1.411536504912687178e+03 6.762264918063007144e+02 8.844604976560060949e-01
1.411557338407488032e+03 6.772599966092932391e+02 8.846375833791199073e-01
1.411578171901358019e+03 6.777006825005895507e+02 8.853993956433463541e-01
1.411599005393366042e+03 6.772281424901267428e+02 8.844542976656686317e-01
1.411619838884441833e+03 6.789557269284917993e+02 8.851459014368446843e-01
1.411640672373655889e+03 6.769073257530233150e+02 8.848398274343672876e-01
1.411661505861937030e+03 6.774578770756536414e+02 8.853528429851449388e-01
1.411682339348822097e+03 6.737885470615923396e+02 8.837064419901720091e-01
1.411703172834310863e+03 6.772765439983352280e+02 8.841720172877178818e-01
1.411724006317936983e+03 6.779765617419222963e+02 8.839415360748148487e-01
1.411744839800630416e+03 6.756465471463807262e+02 8.867334036939651387e-01
1.411765673282392981e+03 6.767597941713672753e+02 8.849681092028289786e-01
1.411786506762293811e+03 6.763622207548760343e+02 8.843555974011382270e-01
1.411807340240798112e+03 6.759248548664769487e+02 8.859643289584163695e-01
1.411828173718369499e+03 6.776432194531641926e+02 8.846532148147233654e-01
1.411849007194079149e+03 6.742337202041081810e+02 8.861607211491494551e-01
1.411869840668856796e+03 6.748321256829218555e+02 8.853709190368311832e-01
1.411890674142238822e+03 6.769935047450344427e+02 8.836492438390869397e-01
1.411911507614687935e+03 6.768320347314738683e+02 8.854502877228644930e-01
1.411932341085275539e+03 6.736052366064595844e+02 8.842854660057161142e-01
1.411953174554932048e+03 6.777028667881934325e+02 8.840010078001534488e-01
1.411974008023189981e+03 6.746639196236642420e+02 8.833908279769299154e-01
1.411994841490052067e+03 6.781327874955807147e+02 8.852375784376574908e-01
1.412015674955982377e+03 6.761180321272008769e+02 8.839926132243062229e-01
1.412036508420516384e+03 6.757082634459338806e+02 8.838799698584324238e-01
1.412057341883652953e+03 6.747284151585616883e+02 8.852601006402143202e-01
1.412078175345857971e+03 6.731646054690426126e+02 8.843583944534254559e-01
1.412099008806200345e+03 6.735952996483953257e+02 8.849055703749877377e-01
1.412119842266077967e+03 6.749958176417268305e+02 8.839014814334853476e-01
1.412140675724092034e+03 6.760233465368452244e+02 8.846620410636800713e-01
1.412161509181175006e+03 6.754353913541785914e+02 8.840582506139036401e-01
1.412182342636861904e+03 6.730510249715684949e+02 8.856573263983997801e-01
1.412203176091616115e+03 6.740922575356588595e+02 8.839051565561717450e-01
1.412224009544972887e+03 6.739504394289679112e+02 8.856400974577859353e-01
1.412244842997399473e+03 6.743774544829287834e+02 8.841042646761941848e-01
1.412307343346762991e+03 6.755417677941472903e+02 8.845683840079752169e-01
1.412328176794067076e+03 6.761328199162537658e+02 8.842605260622079522e-01
1.412349010240439384e+03 6.760380406465127408e+02 8.842815902498464276e-01
1.412369843685415617e+03 6.781108930039115421e+02 8.859872363357325087e-01
1.412390677129460528e+03 6.747923765257872901e+02 8.862196740367885850e-01
1.412411510572108000e+03 6.761730292151705726e+02 8.847873171406086534e-01
1.412432344013823467e+03 6.761842321636743236e+02 8.890822584373542226e-01
1.412453177454143542e+03 6.804154329770059348e+02 8.847261803194300667e-01
1.412474010893531613e+03 6.794687886824912084e+02 8.846763919522384612e-01
1.412494844331522017e+03 6.756096320459599838e+02 8.883842925174394445e-01
1.412515677768582009e+03 6.743352431241848990e+02 8.843365232906426066e-01
1.412536511204245016e+03 6.739628901690613247e+02 8.847206222171045686e-01
1.412557344639440998e+03 6.749907960072723654e+02 8.842084869420104853e-01
1.412578178072775927e+03 6.761308715793170450e+02 8.845368483217479483e-01
1.412599011505179078e+03 6.743897106306968681e+02 8.839500997104283719e-01
1.412619844936649997e+03 6.724036187564726106e+02 8.865312218350578366e-01
1.412640678367190958e+03 6.760818778585097562e+02 8.850526659860763479e-01
1.412661511796335162e+03 6.738396312914385362e+02 8.846986252635313797e-01
1.412682345224080564e+03 6.759470010723917994e+02 8.863881372853522622e-01
1.412703178651362123e+03 6.734032193563045894e+02 8.839861065303550314e-01
1.412724012077246016e+03 6.727252756906224249e+02 8.842072398529786659e-01
1.412744845502196995e+03 6.756999905476263848e+02 8.858006635749968716e-01
1.412765678925752582e+03 6.716973879946937132e+02 8.855091869409714711e-01
1.412786512348377528e+03 6.753491196909726568e+02 8.843697173698820135e-01
1.412807345770069333e+03 6.737324381397278330e+02 8.843226386970616248e-01
1.412828179190365972e+03 6.765111938796577533e+02 8.843687064010925525e-01
1.412849012609730835e+03 6.741314733728141846e+02 8.841809494585924911e-01
1.412869846028163010e+03 6.744423470709067487e+02 8.845032898823919076e-01
1.412890679445199567e+03 6.761262909988669207e+02 8.885115929568021542e-01
1.412911512861770461e+03 6.762577906140054438e+02 8.845657223855916129e-01
1.412932346276943917e+03 6.748137412178468821e+02 8.850938807009492981e-01
1.412953179690720845e+03 6.730904759513399540e+02 8.847299867572412380e-01
1.412974013104032110e+03 6.739029880514982551e+02 8.876269558647427171e-01
1.412994846515945483e+03 6.767361909346745961e+02 8.862261307034839941e-01
1.413015679926927987e+03 6.763198210823991303e+02 8.845239439721357400e-01
1.413036513336979624e+03 6.748206125847368639e+02 8.845317270358170614e-01
1.413057346745633822e+03 6.765406009906324698e+02 8.843768952150560247e-01
1.413078180153822359e+03 6.756932131247207280e+02 8.856471640560023006e-01
1.413099013560613912e+03 6.769970107605845442e+02 8.847285046064120584e-01
1.413119846966475052e+03 6.767576638224483077e+02 8.873102173243517798e-01
1.413140680370937844e+03 6.745121613788721788e+02 8.863734106378557964e-01
1.413161513774935884e+03 6.745164144844744669e+02 8.896199964045193864e-01
1.413182347177536485e+03 6.744883588569672384e+02 8.844452334711441210e-01
1.413203180579206673e+03 6.760598396083046282e+02 8.848964434451910277e-01
1.413224013979944175e+03 6.749952736457797755e+02 8.844803103772507225e-01
1.413244847379750809e+03 6.753383275960759420e+02 8.849201867380553921e-01
1.413307347573117568e+03 6.751641778284048314e+02 8.857405051622322389e-01
1.413328180968732795e+03 6.769018323873912095e+02 8.854333240213724254e-01
1.413349014363418064e+03 6.806909798862803882e+02 8.869133622284968155e-01
1.413369847757171101e+03 6.741314684009564644e+02 8.870502138084557231e-01
1.413390681149992361e+03 6.761064966752254577e+02 8.850617913048757224e-01
1.413411514541883662e+03 6.752678466277855023e+02 8.902171690258573467e-01
1.413432347932377070e+03 6.729504703843391553e+02 8.861992276152402814e-01
1.413453181322405499e+03 6.786780005716259438e+02 8.850557302180105390e-01
1.413474014711036489e+03 6.781510485288421251e+02 8.869542552759688281e-01
1.413494848099201135e+03 6.734225769433468258e+02 8.858530465160798784e-01
1.413515681485970163e+03 6.774710167435530366e+02 8.856621383277962778e-01
1.413536514871806958e+03 6.749953384762163751e+02 8.858341728653851277e-01
1.413557348256712885e+03 6.772966363365035249e+02 8.851404806484874932e-01
1.413578181640687035e+03 6.783753525288882429e+02 8.863984256199340939e-01
1.413599015023729407e+03 6.740585929426550820e+02 8.862308722881312439e-01
1.413619848405841367e+03 6.771740241845772061e+02 8.852508763694357796e-01
1.413640681787022004e+03 6.762869216508935324e+02 8.860997463528599294e-01
1.413661515167271546e+03 6.740276761400338046e+02 8.879520393341719942e-01
1.413682348546589537e+03 6.729405247574032956e+02 8.856541632977020795e-01
1.413703181924975070e+03 6.786331415927254511e+02 8.849533252477069789e-01
1.413724015301965210e+03 6.772972447988346403e+02 8.861424257876511223e-01
1.413744848678488324e+03 6.746358620656212679e+02 8.853038641188292202e-01
1.413765682054081026e+03 6.745993083994748076e+02 8.842411128625620176e-01
1.413786515428277198e+03 6.748984225958666912e+02 8.849225778712473955e-01
1.413807348802006800e+03 6.741214632563637679e+02 8.864810305661994239e-01
1.413828182174338963e+03 6.762895801245024359e+02 8.852080866154264926e-01
1.413849015546205919e+03 6.775822178502477300e+02 8.871965507429955267e-01
1.413869848917142008e+03 6.742817456257466802e+02 8.844913958728874981e-01
1.413890682286681113e+03 6.740816144859229553e+02 8.855586592567881166e-01
1.413911515655754101e+03 6.779496551972508769e+02 8.849346681500099843e-01
1.413974015756920835e+03 6.736161661601436208e+02 8.846021421184473432e-01
1.413994849121802417e+03 6.788146866571361215e+02 8.858569826813235126e-01
1.414036515849704529e+03 6.761598229725663032e+02 8.860168367684845281e-01
1.414057349212258487e+03 6.762744026219347688e+02 8.862698128534176600e-01
1.414078182573415688e+03 6.716820820456823640e+02 8.845411609605865477e-01
1.414099015934107001e+03 6.749908118793296126e+02 8.858912635861609930e-01
1.414119849293866992e+03 6.766432300839728669e+02 8.855237260307615710e-01
1.414140682652695887e+03 6.794742393201157711e+02 8.860849812786278923e-01
1.414161516010593459e+03 6.753302606158237040e+02 8.860108158514864440e-01
1.414182349367558800e+03 6.765520649987140587e+02 8.861489839110316957e-01
1.414203182723594182e+03 6.746014988244879760e+02 8.853138620869034359e-01
1.414224016078697332e+03 6.763495484084706959e+02 8.861400379460594445e-01
1.414244849432870069e+03 6.774482843614166541e+02 8.890109578563298864e-01
1.414265682786575780e+03 6.787271654546042328e+02 8.868287140137420810e-01
1.414286516138885872e+03 6.764375313814495030e+02 8.863499080155009535e-01
1.414307349490729848e+03 6.765219342775728819e+02 8.858158707594616654e-01
1.414328182841176385e+03 6.766165853302787809e+02 8.865545515713258995e-01
1.414349016191157034e+03 6.774459493986661300e+02 8.849376991132189563e-01
1.414369849540207042e+03 6.763005978549160773e+02 8.869992455304022139e-01
1.414390682887860066e+03 6.771664969617379484e+02 8.858045999730095321e-01
1.414411516235046975e+03 6.789467516580211850e+02 8.855073022266687355e-01
1.414432349581303015e+03 6.772493304689336355e+02 8.853076680728514392e-01
1.414453182926627505e+03 6.772568507101278783e+02 8.865371383680669126e-01
1.414474016271486562e+03 6.803141059066077787e+02 8.859710229522449465e-01
1.414494849614948180e+03 6.780276971156667969e+02 8.857434324278909976e-01
1.414515682957478930e+03 6.773906216635244846e+02 8.868213879844726311e-01
1.414536516299543564e+03 6.771673735674191903e+02 8.916803097498184894e-01
1.414557349640676875e+03 6.734460297879717245e+02 8.859205308261229872e-01
1.414578182980414113e+03 6.777660050486922501e+02 8.863388793884653394e-01
1.414599016319685006e+03 6.739112024922925457e+02 8.875086958553201066e-01
1.414619849658025032e+03 6.757915803826849697e+02 8.851030392658502111e-01
1.414640682995899169e+03 6.762554509458797156e+02 8.898298830152534533e-01
1.414661516332375868e+03 6.754105717886745879e+02 8.845291663817322902e-01
1.414682349667922153e+03 6.749989208707811486e+02 8.859180078262780533e-01
1.414703183003001868e+03 6.785071282646920281e+02 8.859629497875750603e-01
1.414724016337149806e+03 6.762502296788904914e+02 8.849472297409995969e-01
1.414744849669902123e+03 6.732699090161214599e+02 8.854057236537500319e-01
1.414765683002187870e+03 6.757569899164444678e+02 8.865474922058219631e-01
1.414786516334008866e+03 6.795723048764129999e+02 8.868192372120943245e-01
1.414807349664431968e+03 6.763825459837248673e+02 8.857386545869970762e-01
1.414828182993924202e+03 6.746083560647495005e+02 8.861091635837764491e-01
1.414849016322951002e+03 6.762906823878738578e+02 8.854998306412106279e-01
1.414869849651046025e+03 6.761497133857360495e+02 8.859766741237432575e-01
1.414890682978209952e+03 6.763800709231139763e+02 8.877295895579848661e-01
1.414911516304442102e+03 6.777263057919404901e+02 8.860528605065196572e-01
1.414932349629742930e+03 6.749444538942038889e+02 8.862051799938734931e-01
1.414953182954578551e+03 6.819952719558417584e+02 8.869778426842357399e-01
1.414974016278016961e+03 6.800695911791809749e+02 8.872536545691918075e-01
1.414994849600991074e+03 6.787953500914020424e+02 8.860847794763646590e-01
1.415015682923031818e+03 6.761970652275240354e+02 8.877739362656107414e-01
1.415036516244142149e+03 6.782752838018835746e+02 8.869920889061895242e-01
1.415057349564786819e+03 6.792693551263163272e+02 8.871299025706630426e-01
1.415078182884034504e+03 6.780621822731529846e+02 8.856216230846303272e-01
1.415099016202816074e+03 6.772221904582471552e+02 8.869000556207704555e-01
1.415119849520667003e+03 6.815949302929825535e+02 8.875781360670206288e-01
1.415140682837586155e+03 6.802927952482209548e+02 8.892870440120242970e-01
1.415161516153574212e+03 6.749154420131874303e+02 8.869854362178107854e-01
1.415182349469097062e+03 6.789199320655235397e+02 8.906580266350230257e-01
1.415203182783688135e+03 6.765019959281962656e+02 8.874778019452754796e-01
1.415224016097346976e+03 6.768590738277141554e+02 8.882212072527081448e-01
1.415244849410075858e+03 6.806566658502209748e+02 8.877419773170076578e-01
1.415265682721872963e+03 6.801643547091434812e+02 8.881002746726789354e-01
1.415286516033203952e+03 6.805322680979163579e+02 8.872429058944673042e-01
1.415307349343139094e+03 6.782335828214426101e+02 8.870133234160936242e-01
1.415328182652608120e+03 6.803471682677120498e+02 8.873403110024401519e-01
1.415349015961145597e+03 6.815271572300646312e+02 8.875339474700008058e-01
1.415369849269216957e+03 6.788419885675773457e+02 8.898573461604143420e-01
1.415390682575891333e+03 6.768340593656515694e+02 8.877385195046447741e-01
1.415411515882100502e+03 6.791326978818756288e+02 8.889502791391572512e-01
1.415432349187377895e+03 6.790818055297381761e+02 8.873102509116150838e-01
1.415453182492190081e+03 6.802336291262760142e+02 8.878973635456834934e-01
1.415474015795604828e+03 6.791879252720945033e+02 8.876582474728890171e-01
1.415494849098555505e+03 6.807762998423246472e+02 8.890063651922267551e-01
1.415515682400573496e+03 6.815918817678413006e+02 8.893719273806994785e-01
1.415536515701659937e+03 6.829035570673736402e+02 8.914660113643577688e-01
1.415557349002280944e+03 6.809677794994107671e+02 8.876852406348998414e-01
1.415578182301505421e+03 6.814501435783065517e+02 8.877642009934573197e-01
1.415599015600264011e+03 6.824261260943341085e+02 8.882741855685993837e-01
1.415619848898091050e+03 6.790746461848910940e+02 8.873100158007458660e-01
1.415640682195452882e+03 6.786656083619380979e+02 8.884968679627281984e-01
1.415661515491417958e+03 6.770104550770322476e+02 8.890544696572576511e-01
1.415682348786916918e+03 6.799621281096020766e+02 8.882133894122659079e-01
1.415703182081484101e+03 6.774055523042003415e+02 8.878660132323770160e-01
1.415724015375586077e+03 6.789528540510511903e+02 8.882190598699133410e-01
1.415744848668757186e+03 6.793825101890942051e+02 8.881576223912109880e-01
1.415765681960529946e+03 6.791317425334688096e+02 8.894508050177150071e-01
1.415786515252304525e+03 6.814790059728212555e+02 8.882269112130469768e-01
1.415807348542680984e+03 6.782011736364630679e+02 8.881237645311775841e-01
1.415828181832592009e+03 6.780636800298544813e+02 8.883839235041451898e-01
1.415849015121571483e+03 6.788259494068978483e+02 8.889954030440502253e-01
1.415869848409619408e+03 6.775768125406249283e+02 8.877444951330696332e-01
1.415890681696737829e+03 6.791942862489637491e+02 8.871486142818316711e-01
1.415911514983388997e+03 6.810527115436667600e+02 8.879073323105706184e-01
1.415932348269108843e+03 6.789143826680848406e+02 8.907740618795960685e-01
1.415953181553897139e+03 6.807994321668559223e+02 8.883051188809177878e-01
1.415974014838220000e+03 6.797300202175545110e+02 8.873099822134736803e-01
1.415994848121611994e+03 6.801598466426381719e+02 8.957232400238429593e-01
1.416015681404072893e+03 6.802796224963658460e+02 8.894153880145844182e-01
1.416036514685601560e+03 6.796160447676879812e+02 8.883703369988694698e-01
1.416057347966665020e+03 6.828735423817777246e+02 8.878000531235464843e-01
1.416078181246797158e+03 6.804414550541065410e+02 8.876508611412429195e-01
1.416099014525998427e+03 6.782828902110472882e+02 8.880649716025196261e-01
1.416119847804733581e+03 6.833959153106250142e+02 8.878648719795333433e-01
1.416140681082071524e+03 6.842406973779377495e+02 8.887538997816752939e-01
1.416161514359409466e+03 6.808166628356361798e+02 8.892846646141295830e-01
1.416182347635350652e+03 6.759960670268824288e+02 8.882090610504091988e-01
1.416203180910827086e+03 6.792565371588545986e+02 8.875765915179077981e-01
1.416224014185370834e+03 6.755490200243307299e+02 8.889196029628417817e-01
1.416244847458984168e+03 6.766407668052864892e+02 8.886147616970827556e-01
1.416265680731665952e+03 6.778147367266709580e+02 8.870566980267206025e-01
1.416286514003881621e+03 6.792631661408324817e+02 8.879933879709229760e-01
1.416307347275166649e+03 6.814678246402324930e+02 8.896435466342990095e-01
1.416328180545985106e+03 6.777270254462810044e+02 8.870387571204307875e-01
1.416349013815872468e+03 6.786220809165596393e+02 8.886593660585108134e-01
1.416369847084829416e+03 6.820377327545847947e+02 8.876603290643424460e-01
1.416390680352853906e+03 6.794897795275228418e+02 8.874990248338956444e-01
1.416411513620413643e+03 6.792071521864604620e+02 8.902831509038370283e-01
1.416432346887042058e+03 6.786592740448329550e+02 8.865058408050987548e-01
1.416453180152738469e+03 6.788072701702578797e+02 8.887502111764649104e-01
1.416474013417503556e+03 6.771376142390395216e+02 8.872182842206522979e-01
1.416494846681804120e+03 6.760367779372976429e+02 8.884401794886964687e-01
1.416515679945171541e+03 6.791397269335539022e+02 8.883585283119219689e-01
1.416536513208073984e+03 6.780492323213528607e+02 8.884209247106948926e-01
1.416557346470046014e+03 6.775985192998961111e+02 8.882305013340068278e-01
1.416578179731086038e+03 6.779210147090033161e+02 8.880024495091032311e-01
1.416599012991195195e+03 6.788163019800464326e+02 8.893610367580244702e-01
1.416619846250837782e+03 6.796073395261066707e+02 8.879550264349540534e-01
1.416640679509549045e+03 6.782969806441047922e+02 8.884628888560400783e-01
1.416661512767796012e+03 6.758712810591778180e+02 8.868531112711813824e-01
1.416682346024645085e+03 6.803390187155266631e+02 8.872688368503793832e-01
1.416703179281493931e+03 6.787233229657471156e+02 8.880637299290672360e-01
1.416724012536947157e+03 6.772627874220738704e+02 8.882010082280381580e-01
1.416744845791933130e+03 6.781399610600964252e+02 8.879811715286421991e-01
1.416765679045987781e+03 6.793462433512244161e+02 8.873249955973795400e-01
1.416786512299112474e+03 6.819314589878791821e+02 8.895762442515540158e-01
1.416807345551770595e+03 6.807459359624489252e+02 8.876752693758803714e-01
1.416828178803496940e+03 6.805371835776597891e+02 8.902706646019304948e-01
1.416849012054292871e+03 6.815142057960829334e+02 8.889042812412109029e-01
1.416869845304623141e+03 6.788385021886284676e+02 8.884174695408653122e-01
1.416890678554021179e+03 6.795450465851366744e+02 8.881309791487160821e-01
1.416911511802489485e+03 6.775063780918218299e+02 8.904973323402950447e-01
1.416974011544165933e+03 6.854360199958352950e+02 8.932827561802666461e-01
1.417057344521736468e+03 6.788607064894169980e+02 8.884146852680215867e-01
1.417161510726354209e+03 6.814038726973242319e+02 8.899544316316759796e-01
1.417203177202800816e+03 6.820245307273120261e+02 8.906703067431999132e-01
1.417224010440092115e+03 6.836596128291316745e+02 8.904088075820852932e-01
1.417244843676452092e+03 6.812364303129775180e+02 8.901477003230997553e-01
1.417265676911880973e+03 6.854457599114900859e+02 8.904968972684855766e-01
1.417307343380875409e+03 6.810655622608559270e+02 8.893157303362916322e-01
1.417328176613976211e+03 6.791627604427754932e+02 8.897197204908259272e-01
1.417369843078313806e+03 6.828287138231683002e+02 8.893609697383950685e-01
1.417390676309552418e+03 6.862843537166362466e+02 8.888653555046285293e-01
1.417411509531943011e+03 6.869507879626094109e+02 8.893920663039276420e-01
1.417432342761784184e+03 6.790153696522914970e+02 8.913847042224717354e-01
1.417453175990227464e+03 6.826629841297936991e+02 8.896837112351444476e-01
1.417474009218205993e+03 6.859346412823424544e+02 8.941173678765289567e-01
1.417494842445254108e+03 6.814009533284006466e+02 8.888779286033376970e-01
1.417515675671834515e+03 6.797873378510452085e+02 8.886083894626787272e-01
1.417536508897484055e+03 6.829440664339373370e+02 8.895597947614964918e-01
1.417557342122669070e+03 6.807520090322407214e+02 8.894347552922664546e-01
1.417578175346921398e+03 6.820297478025401006e+02 8.888097299820064690e-01
1.417599008570241949e+03 6.810116582702156620e+02 8.883490678301504406e-01
1.417619841792632997e+03 6.790694998771044766e+02 8.902931264293840741e-01
1.417640675014557928e+03 6.799493842259523717e+02 8.913215456544303361e-01
1.417661508236017198e+03 6.808281185850113388e+02 8.887770705788240466e-01
1.417682341456543782e+03 6.816739399344036201e+02 8.894298632515532654e-01
1.417703174676141089e+03 6.790708235845404488e+02 8.908496038082843738e-01
1.417724007894807073e+03 6.803611218478174578e+02 8.886632227214444901e-01
1.417744841113005805e+03 6.782386069612362007e+02 8.889670416297633659e-01
1.417765674330273214e+03 6.795875720245861658e+02 8.896214369058911275e-01
1.417786507547076326e+03 6.816578178254853810e+02 8.896242509018420508e-01
1.417807340762948115e+03 6.816408638268719642e+02 8.890166232268079671e-01
1.417828173978352879e+03 6.835979225502708232e+02 8.890509499066103771e-01
1.417849007192361114e+03 6.867651265845368016e+02 8.904470634062022771e-01
1.417869840406369349e+03 6.844222757199872831e+02 8.899444188218000873e-01
1.417890673618981964e+03 6.804475314631046103e+02 8.890823589983105624e-01
1.417911506831127099e+03 6.820525987966278763e+02 8.929703933553850836e-01
1.417932340042807027e+03 6.804938367080020498e+02 8.949303548769933503e-01
1.417953173253556542e+03 6.844634566569544631e+02 8.907643593961814821e-01
1.417974006463373826e+03 6.802104241409316501e+02 8.900617525022432863e-01
1.417994839672259786e+03 6.807648263168335916e+02 8.911190001421798179e-01
1.418015672881146202e+03 6.810682364262642068e+02 8.923660460425122398e-01
1.418036506088635633e+03 6.809281329975178778e+02 8.897848684172829925e-01
1.418057339295658949e+03 6.804175008420372706e+02 8.915896294788632215e-01
1.418078172501751396e+03 6.799108409618094129e+02 8.904259107827170450e-01
1.418099005707377955e+03 6.816655417041371265e+02 8.900621543033395699e-01
1.418119838912071828e+03 6.799167613926547347e+02 8.898954247532487871e-01
1.418140672115836423e+03 6.842862103724141889e+02 8.919450781276208051e-01
1.418161505319134903e+03 6.808791686755221235e+02 8.899357789153774512e-01
1.418182338521502061e+03 6.835744963656006803e+02 8.906580266350230257e-01
1.418203171723403102e+03 6.855431219555973712e+02 8.926398258043725109e-01
1.418224004924373503e+03 6.835090278591776496e+02 8.913076361254717028e-01
1.424911440066724481e+03 6.872480826226549198e+02 8.903016289703058472e-01
1.424953106298442435e+03 6.861528021994994333e+02 8.909133645076378061e-01
1.424973939412438995e+03 6.885009172435865139e+02 8.957094986660121272e-01
1.424994772524571999e+03 6.827304843015035658e+02 8.902427455346211271e-01
1.425015605635308930e+03 6.863598771644360568e+02 8.902269444274792942e-01
1.425036438744648876e+03 6.842948280370035263e+02 8.898739241121853549e-01
1.425057271852591384e+03 6.843516222558233721e+02 8.904224633929780364e-01
1.425078104959136454e+03 6.830304613847559949e+02 8.948594869565719145e-01
1.425098938064284539e+03 6.813292137365480130e+02 8.894984833917237710e-01
1.425119771168036095e+03 6.830158269336637886e+02 8.924303662893730005e-01
1.425140604270391123e+03 6.849462359687228172e+02 8.912741654318024898e-01
1.425161437370883505e+03 6.850779959246930275e+02 8.914039284143464581e-01
1.425182270470443655e+03 6.826478267703608935e+02 8.895472983060622729e-01
1.425203103568608185e+03 6.797699628359449662e+02 8.891897180912610166e-01
1.425223936665374367e+03 6.842977181872445271e+02 8.916248598428880845e-01
1.425244769760278359e+03 6.811361388158776435e+02 8.898915064508293726e-01
1.425265602854251483e+03 6.827601612558859188e+02 8.901751536631533623e-01
1.425286435946826941e+03 6.823164457893421968e+02 8.912223686439871839e-01
1.425307269038004961e+03 6.800977319459196906e+02 8.890063316690439699e-01
1.425328102127787588e+03 6.797794040646006124e+02 8.893276603575938077e-01
1.425348935216171867e+03 6.814576590397193741e+02 8.890296970208917404e-01
1.425369768303160072e+03 6.840786148011812884e+02 8.910409725585783924e-01
1.425390601388751293e+03 6.823103001686179141e+02 8.953760813560490694e-01
1.425411434473410509e+03 6.814142685040455945e+02 8.931652783974305398e-01
1.425432267556207989e+03 6.810426346291246773e+02 8.883413517597832376e-01
1.425453100638073465e+03 6.818176372798883449e+02 8.906891448361962116e-01
1.425473933718541048e+03 6.791739174728982107e+02 8.920005081286501714e-01
1.425494766797612101e+03 6.811774421836825013e+02 8.890099521654895032e-01
1.425515599875752969e+03 6.823858409768247384e+02 8.891730938660974415e-01
1.425536432952030509e+03 6.777957962163969796e+02 8.880725558405142550e-01
1.425557266027376954e+03 6.813944633377175251e+02 8.891801994197239267e-01
1.425578099101326643e+03 6.807300103170134662e+02 8.902831509038370283e-01
1.425598932173878893e+03 6.799792508187296107e+02 8.887432363174966321e-01
1.425619765245500503e+03 6.822991546604874884e+02 8.893923008644067929e-01
1.425640598315723992e+03 6.797855190022239640e+02 8.924965184675426322e-01
1.425661431384550497e+03 6.803242938627771537e+02 8.928914594867494170e-01
1.425682264451980700e+03 6.807190283481824054e+02 8.887778418105988232e-01
1.425703097518478899e+03 6.798604513436132493e+02 8.888530839887893720e-01
1.425723930583581023e+03 6.818511529819946873e+02 8.880265460385270426e-01
1.425744763647286163e+03 6.805134437815966066e+02 8.884020385212978432e-01
1.425765596710059981e+03 6.812956415766362852e+02 8.896805624495406351e-01
1.425786429771902476e+03 6.806699669351548891e+02 8.880647366914591334e-01
1.425807262831881417e+03 6.776824000754276085e+02 8.885729388823002672e-01
1.425828095890929944e+03 6.773690151891584037e+02 8.908018304722088443e-01
1.425848928948581488e+03 6.809267640526012428e+02 8.886997763477094692e-01
1.425869762005300345e+03 6.842152809142452270e+02 8.905454231984599733e-01
1.425890595061089016e+03 6.791246564640698580e+02 8.885521776681504225e-01
1.425911428115014587e+03 6.791421123389987997e+02 8.906624434781695854e-01
1.425932261168009518e+03 6.784955647765698359e+02 8.894500008629977472e-01
1.425953094220073126e+03 6.788483601817036970e+02 8.893898882393815875e-01
1.425973927270739523e+03 6.771557065574647822e+02 8.911058232243557198e-01
1.425994760320474597e+03 6.797593058979354055e+02 8.893592942460205597e-01
1.426015593368812461e+03 6.757492413928314363e+02 8.877645031241983009e-01
1.426036426416219456e+03 6.788617308661262086e+02 8.885136725490554443e-01
1.426057259462228558e+03 6.772192815430051951e+02 8.876777202344386941e-01
1.426078092506841131e+03 6.763976060880146406e+02 8.885360446288463887e-01
1.426098925550988497e+03 6.778671278221081593e+02 8.886187527048320378e-01
1.426119758593272309e+03 6.782437915766281549e+02 8.875745433073300994e-01
1.426140591635091369e+03 6.796701360020504126e+02 8.883039446425273766e-01
1.426161424675513445e+03 6.801122423545070887e+02 8.885645204193612923e-01
1.426182257714538537e+03 6.794074744953593381e+02 8.881431264188592856e-01
1.426203090752632306e+03 6.782046824992547727e+02 8.880582598334576527e-01
1.426223923789794526e+03 6.769240898312002628e+02 8.867117927715262304e-01
1.426244756825559534e+03 6.762383389117047727e+02 8.877022284478598424e-01
1.426265589860392538e+03 6.804147011303605268e+02 8.885424844634454145e-01
1.426286422894294901e+03 6.793266940523454878e+02 8.878567153356180519e-01
1.426307255926800508e+03 6.766075383165183439e+02 8.870289465837538634e-01
1.426328088958375020e+03 6.774903369779804052e+02 8.882319776412190837e-01
1.426348921989018436e+03 6.766813892455110135e+02 8.872003465819476853e-01
1.426369755018264641e+03 6.765052551683619413e+02 8.870361365082406468e-01
1.426390588046579524e+03 6.777832232501812086e+02 8.869131942170174199e-01
1.426411421073961947e+03 6.780224166594252893e+02 8.876567030631723476e-01
1.426432254099948523e+03 6.779245687893698005e+02 8.886141244756986524e-01
1.426453087125003094e+03 6.771918692917097360e+02 8.884901929989251768e-01
1.426473920149126116e+03 6.757004759297386727e+02 8.917893612010822091e-01
1.426494753171853517e+03 6.784886814527463912e+02 8.879741570668719941e-01
1.426515586193649142e+03 6.791317670682713015e+02 8.882153690436049853e-01
1.426536419214512989e+03 6.769070390630442944e+02 8.886461191322607700e-01
1.426557252234445514e+03 6.781155090143554389e+02 8.873057502070148539e-01
1.426578085252981055e+03 6.762439730763043144e+02 8.880084233614777833e-01
1.426598918270585955e+03 6.774826662777396677e+02 8.886335427537255249e-01
1.426619751287259078e+03 6.757978699735965620e+02 8.867438560662316283e-01
1.426640584303000423e+03 6.759783797387084405e+02 8.874515412761438959e-01
1.426661417317345013e+03 6.763258111289038652e+02 8.878641670873382852e-01
1.426682250331224623e+03 6.759727697089817866e+02 8.884251178599145149e-01
1.426703083343707021e+03 6.786967402510707643e+02 8.888765539532047510e-01
1.426723916355257643e+03 6.776090267398052447e+02 8.882543568159383396e-01
1.426744749365411508e+03 6.771192986679581054e+02 8.875997594723884498e-01
1.426765582375099939e+03 6.762514078503876362e+02 8.878229802717169106e-01
1.426786415383391613e+03 6.747790309763540790e+02 8.880359092767636797e-01
1.426807248390751511e+03 6.773550714870315232e+02 8.905652678687149271e-01
1.426828081397179631e+03 6.777446839949213881e+02 8.892379466953983513e-01
1.426848914402676655e+03 6.755428671970398682e+02 8.874746453330421003e-01
1.426869747407241448e+03 6.775554641213880132e+02 8.901855321443384872e-01
1.426890580410876510e+03 6.783953995835885280e+02 8.884934130882263803e-01
1.426911413413114587e+03 6.764998273493437182e+02 8.902603540651308212e-01
1.426932246414421115e+03 6.780703001745702068e+02 8.883250471471791920e-01
1.426953079414795866e+03 6.767319709880999881e+02 8.882610671032764582e-01
1.426973912414705410e+03 6.775756816485942409e+02 8.889471948064554541e-01
1.426994745412752309e+03 6.773115276220050873e+02 8.884905619680829592e-01
1.427015578410334001e+03 6.782455481875093710e+02 8.900846213926775219e-01
1.427036411406983007e+03 6.760417975098677061e+02 8.891091413280916012e-01
1.427057244402701144e+03 6.783587785029607176e+02 8.885533851187694676e-01
1.427078077397022298e+03 6.771148810734811150e+02 8.886876031510821949e-01
1.427098910390878018e+03 6.796918041044979191e+02 8.894548927929533111e-01
1.427119743383336981e+03 6.771589957955313821e+02 8.885711948248152803e-01
1.427140576374864850e+03 6.797166440640859264e+02 8.884904277974978726e-01
1.427161409365926374e+03 6.778164867985071851e+02 8.895543673681008956e-01
1.427182242355591370e+03 6.777353023848306748e+02 8.883705047347693062e-01
1.427203075344325043e+03 6.796827839161278462e+02 8.886261645288117128e-01
1.427223908332126484e+03 6.802580924445932169e+02 8.889465242979303072e-01
1.427244741318997512e+03 6.750272851666636598e+02 8.911856509568786278e-01
1.427265574304936990e+03 6.774188209405131147e+02 8.884796605419889026e-01
1.427286407289945146e+03 6.800605113474086920e+02 8.932679430197488779e-01
1.427307240274021979e+03 6.801908244533657353e+02 8.895387550518508712e-01
1.427328073257167489e+03 6.794231954946694714e+02 8.900681812980180130e-01
1.427348906239381904e+03 6.787356213976479467e+02 8.896651868363620874e-01
1.427369739220665451e+03 6.804792046120785471e+02 8.888452717060203456e-01
1.427390572201016994e+03 6.790170206446782686e+02 8.894796535873167320e-01
1.427411405179971553e+03 6.788223674175362703e+02 8.886836124525347991e-01
1.427432238158459995e+03 6.787651399250278246e+02 8.901197439177020998e-01
1.427453071136017570e+03 6.794361680797989038e+02 8.891533521950164554e-01
1.427473904112644050e+03 6.791890455317188753e+02 8.895003931538922881e-01
1.427494737088338297e+03 6.804881940654457821e+02 8.887432363174966321e-01
1.427515570063102587e+03 6.809368300423276423e+02 8.900209017774461939e-01
1.427536403036935098e+03 6.788268293498121011e+02 8.893468955043430935e-01
1.427557236009370627e+03 6.809833666772905190e+02 8.903839722127345757e-01
1.427619734922485577e+03 6.803469832488872271e+02 8.903030683688030189e-01
1.427640567892126001e+03 6.792209276115023613e+02 8.888721952923850367e-01
1.427661400860370577e+03 6.775884556271475958e+02 8.889759256216328565e-01
1.427682233827683831e+03 6.800534915096926625e+02 8.886545368221931973e-01
1.427703066794066444e+03 6.773751603551068001e+02 8.888114065103609462e-01
1.427723899759517508e+03 6.775874134640033617e+02 8.883576896207994178e-01
1.427744732724502001e+03 6.778700522054911062e+02 8.912772082740759716e-01
1.427765565688089509e+03 6.773816569621080816e+02 8.878769221928833888e-01
1.427786398651212039e+03 6.778555167236957004e+02 8.880710121513051281e-01
1.427807231612936448e+03 6.782760622017068499e+02 8.883184715397187681e-01
1.427828064574196105e+03 6.778913278782976022e+02 8.880191292098503775e-01
1.427848897534058324e+03 6.793626344268097910e+02 8.910268579667180999e-01
1.427869730493454881e+03 6.809525403784176660e+02 8.901026348341157801e-01
1.427890563451920571e+03 6.790341232221527434e+02 8.883518523086523233e-01
1.427911396409454937e+03 6.788686865105822790e+02 8.881728563294066792e-01
1.427932229366058891e+03 6.787914573504173177e+02 8.883111913461103626e-01
1.427953062321730613e+03 6.798129234042519329e+02 8.914564167051728383e-01
1.427973895276471012e+03 6.802767678317064792e+02 8.880511453028685498e-01
1.427994728230745295e+03 6.792860432961231254e+02 8.889821611251640388e-01
1.428015561183622594e+03 6.791239229573752709e+02 8.881301402427111968e-01
1.428036394136034005e+03 6.798994850282397238e+02 8.909463135528553623e-01
1.428057227087515002e+03 6.808585109701651845e+02 8.925104094680975653e-01
1.428078060037598334e+03 6.788327895250474739e+02 8.886151976903980954e-01
1.428098892987216459e+03 6.771752292934056641e+02 8.876760751383447889e-01
1.428119725935904171e+03 6.817824357360782415e+02 8.894237314090978064e-01
1.428140558884125312e+03 6.798550334209265884e+02 8.888261933534992165e-01
1.428161391830949015e+03 6.781117280885188165e+02 8.889131658603214303e-01
1.428182224776842304e+03 6.795079358680014820e+02 8.894375698788392626e-01
1.428203057722268568e+03 6.810414980867068380e+02 8.882197309275943198e-01
1.428223890666763509e+03 6.808622985921658710e+02 8.920361565865732034e-01
1.428244723610328037e+03 6.812862727555115043e+02 8.884262583930786494e-01
1.428265556552962153e+03 6.816552936440455142e+02 8.906828209026891319e-01
1.428286389494663581e+03 6.804337195877401427e+02 8.922799110989059201e-01
1.428307222435434142e+03 6.790520642593700131e+02 8.882112420105703343e-01
1.428328055375739041e+03 6.806707532560774325e+02 8.882927389752318659e-01
1.428348888314646956e+03 6.814527548151148721e+02 8.888250533335283476e-01
1.428369721253089665e+03 6.816854526127696090e+02 8.889078350995113231e-01
1.428390554190599687e+03 6.813807698456868138e+02 8.884046551043561779e-01
1.428411387127178841e+03 6.796401767502633220e+02 8.919298083781174169e-01
1.428432220062827582e+03 6.799836362601822657e+02 8.886294847376039474e-01
1.428453052998009980e+03 6.811308217465493726e+02 8.881804396461656648e-01
1.428473885932261510e+03 6.802473599001809816e+02 8.886048344067849492e-01
1.428494718865115374e+03 6.803371904323860235e+02 8.911346182162985796e-01
1.428515551797504941e+03 6.814681664181140377e+02 8.887874989170364559e-01
1.428536384729427482e+03 6.836706922295658160e+02 8.889797809112354177e-01
1.428557217659953494e+03 6.809934331965756655e+02 8.894916819247312700e-01
1.428578050590013390e+03 6.796976649405247599e+02 8.876636528857365649e-01
1.428598883518676303e+03 6.808037303425506934e+02 8.884028100786418580e-01
1.428619716446874008e+03 6.830066041429032566e+02 8.905891277383756188e-01
1.428640549374140392e+03 6.800683785131632249e+02 8.883882174675382659e-01
1.428661382300941113e+03 6.768372045099514480e+02 8.881051404801011406e-01
1.428682215226344397e+03 6.796291577433395332e+02 8.882097656688929810e-01
1.428703048151282928e+03 6.790496688352423007e+02 8.878306672796378862e-01
1.428723881075290137e+03 6.788571611496630567e+02 8.884797611711491294e-01
1.428744713998365569e+03 6.793415123194099579e+02 8.880374530269926625e-01
1.428765546920510133e+03 6.777004914988330029e+02 8.867920160483927505e-01
1.428786379842188580e+03 6.772158134516157588e+02 8.886020842594496427e-01
1.428807212762934341e+03 6.794409277408734624e+02 8.876019755059116889e-01
1.428828045682750599e+03 6.788651033486436290e+02 8.903467513325004079e-01
1.428848878601634624e+03 6.789627774847695036e+02 8.873801768369944387e-01
1.428869711520053897e+03 6.785747010238652592e+02 8.874353882279353289e-01
1.428890544437076187e+03 6.768910755125181140e+02 8.896399287163422320e-01
1.428911377353632361e+03 6.770683110863659522e+02 8.887035993006741075e-01
1.428932210269256984e+03 6.778831664869092037e+02 8.871422315162696970e-01
1.428953043184416856e+03 6.802453829246215946e+02 8.889102825597016144e-01
1.428973876098178607e+03 6.779113636159705720e+02 8.861837915996300108e-01
1.428994709011474015e+03 6.771660379328196768e+02 8.881203082052671061e-01
1.429015541923839464e+03 6.770364052328026219e+02 8.880261097562019978e-01
1.429036374835739025e+03 6.787724711157090951e+02 8.873065563050392957e-01
1.429057207746242057e+03 6.787626514212180382e+02 8.876862478265523659e-01
1.429078040656278972e+03 6.773094854602417172e+02 8.860036848801049469e-01
1.429098873565385020e+03 6.756487683319321604e+02 8.861189506712795483e-01
1.429119706473559518e+03 6.786287687363867462e+02 8.871256025166351922e-01
1.429140539381267899e+03 6.782674418240610521e+02 8.873139119156837618e-01
1.429161372288045186e+03 6.798965037447754867e+02 8.870645596578334846e-01
1.429182205193891605e+03 6.748380590606160467e+02 8.859193197870941505e-01
1.429203038098805337e+03 6.772294052833815385e+02 8.868336204031761483e-01
1.429223871002788428e+03 6.757376435328309299e+02 8.878424829873641233e-01
1.429244703906305858e+03 6.765746118028232559e+02 8.869550280927316344e-01
1.429265536808892193e+03 6.768148681939915150e+02 8.864513783942236103e-01
1.429286369711014004e+03 6.766183978516936577e+02 8.859857899256080582e-01
1.429307202611737466e+03 6.768487712283929341e+02 8.870084180206669888e-01
1.429328035511995040e+03 6.754006616191630883e+02 8.855882740145571974e-01
1.429348868411323110e+03 6.751325741665859823e+02 8.880255056726288343e-01
1.429369701310183018e+03 6.783253245774194511e+02 8.863052210532105235e-01
1.429390534208112058e+03 6.777979854666419897e+02 8.861332107015029713e-01
1.429411367105110912e+03 6.793183952834410775e+02 8.876305148371456122e-01
1.429432200001177989e+03 6.764126207740960126e+02 8.883715111495033012e-01
1.429453032896313971e+03 6.766874706055855313e+02 8.869320785080426761e-01
1.429473865790984519e+03 6.791650903547582629e+02 8.865544843395385399e-01
1.429494698684723517e+03 6.771086015533583122e+02 8.870614687684426070e-01
1.429515531577996171e+03 6.774278269769539520e+02 8.890450165811183414e-01
1.429536364469872979e+03 6.770735174439736284e+02 8.860676933847276837e-01
1.429557197361282988e+03 6.766511824153553789e+02 8.864060577386990714e-01
1.429578030251760993e+03 6.739035224971273692e+02 8.855544861885845664e-01
1.429598863141775382e+03 6.772996774099458435e+02 8.870412769325431990e-01
1.429619696030857540e+03 6.779590823619856792e+02 8.868410471464996947e-01
1.429640528919007920e+03 6.752513253798692858e+02 8.879005186550937845e-01
1.429661361806227887e+03 6.773060936120493807e+02 8.866549565562574786e-01
1.429682194692982648e+03 6.761256163842245996e+02 8.857866673515006894e-01
1.429703027578805177e+03 6.756529927970397011e+02 8.856623738761164599e-01
1.429723860463696838e+03 6.787570496603614174e+02 8.894260434202342358e-01
1.429744693348122837e+03 6.779377463235606456e+02 8.879370029888693505e-01
1.429765526231616150e+03 6.782015079611477404e+02 8.881125565904782748e-01
1.429786359114178595e+03 6.754359508456818730e+02 8.859504025981363995e-01
1.429807191996275833e+03 6.775408919718202014e+02 8.882506325845911377e-01
1.429828024876976542e+03 6.776193570797859138e+02 8.883806359243940909e-01
1.429848857757677024e+03 6.760762844178207160e+02 8.858001925518406150e-01
1.429869690636980522e+03 6.788735280575662046e+02 8.877241509750282145e-01
1.429890523515818586e+03 6.800845075227566667e+02 8.880278548842160946e-01
1.429911356393724418e+03 6.775358029255149859e+02 8.868692077167985577e-01
1.429932189270699837e+03 6.778955902731760261e+02 8.870020006473346985e-01
1.429953022147209595e+03 6.771068613150731608e+02 8.856296993607435386e-01
1.429973855022786665e+03 6.789983214497400468e+02 8.873459534534596793e-01
1.429994687897432868e+03 6.809880489372834518e+02 8.873227788721161913e-01
1.430015520771615002e+03 6.816563347881258323e+02 8.878332519791397592e-01
1.430036353644864448e+03 6.808968330083855562e+02 8.875235379818395831e-01
1.430057186517183027e+03 6.793265483230575228e+02 8.879041772253721820e-01
1.430078019389035944e+03 6.798214699734119222e+02 8.911230133779349805e-01
1.430098852259957312e+03 6.800095372169672601e+02 8.870579747065971965e-01
1.430119685129946902e+03 6.786313044512353372e+02 8.866488391355563659e-01
1.430140517999471513e+03 6.809127444386946308e+02 8.884032461759746591e-01
1.430161350868065028e+03 6.789197211136258829e+02 8.867728599137723045e-01
1.430182183735726539e+03 6.827172658516808497e+02 8.881549379697366575e-01
1.430203016602923071e+03 6.815283856155554076e+02 8.871183461281991756e-01
1.430223849469187826e+03 6.824202494924307985e+02 8.874884806140619364e-01
1.430244682334522167e+03 6.814261239578960385e+02 8.927834105701334400e-01
1.430265515199389483e+03 6.830024218720587896e+02 8.873131729986480920e-01
1.430286348063325931e+03 6.834701097253647504e+02 8.886187191670265051e-01
1.430307180926331966e+03 6.814942689405030478e+02 8.867761534540939961e-01
1.430328013788871431e+03 6.823536151263259626e+02 8.861756194825132216e-01
1.430348846650479118e+03 6.838828563037685626e+02 8.879945961813563438e-01
1.430369679505568001e+03 6.847417711994015690e+02 8.900165487208188120e-01
1.430390512365779614e+03 6.854166182265176985e+02 8.886550734053022538e-01
1.430411345225059449e+03 6.851625772724214585e+02 8.889707963843290761e-01
1.430432178083873623e+03 6.843716418204448928e+02 8.904086402301625291e-01
1.430453010941290813e+03 6.856281024981340124e+02 8.883926120492086076e-01
1.430473843798708913e+03 6.853477192641969395e+02 8.872502284432614017e-01
1.430494676654729574e+03 6.854001680258618308e+02 8.889416295703749249e-01
1.430515509510284119e+03 6.867369236560915624e+02 8.885671365239556918e-01
1.430536342364906886e+03 6.882664931432707363e+02 8.917969471834933382e-01
1.430557175219064447e+03 6.854772895092013414e+02 8.879063253697040414e-01
1.430619673776414857e+03 6.850419179629727751e+02 8.956936609073471445e-01
1.430640506627314153e+03 6.814406805645160148e+02 8.886523904865170076e-01
1.430661339477280308e+03 6.816116938649016674e+02 8.883610443805390888e-01
1.430682172326781483e+03 6.830154975723249891e+02 8.895608333330012885e-01
1.430703005175352018e+03 6.831603811014508665e+02 8.896151053824569166e-01
1.430723838022990094e+03 6.817490773049235031e+02 8.888334022694571734e-01
1.430744670870161372e+03 6.831281558833164809e+02 8.894484595644241987e-01
1.430765503716403146e+03 6.842496640518763797e+02 8.892288642325517634e-01
1.430786336562179486e+03 6.827262566452708370e+02 8.919899502987805873e-01
1.430807169407024503e+03 6.820954041068118840e+02 8.887349200679544037e-01
1.430828002250937516e+03 6.822154131120501006e+02 8.911468248716657437e-01
1.430848835094384867e+03 6.843613644432024330e+02 8.897707004052345381e-01
1.430869667936900896e+03 6.828453446652662251e+02 8.885857508919622338e-01
1.430890500778952628e+03 6.823384989865181751e+02 8.906371132545559677e-01
1.430911333619606467e+03 6.833246611251715876e+02 8.900695541077658923e-01
1.430932166460258941e+03 6.832720949374142947e+02 8.889406238011008377e-01
1.430952999299514886e+03 6.834773354573823099e+02 8.889867203903872861e-01
1.430973832138306079e+03 6.822400521444699280e+02 8.896587551284943496e-01
1.430994664976632066e+03 6.828648764801044990e+02 8.893992371248988782e-01
1.431015497813560160e+03 6.821397987461664343e+02 8.897156004358730552e-01
1.431036330650488026e+03 6.826443200632285198e+02 8.900297752500215820e-01
1.431057163486019817e+03 6.815069062771864310e+02 8.896238154030507994e-01
1.431077996321086175e+03 6.808411004148865686e+02 8.882085241978558976e-01
1.431098829155220983e+03 6.820129153426162247e+02 8.900414613110058104e-01
1.431119661988888538e+03 6.822381788005008048e+02 8.914871727389127587e-01
1.431140494821624998e+03 6.823198031954916587e+02 8.896264283926000882e-01
1.431161327653896933e+03 6.801840043013478407e+02 8.890552071270561019e-01
1.431182160484771885e+03 6.825587091170832537e+02 8.893718268524846149e-01
1.431202993315646836e+03 6.842872899250913861e+02 8.893365407470770201e-01
1.431223826145124349e+03 6.820074584484794968e+02 8.876763101522591182e-01
1.431244658974136428e+03 6.816725107574236517e+02 8.885278606050291961e-01
1.431265491802682845e+03 6.811377846145492185e+02 8.890466591441165134e-01
1.431286324630299077e+03 6.814113194862417231e+02 8.901212170915181465e-01
1.431307157456983077e+03 6.830621792598130924e+02 8.883414188563361069e-01
1.431327990283200506e+03 6.816055953195415213e+02 8.885720333144180305e-01
1.431348823108486158e+03 6.807062078076900207e+02 8.882885452011201055e-01
1.431369655932841852e+03 6.827830523030619361e+02 8.903716881553990214e-01
1.431390488756731884e+03 6.818049142535642204e+02 8.889330469693266235e-01
1.431411321579691048e+03 6.791505172598913305e+02 8.877718549405362314e-01
1.431432154402183642e+03 6.819942931803769852e+02 8.886663415757500850e-01
1.431452987223744913e+03 6.820432976554553761e+02 8.878890393734294451e-01
1.431473820044840977e+03 6.823843690339948580e+02 8.902684886868974523e-01
1.431494652864540058e+03 6.815824868646523100e+02 8.894001753588796078e-01
1.431515485684239138e+03 6.814124582359404485e+02 8.879831516776777178e-01
1.431536318502539871e+03 6.810301220325981149e+02 8.884021727052319184e-01
1.431557151320841513e+03 6.809676176976379338e+02 8.889238943386252867e-01
1.431577984137747080e+03 6.812967789268529941e+02 8.885909158907308036e-01
1.431598816954186077e+03 6.800646811756407715e+02 8.880564140880726764e-01
1.431619649769695116e+03 6.812833013756722949e+02 8.888134518706708453e-01
1.431640482584737128e+03 6.815769160118852596e+02 8.903058802103166469e-01
1.431661315398848046e+03 6.819934479011832309e+02 8.881349723304367005e-01
1.431682148212492848e+03 6.812769418394598233e+02 8.882820699750055837e-01
1.431702981025206554e+03 6.816004315785015706e+02 8.878862198780372861e-01
1.431723813837455054e+03 6.823874933498719884e+02 8.884439029254899145e-01
1.431744646648772004e+03 6.831262851664946538e+02 8.881957067467894928e-01
1.431765479459158087e+03 6.800894926707163677e+02 8.882473780633315386e-01
1.431786312269077371e+03 6.828675028165027925e+02 8.909290530882461034e-01
1.431807145078066014e+03 6.823480948208142536e+02 8.890036833336029121e-01
1.431827977886124017e+03 6.807825511863003385e+02 8.881872847083492895e-01
1.431848810693716132e+03 6.817118328541758956e+02 8.887983630363572862e-01
1.431869643500841903e+03 6.810431285211141130e+02 8.882633485894237957e-01
1.431890476307037488e+03 6.825329143879135927e+02 8.889671422037530579e-01
1.431911309112300387e+03 6.811308321504229752e+02 8.881890630737148129e-01
1.431932141917097397e+03 6.835935829921925233e+02 8.889529611588948832e-01
1.431952974720963994e+03 6.814862203524040751e+02 8.888550286665305444e-01
1.431973807523898813e+03 6.833418931439633752e+02 8.910232122182684122e-01
1.431994640326834087e+03 6.840505948167771066e+02 8.920902112303396025e-01
1.432015473128372832e+03 6.818889835584616321e+02 8.898317920661701352e-01
1.432036305929445916e+03 6.826113497663044427e+02 8.902228601973910527e-01
1.432057138729586313e+03 6.818265544770619044e+02 8.889251348105778883e-01
1.432077971529261958e+03 6.815594943780331505e+02 8.897625277377646524e-01
1.432098804328005372e+03 6.817244670470122401e+02 8.907015248934972984e-01
1.432119637126284033e+03 6.808084128738023537e+02 8.887826368453136672e-01
1.432140469923630917e+03 6.820085471107178137e+02 8.887319020549243609e-01
1.432161302720513049e+03 6.816121622797547843e+02 8.887522902103751621e-01
1.432182135516463859e+03 6.828069396884069420e+02 8.886489362166530848e-01
1.432202968311482891e+03 6.843344835583870918e+02 8.903379479651316597e-01
1.432223801106035353e+03 6.822480366057778838e+02 8.890355969265455460e-01
1.432244633899656947e+03 6.832800456136163803e+02 8.897167393147599190e-01
1.432265466692814016e+03 6.816727722133812222e+02 8.890235959409117372e-01
1.432286299485038398e+03 6.826327598142771649e+02 8.897733799519985665e-01
1.432307132276796892e+03 6.819200807879594777e+02 8.888130830355529532e-01
1.432327965067625883e+03 6.834604386985802194e+02 8.897061208873943139e-01
1.432348797857987847e+03 6.811369066954051732e+02 8.892354331079537211e-01
1.432369630647419854e+03 6.803885280197074508e+02 8.901408368557888195e-01
1.432390463435918491e+03 6.825611905096171768e+02 8.907765711253482488e-01
1.432411296223952377e+03 6.818551253527456311e+02 8.888520110613178371e-01
1.432432129011055622e+03 6.817732706229688802e+02 8.890488715711134526e-01
1.432452961797692979e+03 6.812691992144458482e+02 8.883210883689267590e-01
1.432473794583864446e+03 6.801929240178517375e+02 8.889070304535933165e-01
1.432494627368638703e+03 6.819789579192230349e+02 8.923646767656771006e-01
1.432515460153411823e+03 6.811142375727004037e+02 8.894273166991633062e-01
1.432536292936790005e+03 6.815477394672146829e+02 8.901799411711216470e-01
1.432557125720168187e+03 6.809834260869497484e+02 8.883172302206039372e-01
1.432577958502147339e+03 6.794362258689583314e+02 8.883494033099504916e-01
1.432598791283662194e+03 6.826966734785725066e+02 8.930773184283271604e-01
1.432619624064711843e+03 6.838328363331302171e+02 8.890457205370605465e-01
1.432640456844830169e+03 6.800484460363525159e+02 8.887344505999339450e-01
1.432661289624015808e+03 6.821574678833496819e+02 8.909727388101138512e-01
1.432682122402736695e+03 6.808326485827878969e+02 8.880915497098518241e-01
1.432702955180991466e+03 6.806430285036850591e+02 8.888895627522563903e-01
1.432723787958315825e+03 6.820088243551703044e+02 8.886920968574071322e-01
1.432744620734708406e+03 6.822494804247854745e+02 8.881087982074384879e-01
1.432765453510635325e+03 6.828763321583114703e+02 8.890444802333595797e-01
1.432786286285630467e+03 6.827560277071879682e+02 8.884424605148900644e-01
1.432807119060159948e+03 6.837010863307227737e+02 8.902584459332132383e-01
1.432827951833759016e+03 6.834026630073931301e+02 8.879592889096810104e-01
1.432848784606891968e+03 6.829424908178606302e+02 8.885474149302636793e-01
1.432869617379093597e+03 6.840338259216165397e+02 8.894873932882669809e-01
1.432890450150829110e+03 6.838747645203551428e+02 8.887352889355107921e-01
1.432911282921632846e+03 6.832907992513602267e+02 8.871805610130079067e-01
1.432932115691972513e+03 6.832067115044416141e+02 8.881241000960835574e-01
1.432952948461380402e+03 6.819829061920245294e+02 8.877419101751482522e-01
1.432973781230322857e+03 6.843172331551618299e+02 8.882747223814685400e-01
1.432994613998333534e+03 6.842760121983320687e+02 8.876867178489323829e-01
1.433015446765879005e+03 6.844700843326030508e+02 8.884149871775469665e-01
1.433036279532492017e+03 6.833864874824867002e+02 8.878157631513008408e-01
1.433057112298174161e+03 6.831486340725667787e+02 8.880078863876272877e-01
1.433077945063855623e+03 6.860222532921438869e+02 8.907056403879503037e-01
1.433098777828141010e+03 6.832679796919617274e+02 8.879590539706618824e-01
1.433119610591960509e+03 6.849472881279421017e+02 8.899582491950752683e-01
1.433140443355315028e+03 6.840632321682803649e+02 8.876126862566129372e-01
1.433161276117737998e+03 6.858730617628660866e+02 8.897469190740876499e-01
1.433182108879695079e+03 6.878462874340016242e+02 8.895463937300884805e-01
1.433202941640720837e+03 6.837178956231647362e+02 8.896995219901345786e-01
1.433223774400815500e+03 6.817085874071386797e+02 8.883103190608457878e-01
1.433244607160910164e+03 6.836816672422118017e+02 8.881978541860447995e-01
1.433265439919607616e+03 6.832723821867476772e+02 8.887130560084057773e-01
1.433286272677838497e+03 6.841267026762092200e+02 8.897987012704917653e-01
1.433307105435605081e+03 6.831121551921144146e+02 8.888840642109376855e-01
1.433327938192439888e+03 6.847574242394803150e+02 8.903843069258214893e-01
1.433348770948809033e+03 6.822355157039530695e+02 8.895942009850896781e-01
1.433369603704246856e+03 6.832857924437184920e+02 8.887271738139046473e-01
1.433390436459219472e+03 6.831823672296810628e+02 8.887804908189890218e-01
1.433411269213259857e+03 6.824082636697619364e+02 8.890656322028525071e-01
1.433432101966834580e+03 6.825044039069198334e+02 8.879520728971579402e-01
1.433452934719477526e+03 6.843131334554900604e+02 8.890618778488047491e-01
1.433473767471655492e+03 6.842011487237932670e+02 8.881310798173834842e-01
1.433494600222903046e+03 6.834646440549789759e+02 8.877060556968172644e-01
1.433515432973684028e+03 6.873408124321831565e+02 8.882648919443770774e-01
1.433536265723534143e+03 6.825853565863283166e+02 8.874224588610701847e-01
1.433557098472918824e+03 6.862978881399054671e+02 8.880889322042886391e-01
1.433619596716881006e+03 6.759702804156542015e+02 8.877131394210904247e-01
1.433640429463470809e+03 6.765800111309450813e+02 8.871561727606073200e-01
1.433661262209129291e+03 6.766969419090927431e+02 8.871979615876882663e-01
1.433682094954323020e+03 6.760123596544771090e+02 8.873529392954884187e-01
1.433702927699050178e+03 6.785207353738019265e+02 8.887282133584137878e-01
1.433723760442846924e+03 6.778740113775241980e+02 8.890557769896632045e-01
1.433744593186178008e+03 6.768165339827687603e+02 8.879064931932610927e-01
1.433765425928576860e+03 6.770658827351057880e+02 8.877328124062368042e-01
1.433786258670510961e+03 6.776738879540181415e+02 8.894073796225396844e-01
1.433807091411513511e+03 6.776379182376826975e+02 8.880465476749528353e-01
1.433827924152050400e+03 6.770419324624650699e+02 8.874220894478204169e-01
1.433848756892120946e+03 6.768576407180196384e+02 8.872555019845463908e-01
1.433869589631260169e+03 6.782598668210349615e+02 8.883062595681535667e-01
1.433890422369468524e+03 6.766853569383339391e+02 8.877129044169262961e-01
1.433911255107211446e+03 6.760015566072623869e+02 8.877235131143502711e-01
1.433932087844489160e+03 6.751456066208270386e+02 8.877273738430245809e-01
1.433952920580834871e+03 6.786725774142938690e+02 8.881040666490315205e-01
1.433973753316714919e+03 6.741814834430230121e+02 8.877899488776016534e-01
1.433994586052128852e+03 6.754210110423827018e+02 8.888842318498951789e-01
1.434015418786147166e+03 6.749474660869423133e+02 8.865206997214142293e-01
1.434036251520164114e+03 6.769122403475022338e+02 8.874183953068642827e-01
1.434057084253249513e+03 6.760339545393228491e+02 8.883248458537954528e-01
1.434077916985870161e+03 6.773008260972745802e+02 8.895860266961115315e-01
1.434098749717559485e+03 6.762630217889990263e+02 8.867317568459418542e-01
1.434119582448783149e+03 6.763530375887492028e+02 8.871117951709921456e-01
1.434140415179074807e+03 6.750204002814462001e+02 8.884684570908822909e-01
1.434161247909367830e+03 6.768477872806267897e+02 8.875204822701993068e-01
1.434182080638262960e+03 6.758512191964600788e+02 8.876893029675743119e-01
1.434202913366692883e+03 6.741626018696526899e+02 8.873909238490010898e-01
1.434223746094657145e+03 6.746910626759608931e+02 8.871739433303565958e-01
1.434244578822154381e+03 6.755481213346358800e+02 8.874825704233157975e-01
1.434265411548720976e+03 6.738811720229435878e+02 8.878853471752680138e-01
1.434286244274356022e+03 6.734018727966456481e+02 8.863527660214598480e-01
1.434307076999991978e+03 6.752347098044107270e+02 8.875931449151808206e-01
1.434327909724696383e+03 6.733001089872066132e+02 8.863157121000114769e-01
1.434348742448469466e+03 6.762684406627822682e+02 8.883228329174495119e-01
1.434369575171776887e+03 6.744771267428600368e+02 8.875445247280759897e-01
1.434390407894618875e+03 6.748672638088099802e+02 8.868152044998257599e-01
1.434411240616529085e+03 6.755103617449765352e+02 8.866046714501309989e-01
1.434432073337972952e+03 6.748090140360825444e+02 8.885901109578325796e-01
1.434452906058951612e+03 6.759115713052652836e+02 8.883931487905183388e-01
1.434473738778999177e+03 6.757125656988074525e+02 8.866402343404946595e-01
1.434494571498581081e+03 6.761131705866476977e+02 8.881696015231514973e-01
1.434515404217698006e+03 6.745118215846592875e+02 8.869324817269542693e-01
1.434536236935883153e+03 6.757460253594734922e+02 8.883465517276121215e-01
1.434557069653601957e+03 6.727199603658732485e+02 8.857418846794375966e-01
1.434577902370389893e+03 6.748840229190668651e+02 8.865564004434784984e-01
1.434598735087178511e+03 6.748000931897923920e+02 8.879219999530594265e-01
1.434619567802569009e+03 6.741792108089349540e+02 8.865767041676324567e-01
1.434640400517959506e+03 6.734976806601164299e+02 8.866903829868529874e-01
1.434661233232418908e+03 6.745375377424137469e+02 8.889743835011103545e-01
1.434682065946414468e+03 6.744755684362754664e+02 8.865066812481869896e-01
1.434702898659943003e+03 6.745794341494827222e+02 8.870281738313920972e-01
1.434723731372540442e+03 6.740568888700000798e+02 8.884155909962897502e-01
1.434744564084671993e+03 6.745284621032420773e+02 8.866352932680862109e-01
1.434765396796337882e+03 6.748104294367299190e+02 8.871383682411203564e-01
1.434786229507072449e+03 6.732603453555724400e+02 8.865269861110370853e-01
1.434807062217340899e+03 6.725953021288383979e+02 8.862782867393939057e-01
1.434827894927143916e+03 6.741874911476762691e+02 8.865996629511672111e-01
1.434848727636015155e+03 6.738640270142489044e+02 8.864041413097694111e-01
1.434869560344886850e+03 6.745013645024663447e+02 8.862637936550364914e-01
1.434890393052827449e+03 6.733932523594252189e+02 8.869894681561180105e-01
1.434911225759837180e+03 6.734242063960213045e+02 8.870716821010793396e-01
1.434932058466846001e+03 6.726048508387478932e+02 8.867304460871660021e-01
1.434952891172923955e+03 6.729273228882193507e+02 8.885445639833987608e-01
1.434973723878536020e+03 6.731577995501281748e+02 8.868378882678001895e-01
1.434994556583682879e+03 6.754290036421065224e+02 8.872640000456333276e-01
1.435015389287897506e+03 6.725364502172499215e+02 8.868965609230138325e-01
1.435036221991646926e+03 6.759903469142730046e+02 8.918954254249493729e-01
1.435057054694932049e+03 6.728586567826896498e+02 8.875689023095014729e-01
1.435077887397750146e+03 6.750228273705140509e+02 8.869801274710868988e-01
1.435098720100102582e+03 6.749065711303948092e+02 8.887448794382399875e-01
1.435119552801524151e+03 6.742298254652370133e+02 8.859836371247711284e-01
1.435140385502944810e+03 6.749323837805563926e+02 8.868991819476222949e-01
1.435161218203435055e+03 6.726355319916835924e+02 8.860749583773391835e-01
1.435182050903459640e+03 6.723924507339813772e+02 8.867996783863769661e-01
1.435202883603018108e+03 6.727383435567264769e+02 8.863019257628815817e-01
1.435223716301644345e+03 6.730404019626139416e+02 8.867266818460632916e-01
1.435244549000271036e+03 6.729976046551313402e+02 8.863097940888783333e-01
1.435265381697966859e+03 6.729780832688489909e+02 8.921323368368919704e-01
1.435286214395197931e+03 6.726579958615044461e+02 8.858114633943713345e-01
1.435307047092429002e+03 6.735198962997849321e+02 8.867641554983229923e-01
1.435327879788728524e+03 6.729427655253698504e+02 8.859903309727191756e-01
1.435348712484561929e+03 6.731518855569285051e+02 8.865208005729364737e-01
1.435369545179464012e+03 6.730917498965909544e+02 8.864150010189201234e-01
1.435390377874366095e+03 6.729378734396586879e+02 8.858493458319506297e-01
1.435411210568801380e+03 6.733352042068257788e+02 8.872900647371879668e-01
1.435432043262771913e+03 6.745274002291532724e+02 8.882429492111224567e-01
1.435452875955811123e+03 6.744559872643460494e+02 8.867472841486332413e-01
1.435473708648851016e+03 6.742227934139152694e+02 8.867428814129331149e-01
1.435494541341423883e+03 6.730890415845317420e+02 8.869297599957435274e-01
1.435515374033067474e+03 6.752478019316838527e+02 8.862722003453628039e-01
1.435536206724711064e+03 6.723461162371074806e+02 8.868347293778487961e-01
1.435557039415887175e+03 6.749494466639337134e+02 8.871714910800876375e-01
1.435577872106598079e+03 6.715086618019327034e+02 8.875140685994645784e-01
1.435598704796377660e+03 6.732825791701882281e+02 8.858732654354855018e-01
1.435619537486157014e+03 6.739704723713025487e+02 8.868569085800900309e-01
1.435640370175471162e+03 6.723333740705525088e+02 8.863183348423087082e-01
1.435661202864318966e+03 6.745818593118906392e+02 8.863904908364771407e-01
1.435682035553168134e+03 6.731117835950963126e+02 8.855267213228453782e-01
1.435702868241085525e+03 6.744952021859400020e+02 8.869721306913588288e-01
1.435723700929002916e+03 6.753241995813006042e+02 8.858423817753507956e-01
1.435744533616455101e+03 6.749659114436036589e+02 8.869555657039954744e-01
1.435765366303440487e+03 6.747406856498143952e+02 8.884875095822593050e-01
1.435786198989961122e+03 6.760233831871785242e+02 8.874015699794414180e-01
1.435807031676014503e+03 6.763690221718721887e+02 8.870326759443838416e-01
1.435827864362067885e+03 6.748000839569360778e+02 8.890272834118392309e-01
1.435848697047656970e+03 6.760771385463741581e+02 8.862408261705367885e-01
1.435869529733246509e+03 6.774656063621471276e+02 8.870398994361420320e-01
1.435890362417905180e+03 6.770274165209366402e+02 8.863220671929662453e-01
1.435911195102562033e+03 6.750355201674761929e+02 8.857681623896016543e-01
1.435932027787220022e+03 6.777907530510689185e+02 8.870110387147495112e-01
1.435952860471411896e+03 6.771149485028132631e+02 8.858223640131157595e-01
1.435973693155137880e+03 6.775792821923805604e+02 8.899593207888755186e-01
1.435994525838863410e+03 6.756329457504932634e+02 8.888071816528511082e-01
1.436015358522588940e+03 6.776585580072709263e+02 8.885664992684179087e-01
1.436036191205384512e+03 6.793525464555988265e+02 8.902241658139650182e-01
1.436057023888645517e+03 6.805942293391092335e+02 8.871372260522016884e-01
1.436077856571440407e+03 6.772646004856277386e+02 8.877696393310627876e-01
1.436098689254235069e+03 6.788731023778385634e+02 8.873323174687433035e-01
1.436119521936564070e+03 6.815041704822746169e+02 8.879036737532925994e-01
1.436140354619359186e+03 6.796947701807921476e+02 8.878032085787822547e-01
1.436161187301222981e+03 6.785894878972136439e+02 8.886870665876143160e-01
1.436182019983551982e+03 6.788219462299755378e+02 8.914096788746634914e-01
1.436202852665880982e+03 6.768760006724302229e+02 8.983486960931074128e-01
1.436223685347745004e+03 6.801915167894195520e+02 9.040664478140646443e-01
1.436244518030074005e+03 6.791003841965251695e+02 9.110421056867777923e-01
1.436265350711937572e+03 6.810771890977460998e+02 9.184910039383310520e-01
1.436286183394267027e+03 6.793996551879421304e+02 9.277681043416262652e-01
1.436307016076131049e+03 6.808940710558007368e+02 9.363519632919913294e-01
1.436327848758461187e+03 6.800909182984127028e+02 9.443635828021044176e-01
1.436348681440790187e+03 6.798300879859217503e+02 9.540833829711542480e-01
1.436369514123119188e+03 6.807654014627244123e+02 9.634762544165551557e-01
1.436390346805447507e+03 6.827626245565560339e+02 9.757741568974144242e-01
1.436411179488241942e+03 6.816400260010939292e+02 9.862983321420892846e-01
1.436432012171037513e+03 6.829207980069982113e+02 1.000974537917159957e+00
1.436452844854298519e+03 6.858832989374072895e+02 1.017110354637461356e+00
1.436473677537559070e+03 6.798394443088138814e+02 1.036575323559732364e+00
1.436494510221285054e+03 6.821698217444800321e+02 1.058529165627451141e+00
1.436515342905477155e+03 6.811767161859256703e+02 1.083902496819709071e+00
1.436536175590134917e+03 6.792156307672692037e+02 1.111229756431575844e+00
1.436557008274792906e+03 6.830535924724458710e+02 1.143396641912728606e+00
1.436619506332489891e+03 6.775099670307351971e+02 1.243939393925313830e+00
1.436640339019475960e+03 6.774937634810980853e+02 1.277535193792753931e+00
1.436661171706927007e+03 6.739272475730806491e+02 1.312008129777957777e+00
1.436682004395310969e+03 6.768074697672220736e+02 1.351798990540424628e+00
1.436702837084159910e+03 6.742126605676601230e+02 1.391459825224328206e+00
1.436723669773939946e+03 6.762941574105623204e+02 1.435344489746275265e+00
1.436744502464650850e+03 6.763767028059667155e+02 1.482089079440973789e+00
1.436765335155826506e+03 6.749532441760782149e+02 1.527679328443701579e+00
1.436786167848400510e+03 6.754660555657355872e+02 1.578163297585077007e+00
1.436807000541905836e+03 6.817906904789097098e+02 1.631954643091389379e+00
1.436827833236342940e+03 6.874547001346518300e+02 1.692082998724576237e+00
