1.518557538483817552e+03 5.613873291015625000e+01 6.742216944694519043e-01
1.518578372491065693e+03 5.592572021484375000e+01 6.729238033294677734e-01
1.518599206497848627e+03 5.548815917968750000e+01 6.722925901412963867e-01
1.518620040504165445e+03 5.526956176757812500e+01 6.730070710182189941e-01
1.518640874510017511e+03 5.673541259765625000e+01 6.729089021682739258e-01
1.518661708515404371e+03 5.912237548828125000e+01 6.737785339355468750e-01
1.518682542519858998e+03 5.551174926757812500e+01 6.720122694969177246e-01
1.518703376523847510e+03 5.388839721679687500e+01 6.709398031234741211e-01
1.518724210527370815e+03 5.522863769531250000e+01 6.716344356536865234e-01
1.518745044529963479e+03 5.495550537109375000e+01 6.715433001518249512e-01
1.518765878532090028e+03 5.540563964843750000e+01 6.719766855239868164e-01
1.518786712533751142e+03 5.532730102539062500e+01 6.747416853904724121e-01
1.518807546534945686e+03 5.578042602539062500e+01 6.721017360687255859e-01
1.518828380535209817e+03 5.353250122070312500e+01 6.708976626396179199e-01
1.518849214534543080e+03 5.470034790039062500e+01 6.712310314178466797e-01
1.518870048533875433e+03 5.497769165039062500e+01 6.718277335166931152e-01
1.518890882532275555e+03 5.494271850585937500e+01 6.726247072219848633e-01
1.518911716529744353e+03 5.466897583007812500e+01 6.713936328887939453e-01
1.518932550526749992e+03 5.464172363281250000e+01 6.713872551918029785e-01
1.518953384523288605e+03 5.326150512695312500e+01 6.723310351371765137e-01
1.518974218518895668e+03 5.430603027343750000e+01 6.710016727447509766e-01
1.518995052513570954e+03 5.432061767578125000e+01 6.713995933532714844e-01
1.519015886508247149e+03 5.306448364257812500e+01 6.709910035133361816e-01
1.519036720501525906e+03 5.536309814453125000e+01 6.720235943794250488e-01
1.519057554494339911e+03 5.523577880859375000e+01 6.732246875762939453e-01
1.519078388486687345e+03 5.521939086914062500e+01 6.734199523925781250e-01
1.519099222478102547e+03 5.309027099609375000e+01 6.704502105712890625e-01
1.519120056469052543e+03 5.447625732421875000e+01 6.712397336959838867e-01
1.519140890459072580e+03 5.512936401367187500e+01 6.712114214897155762e-01
1.519161724448161522e+03 5.465313720703125000e+01 6.714271306991577148e-01
1.519182558436782529e+03 5.431784057617187500e+01 6.726484298706054688e-01
1.519203392424473805e+03 5.538754272460937500e+01 6.715983152389526367e-01
1.519224226411699419e+03 5.536462402343750000e+01 6.713150143623352051e-01
1.519245060397993484e+03 5.466949462890625000e+01 6.711016893386840820e-01
1.519265894383821887e+03 5.471148681640625000e+01 6.712918281555175781e-01
1.519286728368718514e+03 5.510726928710937500e+01 6.722420454025268555e-01
1.519307562352683362e+03 5.494540405273437500e+01 6.714428663253784180e-01
1.519328396336183459e+03 5.518026733398437500e+01 6.714826822280883789e-01
1.519349230318753143e+03 5.518997192382812500e+01 6.715364456176757812e-01
1.519370064300855574e+03 5.551803588867187500e+01 6.718060374259948730e-01
1.519390898282027138e+03 5.570587158203125000e+01 6.717477440834045410e-01
1.519411732262267378e+03 5.526300048828125000e+01 6.719946265220642090e-01
1.519432566242042867e+03 5.583590698242187500e+01 6.727995276451110840e-01
1.519453400220886579e+03 5.637158203125000000e+01 6.722331643104553223e-01
1.519474234198797603e+03 5.599182128906250000e+01 6.720520853996276855e-01
1.519495068176243876e+03 5.761389160156250000e+01 6.733010411262512207e-01
1.519515902152759509e+03 5.604937744140625000e+01 6.717562675476074219e-01
1.519536736128343364e+03 5.617047119140625000e+01 6.717867851257324219e-01
1.519557570103460876e+03 5.593280029296875000e+01 6.717139482498168945e-01
1.519578404077647974e+03 5.613397216796875000e+01 6.720795035362243652e-01
1.519599238050902386e+03 5.704699707031250000e+01 6.722461581230163574e-01
1.519620072023692501e+03 5.715203857421875000e+01 6.739334464073181152e-01
1.519640905995551520e+03 5.614508056640625000e+01 6.722142100334167480e-01
1.519661739966478308e+03 5.718725585937500000e+01 6.748529672622680664e-01
1.519682573936473545e+03 5.582977294921875000e+01 6.721610426902770996e-01
1.519703407906003576e+03 5.773928833007812500e+01 6.727421879768371582e-01
1.519724241874602967e+03 5.742340087890625000e+01 6.726486682891845703e-01
1.519745075842736696e+03 5.597375488281250000e+01 6.721641421318054199e-01
1.519765909809937511e+03 5.607873535156250000e+01 6.719787716865539551e-01
1.519786743776208368e+03 5.732354736328125000e+01 6.735627055168151855e-01
1.519807577741547448e+03 5.569226074218750000e+01 6.718788743019104004e-01
1.519828411705955659e+03 5.541891479492187500e+01 6.720517277717590332e-01
1.519849245669897527e+03 5.565176391601562500e+01 6.719184517860412598e-01
1.519870079632908528e+03 5.544091796875000000e+01 6.716879010200500488e-01
1.519890913595453640e+03 5.495825195312500000e+01 6.721485853195190430e-01
1.519911747556601995e+03 5.564978027343750000e+01 6.721342802047729492e-01
1.519932581517284689e+03 5.450256347656250000e+01 6.722327470779418945e-01
1.519953415477035833e+03 5.525698852539062500e+01 6.719870567321777344e-01
1.519974249436321315e+03 5.629095458984375000e+01 6.720106005668640137e-01
1.519995083394209360e+03 5.798577880859375000e+01 6.735458970069885254e-01
1.520015917351632197e+03 5.757348632812500000e+01 6.727307438850402832e-01
1.520036751308124622e+03 5.700476074218750000e+01 6.749052405357360840e-01
1.520057585264150475e+03 5.716616821289062500e+01 6.728019714355468750e-01
1.520078419218778436e+03 5.748962402343750000e+01 6.731224060058593750e-01
1.520099253172941644e+03 5.630664062500000000e+01 6.717854142189025879e-01
1.520120087126173985e+03 5.721871948242187500e+01 6.725749969482421875e-01
1.520140921078941119e+03 5.487063598632812500e+01 6.714165210723876953e-01
1.520161755030309450e+03 5.676019287109375000e+01 6.719167232513427734e-01
1.520182588981212575e+03 5.667343139648437500e+01 6.738911867141723633e-01
1.520203422931185969e+03 5.672994995117187500e+01 6.723712682723999023e-01
1.520224256880227585e+03 5.703823852539062500e+01 6.722825765609741211e-01
1.520245090828801949e+03 5.709292602539062500e+01 6.726263761520385742e-01
1.520265924776445445e+03 5.650036621093750000e+01 6.723592877388000488e-01
1.520286758723158073e+03 5.838659667968750000e+01 6.730704903602600098e-01
1.520307592668939833e+03 5.757000732421875000e+01 6.743306517601013184e-01
1.520328426613790498e+03 5.671975708007812500e+01 6.724401116371154785e-01
1.520349260558174592e+03 5.627935791015625000e+01 6.720438003540039062e-01
1.520370094501161475e+03 5.603744506835937500e+01 6.724368333816528320e-01
1.520390928443683606e+03 5.596929931640625000e+01 6.721765398979187012e-01
1.520411762385739621e+03 5.460974121093750000e+01 6.712547540664672852e-01
1.520432596326398652e+03 5.455068969726562500e+01 6.710353493690490723e-01
1.520453430266592022e+03 5.500183105468750000e+01 6.731713414192199707e-01
1.520474264205854524e+03 5.566903686523437500e+01 6.717128157615661621e-01
1.520495098144184340e+03 5.522299194335937500e+01 6.716205477714538574e-01
1.520536766018051821e+03 5.422320556640625000e+01 6.708332896232604980e-01
1.520557599954054467e+03 5.561724853515625000e+01 6.735736727714538574e-01
1.520578433889125336e+03 5.598577880859375000e+01 6.719279885292053223e-01
1.520599267823265563e+03 5.484448242187500000e+01 6.712430119514465332e-01
1.520620101756474014e+03 5.572909545898437500e+01 6.719273924827575684e-01
1.520640935688751597e+03 5.527593994140625000e+01 6.716445684432983398e-01
1.520661769620562609e+03 5.443692016601562500e+01 6.716068387031555176e-01
1.520682603551442526e+03 5.555502319335937500e+01 6.718082427978515625e-01
1.520703437481391120e+03 5.547064208984375000e+01 6.725095510482788086e-01
1.520724271410409074e+03 5.558847045898437500e+01 6.743755340576171875e-01
1.520745105338494795e+03 5.582598876953125000e+01 6.719768643379211426e-01
1.520765939266115311e+03 5.416171264648437500e+01 6.737751364707946777e-01
1.520786773192338387e+03 5.432766723632812500e+01 6.712563037872314453e-01
1.520807607118097167e+03 5.439709472656250000e+01 6.715450286865234375e-01
1.520828441042924169e+03 5.522296142578125000e+01 6.714832186698913574e-01
1.520849274966819394e+03 5.530377197265625000e+01 6.716301441192626953e-01
1.520870108890248503e+03 5.614062500000000000e+01 6.718229055404663086e-01
1.520890942812281082e+03 5.544134521484375000e+01 6.716958880424499512e-01
1.520911776733848455e+03 5.460205078125000000e+01 6.710949540138244629e-01
1.520932610654484051e+03 5.500976562500000000e+01 6.715957522392272949e-01
1.520953444574188325e+03 5.558792114257812500e+01 6.718010306358337402e-01
1.520974278492960366e+03 5.461108398437500000e+01 6.713305115699768066e-01
1.520995112411268110e+03 5.574737548828125000e+01 6.737030744552612305e-01
1.521015946328178416e+03 5.494769287109375000e+01 6.717472672462463379e-01
1.521036780244623060e+03 5.500006103515625000e+01 6.721471548080444336e-01
1.521057614160136382e+03 5.468679809570312500e+01 6.715734601020812988e-01
1.521078448074717926e+03 5.415911865234375000e+01 6.709867119789123535e-01
1.521099281988369057e+03 5.552258300781250000e+01 6.716737151145935059e-01
1.521120115901553618e+03 5.425115966796875000e+01 6.719745993614196777e-01
1.521140949813342104e+03 5.402371215820312500e+01 6.711479425430297852e-01
1.521161783724664474e+03 5.497439575195312500e+01 6.713163852691650391e-01
1.521182617635054612e+03 5.376190185546875000e+01 6.710600256919860840e-01
1.521203451544514792e+03 5.348068237304687500e+01 6.723114848136901855e-01
1.521224285453043649e+03 5.320989990234375000e+01 6.738324761390686035e-01
1.521245119360640501e+03 5.438653564453125000e+01 6.711823344230651855e-01
1.521265953267772147e+03 5.302325439453125000e+01 6.702311635017395020e-01
1.521286787173506582e+03 5.344805908203125000e+01 6.717899441719055176e-01
1.521307621078775355e+03 5.238336181640625000e+01 6.700454950332641602e-01
1.521328454983112351e+03 5.373254394531250000e+01 6.708492040634155273e-01
1.521349288886518480e+03 5.398162841796875000e+01 6.711604595184326172e-01
1.521370122788993513e+03 5.367687988281250000e+01 6.707792282104492188e-01
1.521390956691002430e+03 5.404150390625000000e+01 6.715828776359558105e-01
1.521411790591614590e+03 5.495083618164062500e+01 6.714829206466674805e-01
1.521432624491760635e+03 5.357507324218750000e+01 6.712962985038757324e-01
1.521453458390975811e+03 5.351580810546875000e+01 6.708919405937194824e-01
1.521474292289260120e+03 5.317962646484375000e+01 6.709369421005249023e-01
1.521495126186612652e+03 5.350006103515625000e+01 6.704841852188110352e-01
1.521515960083033406e+03 5.279190063476562500e+01 6.710484027862548828e-01
1.521536793978523519e+03 5.243475341796875000e+01 6.701049208641052246e-01
1.521557627873546608e+03 5.229644775390625000e+01 6.723246574401855469e-01
1.521578461767174986e+03 5.256127929687500000e+01 6.703764796257019043e-01
1.521599295660337475e+03 5.220553588867187500e+01 6.709741950035095215e-01
1.521620129552566596e+03 5.325708007812500000e+01 6.707870960235595703e-01
1.521640963443865530e+03 5.032760620117187500e+01 6.689847111701965332e-01
1.521661797334232688e+03 5.166815185546875000e+01 6.699992418289184570e-01
1.521682631224135093e+03 4.992474365234375000e+01 6.691930294036865234e-01
1.521703465112640515e+03 5.081323242187500000e+01 6.693408489227294922e-01
1.521724299000679366e+03 5.099749755859375000e+01 6.697519421577453613e-01
1.521745132887321688e+03 5.095361328125000000e+01 6.691894531250000000e-01
1.521765966773497439e+03 5.115408325195312500e+01 6.694366931915283203e-01
1.521786800658743005e+03 5.007315063476562500e+01 6.687179803848266602e-01
1.521807634543057475e+03 4.986349487304687500e+01 6.690044999122619629e-01
1.521828468426440395e+03 5.092517089843750000e+01 6.693993806838989258e-01
1.521849302308891311e+03 5.004391479492187500e+01 6.706154346466064453e-01
1.521870136190877020e+03 4.993750000000000000e+01 6.688874959945678711e-01
1.521890970071465517e+03 5.076965332031250000e+01 6.693180799484252930e-01
1.521911803951588354e+03 5.163977050781250000e+01 6.699365973472595215e-01
1.521932637830780095e+03 4.966653442382812500e+01 6.684808135032653809e-01
1.521953471709040514e+03 4.937103271484375000e+01 6.683615446090698242e-01
1.521974305586370065e+03 5.029925537109375000e+01 6.688134074211120605e-01
1.521995139462767384e+03 5.013201904296875000e+01 6.687955856323242188e-01
1.522015973338233380e+03 5.027731323242187500e+01 6.689414381980895996e-01
1.522036807213233487e+03 5.085525512695312500e+01 6.692564487457275391e-01
1.522057641086837066e+03 4.949862670898437500e+01 6.688297390937805176e-01
1.522078474959976120e+03 5.090802001953125000e+01 6.700131893157958984e-01
1.522099308831717508e+03 4.999783325195312500e+01 6.687023639678955078e-01
1.522120142702992325e+03 5.074462890625000000e+01 6.694611907005310059e-01
1.522140976573336502e+03 5.084533691406250000e+01 6.693522930145263672e-01
1.522161810442748447e+03 5.119238281250000000e+01 6.704625487327575684e-01
1.522182644311229978e+03 5.177120971679687500e+01 6.699281334877014160e-01
1.522203478178781097e+03 5.103619384765625000e+01 6.690057516098022461e-01
1.522224312045866100e+03 5.153857421875000000e+01 6.709644794464111328e-01
1.522245145911552527e+03 5.149157714843750000e+01 6.707940697669982910e-01
1.522265979776775112e+03 5.168231201171875000e+01 6.701648831367492676e-01
1.522286813640599576e+03 5.172998046875000000e+01 6.698759198188781738e-01
1.522307647503958378e+03 5.194085693359375000e+01 6.699913740158081055e-01
1.522328481366385404e+03 5.342526245117187500e+01 6.712464094161987305e-01
1.522349315227882471e+03 5.447625732421875000e+01 6.709067821502685547e-01
1.522370149088449125e+03 5.165814208984375000e+01 6.712378263473510742e-01
1.522390982948082637e+03 5.304086303710937500e+01 6.702201962471008301e-01
1.522411816806784373e+03 5.333392333984375000e+01 6.713107824325561523e-01
1.522432650664555695e+03 5.404910278320312500e+01 6.716992855072021484e-01
1.522453484521860446e+03 5.335769653320312500e+01 6.708731651306152344e-01
1.522474318377769123e+03 5.315063476562500000e+01 6.706823706626892090e-01
1.522495152233212593e+03 5.390567016601562500e+01 6.711935400962829590e-01
1.522515986087259080e+03 5.297760009765625000e+01 6.703584790229797363e-01
1.522536819940839450e+03 5.367105102539062500e+01 6.708505749702453613e-01
1.522557653793488043e+03 5.333129882812500000e+01 6.702438592910766602e-01
1.522578487645205996e+03 5.257543945312500000e+01 6.702186465263366699e-01
1.522599321495991489e+03 5.289358520507812500e+01 6.705185770988464355e-01
1.522620155345846342e+03 5.421823120117187500e+01 6.713055372238159180e-01
1.522640989194769645e+03 5.358117675781250000e+01 6.710522770881652832e-01
1.522661823042762990e+03 5.313824462890625000e+01 6.708567142486572266e-01
1.522682656890290673e+03 5.337191772460937500e+01 6.704163551330566406e-01
1.522703490736419553e+03 5.331082153320312500e+01 6.708534955978393555e-01
1.522724324582083000e+03 5.306228637695312500e+01 6.702007055282592773e-01
1.522745158426349462e+03 5.382000732421875000e+01 6.705567240715026855e-01
1.522765992270150946e+03 5.406604003906250000e+01 6.708571314811706543e-01
1.522786826112555445e+03 5.408312988281250000e+01 6.724275350570678711e-01
1.522807659954494511e+03 5.304574584960937500e+01 6.705222725868225098e-01
1.522828493795501345e+03 5.419464111328125000e+01 6.712206602096557617e-01
1.522849327635577083e+03 5.394454956054687500e+01 6.710494756698608398e-01
1.522870161474722863e+03 5.482006835937500000e+01 6.713495850563049316e-01
1.522890995312936411e+03 5.397631835937500000e+01 6.707649827003479004e-01
1.522911829150218637e+03 5.351229858398437500e+01 6.708880662918090820e-01
1.522932662986568630e+03 5.347982788085937500e+01 6.711555123329162598e-01
1.522953496821988210e+03 5.302865600585937500e+01 6.705012321472167969e-01
1.522974330656942584e+03 5.459783935546875000e+01 6.716562509536743164e-01
1.522995164490498610e+03 5.458221435546875000e+01 6.716204881668090820e-01
1.523015998323123313e+03 5.380279541015625000e+01 6.714012622833251953e-01
1.523036832155283491e+03 5.395361328125000000e+01 6.710410714149475098e-01
1.523057665986047596e+03 5.403329467773437500e+01 6.715618371963500977e-01
1.523078499816344447e+03 5.396008300781250000e+01 6.710169315338134766e-01
1.523099333645710431e+03 5.361697387695312500e+01 6.717149615287780762e-01
1.523120167473678521e+03 5.349850463867187500e+01 6.710845828056335449e-01
1.523141001301181404e+03 5.424621582031250000e+01 6.713293790817260742e-01
1.523161835127753420e+03 5.317462158203125000e+01 6.707640290260314941e-01
1.523182668953394568e+03 5.406747436523437500e+01 6.710781455039978027e-01
1.523203502777637368e+03 5.385058593750000000e+01 6.709458827972412109e-01
1.523224336601414507e+03 5.571166992187500000e+01 6.721571683883666992e-01
1.523245170424262596e+03 5.421966552734375000e+01 6.712861061096191406e-01
1.523266004246178454e+03 5.474084472656250000e+01 6.713857650756835938e-01
1.523286838067162535e+03 5.373654174804687500e+01 6.709558367729187012e-01
1.523307671887214383e+03 5.394067382812500000e+01 6.710529923439025879e-01
1.523328505706800570e+03 5.515240478515625000e+01 6.723700761795043945e-01
1.523349339524991137e+03 5.447662353515625000e+01 6.719788908958435059e-01
1.523370173342249473e+03 5.630871582031250000e+01 6.723396778106689453e-01
1.523391007158576485e+03 5.566827392578125000e+01 6.743725538253784180e-01
1.523411840973972630e+03 5.519787597656250000e+01 6.719399094581604004e-01
1.523432674788902659e+03 5.540026855468750000e+01 6.729785203933715820e-01
1.523453508602436159e+03 5.534249877929687500e+01 6.716592907905578613e-01
1.523474342415038336e+03 5.654006958007812500e+01 6.723761558532714844e-01
1.523495176227174852e+03 5.595904541015625000e+01 6.729893088340759277e-01
1.523516010037914384e+03 5.663546752929687500e+01 6.726660132408142090e-01
1.523536843838874574e+03 5.763119506835937500e+01 6.734872460365295410e-01
1.523557677648217123e+03 6.022088623046875000e+01 6.745478510856628418e-01
1.523578511456162687e+03 5.811999511718750000e+01 6.734574437141418457e-01
1.523599345263642590e+03 5.821975708007812500e+01 6.732104420661926270e-01
1.523620179069724600e+03 5.761785888671875000e+01 6.736287474632263184e-01
1.523661846679562586e+03 5.675292968750000000e+01 6.729620695114135742e-01
1.523682680483316517e+03 5.664187622070312500e+01 6.753238439559936523e-01
1.523703514285673464e+03 5.686676025390625000e+01 6.731399893760681152e-01
1.523724348087564522e+03 5.878906250000000000e+01 6.743394136428833008e-01
1.523745181888059506e+03 5.804614257812500000e+01 6.766638159751892090e-01
1.523766015688090192e+03 5.815063476562500000e+01 6.735427975654602051e-01
1.523786849486722531e+03 5.847717285156250000e+01 6.746565699577331543e-01
1.523807683284888526e+03 5.842944335937500000e+01 6.742322444915771484e-01
1.523828517081657537e+03 5.965029907226562500e+01 6.743886470794677734e-01
1.523849350877961569e+03 5.878402709960937500e+01 6.759770512580871582e-01
1.523870184672868618e+03 5.848706054687500000e+01 6.739875078201293945e-01
1.523891018467309550e+03 5.922326660156250000e+01 6.745012402534484863e-01
1.523911852260353498e+03 5.968060302734375000e+01 6.748884916305541992e-01
1.523932686052932013e+03 6.054693603515625000e+01 6.750745773315429688e-01
1.523953519844113998e+03 5.958764648437500000e+01 6.742853522300720215e-01
1.523974353634829640e+03 5.857727050781250000e+01 6.741059422492980957e-01
1.523995187424147844e+03 6.051861572265625000e+01 6.752521395683288574e-01
1.524016021213000386e+03 5.928149414062500000e+01 6.743647456169128418e-01
1.524036855000457535e+03 6.001959228515625000e+01 6.747121214866638184e-01
1.524057688787448569e+03 5.979666137695312500e+01 6.750058531761169434e-01
1.524078522573041482e+03 6.084637451171875000e+01 6.753250360488891602e-01
1.524099356357703527e+03 5.935858154296875000e+01 6.743522286415100098e-01
1.524120190141899457e+03 6.015908813476562500e+01 6.747959256172180176e-01
1.524141023924699994e+03 5.921646118164062500e+01 6.743658781051635742e-01
1.524161857706569663e+03 5.962628173828125000e+01 6.745456457138061523e-01
1.524182691487506418e+03 5.937716674804687500e+01 6.746275424957275391e-01
1.524203525267977511e+03 5.884783935546875000e+01 6.741299033164978027e-01
1.524224359047052076e+03 5.918136596679687500e+01 6.746772527694702148e-01
1.524245192825195318e+03 5.932754516601562500e+01 6.750972867012023926e-01
1.524266026602406328e+03 5.735754394531250000e+01 6.742036342620849609e-01
1.524286860378686470e+03 5.833679199218750000e+01 6.766305565834045410e-01
1.524307694154035516e+03 5.995925903320312500e+01 6.750892400741577148e-01
1.524328527928453468e+03 6.010632324218750000e+01 6.750608682632446289e-01
1.524349361701940325e+03 5.971432495117187500e+01 6.755442619323730469e-01
1.524370195474494494e+03 5.819775390625000000e+01 6.739349365234375000e-01
1.524391029246118478e+03 5.972439575195312500e+01 6.745375394821166992e-01
1.524411863016344341e+03 5.870233154296875000e+01 6.745200753211975098e-01
1.524432696786106135e+03 5.948416137695312500e+01 6.746432185173034668e-01
1.524453530554936606e+03 5.885382080078125000e+01 6.767176985740661621e-01
1.524474364322368501e+03 5.917755126953125000e+01 6.747522950172424316e-01
1.524495198089335645e+03 5.919696044921875000e+01 6.747714281082153320e-01
1.524516031854905577e+03 5.872640991210937500e+01 6.746720075607299805e-01
1.524536865619544642e+03 5.877185058593750000e+01 6.744527220726013184e-01
1.524557699383717591e+03 5.999200439453125000e+01 6.763169169425964355e-01
1.524578533146493555e+03 5.797482299804687500e+01 6.737455725669860840e-01
1.524599366908338652e+03 5.958062744140625000e+01 6.752248406410217285e-01
1.524620200669251972e+03 5.813342285156250000e+01 6.744716763496398926e-01
1.524641034429234423e+03 5.997073364257812500e+01 6.748813986778259277e-01
1.524661868188285553e+03 5.829217529296875000e+01 6.743973493576049805e-01
1.524682701946404450e+03 5.900109863281250000e+01 6.743544340133666992e-01
1.524703535703126363e+03 5.931298828125000000e+01 6.756421327590942383e-01
1.524724369459383979e+03 5.885437011718750000e+01 6.746255755424499512e-01
1.524745203214244611e+03 5.825213623046875000e+01 6.753524541854858398e-01
1.524766036968638673e+03 5.938009643554687500e+01 6.755010485649108887e-01
1.524786870721635523e+03 6.016967773437500000e+01 6.759873032569885254e-01
1.524807704473700596e+03 5.897314453125000000e+01 6.747832298278808594e-01
1.524828538224835484e+03 5.943820190429687500e+01 6.750790476799011230e-01
1.524849371975039503e+03 6.002706909179687500e+01 6.752052307128906250e-01
1.524870205724310836e+03 6.132131958007812500e+01 6.759862899780273438e-01
1.524891039472651528e+03 6.079510498046875000e+01 6.755138635635375977e-01
1.524911873219595464e+03 6.043737792968750000e+01 6.780877709388732910e-01
1.524932706966073511e+03 6.074652099609375000e+01 6.763266921043395996e-01
1.524953540711154346e+03 6.064776611328125000e+01 6.755667924880981445e-01
1.524974374455769521e+03 6.099557495117187500e+01 6.758051514625549316e-01
1.524995208198987484e+03 5.927005004882812500e+01 6.759716868400573730e-01
1.525016041941275034e+03 6.129675292968750000e+01 6.756280064582824707e-01
1.525036875682631035e+03 6.039654541015625000e+01 6.758754849433898926e-01
1.525057709422589596e+03 6.157836914062500000e+01 6.783332824707031250e-01
1.525078543162082497e+03 6.250064086914062500e+01 6.767702698707580566e-01
1.525099376900177958e+03 6.174209594726562500e+01 6.763720512390136719e-01
1.525120210637809123e+03 6.083746337890625000e+01 6.752879619598388672e-01
1.525141044374042394e+03 6.163613891601562500e+01 6.758981347084045410e-01
1.525161878109344343e+03 6.140036010742187500e+01 6.763055324554443359e-01
1.525182711843714969e+03 6.090289306640625000e+01 6.755692958831787109e-01
1.525203545576688612e+03 6.060162353515625000e+01 6.755284667015075684e-01
1.525224379309197047e+03 6.009167480468750000e+01 6.758117675781250000e-01
1.525245213040308499e+03 6.233044433593750000e+01 6.765397787094116211e-01
1.525266046770488629e+03 6.087322998046875000e+01 6.760792732238769531e-01
1.525286880499736526e+03 6.073883056640625000e+01 6.755139231681823730e-01
1.525307714228054010e+03 6.057748413085937500e+01 6.755655407905578613e-01
1.525328547955440627e+03 6.046972656250000000e+01 6.754816770553588867e-01
1.525349381681428440e+03 6.151434326171875000e+01 6.762526035308837891e-01
1.525370215406951502e+03 6.051550292968750000e+01 6.754821538925170898e-01
1.525391049131077580e+03 6.007885742187500000e+01 6.764461398124694824e-01
1.525411882853807583e+03 6.088388061523437500e+01 6.757774353027343750e-01
1.525432716576071471e+03 6.126849365234375000e+01 6.769453287124633789e-01
1.525453550297403581e+03 5.975100708007812500e+01 6.752921342849731445e-01
1.525474384017338480e+03 6.133737182617187500e+01 6.757991313934326172e-01
1.525495217736341601e+03 6.042425537109375000e+01 6.757802963256835938e-01
1.525516051454414992e+03 6.096667480468750000e+01 6.758593320846557617e-01
1.525536885171090944e+03 5.932742309570312500e+01 6.753082871437072754e-01
1.525557718887300325e+03 6.070797729492187500e+01 6.754587292671203613e-01
1.525578552602113632e+03 5.986862182617187500e+01 6.751688718795776367e-01
1.525599386315995616e+03 6.141571044921875000e+01 6.759546995162963867e-01
1.525620220028946505e+03 6.030563354492187500e+01 6.772942543029785156e-01
1.525641053740499501e+03 6.135516357421875000e+01 6.760272383689880371e-01
1.525661887451121402e+03 6.143945312500000000e+01 6.762833595275878906e-01
1.525682721160811525e+03 6.019244384765625000e+01 6.754309535026550293e-01
1.525703554869571462e+03 6.030810546875000000e+01 6.762961149215698242e-01
1.525724388577399623e+03 6.220324707031250000e+01 6.779518127441406250e-01
1.525745222283830572e+03 5.981829833984375000e+01 6.753032207489013672e-01
1.525766055989330653e+03 6.108355712890625000e+01 6.763312816619873047e-01
1.525786889693898502e+03 5.999377441406250000e+01 6.756700277328491211e-01
1.525807723397069822e+03 6.059335327148437500e+01 6.763441562652587891e-01
1.525828557099310501e+03 5.959640502929687500e+01 6.754877567291259766e-01
1.525849390800618949e+03 5.970501708984375000e+01 6.753504276275634766e-01
1.525870224500995391e+03 5.941510009765625000e+01 6.761531829833984375e-01
1.525891058199975305e+03 6.016387939453125000e+01 6.769621968269348145e-01
1.525911891898024805e+03 5.965881347656250000e+01 6.753310561180114746e-01
1.525932725595143438e+03 6.042437744140625000e+01 6.759631037712097168e-01
1.525953559290863495e+03 5.925430297851562500e+01 6.751740574836730957e-01
1.525974392985653594e+03 5.862579345703125000e+01 6.751418709754943848e-01
1.525995226679512143e+03 6.023840332031250000e+01 6.758747696876525879e-01
1.526016060371973481e+03 5.855084228515625000e+01 6.746204495429992676e-01
1.526036894063968475e+03 5.931854248046875000e+01 6.772232055664062500e-01
1.526057727754101506e+03 5.882113647460937500e+01 6.746075153350830078e-01
1.526078561443768649e+03 5.847906494140625000e+01 6.744273900985717773e-01
1.526099395132038808e+03 5.719812011718750000e+01 6.739179491996765137e-01
1.526120228819378553e+03 5.745440673828125000e+01 6.755174398422241211e-01
1.526141062505320406e+03 5.762615966796875000e+01 6.747466921806335449e-01
1.526161896190330481e+03 5.765884399414062500e+01 6.771756410598754883e-01
1.526182729874409688e+03 5.789654541015625000e+01 6.745350956916809082e-01
1.526203563557092366e+03 5.777291870117187500e+01 6.746054291725158691e-01
1.526224397238843494e+03 5.792205810546875000e+01 6.749054789543151855e-01
1.526245230919662390e+03 5.701925659179687500e+01 6.739911437034606934e-01
1.526266064599084530e+03 5.829730224609375000e+01 6.766025424003601074e-01
1.526286898277575801e+03 5.817642211914062500e+01 6.750338077545166016e-01
1.526307731954671453e+03 5.806228637695312500e+01 6.750566363334655762e-01
1.526328565630833964e+03 5.786865234375000000e+01 6.749925613403320312e-01
1.526349399306065607e+03 5.679928588867187500e+01 6.751599907875061035e-01
1.526370232979900493e+03 5.798632812500000000e+01 6.748347878456115723e-01
1.526391066652804057e+03 5.779119873046875000e+01 6.751957535743713379e-01
1.526411900324310409e+03 5.751293945312500000e+01 6.745145320892333984e-01
1.526432733994885439e+03 5.639855957031250000e+01 6.739996671676635742e-01
1.526453567664063485e+03 5.757806396484375000e+01 6.753307580947875977e-01
1.526474401332310663e+03 5.808325195312500000e+01 6.746794581413269043e-01
1.526495234999625609e+03 5.765768432617187500e+01 6.746743321418762207e-01
1.526516068665543571e+03 5.805767822265625000e+01 6.758008599281311035e-01
1.526536902330065004e+03 5.820092773437500000e+01 6.747952103614807129e-01
1.526557735993655569e+03 5.799310302734375000e+01 6.763011217117309570e-01
1.526578569656313448e+03 5.784747314453125000e+01 6.744257211685180664e-01
1.526599403317576161e+03 5.780209350585937500e+01 6.758669018745422363e-01
1.526620236977907553e+03 5.712512207031250000e+01 6.744163632392883301e-01
1.526641070636840595e+03 5.879962158203125000e+01 6.750609874725341797e-01
1.526661904294377109e+03 5.712005615234375000e+01 6.745705008506774902e-01
1.526682737950982528e+03 5.773553466796875000e+01 6.758900284767150879e-01
1.526703571606657079e+03 5.847460937500000000e+01 6.764240264892578125e-01
1.526724405260933054e+03 5.821472167968750000e+01 6.750555038452148438e-01
1.526745238913812500e+03 5.811737060546875000e+01 6.750791668891906738e-01
1.526786906216777879e+03 5.798748779296875000e+01 6.746634244918823242e-01
1.526807739865933399e+03 5.846218872070312500e+01 6.749054789543151855e-01
1.526828573514622349e+03 5.770874023437500000e+01 6.744733452796936035e-01
1.526849407161448653e+03 5.936373901367187500e+01 6.759361028671264648e-01
1.526870240807343635e+03 5.831558227539062500e+01 6.750573515892028809e-01
1.526891074452307521e+03 5.786444091796875000e+01 6.751486063003540039e-01
1.526911908095409672e+03 5.860067749023437500e+01 6.761664748191833496e-01
1.526932741738043433e+03 5.958001708984375000e+01 6.766502857208251953e-01
1.526953575378815458e+03 5.978753662109375000e+01 6.760842800140380859e-01
1.526974409018657525e+03 5.916503906250000000e+01 6.758299469947814941e-01
1.526995242657102608e+03 5.952050781250000000e+01 6.759740710258483887e-01
1.527016076294615686e+03 6.009924316406250000e+01 6.760403513908386230e-01
1.527036909930265665e+03 5.945513916015625000e+01 6.758732199668884277e-01
1.527057743565450437e+03 5.940142822265625000e+01 6.757857799530029297e-01
1.527078577198773019e+03 6.021878051757812500e+01 6.760371923446655273e-01
1.527099410831164505e+03 5.947900390625000000e+01 6.757814288139343262e-01
1.527120244462157416e+03 6.019631958007812500e+01 6.789540052413940430e-01
1.527141078091753570e+03 5.914007568359375000e+01 6.770356297492980957e-01
1.527161911720418630e+03 5.987863159179687500e+01 6.764178872108459473e-01
1.527182745347688069e+03 6.105838012695312500e+01 6.781811714172363281e-01
1.527203578973560070e+03 6.001208496093750000e+01 6.763356924057006836e-01
1.527224412598034633e+03 6.003500366210937500e+01 6.762279868125915527e-01
1.527245246221577418e+03 6.092111206054687500e+01 6.770734190940856934e-01
1.527266079843258922e+03 6.054293823242187500e+01 6.765342354774475098e-01
1.527286913464007966e+03 6.142858886718750000e+01 6.769980788230895996e-01
1.527307747083359573e+03 6.067053222656250000e+01 6.762245297431945801e-01
1.527328580701314422e+03 6.090130615234375000e+01 6.765595674514770508e-01
1.527349414318338404e+03 6.084497070312500000e+01 6.772108078002929688e-01
1.527370247933500195e+03 6.251086425781250000e+01 6.777525544166564941e-01
1.527391081547730664e+03 6.152285766601562500e+01 6.769937872886657715e-01
1.527411915160563694e+03 6.136840820312500000e+01 6.767092347145080566e-01
1.527432748771999513e+03 6.319149780273437500e+01 6.779260635375976562e-01
1.527453582382037894e+03 6.294531250000000000e+01 6.778199076652526855e-01
1.527474415990679972e+03 6.285815429687500000e+01 6.774529814720153809e-01
1.527495249597925522e+03 6.301370239257812500e+01 6.803532242774963379e-01
1.527516083203773633e+03 6.406210327148437500e+01 6.784621477127075195e-01
1.527536916808224305e+03 6.438006591796875000e+01 6.792251467704772949e-01
1.527557750411278448e+03 6.554684448242187500e+01 6.805722713470458984e-01
1.527578584012936062e+03 6.542044067382812500e+01 6.790365576744079590e-01
1.527599417613196010e+03 6.524310302734375000e+01 6.794742345809936523e-01
1.527620251212058520e+03 6.522680664062500000e+01 6.794709563255310059e-01
1.527641084809524500e+03 6.551174926757812500e+01 6.794371604919433594e-01
1.527661918405594406e+03 6.487969970703125000e+01 6.792421340942382812e-01
1.527682752000267556e+03 6.626510620117187500e+01 6.798130869865417480e-01
1.527703585593542357e+03 6.603280639648437500e+01 6.821384429931640625e-01
1.527724419184954513e+03 6.773233032226562500e+01 6.803454756736755371e-01
1.527745252775434892e+03 6.647888183593750000e+01 6.795302033424377441e-01
1.527766086364053990e+03 6.721203613281250000e+01 6.802942156791687012e-01
1.527786919951276104e+03 6.715737915039062500e+01 6.801542043685913086e-01
1.527807753537100325e+03 6.690747070312500000e+01 6.817082762718200684e-01
1.527828587121528017e+03 6.764520263671875000e+01 6.821144223213195801e-01
1.527849420704093063e+03 6.812316894531250000e+01 6.823304295539855957e-01
1.527870254285726332e+03 6.896212768554687500e+01 6.828596591949462891e-01
1.527891087865497411e+03 7.056091308593750000e+01 6.828616261482238770e-01
1.527911921443405390e+03 6.931237792968750000e+01 6.817423105239868164e-01
1.527932755020382501e+03 6.989270019531250000e+01 6.835708618164062500e-01
1.527953588595031988e+03 6.886895751953125000e+01 6.814362406730651855e-01
1.527974422168750607e+03 7.116061401367187500e+01 6.828945279121398926e-01
1.527995255740604080e+03 7.056329345703125000e+01 6.824372410774230957e-01
1.528016089311061478e+03 7.061849975585937500e+01 6.839854121208190918e-01
1.528036922879656686e+03 7.167846679687500000e+01 6.834787130355834961e-01
1.528057756446854910e+03 7.292791748046875000e+01 6.838836669921875000e-01
1.528078590012656605e+03 7.143566894531250000e+01 6.831231713294982910e-01
1.528099423576129539e+03 7.079467773437500000e+01 6.823248863220214844e-01
1.528120257138670468e+03 7.146923828125000000e+01 6.837622523307800293e-01
1.528141090698882635e+03 7.214642333984375000e+01 6.834303140640258789e-01
1.528161924258165527e+03 7.171560668945312500e+01 6.829575300216674805e-01
1.528182757815119658e+03 7.238488769531250000e+01 6.834550499916076660e-01
1.528203591370676349e+03 7.192303466796875000e+01 6.833291053771972656e-01
1.528224424924370396e+03 7.281774902343750000e+01 6.836124062538146973e-01
1.528245258476666550e+03 7.223056030273437500e+01 6.832830905914306641e-01
1.528266092026634851e+03 7.332232666015625000e+01 6.838999986648559570e-01
1.528286925575207533e+03 7.123803710937500000e+01 6.830344796180725098e-01
1.528307759122382322e+03 7.192922973632812500e+01 6.836218237876892090e-01
1.528328592667228349e+03 7.129486083984375000e+01 6.829954385757446289e-01
1.528349426210212641e+03 7.240524291992187500e+01 6.834585070610046387e-01
1.528370259751798585e+03 7.150476074218750000e+01 6.828890442848205566e-01
1.528391093291522338e+03 7.163076782226562500e+01 6.835997104644775391e-01
1.528411926828918695e+03 7.014187622070312500e+01 6.830516457557678223e-01
1.528432760364917613e+03 7.073318481445312500e+01 6.842097640037536621e-01
1.528453593899053431e+03 7.088104248046875000e+01 6.827468872070312500e-01
1.528474427430861397e+03 7.118899536132812500e+01 6.830506324768066406e-01
1.528495260961272379e+03 7.036822509765625000e+01 6.826159358024597168e-01
1.528516094489354600e+03 7.043942260742187500e+01 6.832380890846252441e-01
1.528536928015574631e+03 7.093878173828125000e+01 6.826459169387817383e-01
1.528557761539931562e+03 7.003100585937500000e+01 6.823723912239074707e-01
1.528578595062426302e+03 6.973101806640625000e+01 6.821278333663940430e-01
1.528599428582592509e+03 7.179690551757812500e+01 6.833341717720031738e-01
1.528620262100896525e+03 7.088006591796875000e+01 6.829942464828491211e-01
1.528641095617338124e+03 7.130758666992187500e+01 6.831241846084594727e-01
1.528661929131450961e+03 7.132638549804687500e+01 6.831929087638854980e-01
1.528682762643234582e+03 7.165005493164062500e+01 6.835265755653381348e-01
1.528703596153156468e+03 7.127545166015625000e+01 6.832197904586791992e-01
1.528724429661215481e+03 7.191177368164062500e+01 6.834409832954406738e-01
1.535745321543156479e+03 5.361981201171875000e+01 6.724656820297241211e-01
1.535766154960409949e+03 5.471185302734375000e+01 6.727184057235717773e-01
1.535786988376267345e+03 5.285974121093750000e+01 6.715919375419616699e-01
1.535807821791660444e+03 5.475079345703125000e+01 6.729820966720581055e-01
1.535828655206121311e+03 5.441030883789062500e+01 6.736460924148559570e-01
1.535849488619650401e+03 5.259906005859375000e+01 6.727529168128967285e-01
1.535870322021072070e+03 5.300714111328125000e+01 6.728006005287170410e-01
1.535891155432738515e+03 5.315451049804687500e+01 6.731114983558654785e-01
1.535911988843474319e+03 5.416503906250000000e+01 6.735687255859375000e-01
1.535932822253278118e+03 5.327377319335937500e+01 6.735309958457946777e-01
1.535953655661685389e+03 5.352893066406250000e+01 6.737149953842163086e-01
1.535974489069626543e+03 5.318487548828125000e+01 6.737311482429504395e-01
1.535995322476635465e+03 5.170452880859375000e+01 6.747354269027709961e-01
1.536016155882714884e+03 5.170529174804687500e+01 6.732908487319946289e-01
1.536036989287862980e+03 5.125671386718750000e+01 6.727644801139831543e-01
1.536057822692544050e+03 5.084765625000000000e+01 6.729555130004882812e-01
1.536078656095828592e+03 5.130364990234375000e+01 6.735630631446838379e-01
1.536099489498182493e+03 5.178332519531250000e+01 6.737242341041564941e-01
1.536120322899604616e+03 5.057702636718750000e+01 6.728405952453613281e-01
1.536141156300095645e+03 5.194354248046875000e+01 6.750043034553527832e-01
1.536161989699654441e+03 5.074865722656250000e+01 6.732761263847351074e-01
1.536182823098281460e+03 5.091567993164062500e+01 6.737129092216491699e-01
1.536203656495978521e+03 4.965557861328125000e+01 6.726795434951782227e-01
1.536224489893210375e+03 4.959268188476562500e+01 6.732720732688903809e-01
1.536245323289043881e+03 4.970343017578125000e+01 6.729958653450012207e-01
1.536266156683946065e+03 5.110656738281250000e+01 6.737169623374938965e-01
1.536286990077917380e+03 5.018914794921875000e+01 6.734541654586791992e-01
1.536307823470958510e+03 4.892028808593750000e+01 6.725699305534362793e-01
1.536328656863533070e+03 5.004077148437500000e+01 6.737489700317382812e-01
1.536349490254710418e+03 5.064050292968750000e+01 6.733979582786560059e-01
1.536370323644956443e+03 5.155950927734375000e+01 6.748193502426147461e-01
1.536391157034271600e+03 4.991497802734375000e+01 6.733537912368774414e-01
1.536411990423121551e+03 5.139328002929687500e+01 6.760048866271972656e-01
1.536432823810572927e+03 5.049005126953125000e+01 6.740845441818237305e-01
1.536453657197093435e+03 4.951586914062500000e+01 6.739215254783630371e-01
1.536474490582682392e+03 5.061312866210937500e+01 6.736972332000732422e-01
1.536495323967341392e+03 5.016534423828125000e+01 6.741681694984436035e-01
1.536516157351534048e+03 5.085375976562500000e+01 6.746360063552856445e-01
1.536536990734329038e+03 5.089306640625000000e+01 6.739931702613830566e-01
1.536578657497125960e+03 5.100408935546875000e+01 6.736590862274169922e-01
1.536599490877127664e+03 5.013705444335937500e+01 6.735041737556457520e-01
1.536620324256198501e+03 4.956701660156250000e+01 6.734296083450317383e-01
1.536641157634337560e+03 5.040991210937500000e+01 6.736931204795837402e-01
1.536661991011544615e+03 5.094433593750000000e+01 6.736890673637390137e-01
1.536682824387819892e+03 4.990887451171875000e+01 6.732235550880432129e-01
1.536703657763165666e+03 5.039874267578125000e+01 6.736984848976135254e-01
1.536724491137580117e+03 5.029318237304687500e+01 6.737061142921447754e-01
1.536745324511061426e+03 5.049743652343750000e+01 6.737454533576965332e-01
1.536766157883612323e+03 5.074075317382812500e+01 6.732936501502990723e-01
1.536786991255232351e+03 5.011215209960937500e+01 6.741253733634948730e-01
1.536807824625921057e+03 5.005166625976562500e+01 6.731010079383850098e-01
1.536828657995677531e+03 5.001351928710937500e+01 6.730152964591979980e-01
1.536849491364503592e+03 5.102474975585937500e+01 6.736589074134826660e-01
1.536870324732397421e+03 4.999060058593750000e+01 6.729364991188049316e-01
1.536891158098894948e+03 4.942623901367187500e+01 6.727369427680969238e-01
1.536911991464927496e+03 5.066845703125000000e+01 6.730728149414062500e-01
1.536932824830028039e+03 4.874847412109375000e+01 6.721686124801635742e-01
1.536953658193730462e+03 4.993832397460937500e+01 6.727523803710937500e-01
1.536974491556967450e+03 5.015582275390625000e+01 6.725212335586547852e-01
1.536995324918808819e+03 4.883822631835937500e+01 6.726071834564208984e-01
1.537016158280184982e+03 5.069082641601562500e+01 6.729614138603210449e-01
1.537036991640161887e+03 4.891815185546875000e+01 6.729797720909118652e-01
1.537057824999208606e+03 4.883642578125000000e+01 6.740964651107788086e-01
1.537078658357790118e+03 4.840155029296875000e+01 6.715885400772094727e-01
1.537099491714975102e+03 4.840518188476562500e+01 6.712797284126281738e-01
1.537120325071226944e+03 4.954702758789062500e+01 6.727488636970520020e-01
1.537141158426547918e+03 4.900540161132812500e+01 6.717740893363952637e-01
1.537161991780938479e+03 4.823361206054687500e+01 6.717120409011840820e-01
1.537182825134397490e+03 4.782098388671875000e+01 6.717572808265686035e-01
1.537203658486924951e+03 4.804544067382812500e+01 6.711362600326538086e-01
1.537224491838520862e+03 4.870861816406250000e+01 6.719875335693359375e-01
1.537245325189185678e+03 4.720684814453125000e+01 6.708809733390808105e-01
1.537266158538453965e+03 4.715805053710937500e+01 6.705678701400756836e-01
1.537286991887256136e+03 4.689538574218750000e+01 6.706386208534240723e-01
1.537307825234660868e+03 4.789691162109375000e+01 6.709583401679992676e-01
1.537328658581600394e+03 4.722866821289062500e+01 6.701394915580749512e-01
1.537349491927143390e+03 4.754498291015625000e+01 6.706659197807312012e-01
1.537370325271753927e+03 4.791186523437500000e+01 6.707794666290283203e-01
1.537391158615899485e+03 4.746310424804687500e+01 6.707585453987121582e-01
1.537411991958649651e+03 4.742736816406250000e+01 6.708620786666870117e-01
1.537432825300466448e+03 4.716107177734375000e+01 6.702649593353271484e-01
1.537453658641351467e+03 4.727166748046875000e+01 6.704964041709899902e-01
1.537474491980840412e+03 4.602987670898437500e+01 6.697289347648620605e-01
1.537495325319864605e+03 4.716998291015625000e+01 6.719383001327514648e-01
1.537516158657957021e+03 4.614172363281250000e+01 6.706311702728271484e-01
1.537536991994651089e+03 4.698382568359375000e+01 6.699324250221252441e-01
1.537557825330879950e+03 4.641006469726562500e+01 6.716557145118713379e-01
1.537578658665713192e+03 4.596136474609375000e+01 6.695162057876586914e-01
1.537599491999615111e+03 4.640643310546875000e+01 6.698494553565979004e-01
1.537620325332583889e+03 4.574136352539062500e+01 6.692438721656799316e-01
1.537641158664622026e+03 4.619577026367187500e+01 6.695301532745361328e-01
1.537661991995727931e+03 4.600607299804687500e+01 6.694687008857727051e-01
1.537682825325905014e+03 4.698538208007812500e+01 6.698088645935058594e-01
1.537703658654683977e+03 4.669091796875000000e+01 6.703528761863708496e-01
1.537724491982996597e+03 4.715344238281250000e+01 6.708754897117614746e-01
1.537745325309912005e+03 4.635540771484375000e+01 6.703204512596130371e-01
1.537766158635897455e+03 4.606607055664062500e+01 6.699491143226623535e-01
1.537786991960952037e+03 4.733331298828125000e+01 6.698923110961914062e-01
1.537807825285073477e+03 4.684832763671875000e+01 6.704716682434082031e-01
1.537828658608263595e+03 4.588964843750000000e+01 6.692605018615722656e-01
1.537849491930056956e+03 4.706869506835937500e+01 6.697872281074523926e-01
1.537870325251386021e+03 4.684606933593750000e+01 6.697357892990112305e-01
1.537891158571317419e+03 4.695135498046875000e+01 6.705250144004821777e-01
1.537911991890317040e+03 4.782000732421875000e+01 6.703202724456787109e-01
1.537932825208385111e+03 4.689791870117187500e+01 6.697239875793457031e-01
1.537953658525521405e+03 4.669631958007812500e+01 6.696894764900207520e-01
1.537974491841728195e+03 4.714627075195312500e+01 6.717858910560607910e-01
1.537995325157003435e+03 4.926638793945312500e+01 6.707600355148315430e-01
1.538016158470880555e+03 4.782638549804687500e+01 6.701033711433410645e-01
1.538036991783826124e+03 4.922308349609375000e+01 6.710721850395202637e-01
1.538057825095841508e+03 4.668945312500000000e+01 6.706479191780090332e-01
1.538078658406925570e+03 4.753439331054687500e+01 6.701951026916503906e-01
1.538099491717077854e+03 4.693142700195312500e+01 6.696057915687561035e-01
1.538120325025832472e+03 4.818273925781250000e+01 6.701677441596984863e-01
1.538141158333655994e+03 4.770449829101562500e+01 6.716565489768981934e-01
1.538161991641014538e+03 4.743157958984375000e+01 6.707717180252075195e-01
1.538182824946976325e+03 4.630682373046875000e+01 6.703647375106811523e-01
1.538203658251541128e+03 4.717465209960937500e+01 6.699481010437011719e-01
1.538224491555638906e+03 4.674441528320312500e+01 6.700699925422668457e-01
1.538245324858339927e+03 4.802529907226562500e+01 6.704732775688171387e-01
1.538266158160110535e+03 4.751055908203125000e+01 6.708392500877380371e-01
1.538286991460949594e+03 4.670574951171875000e+01 6.695562005043029785e-01
1.538307824760857329e+03 4.677767944335937500e+01 6.697759032249450684e-01
1.538328658059368536e+03 4.781362915039062500e+01 6.715806126594543457e-01
1.538349491357412489e+03 4.680249023437500000e+01 6.704445481300354004e-01
1.538370324654060823e+03 4.716885375976562500e+01 6.699742674827575684e-01
1.538391157949778062e+03 4.655407714843750000e+01 6.696006655693054199e-01
1.538411991244096953e+03 4.792227172851562500e+01 6.702730655670166016e-01
1.538432824537951547e+03 4.684735107421875000e+01 6.698836088180541992e-01
1.538453657830409611e+03 4.666436767578125000e+01 6.722936630249023438e-01
1.538474491121934989e+03 4.593450927734375000e+01 6.691128611564636230e-01
1.538495324412062928e+03 4.701922607421875000e+01 6.697980761528015137e-01
1.538516157701726115e+03 4.724273681640625000e+01 6.706383228302001953e-01
1.538536990989991409e+03 4.510583496093750000e+01 6.694431304931640625e-01
1.538557824277327200e+03 4.725088500976562500e+01 6.702384352684020996e-01
1.538578657563266006e+03 4.615505981445312500e+01 6.693761348724365234e-01
1.538599490848737560e+03 4.702069091796875000e+01 6.698737740516662598e-01
1.538620324132812129e+03 4.613406372070312500e+01 6.691331267356872559e-01
1.538641157415955604e+03 4.659033203125000000e+01 6.693120002746582031e-01
1.538661990697702549e+03 4.724026489257812500e+01 6.697787642478942871e-01
1.538682823978518627e+03 4.632675170898437500e+01 6.694150567054748535e-01
1.538703657258402927e+03 4.728399658203125000e+01 6.707773208618164062e-01
1.538724490537355450e+03 4.573046875000000000e+01 6.689780354499816895e-01
1.538745323814911444e+03 4.710348510742187500e+01 6.696140170097351074e-01
1.538766157091536570e+03 4.494293212890625000e+01 6.688411235809326172e-01
1.538786990367229464e+03 4.610794067382812500e+01 6.692743301391601562e-01
1.538807823641990581e+03 4.663287353515625000e+01 6.698780059814453125e-01
1.538828656915355623e+03 4.574291992187500000e+01 6.714743375778198242e-01
1.538849490187790479e+03 4.485873413085937500e+01 6.683831214904785156e-01
1.538870323458826988e+03 4.539260864257812500e+01 6.686580777168273926e-01
1.538891156728931946e+03 4.516754150390625000e+01 6.685475707054138184e-01
1.538911989998105582e+03 4.564242553710937500e+01 6.687853932380676270e-01
1.538932823266347441e+03 4.502392578125000000e+01 6.687164306640625000e-01
1.538953656533193680e+03 4.476745605468750000e+01 6.684438586235046387e-01
1.538974489799108596e+03 4.616772460937500000e+01 6.707527041435241699e-01
1.538995323063626074e+03 4.644250488281250000e+01 6.692763566970825195e-01
1.539016156327212002e+03 4.464471435546875000e+01 6.688321232795715332e-01
1.539036989589866153e+03 4.521215820312500000e+01 6.687783598899841309e-01
1.539057822851123547e+03 4.544909667968750000e+01 6.688660383224487305e-01
1.539078656111450528e+03 4.539343261718750000e+01 6.684157848358154297e-01
1.539099489370845049e+03 4.540759277343750000e+01 6.690161228179931641e-01
1.539120322628843041e+03 4.564816284179687500e+01 6.690953373908996582e-01
1.539141155885910393e+03 4.537890625000000000e+01 6.684316396713256836e-01
1.539161989142046878e+03 4.475662231445312500e+01 6.681035161018371582e-01
1.539182822396785014e+03 4.388400268554687500e+01 6.678964495658874512e-01
1.539203655650125484e+03 4.631390380859375000e+01 6.691447496414184570e-01
1.539224488903000974e+03 4.536791992187500000e+01 6.686124801635742188e-01
1.539245322154014502e+03 4.589105224609375000e+01 6.687650680541992188e-01
1.539266155404562141e+03 4.596963500976562500e+01 6.692478060722351074e-01
1.539286988653711887e+03 4.450112915039062500e+01 6.683316230773925781e-01
1.539307821901465559e+03 4.449865722656250000e+01 6.687843203544616699e-01
1.539328655148287453e+03 4.481103515625000000e+01 6.702637076377868652e-01
1.539349488394179389e+03 4.546881103515625000e+01 6.689401865005493164e-01
1.539370321638673431e+03 4.420651245117187500e+01 6.681070923805236816e-01
1.539391154882236151e+03 4.527667236328125000e+01 6.689155697822570801e-01
1.539411988124400978e+03 4.491223144531250000e+01 6.685850024223327637e-01
1.539432821365635391e+03 4.530383300781250000e+01 6.685045361518859863e-01
1.539453654605473048e+03 4.570410156250000000e+01 6.687684655189514160e-01
1.539474487844378473e+03 4.535086059570312500e+01 6.684060096740722656e-01
1.539495321081887141e+03 4.568264770507812500e+01 6.687868833541870117e-01
1.539516154318464032e+03 4.583850097656250000e+01 6.690635681152343750e-01
1.539536987553645986e+03 4.618753051757812500e+01 6.690486073493957520e-01
1.539557820787430501e+03 4.597195434570312500e+01 6.703368425369262695e-01
1.539578654020747990e+03 4.656054687500000000e+01 6.694589853286743164e-01
1.539599487252203062e+03 4.717877197265625000e+01 6.700196862220764160e-01
1.539620320482726584e+03 4.784152221679687500e+01 6.702481508255004883e-01
1.539641153712319465e+03 4.756845092773437500e+01 6.719210147857666016e-01
1.539661986940515590e+03 4.676446533203125000e+01 6.692380309104919434e-01
1.539703653393180957e+03 4.708148193359375000e+01 6.703367829322814941e-01
1.539724486617650427e+03 4.856433105468750000e+01 6.711384057998657227e-01
1.539745319841190394e+03 4.836874389648437500e+01 6.702410578727722168e-01
1.539766153063332467e+03 4.875097656250000000e+01 6.709352135658264160e-01
1.539786986284077557e+03 4.807788085937500000e+01 6.707673668861389160e-01
1.539807819503892006e+03 4.896655273437500000e+01 6.707949042320251465e-01
1.539828652722309016e+03 4.872772216796875000e+01 6.715180873870849609e-01
1.539849485939794931e+03 4.855938720703125000e+01 6.704650521278381348e-01
1.539870319155882953e+03 4.861837768554687500e+01 6.708562374114990234e-01
1.539891152370573991e+03 4.882742309570312500e+01 6.705101132392883301e-01
1.539911985584333934e+03 4.783151245117187500e+01 6.704976558685302734e-01
1.539932818796697575e+03 4.983074951171875000e+01 6.714977025985717773e-01
1.539953652007664004e+03 4.879037475585937500e+01 6.707438230514526367e-01
1.539974485217232996e+03 4.983273315429687500e+01 6.712540388107299805e-01
1.539995318425870437e+03 4.828283691406250000e+01 6.703730821609497070e-01
1.540016151633110439e+03 4.936608886718750000e+01 6.707504987716674805e-01
1.540036984838955050e+03 4.942794799804687500e+01 6.712684035301208496e-01
1.540057818043867883e+03 4.864300537109375000e+01 6.704071760177612305e-01
1.540078651247383050e+03 4.911813354492187500e+01 6.714051365852355957e-01
1.540099484449502597e+03 4.918673706054687500e+01 6.707451939582824707e-01
1.540120317650224479e+03 4.930453491210937500e+01 6.710337996482849121e-01
1.540141150850015492e+03 4.943023681640625000e+01 6.712635755538940430e-01
1.540161984047942951e+03 4.818435668945312500e+01 6.699491739273071289e-01
1.540182817244938406e+03 4.953863525390625000e+01 6.713998317718505859e-01
1.540203650441003447e+03 5.013421630859375000e+01 6.721333265304565430e-01
1.540224483635206525e+03 4.929226684570312500e+01 6.708378195762634277e-01
1.540245316828011482e+03 4.984985351562500000e+01 6.712024807929992676e-01
1.540266150019885572e+03 5.092565917968750000e+01 6.718239188194274902e-01
1.540286983209896562e+03 4.932080078125000000e+01 6.715325117111206055e-01
1.540307816398976456e+03 4.949783325195312500e+01 6.712352633476257324e-01
1.540328649586659594e+03 5.034841918945312500e+01 6.714412569999694824e-01
1.540349482772946430e+03 5.010192871093750000e+01 6.721246242523193359e-01
1.540370315957834919e+03 4.989459228515625000e+01 6.717314124107360840e-01
1.540391149141326878e+03 4.901757812500000000e+01 6.704304218292236328e-01
1.540411982323887514e+03 5.046545410156250000e+01 6.716641187667846680e-01
1.540432815504585506e+03 5.055200195312500000e+01 6.718726754188537598e-01
1.540453648683887423e+03 4.876025390625000000e+01 6.706813573837280273e-01
1.540474481861791446e+03 4.952752685546875000e+01 6.710876226425170898e-01
1.540495315038298031e+03 5.009518432617187500e+01 6.710977554321289062e-01
1.540516148213874658e+03 5.024526977539062500e+01 6.714475750923156738e-01
1.540536981387587957e+03 4.946148681640625000e+01 6.710503697395324707e-01
1.540557814559904045e+03 5.111822509765625000e+01 6.718786358833312988e-01
1.540578647730822922e+03 4.991412353515625000e+01 6.713401079177856445e-01
1.540599480900345043e+03 4.996359252929687500e+01 6.713492274284362793e-01
1.540620314068004518e+03 5.022656250000000000e+01 6.718142032623291016e-01
1.540641147234733580e+03 5.187762451171875000e+01 6.722133159637451172e-01
1.540661980399599088e+03 5.222503662109375000e+01 6.743864417076110840e-01
1.540682813563533045e+03 5.288842773437500000e+01 6.730863451957702637e-01
1.540703646725604585e+03 5.191442871093750000e+01 6.734253168106079102e-01
1.540724479886279369e+03 5.244219970703125000e+01 6.728137135505676270e-01
1.540745313045557396e+03 5.238525390625000000e+01 6.727268695831298828e-01
1.540766146202972550e+03 5.213470458984375000e+01 6.723638176918029785e-01
1.540786979358990038e+03 5.068768310546875000e+01 6.717544794082641602e-01
1.540807812513611680e+03 5.256784057617187500e+01 6.730345487594604492e-01
1.540828645666836110e+03 5.155334472656250000e+01 6.731227636337280273e-01
1.540849478818197440e+03 5.317584228515625000e+01 6.728972196578979492e-01
1.540870311968161559e+03 5.311999511718750000e+01 6.732265353202819824e-01
1.540891145116263033e+03 5.324890136718750000e+01 6.730306744575500488e-01
1.540911978262968660e+03 5.235351562500000000e+01 6.730623841285705566e-01
1.540932811408276393e+03 5.346270751953125000e+01 6.730436086654663086e-01
1.540953644551721482e+03 5.330737304687500000e+01 6.731916666030883789e-01
1.540974477693769586e+03 5.257373046875000000e+01 6.726827025413513184e-01
1.540995310834420479e+03 5.217303466796875000e+01 6.727630496025085449e-01
1.541016143972743521e+03 5.196069335937500000e+01 6.722381114959716797e-01
1.541036977110135922e+03 5.262728881835937500e+01 6.726534366607666016e-01
1.541057810245199107e+03 5.321658325195312500e+01 6.730622649192810059e-01
1.541078643378864854e+03 5.280123901367187500e+01 6.744722723960876465e-01
1.541099476511134526e+03 5.197253417968750000e+01 6.727696657180786133e-01
1.541120309641542008e+03 5.132388305664062500e+01 6.728873848915100098e-01
1.541141142770085480e+03 5.134420776367187500e+01 6.720738410949707031e-01
1.541161975896766990e+03 5.147183227539062500e+01 6.721643805503845215e-01
1.541182809022051060e+03 5.081988525390625000e+01 6.763088107109069824e-01
1.541203642145473623e+03 5.096801757812500000e+01 6.721171736717224121e-01
1.541224475267032403e+03 5.102667236328125000e+01 6.719795465469360352e-01
1.541245308386728993e+03 5.180502319335937500e+01 6.720238924026489258e-01
1.541266141505027917e+03 5.129187011718750000e+01 6.723040342330932617e-01
1.541286974620998990e+03 5.149118041992187500e+01 6.721172332763671875e-01
1.541307807735573533e+03 5.202133178710937500e+01 6.724590063095092773e-01
1.541328640847819997e+03 5.068399047851562500e+01 6.719343066215515137e-01
1.541349473958668568e+03 5.112268066406250000e+01 6.720494627952575684e-01
1.541370307067654949e+03 5.137109375000000000e+01 6.724596619606018066e-01
1.541391140174312568e+03 5.107751464843750000e+01 6.721595525741577148e-01
1.541411973279573431e+03 5.157318115234375000e+01 6.723155379295349121e-01
1.541432806382506897e+03 5.123406982421875000e+01 6.722769737243652344e-01
1.541453639483576580e+03 5.109585571289062500e+01 6.738324165344238281e-01
1.541474472582783619e+03 5.238165283203125000e+01 6.725983619689941406e-01
1.541495305679663488e+03 5.247305297851562500e+01 6.726546883583068848e-01
1.541516138775145464e+03 5.107330322265625000e+01 6.720458865165710449e-01
1.541536971868299133e+03 5.214532470703125000e+01 6.729658842086791992e-01
1.541557804959124496e+03 5.264871215820312500e+01 6.736034750938415527e-01
1.541578638048552421e+03 5.271844482421875000e+01 6.728087663650512695e-01
1.541599471135187514e+03 5.235028076171875000e+01 6.727702617645263672e-01
1.541620304219959053e+03 5.259506225585937500e+01 6.736123561859130859e-01
1.541641137302867492e+03 5.299523925781250000e+01 6.730624437332153320e-01
1.541661970383448079e+03 5.444464111328125000e+01 6.740275025367736816e-01
1.541682803461700587e+03 5.354458618164062500e+01 6.756916642189025879e-01
1.541703636538090905e+03 5.383062744140625000e+01 6.738246083259582520e-01
1.541724469612152916e+03 5.357064819335937500e+01 6.756983399391174316e-01
1.541745302683885939e+03 5.400140380859375000e+01 6.740900874137878418e-01
1.541766135753291110e+03 5.348748779296875000e+01 6.740987300872802734e-01
1.541786968820833408e+03 5.392846679687500000e+01 6.738464236259460449e-01
1.541807801885582421e+03 5.425735473632812500e+01 6.740116477012634277e-01
1.541828634948467879e+03 5.380673217773437500e+01 6.735449433326721191e-01
1.541849468008560052e+03 5.432003784179687500e+01 6.754816770553588867e-01
1.541870301066788443e+03 5.446527099609375000e+01 6.755282282829284668e-01
1.541891134122224685e+03 5.376715087890625000e+01 6.737766861915588379e-01
1.541911967175331483e+03 5.477844238281250000e+01 6.740629076957702637e-01
1.541932800226109066e+03 5.581735229492187500e+01 6.752676963806152344e-01
1.541953633274558570e+03 5.424694824218750000e+01 6.745089292526245117e-01
1.541974466320680449e+03 5.440527343750000000e+01 6.742119193077087402e-01
1.541995299364008588e+03 5.459033203125000000e+01 6.753957867622375488e-01
