1354.140727056151491 789.9467281988027025 0.8610153841489597282
1354.161560519108662 789.7957110033887602 0.8607757596436165226
1354.182393980667939 788.9007650737070207 0.8600226649358367892
1354.203227440363889 790.5655503464560070 0.8604965174447694043
1354.224060899129654 789.5723454172014044 0.8611646224558066054
1354.244894356032091 788.1934174577393151 0.8617902281678355703
1354.265727811538000 788.8203224130180615 0.8597644616985292698
1354.286561265646469 787.7423485669831962 0.8596981828054257591
1354.307394718824071 785.7766157714393103 0.8583356294014844456
1354.328228170137663 787.4363512053569139 0.8597401276776195367
1354.349061620520843 786.9380271594833403 0.8591927421811156318
1354.369895069507947 787.0402533287495999 0.8589433452943302516
1354.390728517096477 787.3568985286574389 0.8589200289340830352
1354.411561963288477 787.3281547193081451 0.8593096274740547047
1354.432395408549837 783.6805552224408302 0.8575564476540806780
1354.453228852880329 786.1868825091675035 0.8588694385830965006
1354.474062295812473 785.7067870760128017 0.8602677649781372837
1354.494895737347633 786.2888802683139602 0.8586505610767659613
1354.515729177952835 785.8915446772546147 0.8611947992293590426
1354.536562617161053 786.8286855881465272 0.8593086563857859073
1354.557396055902700 786.8044487752904388 0.8597056706351441369
1354.578229492781020 786.3704309768147596 0.8586529559478233153
1354.599062929195043 783.6488073992079535 0.8580644845427624068
1354.619896364210717 784.7544773055197993 0.8587169555347676786
1354.640729798762095 785.1513393123055948 0.8591026568194417568
1354.661563231916034 784.0444594600659229 0.8597235579643766057
1354.682396663672762 784.0554681931572532 0.8592879164529018121
1354.703230094964056 784.1406743852373893 0.8585337249072577670
1354.724063525323800 784.1630417868052518 0.8589358855157863681
1354.744896954287015 782.9607185016668609 0.8575957519521228978
1354.765730382784113 783.3786272944679467 0.8578300460382857207
1354.786563810349890 784.6610986386913282 0.8579217934945464474
1354.807397236519137 784.7621008981233217 0.8584705101195934107
1354.828230662222040 783.1066238771644521 0.8590229700567817428
1354.849064086993621 783.3029109558849541 0.8574395666708565233
1354.869897510834107 782.2088856958006318 0.8572784164782918381
1354.890730933744635 782.9279082351084753 0.8585151879395152008
1354.911564355722703 782.2148618609521691 0.8576437765094586663
1354.932397776768767 784.2808589468537548 0.8580246112445926165
1354.953231197349169 783.1048989264907050 0.8575231540100773930
1354.974064616999158 783.8797925140220286 0.8581249161488936350
1354.994898035718506 783.0800909824940845 0.8574904846686650650
1355.015731453504713 783.0899972643501314 0.8598717380954800094
1355.036564870825487 784.1479905555376035 0.8583772936615770011
1355.057398287216301 783.4417659638156692 0.8575497403746585867
1355.078231702676021 782.5195954847661142 0.8578233061563208528
1355.099065117202372 782.8222406795465531 0.8592432094435507040
1355.119898531263516 784.3606878096526316 0.8580138784811109920
1355.140731944860363 783.8048531133332517 0.8579977617167907633
1355.161565357060454 784.6833533796186657 0.8590877746549621108
1355.182398768793973 784.2021507555582502 0.8579039728140493981
1355.203232180060695 785.5222130526449291 0.8584627337890478049
1355.224065590397458 785.2071136046548645 0.8597207154291766074
1355.244898999802899 784.2564727833331517 0.8581134553092438777
1355.265732408742906 784.9203027344041175 0.8603653836303835067
1355.286565816749999 785.9181097514094745 0.8585846474384553062
1355.307399223826906 785.9374960960032013 0.8584857154195442153
1355.328232630904495 786.4005875146888229 0.8599825012289750159
1355.349066036585100 786.9659693727483045 0.8587043920008162745
1355.369899441798452 785.2466898266523003 0.8586192883068155535
1355.390732846546371 788.9116940768825543 0.8597081318982633391
1355.411566250364103 785.7646635022933879 0.8594203590213383981
1355.432399653716402 789.3299325612599660 0.8599476380265254072
1355.453233056136696 785.7516389511639545 0.8598063686757009272
1355.474066458090419 787.1076743439605252 0.8593978878788053333
1355.494899859113502 788.5964095891689567 0.8603542990321654260
1355.515733259671833 789.1815362200078425 0.8597694185442772419
1355.536566659764048 790.6286833296411487 0.8626013447473112050
1355.557400058924031 789.2667358660742138 0.8606442874694707479
1355.578233457618808 790.1084786841961431 0.8616246688268798248
1355.599066855383171 791.5385588597413289 0.8612527273658121540
1355.619900252680736 789.3826832167751490 0.8602693585582014135
1355.640733649047434 790.9189324172073157 0.8603125919517971010
1355.661567045413904 791.5651485190978747 0.8618011905526492544
1355.682400440383844 793.1533403487934493 0.8619949977070227032
1355.703233835353558 791.8704059343451718 0.8615529984319337808
1355.724067229392404 790.1438989422626946 0.8613215162927625457
1355.744900622965133 793.4038748394204958 0.8628250919184488055
1355.765734015606768 792.8184259717372697 0.8608689933424397145
1355.786567407782059 790.0965032647023918 0.8605106479466974045
1355.807400799491916 790.0640319849766229 0.8601367002339187495
1355.828234190270905 790.7470839906927722 0.8605724661645693940
1355.849067580584460 789.9630643230830174 0.8602777074837696381
1355.869900970431900 788.0104235356790241 0.8596761349280751530
1355.890734359346880 789.9674526654590636 0.8605440337990893918
1355.911567748263451 788.7572697883980481 0.8600331993681118448
1355.932401135783039 788.1200550526729103 0.8598546856824774709
1355.953234523302854 786.0131338945539028 0.8606787761877421339
1355.974067909889527 786.4362817841449669 0.8604377417642675718
1355.994901296011449 784.6651367179708814 0.8583350044221875752
1356.015734681668619 784.0678416425580508 0.8577737976682172638
1356.036568066394011 786.1185039129223924 0.8585897152279158284
1356.057401450654652 785.6237716221502296 0.8584666913946457090
1356.078234834447130 783.5868667696428247 0.8576257068034534026
1356.099068217774857 783.7226520457129482 0.8566829129977985291
1356.119901600172398 783.9167934920576499 0.8570437977236539107
1356.140734982103822 781.4872968903425772 0.8578575956237457500
1356.161568363570041 780.5328000946982456 0.8563391033506342342
1356.182401744104027 783.5691641868411352 0.8561698792555542115
1356.182401744104027 783.7290827374897617 0.0
1356.213651813740853 779.0773244779469451 0.0
1356.244901883377906 774.4255662183702498 0.0
1356.265735261583814 779.6026344236773866 0.8549148299087211411
1356.286568639324287 776.3503236076647909 0.8561689742239587675
1356.307402017065669 775.0733907323362928 0.8542916198764193281
1356.307402017065669 780.5953876531993956 0.0
1356.349068769750374 771.9701423548729053 0.0
1356.369902145162769 772.2528581581489107 0.8533292868140757159
1356.390735520575618 774.4571620518341888 0.8538654928436210101
1356.411568895056007 770.4760595244870274 0.8527132710577097763
1356.432402268605074 773.0063735649631553 0.8531572650215787368
1356.453235642154368 771.0649623576159684 0.8526645843283086057
1356.474069014772340 772.5105920712102261 0.8526143568420748720
1356.494902386925105 771.0337381047266945 0.8519882048005315012
1356.515735758611982 770.7735960079131701 0.8524668380014983615
1356.536569129832742 770.2661382338749263 0.8524171232955155553
1356.557402500122862 770.1417469302214158 0.8523091184187172598
1356.578235870413664 770.4847456903781904 0.8521927067730830085
1356.599069239770870 769.9358499275036820 0.8558330021690117029
1356.619902608662869 770.2819905248110217 0.8516923297989518193
1356.619902608662869 770.9499733413217655 0.0
1356.661569344586724 768.3418123815345098 0.0
1356.682402711616760 767.6290390185861270 0.8514251248204427469
1356.703236078180907 767.5750028309222444 0.8515228122247074927
1356.724069444280076 767.6056201092598030 0.8521425563933691105
1356.744902809912446 767.0012552749158203 0.8518145826805337828
1356.765736174613949 768.7968814842796519 0.8523190138992339238
1356.786569539315906 769.3024903689496341 0.8524226472949182343
1356.807402903086768 768.8297409023150522 0.8525448304076254091
1356.828236266392651 767.7911386883075693 0.8525735295375569400
1356.849069629231963 770.5949377714329103 0.8534006351203958785
1356.869902991605613 769.3496742723646094 0.8526918464431874067
1356.890736353047032 768.3765816424667037 0.8530720620970382306
1356.911569714022789 769.1825177266097171 0.8534528765974598308
1356.932403074534477 772.1361560822056163 0.8537309667384188616
1356.953236434580049 770.2175378203262426 0.8528507183005950010
1356.974069794158822 770.4516906055062009 0.8535175803574569509
1356.994903153273526 768.4648720773814148 0.8521588888146013341
1357.015736511456453 769.4379323273174123 0.8522654090913943659
1357.036569869638697 768.8094114239875125 0.8525602113038515117
1357.057403226888709 769.4567187207121606 0.8531650198468291313
1357.078236583674880 769.6003910496515346 0.8526928250670026133
1357.099069939995161 767.7028281047502105 0.8526153705088383994
1357.119903295383665 767.8445495206357236 0.8522591147636158215
1357.140736650771942 768.9221457069281769 0.8526332318185843029
1357.161570005229805 768.7246899566072216 0.8525023567189503604
1357.182403359222008 769.2269811013441085 0.8546049032801350531
1357.203236712748321 769.1344053171432051 0.8522965303622749289
1357.224070065808064 771.1238113339433085 0.8551396821346227695
1357.244903418401464 770.4122778539438059 0.8535135998036256222
1357.265736770065132 770.8144042015404693 0.8545090679136218004
1357.286570121729483 768.9101004400646389 0.8529564184390000525
1357.286570121729483 769.2816193536900755 0.0
1357.328236822727149 767.7318313866309154 0.0
1357.349070172528627 767.9882540991517317 0.8521896642609193551
1357.369903521863989 769.2168672664332689 0.8528191979055428362
1357.390736870733008 768.3532751753155026 0.8530124254674497086
1357.411570218670704 768.6374276728693076 0.8528180796439653877
1357.432403566609082 766.3421726324388601 0.8524565596713470361
1357.453236913615456 766.9336525478718158 0.8535695702725809575
1357.474070260155941 767.1847417064869887 0.8528705664660221064
1357.494903606231446 766.9950169450073645 0.8519121904434371340
1357.515736951841518 766.9488273160177414 0.8521686111779660511
1357.536570296520495 766.8182157224006232 0.8536977682710279458
1357.536570296520495 767.5418451083992295 0.0
1357.578236984945534 766.4644043247606078 0.0
1357.599070328693415 766.8659738667555530 0.8519592760678194043
1357.619903671509519 765.0418220204428508 0.8519309060663839972
1357.640737013860416 766.1871020154558209 0.8514202944107731597
1357.661570355279082 766.9463913644021886 0.8520026163298323185
1357.682403696697065 766.3038228563281109 0.8524084526419819507
1357.703237037649615 766.2829624128271462 0.8531148916910239466
1357.724070377671978 766.7911367671073322 0.8522664231731884588
1357.744903717693433 767.8830329486446544 0.8521279024128156632
1357.765737056784019 765.4362408736041061 0.8520610294982716715
1357.786570395408717 765.9801419806153717 0.8518266180773025331
1357.807403733569117 765.9389915734236638 0.8536038560459342506
1357.828237070795922 765.7446209142883617 0.8527218687125094343
1357.849070408024090 766.6042179880178082 0.8523410422949085907
1357.869903744786825 765.0103769083056022 0.8513568664891324467
1357.890737080618010 766.1960612410013027 0.8527047781672498772
1357.911570415983078 766.4016909306805019 0.8518948387696259061
1357.932403751347920 766.7728559060361704 0.8520084578268910525
1357.953237085782348 766.9702472402645981 0.8517302951509638786
1357.974070419284772 767.1932282562745513 0.8520667656653425626
1357.994903752787195 766.8062963702255956 0.8522504075335566309
1357.994903752787195 766.3638587328517815 0.0
1358.036570417929170 769.3188831569807462 0.0
1358.057403750035064 766.3009323608559953 0.8517938352165153049
1358.078237081209863 769.8052994552001564 0.8526551821916774632
1358.099070411918319 768.5904395183779343 0.8526220466977592061
1358.119903742161114 770.2225107451639587 0.8537001770360735931
1358.140737071938702 769.2057271045906646 0.8533575055553196398
1358.161570401251083 769.8452342682451217 0.8530935819660553365
1358.182403730097121 771.3741441232264151 0.8542381039651598673
1358.203237058010700 769.0556798131686946 0.8547271928514246220
1358.224070385926098 768.5894602033230285 0.8550163361734345324
1358.244903712909945 770.4320133284686563 0.8552747532602920089
1358.265737039426767 771.0085760436368219 0.8545204375910521177
1358.286570365478838 771.2105945074217743 0.8549351181821442935
1358.307403691065929 771.1741417206401366 0.8547096193788329410
1358.328237016187131 770.1495674378223839 0.8536998628497138863
1358.349070340841990 771.5200380807923466 0.8542045414288764738
1358.369903665030733 771.8504496931935819 0.8541591845549102446
1358.390736988289518 770.0215047396943646 0.8539348070512194910
1358.411570311548076 772.4510712710680309 0.8551943264804271472
1358.432403633874401 771.3179008285617329 0.8542470351456034061
1358.453236955735065 770.8777081405733043 0.8543794219677675050
1358.474070277130068 772.4587097775325901 0.8547875814753203016
1358.494903598059864 770.8593204196788520 0.8538451093474334064
1358.515736918524453 773.9495576843934259 0.8558392005677196712
1358.536570238522700 772.6454857394121518 0.8553814778164186006
1358.557403557589623 771.8857225456828246 0.8559700180957360294
1358.578236876657002 773.1856268892950084 0.8554655449515445875
1358.599070194793512 774.3358468869874969 0.8569287596128783990
1358.619903512928886 774.7906357195561213 0.8559550118300123245
1358.640736830132710 773.2536239384787677 0.8555688320474291730
1358.661570146872464 775.8240570705230539 0.8561260537424953965
1358.682403463145874 775.2834833254852356 0.8557429462112056129
1358.703236778952714 773.9111139253859619 0.8568289755405134045
1358.724070094294348 778.5925413839458997 0.8596770709343614092
1358.744903408705113 777.7838551786892367 0.8565932595186630527
1358.765736723116333 774.9447663810697122 0.8556685540961489478
1358.765736723116333 775.1905550699416381 0.0
1358.796986692869496 777.1843256635439730 0.0
1358.828236662622658 779.1780962571463078 0.0
1358.849069974704889 778.4932486325767513 0.8569580770184803686
1358.869903286322369 780.9123538379016054 0.8574491248873133964
1358.890736597473051 779.2584903575437920 0.8568867466828843371
1358.911569908158071 776.6436481522681561 0.8563547293107407476
1358.932403218377658 777.9644021472537361 0.8564170563059011476
1358.953236527666377 777.6067632554946840 0.8586059944314117232
1358.974069836953959 781.0110307886641294 0.8579026527489165277
1358.994903145311127 780.7934847321419056 0.8584492291904908257
1359.015736453668296 779.3789091812083143 0.8571092387543436386
1359.036569761094370 780.4739837565535936 0.8578208742271469234
1359.057403068054100 782.1215627939249089 0.8577141057406201252
1359.078236374547942 784.3727728452862493 0.8584141301271082103
1359.099069680577031 782.6759820565926020 0.8583299351288521395
1359.119902986140460 780.9784523965744256 0.8585048431655337708
1359.119902986140460 780.7377343953696709 0.0
1359.161569595403989 780.0888461436052239 0.0
1359.182402899569524 779.2629290739693033 0.8590038538481089558
1359.203236202804419 780.1076640204560135 0.8593341817698741947
1359.224069506039541 778.5804605733723065 0.8594923112735070037
1359.244902808342431 779.8023713466531035 0.8589319647689964699
1359.265736110179887 779.3739591301491600 0.8597989510468788676
1359.286569411552364 781.6177913126213070 0.8599430980820383930
1359.307402712458725 780.3984716461625339 0.8597115984540859568
1359.328236012899652 782.3623067213852664 0.8602397382723355745
1359.349069312874462 781.5887340736916258 0.8599889123002270042
1359.369902612384294 779.8721573094765063 0.8599229626195126208
1359.390735910963940 782.7781485633250895 0.8635048209974122146
1359.411569209541994 782.4866973307921398 0.8608967226206000189
1359.432402507187817 781.4467245427500757 0.8600679551489289754
1359.453235804835003 782.1380387157078076 0.8614757177835179469
1359.474069101550867 781.8721577375629295 0.8606548142930734446
1359.494902397799933 781.6343481838124490 0.8609506554126377109
1359.515735693583565 781.1474245406809587 0.8626487797111557221
1359.536568988903127 781.3199119614002939 0.8599333249904365095
1359.557402283755891 780.9764530433011487 0.8602926037057295749
1359.578235578143449 781.6799823957805984 0.8600310855614574646
1359.599068872064890 781.7416304492714971 0.8612498206704537473
1359.619902165055009 781.8498825659587510 0.8613582268469780479
1359.640735458045583 782.9709655399824442 0.8630355554375153115
1359.661568750570041 781.0545785615902332 0.8602001043880623810
1359.682402042162721 782.4263218550451029 0.8609849934017826945
1359.703235333289967 781.7990061794564554 0.8603210443806104113
1359.724068623952007 781.1636220050733073 0.8608705511907350783
1359.744901914614502 781.8320436006163163 0.8611072421414271982
1359.765735204344764 781.3540571307792106 0.8608901452196924264
1359.786568493609138 782.1512515209066123 0.8603302241784892557
1359.807401782409670 782.0536664507873184 0.8610412396690575454
1359.828235070278424 781.9378937365682987 0.8607141984024861969
1359.849068358146042 782.2771346650190480 0.8605556354258613316
1359.869901645547543 781.4723636463203320 0.8604837028183679459
1359.890734932018859 780.8190807887166329 0.8609671668948870593
1359.911568218490629 781.3520864385282039 0.8607202923999845989
1359.932401504029940 780.5111751244080551 0.8610171147970400174
1359.953234789104044 783.1200984898940760 0.8613254261623322083
1359.974068074177467 782.5805280159186168 0.8612349064006814547
1359.994901358320476 781.8374331912599473 0.8630131438946230249
1360.015734641997142 782.5449494589627193 0.8607676579095939751
1360.036567925208601 782.4442783947594080 0.8632363700420381258
1360.057401207953490 783.8082731188659409 0.8613022088890046613
1360.078234490234081 783.9994103375038321 0.8620433649010764698
1360.099067772048784 783.5752870537157833 0.8618165791541080312
1360.119901052931937 785.2688263761209555 0.8632944718811254026
1360.140734333815089 783.4503338173593647 0.8616123206366337328
1360.161567614232808 784.4912366055216353 0.8623076252007043641
1360.182400893719660 785.2836541596767574 0.8626383117679037316
1360.203234172739030 785.3693446052679974 0.8628526201767978687
1360.224067451758856 783.2686793648771300 0.8618287515161291434
1360.244900729848496 784.2397871200768122 0.8620968456939384073
1360.265734007472474 784.1371742566425382 0.8622745150064357045
1360.286567284630109 784.0097278855457716 0.8625131702799687661
1360.307400561322083 785.7129249769900525 0.8638943872518717315
1360.328233837547941 787.1195196875177089 0.8640606499043365085
1360.349067113309502 784.9512767517609291 0.8627555247516540682
1360.369900388605856 787.5908383713414196 0.8638103123984856024
1360.390733663434730 785.5902002763848486 0.8630972618711950650
1360.411566937798398 788.7261721453235168 0.8637040427716318192
1360.432400211231197 787.6143597399951659 0.8635187642212889259
1360.453233484663542 787.0355524186027196 0.8642697780664451157
1360.474066757164110 787.5731689325621119 0.8643853562204240060
1360.494900029665132 787.5651853524836952 0.8634092141156155531
1360.515733301234832 789.4929034792917264 0.8643029842317686562
1360.536566572339552 788.1714315284947361 0.8659995938315550035
1360.557399843443818 790.9688190191849344 0.8644341757619901090
1360.578233113616761 789.6200884319723627 0.8639432690327145670
1360.599066383324498 789.7720856942155478 0.8648601609682864400
1360.619899652566346 790.1306169806894104 0.8644447253853843049
1360.640732921342078 791.1183724787091478 0.8648745992201708477
1360.661566189651467 790.8819461512913449 0.8651815704008032348
1360.682399457496331 790.1589003119879635 0.8646266344249938784
1360.703232724875534 790.8789562252692349 0.8645840993364609650
1360.724065991324096 790.3384749425717928 0.8647439914636889657
1360.744899257771976 792.1381526763276497 0.8651944876748757229
1360.765732523753513 793.2921453017651174 0.8647671852576774842
1360.786565788803955 791.3703893396142348 0.8660160434637577120
1360.807399053855079 790.6813188133227186 0.8645098130246691159
1360.828232317973971 792.3259130018672067 0.8645940956150605095
1360.849065582092408 788.8914278390114987 0.8635358823268841633
1360.869898845281114 789.7991547910246481 0.8635548291892370942
1360.890732108004613 791.8635677239475399 0.8638211456455721082
1360.911565370261087 791.8009563317150423 0.8652913094209684353
1360.932398632517106 789.4546960067468717 0.8629330929847877085
1360.953231893842485 790.1787163407577737 0.8631801632345706965
1360.974065149114494 793.0659418861646373 0.8656401705187171114
1360.994898409508096 788.8920016844355132 0.8646437650648649553
1361.015731669435809 790.3920480962667625 0.8629900756278553464
1361.036564928899679 787.6919632567742156 0.8635779513906381988
1361.057398187897434 789.2002905616019461 0.8642465364399464223
1361.078231446429072 789.4798035764233646 0.8628745523512661997
1361.099064704028706 787.8454873648763623 0.8625610938065233491
1361.119897961627885 788.0671567291846031 0.8620034336389009733
1361.140731218762312 790.5791776315053312 0.8620164331100018673
1361.140731218762312 789.5392587127990964 0.0
1361.171981102834707 788.7705697147699766 0.0
1361.203230986906874 788.0018807167465411 0.0
1361.224064241712767 786.3105488729885337 0.8615301332146537705
1361.244897496519570 788.4681868366405979 0.8640842414314303666
1361.265730750393914 787.5273373889673394 0.8626236287951714043
1361.286564003802368 789.8406379673189122 0.8631629344937821191
1361.307397257212415 786.3979849419187076 0.8613582268469780479
1361.328230509690911 788.2487988802595282 0.8613583306446304100
1361.349063761703064 787.7024391819164748 0.8611887085895957306
1361.369897013248647 788.6776691277414102 0.8625873175940453885
1361.390730264329477 787.3667861250187343 0.8612601324739419528
1361.411563515410307 788.8460202121797238 0.8630213281464678143
1361.432396765560497 788.9850022324844758 0.8616172668517317890
1361.453230015245026 787.2822701209878460 0.8611906811310534593
1361.474063264462302 785.0044398450379504 0.8607340383609159984
1361.494896513215508 786.8481956239482997 0.8614447205531581275
1361.515729761502371 785.7301448773417860 0.8610103652498545257
1361.536563009322890 788.4223732237078366 0.8617515647637148390
1361.557396256212769 790.3758593338543506 0.8609216816689966301
1361.578229503104012 789.3991277360089498 0.8609959314252400020
1361.599062749528002 788.4105415492331304 0.8608888297334803541
1361.619895995485876 791.0733179167955313 0.8606563725290481415
1361.619895995485876 788.1531272459400270 0.0
1361.661562485539889 785.0161601613041285 0.0
1361.682395730102371 785.1087622407585513 0.8621488713359342082
1361.703228974198737 783.7745833795729595 0.8617574439262609687
1361.724062217363098 786.0896458697637854 0.8623469548650547489
1361.744895460527459 783.3030873195853019 0.8610862340375878832
1361.765728702760725 785.2670743512742320 0.8616237695248813999
1361.786561944994446 784.9237312039743983 0.8614429907641422135
1361.807395186296617 785.6749153586544026 0.8621580662392108740
1361.828228427598788 785.7335678985532468 0.8622402629352281522
1361.849061667969636 785.6110429558464148 0.8629645202411497795
1361.869894908340029 785.6582518009097384 0.8642942259278190154
1361.890728147780010 785.2192757422300247 0.8619600084524902117
1361.911561387219081 785.3783811256598710 0.8621796358530369186
1361.932394625726829 785.0687922124110401 0.8615219693894590192
1361.953227864235487 785.6136749149751495 0.8618450041178483678
1361.974061101811913 786.8619849485512532 0.8627316896258110379
1361.994894338922677 785.9642620548953573 0.8627937286667211048
1362.015727576034351 785.9313626227382201 0.8619372231842119536
1362.036560812214475 785.4826571440669341 0.8617731445520049327
1362.057394047928028 784.7542212276979399 0.8620215498693273304
1362.078227283641809 786.3798255783382274 0.8622483162690686154
1362.099060518425631 786.3944600414611159 0.8624368741251378090
1362.119893752742882 786.6921607111969479 0.8622799067322446387
1362.140726986594018 785.4711835926281083 0.8627976664062831924
1362.161560220444471 787.3715059950918658 0.8627639532472525241
1362.182393453365421 786.0002113046123213 0.8621793247566728047
1362.203226685820482 785.7668269443286135 0.8618639535728543910
1362.224059917809427 787.8880436547127601 0.8633986863570550785
1362.244893149797917 788.2365115113177580 0.8638375332611433199
1362.265726380855540 787.9569777492378080 0.8649715256827847920
1362.286559611447501 788.9236583192555372 0.8632344712231385664
1362.307392841573801 787.7461907942921471 0.8629207635177793545
1362.328226071699646 790.7898892446795571 0.8651454354551207926
1362.349059300893487 789.1043075153203290 0.8637300248327465235
1362.369892529623485 790.2999936412895750 0.8642656746199597340
1362.390725757888049 787.5497181211212592 0.8634771064458038881
1362.411558985684906 789.3934781115555097 0.8636738501517122746
1362.432392213482444 790.8903266584093217 0.8641849810413969601
1362.453225440349115 790.9735437985390263 0.8645093304013100610
1362.474058666751489 791.2502030438622569 0.8654171167285859001
1362.494891892685928 792.5300776471334530 0.8654452512560226740
1362.515725118620367 791.2753802491788520 0.8646879860532308282
1362.536558343625529 791.7178362616524510 0.8647724235916014468
1362.557391568164348 793.6969194308686610 0.8656203052930531161
1362.578224792702486 793.0526544549451273 0.8661946635991533139
1362.599058016309073 792.9284941504166682 0.8658564550771666868
1362.619891239450681 793.6097794529925977 0.8665219063782509945
1362.640724462592061 793.8155729175543911 0.8671768462755273799
1362.661557684801892 796.4100760806338712 0.8679345152495872018
1362.682390906546061 796.3119873349133968 0.8672159894782666134
1362.703224128290458 796.1544355200486507 0.8674406421042942794
1362.724057349103532 796.4709062835266877 0.8681321025582557915
1362.744890569917061 795.4977469747047962 0.8673509323490703471
1362.765723789797903 797.4228505746114024 0.8679618127856385534
1362.786557009679655 796.2260457208673188 0.8702348314895891335
1362.807390228630311 797.8425738412777264 0.8683603963704350504
1362.828223447580740 799.1915199185579013 0.8691870516260675750
1362.849056665598710 797.8734821190025741 0.8702233931504937958
1362.869889883618498 800.7660960495981044 0.8692359786286523171
1362.890723101172625 798.6629884741203114 0.8691085638069190322
1362.890723101172625 797.6108645476315360 0.0
1362.932389534416416 799.4652152785447470 0.0
1362.953222750572877 799.1664067259885087 0.8697798189433701976
1362.974055966263450 798.8776827430009462 0.8708702450706360398
1362.994889181488816 800.6478028283339654 0.8718160534145741325
1363.015722395783087 799.3084080229754136 0.8706014293977030194
1363.036555610076903 800.0805108736441298 0.8708887243830685243
1363.057388823904603 799.7722129733299425 0.8709693101344124777
1363.078222037267096 799.0563717481998083 0.8710131073303816196
1363.099055250164383 799.6441946871722166 0.8721800390161549288
1363.119888462595100 799.9483793560748381 0.8729207675324637261
1363.140721675025816 799.4616758108860495 0.8715689350928742529
1363.161554886526346 799.6219917946779105 0.8717244349812419690
1363.182388097561216 799.3513537009386027 0.8732784911279513063
1363.203221308129059 798.7378618976429152 0.8722789211600846526
1363.224054518697130 797.0526363680348823 0.8698252521053491115
1363.244887728335016 795.5988023843681276 0.8697420246935150256
1363.265720937971992 796.5890217307793364 0.8698479677964537915
1363.286554146676735 795.6043293056814036 0.8698413895577880028
1363.307387355383071 796.1931967746266992 0.8708454342659939229
1363.328220563158084 794.9090502745033291 0.8697341092799750761
1363.349053770933097 795.1596933470850672 0.8697887618574111634
1363.369886978242448 796.2381716939528360 0.8703129437923154965
1363.390720185085456 795.3573240654342271 0.8696337383292374046
1363.411553391462348 796.1399118470110352 0.8706160120558306126
1363.432386597374489 796.5967550253020590 0.8705055748609267230
1363.453219802821877 794.4478060817334608 0.8702081532136052289
1363.474053007802013 796.5470527764381359 0.8714541728806286525
1363.494886212316032 793.1697790885995119 0.8710555337639777074
1363.515719416365528 795.7174291701419406 0.8712588098263934766
1363.536552620415478 795.1757800439788753 0.8718102420835347477
1363.557385823532741 796.0014842476716694 0.8728562729427362665
1363.578219026650459 793.1197849485571396 0.8720238684987916544
1363.599052228837991 794.6739882502347427 0.8739159544595718199
1363.619885431024613 793.2084257984022315 0.8726225638995600553
1363.640718632745575 798.8474655815894039 0.8733076350481251415
1363.640718632745575 795.0908995987347225 0.0
1363.682385034790059 798.8569615661677972 0.0
1363.703218235114491 798.5623712960314151 0.8734090169176050855
1363.724051434973489 795.7274442760608508 0.8754545461662225359
1363.744884634365917 799.2113389104056296 0.8752701206155494296
1363.765717833758345 799.0694513331294502 0.8759471331259585103
1363.786551032219904 800.4892527380789033 0.8774225554566781327
1363.807384230681464 796.9128185963659234 0.8766632620548331367
1363.828217428211474 799.8590470460438837 0.8792555390466320064
1363.849050625741484 798.1180871755625503 0.8799537350674009328
1363.869883822805605 799.5683723169470341 0.8799744959408295486
1363.890717019404292 800.1271095054306670 0.8833230829243945426
1363.911550215538000 800.6459100630485182 0.8823661350918701185
1363.932383411204455 802.7276947142037216 0.8832863405311419669
1363.953216606872502 802.1711543686578807 0.8819617501677737836
1363.974049801608771 802.6991956019120380 0.8830906252640208232
1363.994882996343904 803.3243323347521709 0.8831404017936462791
1364.015716190614512 802.9371532967593339 0.8833932232497286874
1364.036549384419914 803.9645424668841542 0.8835746041271794748
1364.057382577759199 805.9303278606838603 0.8846031528204547634
1364.078215770632369 805.0243311516302356 0.8850424967007737287
1364.099048963039877 805.7743867758366605 0.8874064060343631599
1364.119882154982406 804.6479550895503507 0.8857994523720890134
1364.119882154982406 803.9201073660869952 0.0
1364.161548538401803 798.1910450417334459 0.0
1364.182381729412327 798.0088708591414388 0.8863766047945075277
1364.203214919957645 798.2100690097599909 0.8863710906642291443
1364.224048110037074 798.3000602095729619 0.8862566310919653967
1364.244881299651524 796.4188492304622287 0.8864162450018775452
1364.265714488798722 797.7089257410583514 0.8861064393236925962
1364.286547677946601 797.8028802281628487 0.8868970985697187670
1364.307380866629501 798.6782624007140612 0.8870025718290424077
1364.328214054847194 797.3416103628377414 0.8852539735805614596
1364.349047242597862 799.7712357886507561 0.8858490430480193689
1364.369880429883551 798.8826613806620571 0.8858166445693901325
1364.390713617168785 797.8882711356133086 0.8852876382198886507
1364.411546803523152 800.6933327825987590 0.8854362523025766096
1364.432379989877973 799.2629990708012429 0.8857906374565953644
1364.453213175765541 798.8716508741807729 0.8858325579888965962
1364.474046361188812 800.2826198229419106 0.8871852639046841071
1364.494879546612310 798.6765013408160030 0.8866237303787795065
1364.515712731104486 799.5411720853317092 0.8876689575446038427
1364.536545915595980 800.8102515528094045 0.8891704125103497836
1364.557379099620903 799.8190748210665788 0.8900982821772067677
1364.578212283181529 801.7518168070073443 0.8913683884091542220
1364.599045466276721 801.3512188217745233 0.8928947972123341126
1364.619878649371458 801.4110527950477945 0.8940234346198510096
1364.640711831999852 801.7213967627656075 0.8945051297701196447
1364.661545013697150 803.0415246610261875 0.8961116040686917250
1364.682378195861475 801.4386412577163128 0.8968067129901361456
1364.703211377092885 802.3822334654057613 0.8962222777884827352
1364.724044558325659 804.1851471841206376 0.8974423411770277026
1364.744877738626656 801.7869780421357291 0.8978177462357156413
1364.765710919392404 803.9053422480361633 0.9019118427198241639
1364.786544099226830 805.3031023908810084 0.9014469991708595753
1364.807377278596505 802.5071606044931514 0.9013938362587962105
1364.828210457966634 804.4714533041003506 0.9036591095549171282
1364.849043636870647 805.6004594360676947 0.9060044449240338693
1364.869876815307634 805.7271291911523576 0.9077326058244851170
1364.890709993745531 806.7137308208531294 0.9094654785449743928
1364.911543171717994 805.8726980011024352 0.9098494507894185901
1364.932376349225478 806.5651890028730122 0.9094677068378423934
1364.953209526267074 803.6411653996165114 0.9097592384307484625
1364.974042702840734 805.1031327658062082 0.9116785637139119824
1364.994875879416668 803.4819322949394973 0.9105060216378816351
1365.015709055527168 804.9554369100970916 0.9110307217200834806
1365.036542231637668 804.7954792571422331 0.9129687555363054097
1365.057375406815027 804.9818538569566044 0.9110460965839548564
1365.078208581993522 804.2959255041749884 0.9110317358148420919
1365.099041756706811 804.9259147569193829 0.9117353109311887582
1365.119874931419417 804.1504414883199843 0.9128128377723788711
1365.140708105665908 805.2264675579797313 0.9131571532847747585
1365.161541279447647 804.2147043923629326 0.9130463127473308349
1365.182374452763497 802.4296582132409412 0.9131870805341106845
1365.203207626079802 803.8213996417337057 0.9140704227984464136
1365.224040798929536 803.1069250949432217 0.9135899096415247556
1365.244873971314064 803.6464103014168359 0.9145598403473841342
1365.265707143698364 802.3313300512365913 0.9129282769341680037
1365.286540315617458 804.9192113163436488 0.9133726924283949167
1365.307373487070890 804.6149248405353092 0.9123571414686616476
1365.328206658058662 803.2618538510870394 0.9126413497139511666
1365.349039829045523 808.1624248056519946 0.9115585526363576552
1365.369873000033522 803.5817763649309882 0.9096711138733873936
1365.390706170089970 803.9621910996729639 0.9089259071054094363
1365.411539340145964 803.7797525415371638 0.9086765163048259319
1365.432372510201958 803.8624781450129149 0.9079416862659656084
1365.453205679326402 804.2460274451873374 0.9076361742654402986
1365.474038848451528 802.9660471390012617 0.9081520312303720255
1365.494872017576654 803.8382192462313469 0.9091470386776835388
1365.515705186235664 802.7912075391365079 0.9106659342114511446
1365.536538354429467 800.7360877861298150 0.9108013437370937604
1365.557371522157609 801.4541101792428890 0.9124691435417430219
1365.578204689885524 801.5741351050946832 0.9146697480747137954
1365.599037857612757 802.7266381177132644 0.9171558758094332520
1365.619871024409804 802.1654319847774559 0.9203942902105648471
1365.640704191672512 799.4588311866716595 0.9207725398391098937
1365.661537358003898 800.2426257265625509 0.9235609769161295945
1365.682370524333919 798.9301534539642944 0.9238399319368063578
1365.703203690664395 800.6670135651212377 0.9257120356057251254
1365.724036856064458 797.9171050051228349 0.9246649792691790104
1365.744870021930637 798.1287712394710070 0.9260441209712650945
1365.765703186863902 797.7715358033086659 0.9253575767969958177
1365.786536351797622 798.6519444849816409 0.9271574133660899220
1365.807369516731569 797.0873920244131341 0.9275175784930960177
1365.828202681200310 797.5977210558576189 0.9285561545918354920
1365.849035845202707 798.8533484865574792 0.9300935964246818122
1365.869869009205559 798.2568353300737272 0.9311468707335388562
1365.890702173208410 798.8632742140653136 0.9329222494767318574
1365.911535336745601 797.9772932245728043 0.9340503804916031605
1365.932368499816903 798.8474722659889267 0.9349571392108878554
1365.953201662887523 800.2791631209450998 0.9345022912219326239
1365.974034825493618 799.8526698230685952 0.9339104917141757278
1365.994867988099486 800.0097407074777038 0.9350357092703888151
1366.015701150239465 800.2271049382889032 0.9349417750441072483
1366.036534312379445 801.4299947172406746 0.9332525036643101179
1366.036534312379445 799.4596896828278432 0.0
1366.067784054658432 803.6657183908366733 0.0
1366.099033796937420 807.8717470988453897 0.0
1366.119866958145849 798.3697342536937640 0.9327599541003390726
1366.140700118888617 801.2208130907348504 0.9320313855768249667
1366.161533279631840 807.7260935552889123 0.9311196652035667043
1366.182366439909856 805.6161789568144513 0.9314411197631180528
1366.203199600186736 810.7261683650198165 0.9302763476537484477
1366.224032760464070 808.5889924377902389 0.9300904242332387328
1366.244865920275515 816.0648935763811096 0.9297667076925747454
1366.265699079622664 814.3888645347577722 0.9271406984618976166
1366.286532238967993 817.2839704319577550 0.9281815264407325961
1366.307365398313550 813.1398826795565355 0.9262512237396599568
1366.328198557194355 815.5713508053410123 0.9254326787871844928
1366.349031716075160 821.0171051186987370 0.9247617620961260387
1366.369864874489167 816.3934999622273381 0.9238703195884051533
1366.390698032903856 817.1359902763073251 0.9219794133426323368
1366.411531190853566 817.7452919100089730 0.9212709808030887793
1366.432364348802821 808.7669370494286341 0.9210219234710996794
1366.453197506286415 810.2384481282132356 0.9204925257406807448
1366.474030663770009 811.7554955566577064 0.9213717105130349028
1366.494863821252466 813.1308821900893236 0.9205580858099763342
1366.515696978271080 810.9399319124254362 0.9200812523662300624
1366.536530135289013 810.2164091390881140 0.9209584674707104179
1366.557363291841057 811.0097740750268258 0.9215118856879559450
1366.578196448392646 812.1599892952041273 0.9216317001237888107
1366.599029604480620 813.3759088450955232 0.9237114346704078383
1366.619862760566321 812.5523552105695444 0.9250038198443747417
1366.619862760566321 811.4146131401798812 0.0
1366.661529071807536 805.6468177022918553 0.0
1366.682362226963050 803.7641236326719536 0.9299339801161008445
1366.703195382118338 805.7751366363372654 0.9313253193036946653
1366.724028537273625 806.1229587102573078 0.9330784800252989175
1366.744861691962342 806.1886253583718371 0.9325125271055455523
1366.765694846186307 805.7207966396553047 0.9335899512560823510
1366.786528000410499 806.3840622770283062 0.9343736017018958728
1366.807361154634691 806.8453319325781194 0.9333674264255474862
1366.828194307926879 805.8456574409252653 0.9323243645132192059
1366.849027461684500 805.9806069484515092 0.9319441838618627294
1366.869860614512618 806.5103303427665651 0.9325030991039985340
1366.890693767340053 806.3318186914582384 0.9327839487584961287
1366.911526920166352 807.2027174249200243 0.9332991258846623506
1366.932360072061556 807.8433849262243029 0.9338560174915520040
1366.953193223957442 807.1191963227646511 0.9335746922802328207
1366.974026375853100 808.0699175844670208 0.9323489777124526201
1366.994859526816299 808.6235208937445123 0.9324524419382431706
1367.015692677781090 807.3836588703519510 0.9307243912027667321
1367.036525828279991 810.2133630395196633 0.9324210235246622736
1367.057358978779575 806.5099274122377437 0.9301061569148713071
1367.078192128346018 807.3402972493610150 0.9296605082207961557
1367.099025277446344 806.5829176598092545 0.9286335011317895516
1367.119858426548717 805.4231055638662156 0.9263716798722080314
1367.140691574719312 808.1963820019308287 0.9252675880836339628
1367.140691574719312 807.5462286598052515 0.0
1367.169136776660253 807.4233605102361935 0.0
1367.197581978601193 807.3004923606672492 0.0
1367.226027180542133 807.1776242110981912 0.0
1367.254472382483073 807.0547560615292468 0.0
1367.282917584424013 806.9318879119601888 0.0
1367.311362786364725 806.8090197623921540 0.0
1367.339807988305665 806.6861516128230960 0.0
1367.368253190246605 806.5632834632541517 0.0
1367.396698392187545 806.4404153136850937 0.0
1367.425143594128485 806.3175471641161494 0.0
1367.453588796069425 806.1946790145470914 0.0
1367.482033998010365 806.0718108649780334 0.0
1367.510479199951305 805.9489427154090890 0.0
1367.538924401892245 805.8260745658400310 0.0
1367.567369603833185 805.7032064162710867 0.0
1367.595814805773898 805.5803382667030519 0.0
1367.624260007714838 805.4574701171339939 0.0
1367.652705209655778 805.3346019675649359 0.0
1367.681150411596718 805.2117338179959916 0.0
1367.709595613537658 805.0888656684269336 0.0
1367.738040815478598 804.9659975188579892 0.0
1367.766486017419538 804.8431293692889312 0.0
1367.794931219360478 804.7202612197198732 0.0
1367.823376421301418 804.5973930701509289 0.0
1367.851821623242358 804.4745249205818709 0.0
1367.880266825183298 804.3516567710129266 0.0
1367.908712027124011 804.2287886214448918 0.0
1367.937157229064951 804.1059204718758338 0.0
1367.965602431005891 803.9830523223068894 0.0
1367.994047632946831 803.8601841727378314 0.0
1368.022492834887771 803.7373160231687734 0.0
1368.050938036828711 803.6144478735998291 0.0
1368.079383238769651 803.4915797240307711 0.0
1368.107828440710591 803.3687115744618268 0.0
1368.136273642651531 803.2458434248927688 0.0
1368.164718844592471 803.1229752753237108 0.0
1368.193164046533184 803.0001071257556760 0.0
1368.221609248474124 802.8772389761867316 0.0
1368.250054450415064 802.7543708266176736 0.0
1368.278499652356004 802.6315026770487293 0.0
1368.306944854296944 802.5086345274796713 0.0
1368.335390056237884 802.3857663779106133 0.0
1368.363835258178824 802.2628982283416690 0.0
1368.392280460119764 802.1400300787726110 0.0
1368.420725662060704 802.0171619292036667 0.0
1368.449170864001644 801.8942937796346087 0.0
1368.477616065942357 801.7714256300665738 0.0
1368.506061267883297 801.6485574804975158 0.0
1368.534506469824237 801.5256893309285715 0.0
1368.562951671765177 801.4028211813595135 0.0
1368.591396873706117 801.2799530317905692 0.0
1368.619842075647057 801.1570848822215112 0.0
1368.640675125986490 800.9323407999092979 0.8653039839667512334
1368.661508174929622 800.7515873827522910 0.8654642596234211060
1368.682341222475998 801.8226293648656338 0.8671153614178833680
1368.703174268624707 800.5148962456471509 0.8654139485237682949
1368.724007313841867 800.5331916451308416 0.8665397905743750240
1368.744840357663179 802.1977101914983450 0.8662046068856884551
1368.765673400552714 801.3635115374198676 0.8656676436844596978
1368.786506441578695 801.0258699489019136 0.8659800121674524620
1368.807339482140378 801.1685854415702579 0.8681067328731697508
1368.828172520838734 801.1705083260145557 0.8671314118263601101
1368.849005559071884 801.3856751641657183 0.8662530830735777343
1368.869838595907140 802.0077081877440150 0.8662620279927548683
1368.890671631347004 802.3856019042355001 0.8666329543880604280
1368.911504665853954 801.0527769795580753 0.8664967303074044835
1368.932337699430491 802.6944810989936059 0.8671467402046473261
1368.953170731610044 802.9805797570126060 0.8664021415372253898
1368.974003762856910 801.7004844166758630 0.8665950228960416224
1368.994836793173135 802.2989508206458140 0.8664076451667855894
1369.015669822093514 803.5620259712655979 0.8679893154726026072
1369.036502850547549 803.6141659241180832 0.8699262861286447546
1369.057335877603919 801.9465890258683203 0.8663131498737950409
1369.078168903729875 804.6026820047708270 0.8684456779366720447
1369.099001928925190 802.5745083245526530 0.8669756037635716339
1369.119834953187137 802.0739992519961561 0.8667820850570049362
1369.140667976053464 801.9641911325871888 0.8665998031120333289
1369.161500998453903 803.0644105698341946 0.8668800702596518581
1369.182334019922337 804.0860275235617110 0.8683803018715872124
1369.203167040460357 804.7193893293059546 0.8674489907210628514
1369.224000059600712 804.6036860145466107 0.8684642774716494484
1369.244833078276315 802.5541392052834908 0.8664031734704310539
1369.265666096021050 805.1537049938049222 0.8671910741234061248
1369.286499112833098 804.2692850303798195 0.8679259996161142743
1369.307332128713824 804.8731038725849203 0.8681060805981478667
1369.328165144130026 806.1826582791550209 0.8681566819519833667
1369.348998158147879 805.1398654475998455 0.8674006500849488210
1369.369831171700298 805.1542890169321254 0.8664085739008262621
1369.390664183857098 805.7259892540187138 0.8672308352528246278
1369.411497195546872 806.6252199077010800 0.8670052345430251384
1369.432330206771439 807.4311580515043261 0.8675820767494281105
1369.453163216598341 807.9780425836152062 0.8674835524525145170
1369.473996225960718 807.1436205514502262 0.8694221297871600473
1369.494829234392000 808.3967756259771704 0.8690346642528332666
1369.515662241890368 808.3639402912044716 0.8672138588138409432
1369.536495248924439 808.8840372823271991 0.8679046758286451668
1369.557328255026732 808.5622300415997188 0.8688668494919971064
1369.578161260197930 809.1231223756221880 0.8672098036638592466
1369.598994264902331 808.4366672829619347 0.8680828730205486510
1369.619827268676090 807.9308098280843069 0.8670342112284563640
1369.640660271519664 809.1101556697249180 0.8667641714767868599
1369.661493273897122 808.3097125254960247 0.8684396038325064016
1369.682326275341893 809.8498389309809227 0.8682322008750786857
1369.703159275856478 808.7319225790614610 0.8667813974024092261
1369.723992275904720 808.1430964270067534 0.8663598312175009308
1369.744825275488438 808.2348084097484389 0.8670337300102718414
1369.765658274139469 810.1378196796304110 0.8675221321624696502
1369.786491271859632 808.9729726053318473 0.8673521349540617154
1369.807324269114815 808.6039647494940255 0.8679627055207477238
1369.828157265439131 809.7661732914107233 0.8675658629202259720
1369.848990260830078 810.4502418370781243 0.8677506894829026818
1369.869823256221935 811.2696777774885959 0.8677817018653282144
1369.890656250217035 813.3638233789710057 0.8686064032017113412
1369.911489244213044 812.6385409394320050 0.8681249620452720084
1369.932322236810705 812.6535637888277961 0.8676534208680612981
1369.953155229409049 817.1804910303843599 0.8681332010935021160
1369.973988220610408 816.8918370840033276 0.8683294046560825485
1369.994821211811541 811.7252448744629874 0.8678721912420446216
1370.015654202081123 813.2223910141200349 0.8696519697623326106
1370.036487191419155 813.4942666704862404 0.8692455442729649651
1370.057320180291526 817.1477752544187751 0.8690179631118272185
1370.078153168699828 813.3994108624146975 0.8698162410409214784
1370.098986156175897 815.4301816784094399 0.8698855518830848066
1370.119819143185850 813.4396682191553509 0.8682465487278939742
1370.140652129264708 814.5833585648512098 0.8693811319602524623
1370.161485114877905 815.2239351057444310 0.8702589405502453301
1370.182318099559097 817.0699840122921387 0.8690648077996209198
1370.203151083775992 818.2540607825691268 0.8696194133636669932
1370.223984067526771 817.6506887280644378 0.8692145841184275579
1370.244817050811889 817.7444389969664371 0.8703553016314851121
1370.265650033165002 816.9678518068915309 0.8698763358808505597
1370.286483014587475 816.3172143800070444 0.8690608641640945597
1370.307315996009947 818.7417847191247802 0.8691478257470323099
1370.328148976500870 815.4030745598694239 0.8680442495669433711
1370.348981956060697 814.6431900250352101 0.8674002721446997244
1370.369814935153954 816.2108105191822460 0.8677527844849500793
1370.390647913782459 815.7742940458429075 0.8675045430506934663
1370.411480891946212 815.8961922756335525 0.8679968004475350218
1370.432313869177506 814.0800134071862431 0.8683402501658757933
1370.453146845943593 814.0983456794538142 0.8696772601024758131
1370.473979822242427 815.0716451349106819 0.8672311445370921579
1370.494812797610848 815.4303240598857201 0.8683956768429056394
1370.515645772514290 813.3061286972811104 0.8672141337385772530
1370.536478746952071 814.4749747158811033 0.8679132603471501062
1370.557311720458074 815.0581099660748805 0.8675841034567728371
1370.578144693498871 815.2665242459034971 0.8679450223273572629
1370.598977666073097 814.5441504719473187 0.8665280283177043685
1370.619810638181889 813.4038881725081183 0.8660229604751950028
1370.640643609360041 812.2776739190899207 0.8660443305943561487
1370.640643609360041 814.2931765062935483 0.0
1370.682309548921239 813.9568655390746699 0.0
1370.723975488482665 813.6205545718539724 0.0
1370.744808456866394 814.4990886672231909 0.8645496285238134515
1370.765641424318801 814.5701101497330683 0.8651856695033315336
1370.786474391306911 811.5870106013279610 0.8658218283955154693
1370.807307358294111 813.0213646459923211 0.8657929832435879991
1370.828140323883417 813.3367389724851364 0.8650545919423570096
1370.848973289473633 813.5768002692708478 0.8650387097114881074
1370.869806254130708 814.4669326994593348 0.8650018452751454534
1370.890639218324395 812.3607767875622585 0.8647444739560810056
1370.911472182051966 815.3203324032374439 0.8660431605853741166
1370.932305144847533 812.3575954549377229 0.8648438961094401245
1370.953138107644463 813.8234041633548941 0.8649289041860130922
1370.973971069508707 814.2032563410029979 0.8656070156501476376
1370.994804030907062 813.0696340995699529 0.8641431484559758402
1371.015636991374322 814.1869254765715596 0.8675823172064791589
1371.036469951842491 812.1964561055885952 0.8644840267706838111
1371.057302911378883 818.6649100594777337 0.8665598066792278287
1371.078135870448705 815.7626314538897532 0.8648947916932381297
1371.098968828589022 812.7163438125074890 0.8646967403688795573
1371.098968828589022 814.2301489370138370 0.0
1371.130218264633413 809.3865028167111859 0.0
1371.161467700677804 804.5428566964085348 0.0
1371.182300656954340 805.2695753541435124 0.8657107796152870849
1371.203133612765669 804.3541078855726028 0.8638849693432933963
1371.223966567645903 804.7152976637520396 0.8638624418414222461
1371.244799522060021 808.0069501950686117 0.8654069233325819566
1371.265632476008477 804.7619006529320131 0.8643602213558118086
1371.286465429491955 803.2058868352334002 0.8634673388389084714
1371.307298382042291 803.9015795811981206 0.8637181553028593362
1371.328131334592854 804.0512245271910388 0.8635271852672543602
1371.348964286213004 802.8180844329043566 0.8628080978751011543
1371.369797237367493 803.5914732499498996 0.8638320132569369258
1371.390630188057003 801.6684999961385074 0.8625910144275104052
1371.411463137814735 803.8768214072929368 0.8633846031219342132
1371.432296087572013 800.8682084688747409 0.8626596966387700682
1371.453129036398877 800.2827099230172507 0.8627160064446925958
1371.473961984758716 800.5561012572816253 0.8625584679288140766
1371.494794932653122 799.9890439609403074 0.8621212860376981091
1371.515627880081865 799.4189811107418109 0.8612839737213749958
1371.536460826579514 799.1312211444914055 0.8611486684819354975
1371.557293773078072 799.3913728482378929 0.8628384934889336000
1371.578126718645080 798.5272617924291580 0.8612607207274654009
1371.598959663745518 799.8005656709326558 0.8619129505059534013
1371.619792607915088 801.0281548710685229 0.8623510674416546840
1371.640625552084657 800.6132414879448334 0.8625557383895640085
1371.661458495323586 798.9952032580921468 0.8612129670750452437
1371.682291438561606 800.7253729428668976 0.8620387322780634909
1371.703124380868303 798.8780618231436392 0.8623719064989077143
1371.723957322710021 798.4047351079605050 0.8613370172642779155
1371.744790264084486 800.7678523985666743 0.8614413647593001100
1371.765623204528310 800.2231671813316325 0.8625569476801708824
1371.786456144973045 799.0335836728072536 0.8620792150299197987
1371.807289084485546 800.1053367427110743 0.8623333728550902633
1371.828122023533524 797.0618014688716357 0.8607509694821062762
1371.848954962114703 798.4386389616588531 0.8608931223652758202
1371.869787900231586 798.5674303485209293 0.8609660938312381218
1371.890620837416463 798.1523899103276563 0.8626620803799043280
1371.911453774600886 797.2680960650817497 0.8617678879866927932
1371.932286710854441 795.9296676566929136 0.8597550332137539053
1371.953119646641881 797.1792318435427660 0.8626844319509621162
1371.973952581964113 797.1881443836163044 0.8601046152580699156
1371.994785516820002 797.1831703329753509 0.8602758714199516543
1372.015618451210003 795.6437508374852996 0.8594352701033507458
1372.036451384669135 796.2775646347653264 0.8605619729648771310
1372.057284318128723 797.3577785622636611 0.8605949758972990526
1372.078117250656305 796.5637087553114952 0.8606109055062395319
1372.098950182719136 796.7116770318043564 0.8603617465123349906
1372.119783114316078 795.6769493870814358 0.8611205666204081455
1372.140616045447587 796.1484625335481269 0.8599144716204918382
1372.161448976113206 795.5467033612718524 0.8594149840329907697
1372.182281905847049 794.3030889463316271 0.8597708397325422025
1372.203114835581118 795.9597324833461016 0.8592711646032016315
1372.223947764383865 794.8301086781133336 0.8594709516191302301
1372.244780692721179 797.2913568972741132 0.8605554622684025157
1372.265613620592831 796.3655135779425791 0.8610515539704755028
1372.286446547999049 794.8975887080537177 0.8594034363636882112
1372.307279474938468 794.3037227600169672 0.8600717321132818061
1372.328112400947930 797.0838152193929318 0.8595103764110141320
1372.348945326956709 794.3307190040059140 0.8588197127896403105
1372.369778252034394 794.6522720713153376 0.8590561014979958276
1372.390611176645962 796.8274893248350281 0.8600950172519484793
1372.411444100790732 795.6686718344419660 0.8594244162483427596
1372.432277024471659 797.7305975011404371 0.8588334891700812879
1372.453109947686016 795.9380742169792029 0.8589591320538990660
1372.473942870435621 797.9167939072875697 0.8592901708176811093
1372.494775792252767 800.1040633841902263 0.8590876012016417373
1372.515608714070822 795.8754378160449505 0.8609001151551081144
1372.536441634958010 795.4987303123649554 0.8605376961279583847
1372.557274555379081 796.5120658731691492 0.8591872617088958108
1372.578107475334036 795.8674713773735903 0.8587281653836460471
1372.598940394823558 795.5970465308497523 0.8590033681312758684
1372.619773313847872 796.3131335853795463 0.8616691831026894732
1372.640606232405844 796.4796968130787036 0.8598978359507932767
1372.661439150032720 799.2762149042486044 0.8601439070617239446
1372.682272067660051 795.7664629262038716 0.8591719994501273439
1372.703104984355832 796.7602023508562752 0.8598337856174952387
1372.723937900585952 797.4914062109137376 0.8591275292321435275
1372.744770816349956 797.1061928881929362 0.8595585713693051355
1372.765603731649207 797.4296331037776326 0.8596496489944412955
1372.786436646481889 797.0017337573284522 0.8602738967809059334
1372.807269560849136 795.9045010616335958 0.8585889863011366696
1372.828102474285060 798.2658723473556392 0.8602321858023537215
1372.848935387721212 797.0012196203483654 0.8591718607010766506
1372.869768300226042 795.7079198150750017 0.8587553044117848255
1372.890601212730417 796.0291351443577241 0.8591273557868494004
1372.911434124303923 796.6296771687614182 0.8587538121345673625
1372.932267035411087 796.0248982170030558 0.8590258495939985250
1372.953099946053044 795.0060146351536332 0.8595820090918080414
1372.973932856230022 794.3594410904918277 0.8604573110135625980
1372.994765765940883 795.6930816138366254 0.8588158956174222203
1373.015598674719968 796.8064502890889571 0.8582646218978601249
1373.036431583499962 793.3427139183171448 0.8576422822982091576
1373.057264491347951 797.0818459262254692 0.8585779829026713994
1373.078097398729824 793.7162969630275029 0.8578046496089402062
1373.098930306111924 796.9751532938944365 0.8603508004262019337
1373.119763212563612 795.7777458283707119 0.8578052054895871636
1373.140596118549638 795.6757526062126544 0.8580611502612958130
1373.161429024069093 794.7344971748333364 0.8578044064110437184
1373.161429024069093 795.4162978704298439 0.0
1373.203094833245814 793.5334401487547211 0.0
1373.223927737368740 797.5114719279386009 0.8569389147471017099
1373.244760640559889 791.5808821021010999 0.8571106295828102573
1373.265593543751947 791.2573690059183491 0.8563931143674963220
1373.286426446013138 796.9484734119912446 0.8565351206409390628
1373.307259347807531 792.1890480299280171 0.8565535612868110382
1373.328092249136489 791.0833491717261268 0.8566816606273195411
1373.348925149999559 791.6739898965709017 0.8570385469249456323
1373.369758050396740 792.4365324603401177 0.8570183084461865386
1373.390590950328487 794.3349292789340552 0.8577859231691683517
1373.411423849795028 790.6405948767644531 0.8567051770562903457
1373.432256748795908 792.3891385147486517 0.8567330411017862746
1373.453089646864328 792.0334023603020341 0.8563725822302125090
1373.473922544934339 793.3894467634443117 0.8556187816028877346
1373.494755442071892 792.1626614721628812 0.8564611801017254500
1373.515588338743555 792.1877466666812779 0.8565183149518528216
1373.536421235415901 790.0659834865006133 0.8558169488041132977
1373.557254131157151 790.4290933007669082 0.8559323452546747646
1373.578087026432513 792.9492522969998163 0.8568753736232217477
1373.598919921241986 794.1128543779196889 0.8572020020685389152
1373.598919921241986 792.0360174116290182 0.0
1373.630169261826495 789.6529980596237692 0.0
1373.661418602411004 787.2699787076184066 0.0
1373.682251494893080 788.8408202033115231 0.8567992363176584192
1373.703084387374702 786.8208616533037230 0.8565596500921313083
1373.723917278924318 786.7032287961246766 0.8571208173325163271
1373.744750170475072 786.6369406983775434 0.8564933667680429963
1373.765583061093139 787.2255796737241553 0.8561398386572307562
1373.786415951246454 786.3926096326915740 0.8587839695126833206
1373.807248840933426 787.3302371223942373 0.8562604819999697359
1373.828081730155191 787.3834205011282847 0.8563816651516590328
1373.848914618911522 786.6536998061216082 0.8561419968813613890
1373.869747507201964 787.5276837000189971 0.8562928502296754951
1373.890580395026063 787.0649808523301090 0.8566672930238959927
1373.911413282385638 785.9744107783091067 0.8556350476696944485
1373.932246168812753 783.9923689091555161 0.8549700463496846536
1373.953079055240323 785.5343961291129062 0.8562952168909425676
1373.953079055240323 786.5079387104987063 0.0
1373.994744826234637 784.8233600829938723 0.0
1374.015577710799562 784.8512728810717363 0.8545384334583830954
1374.036410594899053 783.6527246821740391 0.8557694485811633278
1374.057243478532655 785.2046174518067119 0.8549839196170899713
1374.078076361700823 783.5571369719131098 0.8567013156751192016
1374.098909244403103 785.0667507375293326 0.8563051707181921213
1374.119742126639949 784.5369159255750446 0.8546949745423241263
1374.140575008410906 785.7595813685699113 0.8552799800423072085
1374.161407889715974 784.5976640013252563 0.8545588352914623709
1374.182240770557655 784.9602640604415456 0.8562036780197496144
1374.203073650932083 785.1464246478182076 0.8554327621902901857
1374.223906530373824 783.4180178864030495 0.8536130033413379392
1374.244739409816702 785.5444837765385273 0.8550041365383982406
1374.265572288327803 784.1785092389887950 0.8540877251471357123
1374.286405166839813 783.7765132352543560 0.8540161201733430518
1374.307238044420046 785.9890461485812239 0.8546527471921452346
1374.328070921534618 783.8708948318824241 0.8538248998870937578
1374.348903798649644 783.6932166366284491 0.8540860502455593917
1374.369736674832893 782.6570600872278192 0.8538954738484925144
1374.390569550550708 783.8370642213361634 0.8544278017037364448
1374.411402425801953 784.0019592219217657 0.8542577454615203347
1374.432235300588673 784.2186101890437158 0.8536252228578361523
1374.453068174909504 786.5968904215800421 0.8553255910711314858
1374.473901048763992 785.8139889954776436 0.8539985320683889380
1374.494733921687157 784.6409124820697798 0.8540979489542920300
1374.515566794611459 784.6587837720652487 0.8555730468715222470
1374.536399667069873 784.7314456289225291 0.8539876440123670420
1374.557232538596736 783.8331943988171133 0.8541876201075505604
1374.578065410122690 785.5179301421171658 0.8545776673204604768
1374.598898281183892 785.5815070931953414 0.8546951837560409215
1374.619731151313999 786.0421338403019718 0.8546753430940285945
1374.640564020977990 784.5067393403518281 0.8545125206844187415
1374.661396890640845 788.4571904121961552 0.8562558180896762128
1374.682229755183471 786.4368754964974642 0.8546144234556732888
1374.703062623450705 786.4561138946418168 0.8554549194332723427
1374.723895491252506 786.5051602035798624 0.8545213792446694212
1374.744728359053624 787.9105355595690980 0.8552679932415140351
1374.765561225923648 786.3147720279411033 0.8541635807881011733
1374.786394092328010 788.3573257625990891 0.8555644778685036478
1374.807226958266710 786.2707337633175939 0.8551442475803535670
1374.828059823739522 786.7442129728440250 0.8538937636681437349
1374.848892688748037 786.5113288793933179 0.8541925395365580487
1374.869725552823638 788.4150249440212974 0.8544892229301253028
1374.890558416899921 789.5054349573587160 0.8549542556482764288
1374.911391280510088 785.4048800643265622 0.8536429233900973967
1374.932224143654366 786.0348516916411654 0.8553072981698878197
1374.953057005869141 787.2479941359752047 0.8550516444219034007
1374.973889868083006 788.7478378041010956 0.8561706102419134323
1374.994722729829846 786.5154379198054357 0.8537572523063164942
1375.015555590646045 790.0636625192569227 0.8555890351476997946
1375.036388451462471 788.3061460304234060 0.8544439509264553090
1375.057221311347803 786.8732183917155680 0.8537076127461674657
1375.078054171233134 785.2153214597494753 0.8534170482284377801
1375.098887030187598 787.1099623582846334 0.8541199663623264549
1375.119719888675490 786.9483283045565258 0.8548581108235494552
1375.140552747163156 787.0022535654433113 0.8538556152855164560
1375.161385604720635 787.0564948936827250 0.8558100537740348512
1375.182218461811090 787.0114880241014816 0.8551007528783315381
1375.203051318902453 785.2548058782878115 0.8536618803578526204
1375.223884175064086 787.6436846737555015 0.8543511672138736079
1375.244717030758011 786.8936419885935720 0.8544941057456146849
1375.265549885985820 788.1941643632068235 0.8536408984957284396
1375.286382740747968 788.5475455414664339 0.8542932943749622643
1375.307215595045818 788.2819523600105640 0.8537362378799885354
1375.328048448878462 787.8396585208739680 0.8565783337559963462
1375.348881302244081 787.6425235147418107 0.8541464841985892953
1375.369714155143811 787.8095077833619371 0.8555561177828483466
1375.390547007578789 787.9260076838546638 0.8545363060597110927
1375.411379859548106 787.3521286589773354 0.8537447903252155523
1375.432212711051534 788.2900127011830591 0.8545574403098425975
1375.453045562089073 789.8246927644438529 0.8551266129758288148
1375.473878412660497 787.7778580947607452 0.8546138306273257657
1375.494711262301507 789.5922431439030333 0.8548035495783429250
1375.515544111942290 790.2913423372483521 0.8543260162085813958
1375.536376961118094 788.8058891372952530 0.8548387968895672095
1375.557209809826873 789.4660010629403359 0.8556832519274226723
1375.578042658069990 788.7972201242129131 0.8550539448100079598
1375.598875505382466 788.6029099576161343 0.8546041709545472154
1375.619708352695170 790.2503954491436389 0.8551734170666475121
1375.640541199542440 790.3073064910961421 0.8541802932458686382
1375.661374045457933 787.6039814128969283 0.8546538281825392103
1375.682206891372743 787.9382761184838273 0.8537893314712825532
1375.703039736822348 789.9481307121244527 0.8547823516824099022
1375.723872581340856 786.6237625649465599 0.8539419266209721249
1375.744705425859593 787.2956964256939045 0.8551987870892022725
1375.765538269447006 789.0557414500200366 0.8544030017631283336
1375.786371113033965 786.4784564659765920 0.8539307237417826935
1375.807203956155490 787.8595793247519623 0.8549770178689816147
1375.828036798346602 787.6095242975593465 0.8530995207953681048
1375.848869640535895 789.1951429550083503 0.8542860033052558366
1375.848869640535895 787.9608291727462301 0.0
1375.890535323053427 787.5841251161577929 0.0
1375.911368163381212 787.0655471951587288 0.8536536761969588660
1375.932201003708315 789.1492236025011380 0.8545785391636037120
1375.953033843569983 787.1148239786257363 0.8527966576625246597
1375.973866682500329 789.8252518867321896 0.8531563218623484657
1375.994699521432040 786.1981308991836386 0.8530566554937293322
1376.015532359430381 787.5317344135788744 0.8524473999665772572
1376.036365197429859 787.0052172985230072 0.8532937326655092303
1376.057198034498015 786.7830153795315482 0.8521986518804436361
1376.078030871565943 787.8111675946412333 0.8517945349705853264
1376.098863707702321 786.6947002954849495 0.8524649851144031620
1376.098863707702321 787.5178812543961158 0.0
1376.130112960976021 784.0853543013183753 0.0
1376.161362214249948 780.6528273482156237 0.0
1376.182195048988888 779.9789778313682973 0.8520324879953332653
1376.203027882797414 780.1095233454241225 0.8529743075464885083
1376.223860716605941 779.9550181972209657 0.8533467490164867719
1376.244693549483145 779.9073773595937382 0.8529463905915987132
1376.265526382359894 781.8757081444409778 0.8523807618997719660
1376.286359214770755 780.7304518550124612 0.8522340069269199736
1376.307192046251657 780.4965973096589096 0.8522151231083234801
1376.328024877730741 782.2906442881491103 0.8542311961912451013
1376.348857708279411 781.4603940799219117 0.8526784252032523215
1376.369690538827854 779.9486695875382338 0.8521980573715739471
1376.390523368911545 780.7360076930126525 0.8527152632049526115
1376.411356198529120 782.7223291738603166 0.8535424409403014057
1376.432189027214008 783.0226093737769588 0.8551833142528929566
1376.453021855900488 782.3577237170476337 0.8530261558869447480
1376.473854684121534 781.9183508352861054 0.8530955382908659290
1376.494687511876009 782.9175363318897780 0.8536229884450307059
1376.515520339164368 782.4401911858853964 0.8528321276985411092
1376.536353165523451 782.3077247225454585 0.8532164025162110033
1376.557185991880715 783.3401167936057163 0.8547867098453905133
1376.578018817772318 782.9035055611308280 0.8539542112292080045
1376.598851643198714 784.9061216549580422 0.8543860843723569687
1376.619684468159903 783.7872762948243235 0.8543200510210259280
1376.640517292655659 784.4803219093032567 0.8536447737204069242
1376.661350116683934 784.0438548617685228 0.8546976594478025158
1376.682182940248367 784.7027753133958186 0.8544533333800361508
1376.703015763347139 784.6595181730662034 0.8537650016818275622
1376.723848585978885 783.6306994095846221 0.8530765338028144518
1376.744681408611541 785.9868029084417458 0.8544219069870063743
1376.765514230312874 786.0691542686595312 0.8541730709921320219
1376.786347051547637 784.7977703548966701 0.8536568880480622790
1376.807179872318329 784.3019443743459078 0.8550716157668065698
1376.828012693088112 785.7940782217334572 0.8543276906397067050
1376.848845512926346 784.1408232479138860 0.8535742139457316302
1376.869678332765034 785.7037068014853958 0.8535958608105093104
1376.890511151671944 784.6541063563610123 0.8532834642958189164
1376.911343970579537 785.1065015044595157 0.8535811270364050962
1376.932176788555125 784.1225303198210668 0.8532128397117203500
1376.953009606531168 785.5541833602821953 0.8561441202901158842
1376.973842424041095 783.1462870853563345 0.8523985581997580718
1376.994675240619927 784.3071940908984061 0.8533579246385041284
1377.015508057199440 784.7584211924231568 0.8533022895458606261
1377.036340873311929 782.9892285523129658 0.8528535487890449573
1377.036340873311929 784.4482982511314049 0.0
1377.078006504142650 783.9626209369878325 0.0
1377.098839318857927 783.5731830686086141 0.8526321133131046226
1377.119672133108452 783.0374252461641618 0.8524014251524326680
1377.140504946894453 785.1473895505937435 0.8537082062038068297
1377.161337760213428 783.9906494235118544 0.8540032432034483367
1377.182170573532403 783.5899460894454478 0.8534448799476305192
1377.182170573532403 783.9203873853746245 0.0
1377.223836198308618 783.3540104475827093 0.0
1377.244669009764721 782.7676220216621914 0.8533650140978502607
1377.265501821221505 785.3856963616531175 0.8530154301073996637
1377.286334631747195 783.4478771387449569 0.8527332622190545441
1377.307167442272657 783.9159339369288091 0.8526450459431156315
1377.328000252332458 782.8773893664166508 0.8531635527231340443
1377.348833061926371 782.7297078836726314 0.8526471431078769259
1377.369665871055076 782.9347588887737857 0.8527719850236417098
1377.390498679717439 783.1136905249867368 0.8531027347328139498
1377.411331487915049 782.3451574379245130 0.8532350196741637083
1377.432164295646089 781.2115202523605149 0.8529404856367583943
1377.452997102911922 783.1657961261785204 0.8562009282216468398
1377.473829910177074 782.9753668184413300 0.8530163035472602129
1377.494662716511129 782.5111105266722689 0.8534090512428877950
1377.515495522846322 783.0170721463794052 0.8533895648245889420
1377.536328328714717 782.6256177383804697 0.8540797693353944231
1377.557161133652471 783.9434457820483431 0.8534326578489682680
1377.577993938590680 782.9269387362675161 0.8531937679758864190
1377.598826743062091 781.4724610660069857 0.8529532039502326635
1377.619659547067840 783.2462441962876483 0.8536716205145846725
1377.640492350607929 782.4609100872876297 0.8532183236301056350
1377.661325154148471 782.0224674872198420 0.8537885635401745166
1377.682157956758601 783.6841093211137377 0.8540937268508126401
1377.702990759366912 781.5387254453107744 0.8539164494553619367
1377.723823561044355 782.4334125638438309 0.8535964543458435250
1377.744656362722708 782.2621691719691626 0.8539274431200556403
1377.765489163934490 782.1009315167366367 0.8546851414398624058
1377.786321964681974 782.3938598039975432 0.8551966613332349088
1377.807154764961979 780.1528893030910012 0.8541905159450774443
1377.827987564777459 782.3264097278694180 0.8550325788459225418
1377.848820364127505 782.7456606091408275 0.8564602057837750193
1377.869653163476869 782.8035852347117043 0.8553195631678456312
1377.890485961895592 785.8190822391433130 0.8550206582880881534
1377.890485961895592 782.4576725615813757 0.0
1377.932151558265559 781.5398362446280771 0.0
1377.952984355752733 782.7267671761553629 0.8557128906250000000
1377.973817152773563 782.3912649691225170 0.8555799089787234912
1377.994649949329414 783.0174855765449138 0.8560144434561534066
1378.015482745419149 782.6216274909470485 0.8573851697012451201
1378.015482745419149 782.6527108703201066 0.0
1378.057148337133640 780.3447922795363638 0.0
1378.077981131826618 781.1687308684796562 0.8580455901098021920
1378.098813926519597 780.6473059766569804 0.8575578377572425914
1378.119646720746687 780.5284705322058016 0.8594811113910604261
1378.140479514973549 780.1151431522214352 0.8580468404895449375
1378.161312308269999 780.4195184893222859 0.8577781406323857771
1378.182145101566221 780.4584938516285320 0.8578181990970924486
1378.202977893930438 778.7708625988518634 0.8570537428568812954
1378.223810686295565 782.1691391246577041 0.8583567048258092802
1378.244643478195030 778.9110278738666011 0.8577211591941293900
1378.265476270093131 783.8372713035264496 0.8602303149967907014
1378.286309061061502 778.5356857971235058 0.8593860972294862233
1378.307141852028735 778.4357945738626086 0.8582152777719883607
1378.327974642065101 779.5158336831716497 0.8589565645567152075
1378.348807432101921 781.2645752828334480 0.8614541305445622132
1378.369640221672398 780.3069844965000357 0.8601310178848051713
1378.390473011243557 779.7149417447545829 0.8604532932924927602
1378.411305799882030 778.7957436404506097 0.8606549528030520424
1378.432138588521411 778.0386388413910481 0.8615331081486710119
1378.432138588521411 779.7356497237481108 0.0
1378.463387770083727 778.2636899371793788 0.0
1378.494636951646044 776.7917301506107606 0.0
1378.515469738422780 777.5263431133630547 0.8632410652853834687
1378.536302525199517 780.3690674808225367 0.8636626699881009284
1378.536302525199517 779.5062637499326001 0.0
1378.567551703152731 778.5411755830268703 0.0
1378.598800881105944 777.5760874161212541 0.0
1378.630050059059158 776.6109992492155243 0.0
1378.661299237012372 775.6459110823097944 0.0
1378.682132020995596 774.5513664751788383 0.8673481491711243496
1378.702964804512476 775.8166249583654235 0.8686838042473377097
1378.723797588030493 775.3775512789640061 0.8693807891609073302
1378.744630371081485 775.1851264319411712 0.8704994466583753088
1378.765463153667497 776.5015413814643352 0.8708734960892099419
1378.786295935787621 776.7022008606617192 0.8722232628942329091
1378.807128717907517 775.2852269184625129 0.8724804092328301008
1378.827961499096091 776.2210972251929206 0.8740796971462017062
1378.848794280750326 776.0256104096956733 0.8745249412299525016
1378.869627061473466 775.6793422439490087 0.8763197754901460579
1378.890459841731627 776.2896696179974469 0.8787941416130600203
1378.911292621989105 777.8038129557193088 0.8779829813191966092
1378.932125401781150 777.3433857548948254 0.8786924314023385474
1378.952958181107078 776.4837230638034953 0.8789347326114003156
1378.973790960433462 775.9134484459103760 0.8823811312688210062
1378.994623739294639 777.3388778175794869 0.8809850226741009482
1379.015456517689017 776.7582784615318587 0.8814083849835925299
1379.036289295618644 775.9473629279299303 0.8840672850656307036
1379.057122073547134 776.4088731353449475 0.8830340622221523050
1379.077954851010873 775.3421101013989301 0.8854523745049641681
1379.098787628009632 777.5452733429057162 0.8845867456150828811
1379.119620405007026 774.9937097492537532 0.8866452426102781059
1379.140453181539669 777.2809508226578146 0.8864355769450898981
1379.161285957606651 775.9323791543931748 0.8869709210881475681
1379.182118733207062 778.0851616943900808 0.8889113218900728253
1379.202951508807928 777.2313230601361056 0.8868576142728742395
1379.223784283943132 776.8104498527943633 0.8871105857582177734
1379.244617059077882 779.1916731903652362 0.8871085700665966023
1379.265449833282673 777.2584631788757861 0.8863729399190602987
1379.286282607951989 779.2512952728692426 0.8875967375995769126
1379.307115381690437 776.3598537621033984 0.8868730721644281223
1379.327948155429567 779.4853587119904432 0.8870746049739750561
1379.348780928701899 781.7726553593710150 0.8867643907539181081
1379.348780928701899 778.1378613237288846 0.0
1379.390446474315468 777.6736196069052767 0.0
1379.411279246656477 778.4708410817289632 0.8891861318431734107
1379.432112018998396 777.9592562571625649 0.8900695875909040433
1379.452944790408083 777.6597700890598617 0.8907415748730928007
1379.473777562283431 776.2400632054481093 0.8918491450132906007
1379.494610333227911 777.4962166749883181 0.8930369727371864075
1379.515443104172391 776.0326487319148328 0.8940257347358433471
1379.536275875117099 776.8349819480785072 0.8959732759569021265
1379.557108645130029 778.1339414221661173 0.8988811890059219545
1379.577941415143414 778.8967746364495497 0.8998650860331068868
1379.598774185156799 780.3998036116846606 0.9010063928891740570
1379.619606954704295 782.1493297601870154 0.9021680916897619751
1379.640439723785903 784.5720936753508568 0.9039706471813249156
1379.661272492867511 782.9077063777790499 0.9033091611431622869
1379.682105261483457 784.6451995366310257 0.9038550201642940873
1379.702938030100086 784.5819970436139101 0.9040938740681712105
1379.723770798249916 783.3265198985382085 0.9042122391380147395
1379.744603565934312 781.4255744973187348 0.9061717953317264262
1379.765436333620073 782.7130336393655625 0.9087975638324191641
1379.786269100839036 782.2778858840806606 0.9080827202507955054
1379.807101868058453 781.7869314896316837 0.9094694763606425703
1379.827934635276733 781.0619563531222411 0.9100074155211913540
1379.848767401565055 780.4372383184202135 0.9115892189145778923
1379.869600167853605 779.2665734659859709 0.9122147101081228282
1379.890432934140790 778.8576877756387375 0.9148747348506173216
1379.911265699962314 779.7256473602881215 0.9159104341733319554
1379.932098465784293 779.3499735871379244 0.9177866004248332876
1379.952931231141065 779.6965230511574418 0.9201687038237630345
1379.973763996032631 780.5662791309782733 0.9207521162565479589
1379.994596761388721 778.6337533132124236 0.9213124514650211649
1380.015429525813943 780.7119148599230130 0.9235935679580593582
1380.036262290239165 776.5312323906988468 0.9244581981304710316
1380.057095054664387 778.6540099922102627 0.9253380273803888389
1380.077927818623493 778.7825917782603256 0.9266160830464038600
1380.098760582583054 780.5846349519539444 0.9269251134781878454
1380.119593346076499 777.2703195309998137 0.9294589747526735835
1380.140426109571536 777.8689525293481211 0.9294840806518152032
1380.161258872600001 779.1525014666793822 0.9297146833276430655
1380.182091635627103 778.1252744811783941 0.9315181947631701043
1380.182091635627103 778.6315185294465664 0.0
1380.223757161218600 778.5812035619276230 0.0
1380.244589923314834 780.2283380281833161 0.9313763257566195497
1380.265422685411977 778.9026879714460847 0.9300267538201240081
1380.265422685411977 778.7765590548607406 0.0
1380.307088209141057 778.3559628905666159 0.0
1380.327920970772084 777.3577827195013015 0.9288613952638361537
1380.348753732403111 779.6733892439492593 0.9269315116667800059
1380.369586493568022 778.1892054738134448 0.9256302593733447548
1380.390419254733843 777.4761756465187545 0.9252153751580896035
1380.411252015434457 778.9899680802923285 0.9240197593859267311
1380.432084776133934 779.6085128659174188 0.9248849255920778001
1380.452917536833411 780.7756403625051007 0.9247292766822071686
1380.473750297068364 777.4253774581121661 0.9252811159366169935
1380.494583057302862 776.8738812837481191 0.9261158205829347345
1380.515415817536905 776.6148477389878053 0.9261542104181245127
1380.536248577305514 773.8587778153635099 0.9281656005918553776
1380.557081337073669 775.9714916388337542 0.9309675236291462541
1380.577914096842505 777.1607519030419553 0.9320676772488553086
1380.598746856145908 774.3650114341995732 0.9330289401097241475
1380.619579615448401 774.8511883244703995 0.9339043647194376074
1380.640412374752032 777.8962738384448130 0.9366426362205303446
1380.661245133589091 775.2572561820910551 0.9371146999778691145
1380.682077892426605 775.2715322266546991 0.9378429103599822403
1380.702910651263892 774.7340935948905098 0.9381999899355745187
1380.723743409635063 778.3978670901759642 0.9379194275080886545
1380.744576168007143 774.7129168952708369 0.9397311364340984463
1380.765408926379223 771.5983143594415878 0.9405857800389664236
1380.786241684284732 776.2150139012699128 0.9406046323377068585
1380.807074442656358 776.1381140940859495 0.9400905421459418987
1380.827907200562095 775.8071645562653202 0.9420165936533181350
1380.848739958002625 776.0156307480540363 0.9443807502536172294
1380.869572715443610 776.5250953934078098 0.9453903355356455540
1380.890405472883458 776.3933716255795616 0.9504503650759100752
1380.911238230323534 774.8802358997871806 0.9499217754081288323
1380.932070987299085 776.0867539556785459 0.9528917746440384029
1380.952903744739160 773.8600622602799604 0.9530848822983990498
1380.973736501247458 774.5251556598492471 0.9553678732245213245
1380.994569258222327 779.2471325765698111 0.9575647852123233550
1381.015402014731990 777.6538926813518628 0.9578246584147027676
1381.036234771241197 778.2980318568930898 0.9597134120651484857
1381.057067527284289 778.6151425371677988 0.9606512930553455787
1381.077900283327835 784.0955650201990466 0.9605164574658332510
1381.077900283327835 777.3655344073356446 0.0
1381.119565794715982 775.2513471367996090 0.0
1381.161231306104355 773.1371598662519773 0.0
1381.182064061216352 773.1301002807261966 0.9624123459078003373
1381.202896815862459 774.7204759415966464 0.9650610551642326840
1381.223729570975138 770.6623786825955449 0.9626157418551213318
1381.244562325155130 772.0697909540158435 0.9637628284298180859
1381.265395079801465 774.6231573082043269 0.9643302508569849829
1381.286227833517160 772.8284415821133280 0.9634414242674732565
1381.307060587231945 773.4585669915165909 0.9627564435400000065
1381.327893340946503 774.3666158712275092 0.9620241053806791731
1381.348726093731102 772.9741501143194000 0.9583529940260803182
1381.369558846981136 775.6878139084817576 0.9572058382186237058
1381.390391599299619 773.9011940569802164 0.9540597678081975674
1381.411224351151532 774.9550171913432450 0.9530846008744189302
1381.432057103004354 777.0072391975360233 0.9519341643413182785
1381.452889854390833 776.8668969289814186 0.9496305537872984370
1381.473722605312105 776.4508845263476360 0.9499303716942624209
1381.494555355767488 775.8040306632476586 0.9462054425309811556
