1.545224603016936044e+03 6.037384048936568881e+00 8.966698548166919247e-01
1.545245437006674365e+03 5.633475379881517142e+00 8.950665134350339613e-01
1.545266270996413823e+03 4.533417225777226278e+00 8.953156343042391052e-01
1.545287104985221049e+03 5.788580546178419439e+00 8.927890186206155487e-01
1.545307938974027820e+03 4.484896469233208727e+00 8.919824996031234798e-01
1.545328772962371204e+03 5.087167228800127283e+00 8.894380389757354788e-01
1.545349606949781901e+03 4.383815975853193159e+00 8.871283572411461371e-01
1.545370440937192143e+03 6.003069717744087264e+00 8.854586011642571197e-01
1.545391274923671517e+03 5.087669606068906170e+00 8.832246611583300933e-01
1.545412108910149982e+03 5.312700550771159769e+00 8.819241062499215689e-01
1.545432942895697579e+03 5.733501921888093378e+00 8.804344962632004723e-01
1.545453776880780424e+03 4.347963044346499828e+00 8.786334822502122055e-01
1.545474610865861905e+03 5.815597433269116934e+00 8.778668170011459937e-01
1.545495444850012518e+03 5.391391689889642791e+00 8.775088921664248032e-01
1.545516278833698834e+03 4.445178134703446915e+00 8.763157284691241999e-01
1.545537112816919034e+03 6.850373828473029114e+00 8.776826946015893194e-01
1.545557946799206547e+03 6.633318674902679568e+00 8.783246298750245762e-01
1.545578780781495425e+03 4.868640396839906792e+00 8.761342054578200589e-01
1.545599614763317504e+03 5.022567303290404794e+00 8.763899662261751544e-01
1.545620448744208488e+03 4.117346488658165882e+00 8.752223141128736561e-01
1.545641282724634493e+03 4.641170637439303803e+00 8.754189033485779703e-01
1.545662116704594155e+03 4.820948063663250238e+00 8.750732595565424710e-01
1.545682950684087700e+03 4.648134565886092417e+00 8.751792383537516651e-01
1.545703784663116494e+03 6.154733975488653641e+00 8.755542157987756813e-01
1.545724618641214420e+03 4.276072698444890463e+00 8.769090127364110865e-01
1.545745452619311436e+03 3.151234663197006292e+00 8.751326187994339367e-01
1.545766286596478039e+03 3.548394890461013418e+00 8.746929651807194839e-01
1.545787120573178072e+03 5.439757774755176634e+00 8.754748009890107596e-01
1.545807954548946327e+03 6.301469788109038461e+00 8.767717339525147313e-01
1.545828788524715037e+03 5.019975581725141467e+00 8.753052247251366103e-01
1.545849622499552424e+03 5.077661330662008865e+00 8.753230656534672915e-01
1.545870456473925060e+03 6.492654625673205615e+00 8.767762887307680719e-01
1.545891290447365009e+03 4.721581188993309475e+00 8.755874705253351431e-01
1.545912124420805867e+03 5.631772618421753585e+00 8.767144572959048032e-01
1.545932958393316312e+03 6.763749791781007659e+00 8.768001839334754743e-01
1.545953792365359959e+03 5.963958327601122988e+00 8.788644738335366080e-01
1.545974626336471829e+03 4.419510161349993638e+00 8.755692946081677919e-01
1.545995460307584381e+03 3.636285147035248855e+00 8.746664569554523094e-01
1.546016294277765155e+03 3.994435264808462893e+00 8.761745131406553089e-01
1.546037128247014607e+03 5.044625816358056625e+00 8.759201865198241732e-01
1.546057962216264059e+03 6.499977869363910088e+00 8.762328794605341864e-01
1.546078796184582188e+03 4.546903992353857227e+00 8.782453637764924270e-01
1.546099630151969905e+03 4.201218070108020619e+00 8.758953146110514121e-01
1.546120464119356939e+03 4.846562168663300696e+00 8.754440611327007904e-01
1.546141298085813105e+03 4.944503551220872595e+00 8.755573132729139729e-01
1.546162132051337039e+03 4.245453730429673556e+00 8.759242353683632798e-01
1.546182966016860973e+03 5.629970121671556527e+00 8.753362758775378172e-01
1.546203799981454495e+03 5.532319959706462953e+00 8.762580818968105367e-01
1.546224633945116011e+03 4.643579501307094404e+00 8.754747669476850014e-01
1.546245467908777300e+03 4.658756175841196168e+00 8.772928646070107250e-01
1.546266301871507494e+03 3.725163960302969812e+00 8.755079566119083889e-01
1.546287135833306365e+03 5.926720019638684001e+00 8.760946443001074169e-01
1.546307969794640485e+03 3.962344884251932875e+00 8.752385223080659804e-01
1.546328803755508943e+03 5.093503763976616305e+00 8.761445121557130955e-01
1.546349637715445169e+03 5.223609645787603561e+00 8.759692817989307434e-01
1.546370471674915507e+03 6.504618648031334160e+00 8.765170026045115970e-01
1.546412139591994674e+03 5.315106320392125383e+00 8.776078870262428167e-01
1.546432973549602139e+03 4.388832861589988532e+00 8.758333869544490113e-01
1.546453807506278508e+03 4.663609869576180067e+00 8.757685964114317878e-01
1.546474641462489444e+03 5.040358841773986853e+00 8.776603854290617734e-01
1.546495475418235401e+03 3.235126144553350791e+00 8.749330699390761579e-01
1.546516309373050490e+03 3.264966972836750969e+00 8.779011383336916552e-01
1.546537143327399008e+03 5.526663440884481915e+00 8.770309107888709654e-01
1.546557977280815521e+03 4.148276565071979505e+00 8.755204151764520715e-01
1.546578811233767055e+03 5.152126356438776256e+00 8.759802708712091102e-01
1.546599645185786812e+03 4.529894714291704538e+00 8.765465148447413313e-01
1.546620479137341590e+03 4.811197644262238171e+00 8.764261136224278381e-01
1.546641313087965045e+03 6.022487940999054601e+00 8.762767196695427918e-01
1.546662147038121475e+03 5.484534233966773975e+00 8.794383494015380887e-01
1.546682980987814062e+03 5.381102113933406983e+00 8.763048796398936746e-01
1.546703814936575327e+03 5.946904275002161455e+00 8.763010025962449934e-01
1.546724648884870021e+03 4.742308056242446668e+00 8.777461215405893968e-01
1.546745482832232938e+03 3.486794792329033221e+00 8.755626232030856437e-01
1.546766316778665441e+03 3.836599460420509367e+00 8.759022897046061518e-01
1.546787150725097490e+03 5.628945245571604694e+00 8.764964998526793005e-01
1.546807984670132555e+03 6.373670943324081684e+00 8.771763370946545901e-01
1.546828818615166938e+03 4.220289104925850410e+00 8.757301417741957250e-01
1.546849652558805701e+03 4.847554171553521307e+00 8.775030845740028340e-01
1.546870486502444692e+03 3.422420649646293001e+00 8.755552709835039416e-01
1.546891320444685334e+03 4.074430325995914259e+00 8.783938122025882755e-01
1.546912154386460998e+03 4.817203143420434763e+00 8.763569119868883650e-01
1.546932988327770545e+03 4.403916508459022161e+00 8.777799722654807679e-01
1.546953822268149906e+03 5.250120465473918863e+00 8.787416770291298640e-01
1.546974656208062470e+03 6.133728966660230597e+00 8.766015926354449039e-01
1.546995490147044165e+03 5.083733666771911075e+00 8.762546127785636463e-01
1.547016324085559972e+03 5.065935111235932098e+00 8.760925012113224275e-01
1.547037158023144002e+03 5.987203598530402182e+00 8.764308742220240367e-01
1.547057991960263053e+03 5.696020533953854326e+00 8.797277044997978690e-01
1.547078825896451008e+03 5.252286973277694671e+00 8.761112785728916164e-01
1.547099659832173074e+03 4.921160572481403150e+00 8.791848313382015778e-01
1.547120493766963591e+03 5.315255666945425617e+00 8.786826633467046399e-01
1.547141327700823012e+03 3.956605452260216538e+00 8.765244487588484956e-01
1.547162161634216318e+03 3.997865328839774524e+00 8.763838451648096051e-01
1.547182995567144644e+03 3.024051488391725329e+00 8.770275126896983631e-01
1.547203829499140966e+03 4.747720063894697695e+00 8.773080833841861992e-01
1.547224663430206419e+03 4.256084437537957399e+00 8.764197887858218294e-01
1.547245497360805984e+03 4.949309012380401995e+00 8.770122550621369806e-01
1.547266331290474454e+03 4.779638092622103152e+00 8.763018868357800306e-01
1.547287165219677945e+03 5.209491099578603013e+00 8.760247360813040451e-01
1.547307999147948976e+03 3.739877187627750565e+00 8.762152951451772642e-01
1.547328833075288912e+03 4.693390220892208475e+00 8.759390015985613065e-01
1.547349667002163187e+03 3.820134481129085380e+00 8.767498095022429050e-01
1.547370500928571573e+03 4.638084787633950157e+00 8.765904413621632418e-01
1.547391334854048637e+03 3.527079215771737886e+00 8.764087712195018920e-01
1.547412168778594605e+03 4.632828617968382190e+00 8.768788669471008212e-01
1.547433002702674457e+03 4.887445049742400016e+00 8.774690533476521281e-01
1.547453836625824351e+03 5.807662767521889258e+00 8.780027026067513951e-01
1.547474670548042468e+03 3.738529731357426833e+00 8.773375010756178094e-01
1.547495504469794469e+03 3.389680128004532556e+00 8.786806961556976603e-01
1.547516338391080353e+03 3.912831930859855589e+00 8.758650999058200659e-01
1.547537172311436052e+03 5.379014022681807283e+00 8.778594840795719279e-01
1.547558006230859519e+03 5.196586569818197887e+00 8.771445016681348461e-01
1.547578840149351436e+03 3.192654962536893848e+00 8.767190463647390741e-01
1.547599674067378601e+03 3.820666053957071817e+00 8.769905065372820552e-01
1.547620507984938968e+03 3.826112686254544926e+00 8.761348857716493299e-01
1.547641341901569376e+03 5.081393517290466733e+00 8.765909513320245816e-01
1.547662175817268462e+03 5.349737895490072503e+00 8.771504135636211119e-01
1.547683009732035316e+03 5.006388992407639016e+00 8.769835400988661434e-01
1.547703843646336964e+03 4.322870762777555775e+00 8.762842358854288083e-01
1.547724677560172495e+03 3.698400502347943153e+00 8.759563533021036408e-01
1.547745511473076931e+03 6.304225542292103412e+00 8.774884805167736390e-01
1.547766345385049590e+03 3.419858022844318945e+00 8.764700801767322247e-01
1.547787179296090926e+03 4.461076565062773724e+00 8.763142320868706481e-01
1.547808013206667511e+03 4.376876673891057834e+00 8.765940791406836574e-01
1.547828847116777979e+03 4.967214726201306441e+00 8.768749924412982955e-01
1.547849681025491918e+03 4.731460082523901711e+00 8.763262710898562791e-01
1.547870514933740424e+03 5.187109624706176092e+00 8.769786805505233040e-01
1.547891348841522358e+03 3.960749788792238490e+00 8.773710618561839647e-01
1.547912182748372970e+03 3.530153203114105409e+00 8.769301855404695312e-01
1.547933016654292487e+03 3.282023466829296687e+00 8.763316783848290603e-01
1.547953850559280909e+03 6.924443884660648862e+00 8.774837935817716428e-01
1.547974684463803442e+03 5.242453793821404417e+00 8.767117378363715741e-01
1.547995518367393970e+03 3.950353108533418478e+00 8.787880372976042409e-01
1.548016352270519519e+03 5.074050531550012622e+00 8.765097263925913929e-01
1.548037186172714428e+03 3.593944898035042357e+00 8.766226708742816953e-01
1.548058020073978014e+03 3.753239100364323733e+00 8.771561215628342900e-01
1.548078853974775029e+03 4.996371372212809803e+00 8.788047562384091460e-01
1.548099687874640949e+03 4.799347175269158328e+00 8.766663556104429267e-01
1.548120521773575547e+03 5.058539970753655801e+00 8.766307960600406846e-01
1.548141355672044028e+03 3.702824375619318431e+00 8.770716189933392970e-01
1.548162189569581642e+03 3.917419735598913100e+00 8.768918498154351093e-01
1.548183023466187024e+03 4.284108748436436187e+00 8.770496680593822258e-01
1.548203857362328108e+03 3.677325030789697635e+00 8.765125144809325919e-01
1.548224691257537415e+03 3.929977361939595681e+00 8.803515270764804557e-01
1.548245525151816310e+03 3.642258603705048614e+00 8.776980763948328823e-01
1.548266359045628406e+03 4.000685675418536036e+00 8.787133238234955401e-01
1.548287192938509634e+03 4.521779296712260532e+00 8.772319528849211734e-01
1.548308026830924973e+03 3.013121493898699654e+00 8.766004367173656497e-01
1.548328860721943329e+03 4.615767829007301870e+00 8.777228632648667039e-01
1.548349694612496023e+03 4.015697215416430765e+00 8.764265896835510272e-01
1.548370528502582147e+03 4.992375087388816191e+00 8.832995328794212009e-01
1.548391362391271514e+03 4.254841230482186987e+00 8.769999876011463913e-01
1.548412196279496129e+03 4.725288317847512687e+00 8.770105899597683274e-01
1.548433030167255538e+03 4.270374198281980505e+00 8.776638489907490071e-01
1.548453864053617963e+03 4.688243785562958621e+00 8.776047967895298507e-01
1.548474697939513590e+03 3.016540341771799305e+00 8.797147973603856030e-01
1.548495531824477894e+03 3.289500075310236582e+00 8.768269335514361495e-01
1.548516365708977446e+03 4.910894791316765762e+00 8.778538825009912783e-01
1.548537199592544994e+03 4.921989881310590675e+00 8.773696352094521034e-01
1.548558033475180991e+03 3.547256902744642559e+00 8.773585616345066507e-01
1.548578867356885439e+03 4.276174827680181423e+00 8.787256012808229988e-01
1.548599701238124908e+03 4.628962842236578723e+00 8.779041935801544794e-01
1.548620535118433963e+03 2.601880215008750774e+00 8.769219951584356076e-01
1.548641368997811014e+03 4.917384808221254566e+00 8.786954838974554427e-01
1.548662202876722404e+03 6.299486108208318669e+00 8.782566637046449465e-01
1.548683036754702016e+03 4.678736602351025731e+00 8.784643461019256971e-01
1.548703870631749851e+03 3.244827621752719438e+00 8.770931276573430413e-01
1.548724704507867045e+03 3.743793713195329609e+00 8.778636937272233931e-01
1.548745538383518124e+03 2.069597517259449404e+00 8.770491923364650555e-01
1.548766372258238334e+03 3.538879714886279615e+00 8.777307405893129966e-01
1.548787206132026995e+03 5.419540838206746258e+00 8.772670124629676769e-01
1.548808040005350449e+03 3.278773204396300045e+00 8.774904164174036625e-01
1.548828873877742353e+03 4.841264012978864884e+00 8.779446576192565521e-01
1.548849707749202935e+03 4.315582528251344030e+00 8.793041091682367583e-01
1.548870541619732649e+03 2.937929747119049750e+00 8.769176110635908961e-01
1.548891375489796019e+03 3.737473059281846588e+00 8.780910526107812419e-01
1.548912209358927612e+03 3.507862935268050819e+00 8.808111613203966073e-01
1.548933043227128564e+03 4.190135696223141970e+00 8.778952993886516287e-01
1.548953877094863401e+03 4.305903720850913885e+00 8.785872495092932333e-01
1.548974710961201481e+03 4.286496576674307946e+00 8.776288731811059396e-01
1.548995544827074809e+03 3.023063766711993949e+00 8.774760838588668843e-01
1.549016378692482022e+03 2.666725676812649937e+00 8.772249883639393619e-01
1.549037212556491340e+03 3.891089573649376021e+00 8.785777177319734621e-01
1.549058046420036135e+03 6.119133739698151331e+00 8.787311973025265788e-01
1.549078880282649152e+03 4.774841480362079338e+00 8.778945185965454368e-01
1.549099714144330392e+03 4.507243059045826783e+00 8.788192366866857119e-01
1.549120548005545970e+03 4.311497310083755252e+00 8.812652126649535012e-01
1.549141381865830681e+03 4.535184727994215237e+00 8.777669006758853643e-01
1.549162215725184069e+03 6.159306476911551087e+00 8.793170901211322388e-01
1.549183049583605680e+03 3.577165555678058162e+00 8.775410200241945402e-01
1.549203883441097332e+03 4.381348147192589693e+00 8.785118404864953323e-01
1.549224717298121959e+03 4.107020504102305125e+00 8.784912146691884471e-01
1.549245551154215491e+03 4.519836012767079580e+00 8.780541931059174798e-01
1.549266385009378155e+03 2.842962635284512096e+00 8.774425270952252998e-01
1.549287218863607904e+03 4.455524276607029321e+00 8.783547260446742388e-01
1.549308052717373357e+03 4.990713282646627391e+00 8.787953963837610294e-01
1.549328886570207942e+03 3.874434988959935211e+00 8.797101900416607334e-01
1.549349720422110522e+03 3.083971677302042025e+00 8.777821791380242544e-01
1.549370554273082007e+03 4.372054879107750480e+00 8.779061964581769129e-01
1.549391388123587603e+03 3.407396058876489775e+00 8.777187548046687660e-01
1.549412221973162559e+03 2.657653471242651833e+00 8.775234958839561727e-01
1.549433055821805965e+03 2.734310236142153627e+00 8.780886428745852124e-01
1.549453889669517139e+03 4.559880145627351666e+00 8.805445343140801961e-01
1.549474723516297672e+03 4.590509898676389255e+00 8.786500684586721066e-01
1.549495557362612089e+03 4.325429516981245115e+00 8.794273018754336091e-01
1.549537225052446956e+03 3.305132527206135151e+00 8.777837748731762701e-01
1.549558058890845587e+03 3.959274573014663900e+00 8.783606297946223718e-01
1.549578892733901512e+03 4.349969401754776754e+00 8.788278163245044627e-01
1.549599726575559998e+03 3.766458408816946601e+00 8.786020388238506840e-01
1.549620560416752141e+03 3.657847019637410213e+00 8.784398515656925976e-01
1.549641394257013417e+03 4.524033552676554493e+00 8.785213729785698034e-01
1.549662228096342915e+03 4.344658651204052369e+00 8.789516522018812061e-01
1.549683061935206979e+03 4.737058121594730054e+00 8.792281853966293914e-01
1.549703895772673604e+03 3.925266008633668591e+00 8.788224582996400081e-01
1.549724729609675023e+03 4.503752979035199999e+00 8.784308949442383163e-01
1.549745563445745120e+03 4.194249192558626049e+00 8.783294480459237219e-01
1.549766397280883666e+03 4.279541356483707482e+00 8.794834530451939303e-01
1.549787231115091345e+03 4.813568413586905237e+00 8.788702046102520038e-01
1.549808064948834044e+03 5.591251656024187611e+00 8.793682325329141847e-01
1.549828898781178850e+03 3.546902429631722420e+00 8.798811528299240736e-01
1.549849732613057995e+03 3.810657172129613635e+00 8.783519098741109365e-01
1.549870566444004908e+03 3.495839079214378309e+00 8.786053629933152642e-01
1.549891400274022544e+03 4.533870245706838276e+00 8.796351483285312911e-01
1.549912234103573155e+03 5.061911596110425293e+00 8.797304146362484589e-01
1.549933067931725873e+03 5.455718716733684914e+00 8.791710687741055574e-01
1.549953901759414521e+03 5.500459213236608136e+00 8.818701381535812844e-01
1.549974735586172301e+03 4.270120920221111227e+00 8.785781926272414610e-01
1.549995569411998076e+03 4.683135794008062902e+00 8.803911677572209271e-01
1.550016403236892529e+03 3.884899464354292675e+00 8.792728253011228290e-01
1.550037237060855432e+03 5.477208428932383910e+00 8.793648434657732604e-01
1.550058070884351991e+03 3.709015189610608054e+00 8.794119842169917378e-01
1.550078904706452022e+03 3.913835961721725099e+00 8.791188639862353993e-01
1.550099738528086618e+03 4.086512061518360106e+00 8.804090748748614192e-01
1.550120572348790120e+03 4.781171538336787208e+00 8.790389236342543988e-01
1.550141406168560934e+03 3.544618377279888044e+00 8.796420260070835218e-01
1.550162239987402472e+03 4.117069363485851952e+00 8.799146843323185641e-01
1.550183073805313143e+03 3.800783871207578990e+00 8.791100498850000777e-01
1.550203907622756105e+03 5.430054686668025710e+00 8.801822131793901605e-01
1.550224741438802539e+03 3.476442654143260924e+00 8.788325639141767454e-01
1.550245575254383994e+03 4.501593538852258547e+00 8.794537343753960901e-01
1.550266409069032989e+03 3.573746525669500684e+00 8.794957536374756746e-01
1.550287242882751343e+03 3.266341680133066028e+00 8.789526694013506392e-01
1.550308076695539057e+03 3.860227596900250191e+00 8.791820856221737035e-01
1.550328910507394085e+03 5.080562155125573298e+00 8.802754227992714009e-01
1.550349744318318699e+03 3.827464400698762148e+00 8.798414552984187287e-01
1.550370578128777652e+03 3.730307520059410464e+00 8.794997182545256642e-01
1.550391411937840076e+03 3.726681336905880215e+00 8.808572435036052806e-01
1.550412245746435019e+03 3.911356726074920687e+00 8.798106986415790143e-01
1.550433079553634343e+03 5.079977424585903734e+00 8.804230211867797307e-01
1.550453913360368006e+03 3.420565758520550226e+00 8.795439716556908705e-01
1.550474747166169436e+03 4.918492834492646182e+00 8.804270154781372870e-01
1.550495580971039999e+03 4.291831405679312539e+00 8.795524086900199379e-01
1.550516414774979694e+03 2.929353440774769446e+00 8.807749908695868823e-01
1.550537248577988066e+03 6.299607988724364560e+00 8.824442542735091433e-01
1.550558082380530323e+03 2.613776425741914267e+00 8.791130331291577837e-01
1.550578916181676050e+03 4.582567213647095627e+00 8.798106986415790143e-01
1.550599749981890454e+03 4.847713256819009331e+00 8.804753855850396826e-01
1.550620583781638970e+03 4.527896167659386073e+00 8.804046065922752629e-01
1.550641417580455482e+03 3.851355153928214037e+00 8.802466450014887478e-01
1.550662251377875691e+03 4.708373680595141053e+00 8.796171576933805580e-01
1.550683085174830467e+03 4.403764868319629322e+00 8.811409578430121625e-01
1.550703918970853010e+03 4.855968808594946395e+00 8.798173717080176592e-01
1.550724752765944459e+03 3.691413574916445839e+00 8.803300303161643026e-01
1.550745586560105949e+03 3.635668757000352080e+00 8.803673361699656530e-01
1.550766420353335889e+03 2.344133411620935803e+00 8.795695874615702126e-01
1.550787254145633142e+03 3.740717607194907757e+00 8.804415030947281284e-01
1.550808087936999527e+03 3.925469860047778425e+00 8.797534843347639688e-01
1.550828921727435045e+03 5.338419185900935560e+00 8.808549090016358774e-01
1.550849755516939013e+03 3.584004987514272322e+00 8.797045324922779796e-01
1.550870589305976864e+03 4.889564960812778693e+00 8.806181109925812489e-01
1.550891423093617959e+03 6.081059097567199423e+00 8.808698632404624584e-01
1.550912256880327504e+03 4.448212193952027604e+00 8.803635108693121936e-01
1.550933090666572298e+03 5.487309431985229580e+00 8.830739199693508068e-01
1.550953924451419880e+03 4.547416099377986853e+00 8.803561987439346703e-01
1.550974758235336139e+03 4.329988673630563056e+00 8.811229303070234886e-01
1.550995592018786510e+03 5.102834168159613881e+00 8.804653326745045527e-01
1.551016425800839897e+03 4.277337174856155499e+00 8.838844880069698373e-01
1.551037259582426941e+03 3.324336579575776440e+00 8.797971491123810495e-01
1.551058093362617001e+03 4.775480466031844173e+00 8.824590464915305077e-01
1.551078927142342309e+03 4.863553612748573229e+00 8.818045406729926317e-01
1.551099760920670406e+03 2.973478888923111185e+00 8.855391735521106478e-01
1.551120594698532841e+03 4.904928402793299114e+00 8.805487649704570874e-01
1.551141428475464409e+03 6.350608042607799320e+00 8.815513988229981557e-01
1.551162262250998083e+03 3.149947471967566415e+00 8.795845974350349206e-01
1.551183096026066323e+03 5.385532346517017288e+00 8.813847837791003448e-01
1.551203929799738034e+03 3.260772180644446294e+00 8.803606672722155135e-01
1.551224763572942948e+03 2.814154871849884998e+00 8.800388413765556361e-01
1.551245597344752014e+03 5.298473631772726122e+00 8.850472109535217902e-01
1.551266431116095191e+03 4.190055840085469718e+00 8.808792687176367764e-01
1.551287264886041157e+03 5.545222633910503518e+00 8.810842696381869787e-01
1.551308098655521007e+03 5.475398014997578500e+00 8.822407178944492445e-01
1.551328932423604329e+03 3.092390124229439152e+00 8.812817493427972382e-01
1.551349766190757009e+03 4.235402760899166452e+00 8.803660836397234624e-01
1.551370599957444028e+03 3.538125837530088802e+00 8.804185868251482860e-01
1.551391433722734064e+03 4.234886774030629297e+00 8.804454634530992641e-01
1.551412267487091412e+03 3.526456535850190477e+00 8.813929665032318450e-01
1.551433101250518121e+03 3.487123624464292249e+00 8.819339735722835361e-01
1.551453935013479622e+03 4.752571224977074849e+00 8.824812005826038197e-01
1.551474768775043458e+03 4.872927160925806689e+00 8.810221654850970419e-01
1.551495602535675971e+03 3.713395509150135609e+00 8.817453939903233673e-01
1.551516436295377844e+03 2.355200840593616007e+00 8.805983805914238127e-01
1.551537270054147939e+03 3.946987540012701245e+00 8.807819611561902295e-01
1.551558103811521505e+03 2.469595286790950084e+00 8.807529292105290564e-01
1.551578937568429410e+03 5.166793222155866339e+00 8.811342609777669255e-01
1.551599771324405083e+03 4.046356314859659520e+00 8.809080258486566839e-01
1.551620605078983999e+03 3.035155817703670600e+00 8.809866802646226791e-01
1.551641438833097027e+03 3.533014209057951049e+00 8.818840951538409190e-01
1.551662272585813525e+03 2.982282672684046787e+00 8.805373252287850283e-01
1.551683106337598929e+03 5.215151595391709805e+00 8.813864744308085308e-01
1.551703940088919353e+03 4.252839740927816692e+00 8.811327051331007132e-01
1.551724773838842566e+03 3.994137494369876862e+00 8.811574630309564338e-01
1.551745607587833092e+03 3.738429624929383799e+00 8.821206208896471557e-01
1.551766441335426862e+03 4.917458833078447888e+00 8.815104241796105633e-01
1.551787275082556334e+03 5.520665531051585972e+00 8.817737172968314052e-01
1.551808108828754030e+03 4.708942159369833291e+00 8.818961257080387695e-01
1.551828942573554059e+03 5.746109565035757427e+00 8.819838829600745722e-01
1.551849776317421856e+03 5.288169276213112724e+00 8.826286664648095304e-01
1.551870610060825129e+03 4.150118711691779261e+00 8.815381465064531241e-01
1.551891443802830963e+03 4.432220112398937317e+00 8.817720949840288647e-01
1.551912277543441633e+03 3.583719614261735131e+00 8.813746736142035187e-01
1.551933111283585959e+03 4.320090026058556631e+00 8.816396636349190796e-01
1.551953945022798052e+03 3.607662597855672004e+00 8.838584577598251890e-01
1.551974778760612935e+03 4.704970880478943407e+00 8.816299282332683562e-01
1.551995612497496950e+03 4.078891034860824050e+00 8.818428994006402011e-01
1.552016446233448960e+03 3.245622316551611597e+00 8.819640141582890669e-01
1.552037279968471012e+03 3.123226515649911050e+00 8.811781955441241321e-01
1.552058113702095852e+03 4.019245224374248693e+00 8.818420207171823177e-01
1.552078947435254122e+03 4.303105640465635595e+00 8.826521668801429188e-01
1.552099781167016317e+03 3.662420546210699790e+00 8.823086473856845968e-01
1.552120614897846963e+03 4.573083850542217554e+00 8.829976453155710114e-01
1.552141448627746058e+03 5.649603683778611440e+00 8.823697490587236736e-01
1.552162282356248397e+03 4.998904735512030406e+00 8.826821492602942021e-01
1.552183116084284848e+03 4.554316803981448558e+00 8.819664808876078732e-01
1.552203949810923859e+03 4.916834305719451237e+00 8.844202643359366789e-01
1.552224783536632003e+03 4.053512120564883858e+00 8.824436801413269027e-01
1.552245617260942936e+03 3.596812558215198408e+00 8.823697490587236736e-01
1.552266450984787980e+03 4.386474063379562693e+00 8.817850396051591932e-01
1.552287284707236495e+03 4.839481054681854744e+00 8.824303736790382047e-01
1.552308118428754824e+03 5.498433412998494418e+00 8.835954822958400623e-01
1.552328952148875487e+03 3.709396581299644780e+00 8.820546703760119289e-01
1.552349785868530034e+03 4.233995673115714453e+00 8.821663306220192124e-01
1.552370619586787143e+03 4.007468949013731851e+00 8.830608254972375226e-01
1.552391453303647495e+03 4.543200634625075729e+00 8.821219722830441201e-01
1.552412287020041958e+03 5.021265309612449101e+00 8.823263129255377590e-01
1.552433120735039438e+03 4.997624547609571088e+00 8.830114157404259645e-01
1.552453954449106050e+03 4.854124142428389632e+00 8.818797357271187520e-01
1.552474788161776360e+03 4.730739511527896290e+00 8.820896058421915376e-01
1.552495621873516029e+03 3.985154774497100760e+00 8.853412296845951657e-01
1.552516455584322557e+03 4.898662565714220207e+00 8.828009207987336238e-01
1.552537289293732101e+03 4.999765997791835836e+00 8.822529462644609355e-01
1.552558123002675984e+03 3.667975303770015572e+00 8.819508694158564310e-01
1.552578956709757449e+03 3.852615082009030800e+00 8.822535205207644449e-01
1.552599790416373025e+03 3.981995821068228913e+00 8.827308346945508255e-01
1.552620624121591845e+03 4.256271445844669543e+00 8.838173203139609857e-01
1.552662291528770311e+03 5.263719641134538385e+00 8.844818940279910446e-01
1.552683125230265432e+03 5.677216348491922027e+00 8.830317334751147662e-01
1.552703958931293982e+03 2.247864499026737128e+00 8.821534591631199351e-01
1.552724792630924412e+03 3.885539062210714434e+00 8.867957127986683119e-01
1.552745626329157858e+03 4.193019149934045231e+00 8.839381982573614183e-01
1.552766460026926552e+03 4.872418041368243635e+00 8.831256547346340025e-01
1.552787293722832146e+03 4.297171317870001062e+00 8.844143673387562243e-01
1.552808127417805963e+03 5.919817741214554729e+00 8.834438935552146877e-01
1.552828961111848912e+03 4.060443980707036715e+00 8.830388209470005911e-01
1.552849794804961675e+03 4.807061308732434313e+00 8.830993321408137087e-01
1.552870628496211339e+03 5.617343330372922772e+00 8.856388187339888640e-01
1.552891462186994886e+03 4.746470772532823013e+00 8.826180640611138717e-01
1.552912295875916016e+03 4.636253364325414239e+00 8.836088723963754221e-01
1.552933129564371029e+03 4.088163918275757425e+00 8.833233190964507875e-01
1.552953963251429059e+03 3.726232359278662365e+00 8.824012946455684903e-01
1.552974796937090105e+03 4.858838328737535406e+00 8.829897474750006969e-01
1.552995630621353484e+03 4.513240116899840615e+00 8.832818193229704518e-01
1.553016464305152113e+03 6.447370536262252649e+00 8.842020155419703098e-01
1.553037297987087413e+03 3.595708362861624430e+00 8.834697673506096693e-01
1.553058131668092301e+03 4.392177348002926252e+00 8.831189729197366223e-01
1.553078965348166093e+03 4.352170301090096061e+00 8.827301932257033412e-01
1.553099799026377696e+03 3.814260084735233036e+00 8.827515977765632016e-01
1.553120632704122954e+03 4.814605955430902640e+00 8.844405497059725230e-01
1.553141466380005113e+03 4.882979746375522012e+00 8.835894448793530920e-01
1.553162300054955949e+03 4.414953793429420514e+00 8.830143858039072313e-01
1.553183133728508892e+03 6.056413838438215791e+00 8.839837465777082848e-01
1.553203967401132104e+03 4.973334690841237027e+00 8.838394740780523007e-01
1.553224801072356968e+03 3.776875848995334906e+00 8.836439150492214623e-01
1.553245634742186667e+03 4.735896648502212258e+00 8.847256750388433622e-01
1.553266468411084134e+03 6.229553489919678277e+00 8.841704667884880964e-01
1.553287302078118955e+03 3.400152566547188115e+00 8.842919030931464253e-01
1.553308135744222000e+03 4.329920530992406924e+00 8.837028672141915564e-01
1.553328969409393949e+03 2.636562206471525727e+00 8.858129437331833111e-01
1.553349803072703025e+03 5.552358764615872744e+00 8.850788631431080189e-01
1.553370636735081007e+03 4.545644924989829860e+00 8.844048309686808329e-01
1.553391470396062005e+03 4.963390946197632658e+00 8.838820940654721348e-01
1.553412304055645563e+03 2.890611655963919446e+00 8.838586263519752073e-01
1.553433137714298027e+03 3.829388104157455786e+00 8.836482320460143924e-01
1.553453971371089438e+03 5.326971258483510496e+00 8.847202179901187957e-01
1.553474805026949070e+03 4.372021422236949562e+00 8.846779415647766376e-01
1.553495638681411037e+03 3.281727512988394935e+00 8.833359036018356703e-01
1.553516472334476020e+03 3.792094974111408057e+00 8.859037106914339210e-01
1.553537305986143110e+03 6.251939056249595339e+00 8.849148319233866022e-01
1.553558139636414126e+03 2.901667149211007768e+00 8.837174697457161887e-01
1.553578973285288157e+03 4.978792209869054908e+00 8.863585156290593181e-01
1.553599806932764523e+03 4.198502538397772099e+00 8.840182349732199629e-01
1.553620640578843904e+03 5.607925928156519468e+00 8.856278149029046531e-01
1.553641474223527439e+03 5.158117211330456087e+00 8.848244013852543111e-01
1.553662307866813990e+03 4.873838980051642622e+00 8.876016061673753788e-01
1.553683141509168991e+03 4.789347109725195395e+00 8.852107463063706438e-01
1.553703975149660437e+03 5.947953245992733784e+00 8.855799281375895671e-01
1.553724808788755126e+03 3.727287090759142885e+00 8.847829720183927327e-01
1.553745642426453060e+03 3.471096692250716487e+00 8.839960856890429763e-01
1.553766476062287893e+03 4.114629696828773220e+00 8.841879940127304049e-01
1.553787309697192086e+03 5.235332532435750252e+00 8.864688941395220123e-01
1.553808143330232951e+03 5.575112765787002544e+00 8.851743179456997845e-01
1.553828976962343404e+03 4.908218227957018343e+00 8.848638080072892542e-01
1.553849810592591894e+03 5.870172628553522287e+00 8.860087303846619911e-01
1.553870644220975919e+03 4.743061672582930655e+00 8.849445692580594214e-01
1.553891477848429986e+03 5.999274288873200689e+00 8.853061195625671065e-01
1.553912311474020044e+03 4.895742375169193750e+00 8.861826818103696324e-01
1.553933145098214027e+03 4.744676674145567041e+00 8.854176390399455254e-01
1.553953978721011026e+03 6.276160592551791595e+00 8.858730299432400201e-01
1.553974812341944471e+03 5.575406810756081022e+00 8.855546881116923563e-01
1.553995645961482069e+03 5.730079526081576446e+00 8.852766300236932784e-01
1.554016479579156112e+03 4.399957167620894616e+00 8.886422959320154913e-01
1.554037313195433853e+03 4.956575877110138251e+00 8.851144199975387039e-01
1.554058146809849404e+03 5.143210931031156008e+00 8.850200699831155537e-01
1.554078980422867062e+03 5.553969358248460608e+00 8.873644590975574564e-01
1.554099814034022984e+03 5.042308766229341543e+00 8.851878188346187226e-01
1.554120647643781012e+03 2.977876383429993723e+00 8.846825230120575201e-01
1.554141481251675941e+03 3.939265986299307798e+00 8.848536702320239922e-01
1.554162314858175023e+03 3.562648003288144238e+00 8.853758671654118340e-01
1.554183148462811005e+03 5.543339532397739688e+00 8.855500775225885191e-01
1.554203982065584114e+03 5.032166129424894052e+00 8.853232203520228216e-01
1.554224815666495033e+03 5.106511568845785831e+00 8.876168832239940132e-01
1.554245649266009423e+03 4.678269949004523198e+00 8.858811712102545588e-01
1.554266482863195051e+03 4.838818079192520827e+00 8.866703507578709287e-01
1.554287316458983014e+03 6.988179615412912327e+00 8.876122161950305012e-01
1.554308150052909014e+03 4.041211296654872775e+00 8.872158656837773050e-01
1.554328983644972141e+03 4.333270236328183422e+00 8.871287267767102858e-01
1.554349817235171940e+03 4.238766534133681319e+00 8.855554958036628843e-01
1.554370650823510005e+03 5.593808325994928055e+00 8.871863388478526957e-01
1.554391484409984969e+03 3.539332518297337415e+00 8.869216283539778090e-01
1.554412317994598197e+03 3.333345181348833286e+00 8.860755637907014037e-01
1.554433151577348553e+03 3.137821247895123733e+00 8.854629429710421107e-01
1.554453985157770148e+03 4.499747800731126013e+00 8.877362030985381791e-01
1.554474818736328871e+03 4.998185923991250945e+00 8.864301304228783263e-01
1.554495652313024948e+03 3.637267533659324314e+00 8.858488748346796671e-01
1.554516485887392946e+03 5.086950756436033672e+00 8.864456966289880890e-01
1.554537319459897844e+03 5.100197800327229025e+00 8.859527573121122046e-01
1.554558153030541007e+03 3.729206275048709607e+00 8.855373225561373740e-01
1.554578986598854954e+03 5.139633063198118634e+00 8.866889377237355818e-01
1.554599820164841503e+03 5.143997954715517906e+00 8.866081336845532679e-01
1.554620653728964953e+03 4.640696145779143578e+00 8.860454607919027170e-01
1.554641487290759414e+03 4.864289444933225681e+00 8.868639318784997672e-01
1.554662320850692140e+03 4.631331482841116731e+00 8.872909380254525580e-01
1.554683154407829988e+03 3.489535193064956076e+00 8.866103185828129174e-01
1.554703987963106101e+03 4.653447384928252717e+00 8.887443093762853463e-01
1.554724821515588019e+03 4.810482709255651024e+00 8.867298411209235676e-01
1.554745655066207064e+03 3.129360716776214524e+00 8.873711761142886179e-01
1.554766488614498030e+03 3.060246568570611281e+00 8.868183634593257425e-01
1.554787322159995028e+03 1.762233331989134122e+00 8.873866922285582604e-01
1.554808155703164630e+03 5.449846669904706786e+00 8.890141090135960100e-01
1.554828989244005015e+03 3.305631934813884953e+00 8.876795667672389145e-01
1.554849822782517094e+03 2.796980698693339207e+00 8.866521667487552438e-01
1.554870656318234978e+03 4.181165594659860041e+00 8.874335411870590828e-01
1.554891489851158894e+03 4.612380461189305336e+00 8.873772549706016033e-01
1.554912323381754959e+03 2.489700268590022247e+00 8.886253931653973481e-01
1.554933156910022035e+03 4.463528280200147691e+00 8.874629590538565260e-01
1.554953990435029937e+03 5.007742099770040589e+00 8.895627094590977668e-01
1.554974823957708850e+03 4.661802506630118970e+00 8.895262918044302136e-01
1.554995657477128589e+03 1.640424666844971568e+00 8.866157639981203653e-01
1.555016490994220931e+03 5.404127198729469228e+00 8.880293986484468771e-01
1.555037324508518395e+03 3.711401469747191761e+00 8.881720174629560427e-01
1.555058158019556458e+03 4.011058435085596230e+00 8.879355933184427396e-01
1.555078991527800554e+03 3.598335951484318507e+00 8.872840860482922309e-01
1.555099825033250454e+03 2.766124800369091474e+00 8.868119783168072479e-01
1.555120658535906387e+03 4.401118268725658922e+00 8.886539331658082075e-01
1.558599852517384079e+03 2.118059347719616348e+00 9.598979444199418065e-01
1.558620686043322394e+03 1.702932088291542634e+00 9.591573959242820635e-01
1.558641519569260936e+03 9.224096426243830749e-01 9.586995744935238317e-01
1.558662353094269065e+03 2.745312208687196609e+00 9.593453902853684712e-01
1.558683186618810851e+03 2.273104967775696039e+00 9.633786587683412783e-01
1.558704020142887430e+03 2.069340804225895170e+00 9.589288699369582503e-01
1.558724853666497438e+03 3.485213993854063830e+00 9.577509762294238449e-01
1.558745687189642013e+03 2.866951507830955315e+00 9.564083953020688922e-01
1.558766520711855037e+03 2.419991623606128961e+00 9.552608697408080385e-01
1.558787354234068061e+03 1.715630077831631795e+00 9.539915429426208959e-01
1.558808187755350900e+03 2.705332102522753246e+00 9.539068798466132648e-01
1.558829021276166941e+03 1.640554319582813392e+00 9.526553638536092716e-01
1.558849854796516865e+03 2.973213107329889304e+00 9.530953261962352707e-01
1.558870688316403630e+03 3.327693625793157750e+00 9.518800327821711482e-01
1.558891521835823596e+03 3.151830893887895613e+00 9.518787804251107598e-01
1.558912355354776992e+03 3.047647927200257456e+00 9.503946751870034904e-01
1.558933188872799064e+03 6.414314479234999311e-01 9.500560129116204511e-01
1.558954022390355476e+03 1.418206360855752024e+00 9.489942057445733825e-01
1.558974855907446909e+03 1.407074765732976296e+00 9.483917464103487349e-01
1.558995689424072452e+03 2.651864807064683305e+00 9.477301962636692778e-01
1.559016522939765991e+03 5.382774130532483881e-01 9.467300316654205794e-01
1.559037356454994551e+03 3.320671646277432387e+00 9.470439533539074528e-01
1.559058189969757677e+03 2.123196789260600958e+00 9.450897711040769922e-01
1.559079023484056052e+03 2.693547937245889479e+00 9.445928876909934768e-01
1.559099856997421966e+03 2.844937529446525559e+00 9.452092137934150484e-01
1.559120690510321992e+03 3.782720057580604589e+00 9.446796158724382053e-01
1.559141524022756130e+03 3.942428886641413222e+00 9.436689544134819752e-01
1.559162357534723924e+03 3.072791934583709583e+00 9.426012487693397057e-01
1.559183191045761987e+03 1.543228585956303078e+00 9.410836074487756164e-01
1.559204024556333025e+03 2.334901897774537716e+00 9.411203417187096187e-01
1.559224858066439992e+03 2.595890471948454348e+00 9.407336099470632318e-01
1.559245691575614956e+03 2.558773547898796963e+00 9.396639010501564027e-01
1.559266525084324940e+03 3.085750225705695904e+00 9.398778007091177500e-01
1.559287358592568125e+03 2.409550435653708078e+00 9.394105516966354541e-01
1.559308192100345877e+03 3.621077083195904933e+00 9.380516336662984012e-01
1.559329025607191852e+03 1.757788024397147097e+00 9.366443862222244565e-01
1.559349859113106959e+03 1.035927161012533126e+00 9.358205693586888474e-01
1.559370692619022975e+03 2.239091572825670617e+00 9.340697475648632730e-01
1.559391526124006532e+03 2.176849193435396401e+00 9.337183976857853507e-01
1.559412359628524428e+03 1.674888404894455007e+00 9.322913754141297638e-01
1.559433193132112137e+03 2.118920345799931937e+00 9.332215912094836696e-01
1.559454026635233959e+03 0.000000000000000000e+00 9.298192740263677702e-01
1.559474860137888982e+03 3.778658356914608163e+00 9.311314757018606114e-01
1.559495693639612909e+03 3.946596876169847334e+00 9.301663616033875037e-01
1.559516527140871403e+03 2.441095534597041095e+00 9.289112216056046867e-01
1.559537360641198120e+03 3.097899212759775978e+00 9.273925472748177912e-01
1.559558194141060540e+03 3.352753754715251944e+00 9.271914851222267107e-01
1.559579027640455934e+03 3.657649330234693963e+00 9.258928835235983312e-01
1.559599861138920460e+03 3.101682369840672138e+00 9.279174945201243974e-01
1.559620694636919552e+03 3.813728526349298598e+00 9.267599027427197989e-01
1.559641528133987322e+03 3.050275491031246844e+00 9.240157600169350838e-01
1.559662361630590112e+03 3.309007287164195787e+00 9.228266959902137190e-01
1.559683195126725877e+03 2.316022067649075034e+00 9.224375931634887227e-01
1.559704028621931002e+03 2.635486220363532972e+00 9.212535121027797258e-01
1.559724862116670010e+03 2.207849201357761970e+00 9.207664872556950986e-01
1.559745695610477924e+03 3.387263881580583558e+00 9.203272936527359116e-01
1.559766529103819948e+03 2.742332985153344893e+00 9.194795553476605710e-01
1.559787362596231560e+03 2.515665669534365989e+00 9.189388262755946446e-01
1.559808196088176601e+03 4.116346891533520846e+00 9.195792173516188495e-01
1.559829029579656435e+03 4.681835667400870982e+00 9.168104615279517589e-01
1.559849863070205402e+03 3.891798824656117262e+00 9.163778276255458710e-01
1.559870696559822591e+03 3.486317318640823615e+00 9.153917542825263931e-01
1.559891530048973436e+03 2.670387303102079279e+00 9.203891741640244373e-01
1.559933197025413392e+03 3.880587248205808137e+00 9.140460347053852574e-01
1.559954030512702047e+03 3.924626335820123657e+00 9.148176937155213517e-01
1.559974863999058925e+03 3.624255461624738217e+00 9.147959969531813673e-01
1.559995697484484936e+03 4.663539337026632481e+00 9.125953376295619091e-01
1.560016530969911855e+03 4.866377369654539820e+00 9.121360693217169802e-01
1.560037364453940882e+03 4.226451595751916201e+00 9.118433039426946385e-01
1.560058197937504474e+03 3.422240807138576812e+00 9.105620891489734081e-01
1.560079031420601950e+03 2.670668712704575398e+00 9.097821690720465648e-01
1.560099864902768559e+03 4.209861406666457917e+00 9.113176328052617903e-01
1.560120698384469051e+03 2.454214537556281606e+00 9.096606956105176556e-01
1.560141531865238449e+03 4.882329249286218698e+00 9.092708750885859503e-01
1.560162365345541957e+03 3.908798766372568068e+00 9.082236338935197884e-01
1.560183198824914143e+03 4.857841190031198408e+00 9.085014919631959618e-01
1.560204032303356144e+03 4.572950696992716502e+00 9.080694941171849610e-01
1.560224865781797462e+03 5.821779397192859307e+00 9.077708210134477484e-01
1.560245699258842023e+03 4.380035876087877256e+00 9.107058588808141231e-01
1.560266532735420014e+03 2.031831721388021705e+00 9.053793704243285889e-01
1.560287366211066910e+03 2.745429776966840762e+00 9.062520717728709263e-01
1.560308199686247917e+03 4.002728283143621724e+00 9.056147289022757896e-01
1.560329033160963945e+03 4.004832949260302755e+00 9.070582238785651619e-01
1.560349866634748423e+03 3.453001582196451480e+00 9.058070909184247066e-01
1.560370700107600896e+03 3.934310490289623985e+00 9.050109877894090271e-01
1.560391533579988845e+03 3.218657873701939565e+00 9.044654310103795725e-01
1.560412367051445472e+03 5.432971382669488314e+00 9.049075806042112813e-01
1.560433200521971003e+03 3.835723727602410094e+00 9.047691809061695345e-01
1.560454033992029963e+03 3.531325701648044380e+00 9.059061516203088527e-01
1.560474867461623489e+03 3.009591942946729048e+00 9.024837765067637019e-01
1.560495700930285466e+03 4.317641565000865711e+00 9.032588133626133775e-01
1.560516534398016120e+03 4.669001581138775947e+00 9.039002572456920070e-01
1.560537367865280430e+03 4.635476767047435054e+00 9.050513594896459901e-01
1.560558201331614555e+03 3.901787545322013884e+00 9.024529329110133613e-01
1.560579034797016902e+03 4.303293100177405961e+00 9.027308174700361398e-01
1.560599868261954498e+03 3.693741582818660163e+00 9.021118328417461196e-01
1.560620701726426432e+03 3.895053238908422699e+00 9.021540851172610287e-01
1.560641535189965907e+03 4.997331822188790795e+00 9.025141567483047078e-01
1.560662368652574514e+03 3.166488739738057667e+00 9.013241378406342541e-01
1.560683202114717460e+03 3.962765549115967012e+00 9.028528271967748431e-01
1.560704035575929083e+03 4.029743642705680529e+00 9.011455689134666436e-01
1.560724869036208929e+03 5.090153612461675969e+00 9.021591394008114939e-01
1.560745702496023569e+03 5.462427643702906011e+00 9.018715617959620623e-01
1.560766535954906885e+03 3.151309035820757387e+00 9.007088518783695763e-01
1.560787369413324996e+03 4.554788706808976961e+00 9.014470652919324145e-01
1.560808202870810874e+03 5.592275166499790728e+00 9.025160719901338391e-01
1.560829036327365884e+03 3.702695106783963297e+00 8.999540052317077654e-01
1.560849869783455460e+03 4.204788019200398352e+00 9.007002159652035544e-01
1.560870703238613032e+03 3.140189696715305345e+00 8.998697888699948022e-01
1.560891536693305397e+03 3.201478129822316276e+00 8.997827161653053629e-01
1.560912370146601006e+03 3.879848298518789207e+00 9.007228147505457194e-01
1.560933203599895933e+03 5.238914626278628361e+00 9.011995070726592783e-01
1.560954037051793421e+03 4.015834438693817177e+00 9.002551392670996577e-01
1.560974870503226157e+03 3.979034921614687192e+00 8.996984506452736507e-01
1.560995703954194141e+03 2.789324919773111588e+00 8.989661278650127318e-01
1.561016537404229894e+03 3.749511785199564073e+00 8.997958985005627408e-01
1.561037370853335005e+03 3.805523920713731023e+00 8.998356430660909844e-01
1.561058204301507885e+03 4.788790833103369060e+00 9.004956430354135177e-01
1.561079037749214876e+03 2.520542708991876601e+00 8.986651919890038531e-01
1.561099871195990090e+03 3.860880241705204163e+00 8.995679626341389623e-01
1.561120704642301007e+03 3.549407823975309739e+00 8.992489674625614438e-01
1.561141538087679464e+03 2.308852383768538630e+00 8.985302421137766338e-01
1.561162371532127054e+03 6.328218754827924286e+00 9.005802972567734654e-01
1.561183204975644458e+03 4.752112174194904171e+00 9.015521255504496123e-01
1.561204038418695973e+03 3.871219382710950896e+00 8.989964612269527588e-01
1.561224871860815483e+03 3.107039480535457088e+00 8.987127462950778023e-01
1.561245705302468423e+03 3.391867150902111661e+00 8.990303405589515906e-01
1.561266538743190949e+03 4.242254278582739957e+00 9.024733413182691733e-01
1.561287372182981926e+03 2.889790978955979028e+00 8.988330467914973365e-01
1.561308205622307014e+03 1.848936432936909569e+00 8.979830048403570908e-01
1.561329039060701461e+03 3.926861347592454088e+00 8.985398939082624992e-01
1.561349872498163450e+03 4.340314951987041425e+00 8.990940514611376333e-01
1.561370705934695479e+03 3.519036777792022619e+00 8.992738562699958971e-01
1.561391539370762075e+03 4.996072071719874330e+00 9.010723123502342169e-01
1.561412372806361873e+03 3.795733056388071347e+00 8.983576200053243754e-01
1.561433206240565596e+03 4.238677858326922454e+00 8.989468333251723342e-01
1.561454039674302066e+03 3.354457083381871207e+00 8.982805529631695540e-01
1.561474873107108124e+03 2.748703223933572914e+00 8.979320597085207467e-01
1.561495706539448975e+03 5.395244578312178518e+00 8.996255400278246883e-01
1.561516539970391932e+03 4.214940333428147667e+00 9.017876897517773660e-01
1.561537373400869910e+03 3.643675262573815132e+00 8.982731212673503718e-01
1.561558206830882455e+03 4.398265637253964577e+00 9.004684050554537800e-01
1.561579040259498470e+03 2.779562235188675956e+00 8.980083933546333386e-01
1.561599873687648142e+03 3.485159040877366721e+00 8.984946522986088091e-01
1.561620707115331015e+03 3.597711608481294121e+00 8.981090774664391985e-01
1.561641540541618042e+03 5.302434001271970843e+00 8.996245130755203823e-01
1.561662373967439407e+03 4.563789445006691814e+00 8.989430539338133519e-01
1.561683207392328995e+03 2.979856879491686428e+00 8.985161124956900780e-01
1.561704040816753604e+03 3.807655057686631039e+00 8.984451293621377177e-01
1.561724874239780092e+03 4.094591971044441614e+00 8.984002478796225821e-01
1.561745707662342056e+03 3.158966313161506889e+00 8.979244923674694068e-01
1.561766541084437904e+03 4.856146536096328958e+00 8.983297200445806707e-01
1.561787374505137450e+03 3.768462091100259315e+00 8.988169988136710531e-01
1.561808207925370880e+03 4.836210778071929894e+00 8.988048300113781197e-01
1.561829041344672987e+03 4.272272712170545717e+00 8.986467200771909303e-01
1.561849874763508524e+03 5.191336122096354089e+00 8.987712406094360285e-01
1.561870708180947986e+03 4.710929025479436483e+00 8.985086827482180460e-01
1.561891541597921560e+03 4.382753777409479135e+00 8.987067772734227411e-01
1.561912375013964038e+03 3.531072059253551387e+00 8.988404407013911301e-01
1.561933208429540400e+03 5.280343982950689963e+00 9.000213262892280408e-01
1.561954041844186122e+03 2.769699542468453402e+00 8.983975608904670729e-01
1.561974875257900976e+03 3.543487359070160991e+00 8.979800179091330659e-01
1.561995708670683143e+03 2.848488036767845344e+00 8.981513521367444630e-01
1.562016542082533988e+03 4.688043023327114867e+00 9.020933984689777363e-01
1.562037375493920081e+03 3.485424509256910497e+00 8.992986781095844151e-01
1.562058208904373942e+03 4.890053456176849167e+00 8.992647426055332405e-01
1.562079042314362141e+03 2.243640279104138102e+00 8.974493148432993728e-01
1.562099875722954039e+03 5.233981726651692590e+00 8.996352463255730125e-01
1.562120709131080048e+03 3.288188762747386917e+00 8.982075604298328519e-01
1.562141542538274962e+03 6.183220023606711635e+00 9.002933408266973192e-01
1.562162375944539008e+03 4.164558509013527754e+00 8.995307573294272219e-01
1.562183209342420469e+03 3.193424361348913720e+00 8.983362223720864348e-01
1.562204042747286394e+03 4.850411138990335935e+00 8.992504588219556450e-01
1.562224876151221906e+03 5.031371636687914872e+00 8.998596214382457159e-01
1.562245709554225414e+03 3.886192306486783821e+00 8.992613622410500218e-01
1.562266542956763033e+03 4.720054640511158084e+00 8.991145361094291522e-01
1.562287376358370011e+03 5.333261529553420033e+00 8.994206895283813896e-01
1.562308209758580006e+03 3.557333963153922696e+00 9.002164063948389083e-01
1.562329043158790000e+03 4.423769458591454651e+00 8.989856871992079057e-01
1.562349876557603011e+03 3.052990785571941146e+00 8.987536330275661678e-01
1.562370709955484926e+03 4.446326015086823347e+00 8.988292337648664532e-01
1.562391543352900044e+03 5.154677442963259359e+00 9.001632370203354050e-01
1.562412376749384975e+03 5.771823733090020170e+00 8.992803186306483898e-01
1.562433210145403564e+03 4.862104622737223991e+00 8.990867259315462601e-01
1.562454043540024941e+03 2.725743539724851949e+00 8.987772423617150785e-01
1.562474876934180429e+03 4.749853608311722653e+00 8.991175855640869408e-01
1.562495710327405504e+03 5.914673485564176048e+00 8.988528742692331042e-01
1.562516543719699030e+03 4.777587313429379812e+00 8.998358086647748610e-01
1.562537377111061460e+03 5.254818389270159429e+00 9.002725519641131546e-01
1.562558210501493022e+03 3.297760350914058947e+00 8.986041702252701713e-01
1.562579043891458468e+03 5.931308376668530613e+00 8.996778799154174777e-01
1.562599877280491455e+03 6.102921240009916204e+00 8.996417060902666130e-01
1.562620710668594484e+03 3.990276168628955844e+00 8.992974850862388569e-01
1.562641544055765962e+03 3.881597299310726612e+00 8.989680506658795922e-01
1.562662377442471097e+03 4.639673369860813246e+00 9.000151672674705505e-01
1.562683210827779021e+03 5.289686181683768140e+00 8.995580568306571490e-01
1.562704044212621966e+03 5.223904377030954116e+00 9.007515339114394726e-01
1.562724877596534043e+03 5.733665650245786338e+00 8.990741298587634489e-01
1.562745710979980458e+03 4.640783024382372446e+00 8.992088323952672768e-01
1.562766544362029435e+03 6.597808540620436091e+00 9.006936645275678277e-01
1.562787377743612979e+03 3.463887273697102032e+00 8.997521443279180575e-01
1.562808211123798401e+03 4.167642901393592503e+00 8.987820835249589191e-01
1.562829044503519071e+03 2.580259912658670274e+00 8.986085811764772391e-01
1.562849877882307965e+03 4.839892313764458720e+00 9.000633455872097954e-01
1.562870711260632106e+03 4.536199934878576201e+00 8.992377656173859979e-01
1.562891544637558127e+03 3.686336673907534944e+00 9.001700240705127198e-01
1.562912378014018941e+03 4.464533063851924055e+00 8.993561401934644373e-01
1.562933211389550024e+03 5.101382780491069191e+00 8.995544787878675397e-01
1.562954044764148421e+03 4.846463781327198461e+00 8.992282207397928051e-01
1.562974878137815040e+03 5.396416827048625464e+00 8.993590562797634247e-01
1.562995711510551018e+03 2.401871094939240336e+00 8.987838077685837979e-01
1.563016544882355447e+03 4.531734217168735590e+00 8.998800555411867741e-01
1.563058211624100522e+03 5.713986881975973375e+00 9.006206359333988054e-01
1.563079044993576417e+03 6.860019511639149137e+00 8.998287210138424808e-01
1.563099878362121444e+03 5.390716854735726926e+00 8.995386424646300005e-01
1.563120711729734921e+03 2.742689566812495983e+00 8.985046029946817114e-01
1.563141545096417531e+03 5.659700315803657844e+00 9.000280481842277691e-01
1.563162378462634024e+03 6.322514315148508146e+00 9.007651321808664013e-01
1.563183211827453533e+03 4.619400463667254542e+00 8.995754830207967068e-01
1.563204045191806927e+03 5.598946915196680862e+00 9.008037422065178212e-01
1.563224878555228997e+03 3.909885035719162794e+00 9.016717828004936486e-01
1.563245711917719973e+03 4.639594580063681306e+00 9.009260459910132246e-01
1.563266545279279853e+03 4.429177765637014375e+00 8.998197785708637042e-01
1.563287378639907956e+03 6.122724709612395344e+00 8.997653602334066969e-01
1.563308212000070853e+03 5.276018307193288237e+00 8.996726791894208430e-01
1.563329045358837902e+03 3.856374282594693170e+00 8.992867478049072494e-01
1.563349878717137926e+03 5.177006006284732287e+00 9.011869405306478509e-01
1.563370712074506400e+03 2.826103531070515373e+00 8.986533196009479640e-01
1.563391545430477890e+03 3.556600723482967297e+00 8.995522259388096797e-01
1.563412378785983492e+03 3.521086153874325220e+00 9.010560065802367680e-01
1.563433212140559135e+03 3.852676828186748281e+00 9.001265198470005391e-01
1.563454045494667980e+03 4.842708955401704429e+00 8.996956350337039776e-01
1.563474878847379841e+03 3.759557841856422833e+00 8.990299759154040116e-01
1.563495712199161062e+03 3.919480359088653998e+00 8.991987237763426899e-01
1.563516545550477076e+03 4.073983536662195704e+00 8.997364771007719808e-01
1.563537378900395424e+03 2.851059358837726876e+00 8.997258113059168894e-01
1.563558212249847429e+03 4.257896802602475717e+00 8.998128895171511044e-01
1.563579045598368566e+03 5.069966456887857298e+00 9.020773754554504142e-01
1.563599878945958153e+03 3.096032936169089922e+00 9.013404387599820433e-01
1.563620712292617100e+03 3.566346173123349672e+00 8.994374225577456139e-01
1.563641545638344496e+03 3.750527823809571615e+00 9.011362096031343416e-01
1.563662378983140115e+03 2.418196934407079723e+00 8.990480753166091299e-01
1.563683212327005094e+03 3.628122664382480878e+00 8.993015943822106895e-01
1.563704045669937841e+03 4.414586152315525425e+00 9.003671903725666281e-01
1.563724879011939947e+03 4.597437577787421681e+00 9.014107640934149179e-01
1.563745712353476847e+03 3.459879505889209561e+00 9.034808371938912730e-01
1.563766545693616081e+03 2.436008541171735153e+00 8.989409653159822211e-01
1.563787379033288971e+03 4.874490958399462670e+00 8.995337391113702452e-01
1.563808212371565560e+03 3.743822778618886460e+00 8.999083048415559283e-01
1.563829045709376487e+03 3.946488583497162139e+00 9.013456629273318699e-01
1.563849879046256547e+03 2.980953644361311383e+00 9.003583856797688911e-01
1.563870712381738940e+03 3.376333361687425594e+00 9.010704271140218546e-01
1.563891545716755900e+03 3.897675027552445215e+00 8.994618091480456323e-01
1.563912379050841992e+03 4.665486221549848267e+00 8.999670194834861192e-01
1.563933212383996988e+03 3.305078626775991069e+00 8.994285424937996654e-01
1.563954045716219980e+03 4.697489129922355566e+00 9.002226633562945279e-01
1.563974879047511422e+03 4.439815119656156384e+00 9.010829291331463597e-01
1.563995712377871541e+03 5.217539386232806109e+00 9.010913298633739243e-01
1.564016545707299883e+03 5.371015812294061220e+00 8.998640924728731338e-01
1.564037379035797585e+03 2.623395007090586262e+00 8.996880494010389695e-01
1.564058212363363964e+03 4.083695701571761205e+00 9.010534928855893355e-01
1.564079045689999930e+03 2.411444769273398236e+00 8.991667731647116080e-01
1.564099879015704573e+03 3.575110015765400995e+00 8.997026243591532690e-01
1.564120712340476530e+03 3.695779128922636048e+00 9.003686467796175874e-01
1.564141545664783052e+03 5.159320125578785721e+00 9.002957242324988174e-01
1.564162378987692136e+03 4.505713821530655139e+00 8.998741604991440379e-01
1.564183212309671035e+03 3.705207072711040439e+00 8.998532957142685307e-01
1.564204045630718610e+03 2.524638597309168730e+00 8.991578904278381135e-01
1.564224878950833954e+03 5.694099021321685328e+00 9.005899932644252370e-01
1.564245712270017975e+03 3.192496951202317135e+00 8.996400166178258884e-01
1.564266545588737017e+03 4.209896876155798218e+00 9.002543116590475680e-01
1.564287378906059530e+03 3.601944935464964637e+00 8.997070630494947707e-01
1.564308212222450038e+03 3.852643685528872375e+00 8.995055443114170490e-01
1.564329045537910133e+03 3.663900854336796797e+00 8.995969836913410012e-01
1.564349878852437541e+03 3.226610467973685559e+00 9.032905202540683076e-01
1.564370712166033400e+03 4.170126621819062684e+00 9.002920829155359739e-01
1.564391545478698390e+03 3.880394433672066157e+00 8.998084513488440184e-01
1.564412378790432058e+03 4.438601914034993712e+00 9.018902650573575874e-01
1.564433212101233948e+03 4.697592434539942907e+00 8.998097099361099804e-01
1.564454045411106108e+03 4.038766889552992012e+00 9.000149354755061504e-01
1.564474878720046945e+03 4.456996179445766870e+00 8.994417300198725984e-01
1.564495712028056005e+03 4.222929774661151825e+00 9.014635623480188320e-01
1.564516545335132605e+03 4.032998208745922852e+00 9.007087857031046418e-01
1.564537378640812449e+03 4.936892711641522880e+00 9.007552395429214709e-01
1.564558211946026859e+03 4.307327959404239515e+00 8.999790401137367502e-01
1.564579045250309946e+03 2.767167269966730458e+00 9.012418351881567036e-01
1.564599878553196959e+03 3.832050471466578401e+00 9.029620805722774479e-01
1.564620711855617401e+03 5.193643039136861539e+00 9.004582774797572631e-01
1.564641545156640859e+03 4.260416175393095806e+00 9.000612595690474782e-01
1.564662378456733450e+03 3.746852519046843355e+00 9.001947549862500120e-01
1.564683211756360606e+03 4.259023327941999781e+00 9.001910801541995744e-01
1.564704045054590097e+03 3.516286763933551107e+00 8.998397499044580305e-01
1.564724878351888037e+03 1.519357577874925980e+00 8.991239164641019466e-01
1.564745711648254428e+03 3.323808786241064794e+00 9.002957242324988174e-01
1.564766544943689951e+03 2.886017959229892682e+00 8.989992790282925750e-01
1.564787378238195060e+03 3.283742889628310735e+00 9.011070066071883433e-01
1.564808211531302959e+03 4.922790056781638057e+00 9.016142038629504363e-01
1.564829044823944059e+03 3.747477536979086921e+00 9.024102652999023144e-01
1.564849878115188858e+03 3.088726817190836194e+00 8.996016548014305059e-01
1.564870711405503016e+03 1.205527349420859373e+00 8.991030342688967059e-01
1.564891544695350603e+03 3.618861754952472864e+00 9.000802653336652526e-01
1.564912377983800980e+03 3.854324126674269380e+00 8.995300615788849319e-01
1.564933211271320033e+03 1.739546218948751388e+00 8.988467403972594250e-01
1.564954044557442558e+03 5.170019606916842037e+00 9.016684775648659000e-01
1.564974877843099421e+03 5.391273024769716926e+00 8.999224788340196568e-01
1.564995711127359982e+03 3.176227176720285428e+00 8.997350859173089965e-01
1.565016544411153973e+03 3.600806625996073151e+00 9.026076686385439141e-01
1.565037377693550980e+03 5.440565502740565940e+00 9.003011530777147442e-01
1.565058210975017573e+03 3.096825715899663045e+00 8.992017398024082508e-01
1.565079044255551480e+03 3.039532116258086170e+00 8.998014297244212312e-01
1.565099877534688858e+03 3.555445462764838638e+00 8.995754167621579089e-01
1.565120710813360574e+03 3.710171146985378421e+00 8.993296630226932376e-01
1.565141544090634852e+03 3.309723561478225662e+00 8.999871531205392294e-01
1.565162377366978490e+03 3.126168776549741679e+00 8.996597600584390619e-01
1.565183210642390577e+03 3.635014596253270724e+00 9.019171627073507835e-01
1.565204043916870887e+03 4.268927544537749696e+00 9.012398180340155385e-01
1.565224877189955578e+03 3.693772892712278377e+00 9.005538891707522975e-01
1.565245710462108946e+03 4.930040163413680787e+00 9.007387626004155212e-01
1.565266543733330991e+03 2.368565543103178683e+00 9.007136826595829593e-01
1.565287377003620577e+03 1.486859116996935626e+00 9.009472167211891591e-01
1.565308210272979068e+03 4.095438014601880283e+00 9.000790071247189994e-01
1.565329043540940575e+03 5.474664063416617488e+00 9.005371768866380355e-01
1.565349876807970531e+03 4.435948197532406212e+00 9.008789062500000000e-01
1.565370710074068938e+03 3.807893598254219469e+00 9.037840276725379596e-01
1.565391543338771044e+03 4.511875981124021884e+00 9.001241359931688724e-01
1.565412376603007033e+03 3.395508983528483071e+00 9.028567222573540274e-01
1.565433209865846948e+03 3.011454442416813926e+00 9.005734471133545194e-01
1.565454043127755540e+03 3.225157625577015352e+00 9.000282137475105193e-01
1.565474876388266011e+03 3.920724107845796169e+00 9.014099706082685515e-01
1.565495709647845615e+03 2.852427399865968383e+00 9.033568338795384678e-01
1.565516542906493441e+03 4.202120493610056684e+00 8.997448572794601862e-01
1.565537376164210400e+03 2.673994499978988415e+00 9.000178494272875751e-01
1.565558209420530602e+03 3.275188229161059894e+00 8.993647227386024623e-01
1.565579042675919482e+03 3.141396856703849494e+00 8.991329652647427340e-01
1.565599875930377493e+03 1.844715142774408179e+00 8.994092247384483096e-01
1.565620709183438521e+03 3.808126538706548381e+00 9.002184258421780383e-01
1.565641542435567999e+03 2.759704587007165699e+00 8.999852656111991811e-01
1.565662375686300038e+03 3.929227863413395028e+00 9.013510854487581936e-01
1.565683208936566416e+03 3.885076446406616313e+00 9.006025350443931377e-01
1.565704042184970149e+03 2.203516153320329352e+00 8.994008745682501305e-01
1.565724875432907993e+03 2.439101057932324679e+00 9.007952726253641851e-01
1.565745708679448853e+03 3.543235313161889444e+00 8.995189626284222362e-01
1.565766541925058391e+03 3.394786594204575181e+00 8.995374497595403085e-01
1.565787375169270945e+03 1.972126633435447474e+00 8.993238306500226376e-01
1.565808208412553086e+03 3.959167634475958764e+00 9.019751518404809376e-01
1.565829041654903904e+03 5.286836794383372506e+00 9.006016746640121973e-01
1.565849874895857056e+03 3.525286092560990348e+00 8.993760224125122438e-01
1.565870708135412997e+03 2.751934145742825244e+00 8.992645106201414551e-01
1.565891541374503504e+03 2.419994777091151406e+00 8.995056105752027298e-01
1.565912374611731138e+03 2.511643089461264466e+00 9.013356444025413250e-01
1.565933207848493112e+03 4.276443144655547535e+00 9.010310677730059004e-01
1.565954041083858101e+03 1.684253606103037981e+00 9.001896896732954900e-01
1.565974874317826561e+03 3.821102556459832655e+00 9.004709865761391097e-01
1.565995707550863017e+03 5.423127249086251211e+00 9.011601864404387152e-01
1.566016540782503853e+03 3.790592331409843752e+00 8.998506793023459682e-01
1.566037374013213139e+03 1.812454372998388408e+00 8.992431014249471222e-01
1.566058207242989965e+03 3.503145872627772661e+00 9.001254603571881008e-01
1.566079040471370035e+03 4.350042726256064363e+00 9.006417476624355434e-01
1.566099873698352894e+03 6.530334820523520101e+00 9.016221699397218847e-01
1.566120706924405113e+03 9.724220907561676341e+00 9.027609913235309369e-01
1.566141540149059892e+03 9.904091083891817249e+00 9.025112508563886138e-01
1.566183206595110050e+03 1.976806608339751747e+00 9.005114956237983970e-01
1.566204039816040449e+03 2.722626039220074290e+00 8.988570519094254418e-01
1.566224873036039526e+03 2.913575888196933583e+00 8.994673424263677219e-01
1.566245706254640481e+03 3.798022217834445158e+00 9.024547492119217029e-01
1.566266539472311024e+03 3.132139629531928371e+00 9.025561260301837585e-01
1.566287372688583446e+03 4.090256106019921845e+00 9.030026758899940553e-01
1.566308205903460021e+03 3.133355551357380975e+00 9.002941683988712196e-01
1.566329039117404591e+03 3.846568704682253426e+00 9.002138903557502791e-01
1.566349872329951950e+03 3.638008610296612488e+00 9.000499684979450521e-01
1.566370705541103007e+03 2.994200050542598746e+00 8.988323173441756797e-01
1.566391538751322969e+03 3.414732396505794298e+00 9.015436630000075446e-01
1.566412371960145947e+03 3.164245493762741113e+00 8.995041196388449123e-01
1.566433205167571487e+03 3.117261503231511632e+00 9.021241552500385286e-01
1.566454038373600042e+03 5.660762167895115660e+00 9.014499084934715079e-01
1.566474871578697048e+03 4.348906957339927715e+00 8.998229581163266211e-01
1.566495704782396842e+03 3.884755870226493712e+00 9.019101905433989375e-01
1.566516537984699880e+03 3.432376781062329130e+00 8.991051225102422162e-01
1.566537371185606389e+03 3.862620622991016717e+00 9.007310864921560523e-01
1.566558204385581121e+03 3.292221404177718469e+00 9.000901653900620358e-01
1.566579037583693434e+03 3.248504455751841213e+00 8.991444004319976147e-01
1.566599870780874880e+03 3.561029449220058041e+00 9.004625800585120965e-01
1.566620703976659570e+03 3.047178936514113090e+00 8.996823518532220954e-01
1.566641537171045456e+03 3.871808311426923943e+00 8.997073611697030682e-01
1.566662370364035041e+03 4.871685245562554556e+00 8.998527658086706849e-01
1.566683203555628097e+03 3.801714925562204250e+00 9.002957904381254650e-01
1.566704036746289603e+03 3.407924108886972725e+00 9.001170506125671933e-01
1.566724869935088464e+03 3.918409810264019022e+00 9.000183461226728410e-01
1.566745703122490568e+03 4.485735301517653539e+00 8.997846372211583121e-01
1.566766536308960895e+03 4.039686191058172504e+00 9.002240868917169569e-01
1.566787369493569940e+03 3.267534254455346954e+00 8.997886118064534200e-01
1.566808202676781548e+03 4.135067542645440852e+00 8.996777474132174879e-01
1.566829035859061150e+03 4.142987693037591512e+00 9.004140590175120362e-01
1.566849869039478563e+03 3.926754636516655239e+00 8.998011316353795586e-01
1.566870702218498536e+03 3.725028849420349175e+00 8.990674671278529040e-01
1.566891535396121526e+03 2.081001626604756183e+00 8.991839749317590558e-01
1.566912368572347987e+03 2.784815876424269199e+00 8.988318531501173769e-01
1.566933201746710893e+03 3.302333354582239977e+00 8.995489460455359243e-01
1.566954034920142931e+03 2.615973905962176715e+00 9.001842270489502917e-01
1.566974868091713461e+03 3.425354246573504291e+00 9.011645187388548361e-01
1.566995701261886552e+03 4.330631416593575977e+00 9.008064220183453763e-01
1.567016534430661068e+03 2.519927298070340882e+00 9.000089088634791734e-01
1.567037367598039509e+03 2.162412372782556602e+00 8.988478345504626876e-01
1.567058200763555533e+03 3.697803334490863847e+00 9.009522777751927114e-01
1.567079033927674118e+03 4.401772783342893902e+00 9.014220711808577091e-01
1.567099867089930513e+03 3.777986375655373763e+00 9.003680840771726146e-01
1.567120700251255585e+03 4.570441404050994194e+00 9.004593034811732011e-01
1.567141533410252123e+03 3.866796143920833373e+00 8.997035187238940912e-01
1.567162366568318021e+03 3.155177531015540104e+00 9.008442693735230211e-01
1.567183199724521501e+03 2.494415619915332449e+00 9.016515545686250022e-01
1.567204032878861426e+03 4.235025990261605422e+00 9.019498089002048191e-01
1.567224866031803685e+03 3.344236925869469523e+00 9.004288870073254847e-01
1.567245699182883527e+03 2.791680330905993657e+00 8.991972323311435700e-01
1.567266532332566840e+03 2.599621656040616458e+00 8.990473128949718618e-01
1.567287365480387962e+03 4.527899269040316810e+00 9.003880101494873278e-01
1.567308198626345984e+03 4.277273109817016916e+00 9.000825830823834250e-01
1.567329031770907022e+03 3.001686891005011404e+00 8.990272245093223757e-01
1.567349864913605415e+03 2.597580409820603897e+00 8.987147691212002965e-01
1.567370698054442073e+03 4.744909356812772927e+00 8.996735735839301862e-01
1.567391531193881974e+03 2.397226961906637754e+00 8.992715032963793931e-01
1.567412364330992432e+03 4.833881190929789184e+00 9.000879469922421494e-01
1.567433197466705678e+03 2.945001424524125611e+00 8.991541782132946858e-01
1.567454030600555598e+03 3.988475914161505376e+00 8.994810595084755667e-01
1.567474863732544009e+03 3.811756162361602307e+00 8.992766069214885860e-01
1.567495696862668865e+03 2.392380683527127516e+00 8.993082553785359812e-01
1.567516529990466552e+03 3.468967480702181305e+00 9.004446745762945126e-01
1.567537363116867027e+03 4.336771192594357061e+00 9.009973298265051556e-01
1.567558196241404858e+03 3.222356791011387500e+00 9.006056125521045841e-01
1.567579029363615518e+03 3.967466004852703065e+00 9.003120106699393776e-01
1.567599862484427376e+03 3.069389712853603847e+00 9.000830797420464879e-01
1.567620695602910473e+03 1.767931274025682953e+00 8.990606717544227244e-01
1.567641528719066400e+03 3.865426356693516752e+00 9.001200304523261364e-01
1.567662361833824889e+03 3.327567246003391155e+00 8.992472441108477765e-01
1.567683194945790092e+03 4.780547677975911292e+00 9.005512747942953089e-01
1.567704028056357856e+03 3.674434519212258721e+00 8.996357763592947032e-01
1.567724861164597542e+03 3.815430049285219560e+00 8.993148169087683552e-01
1.567745694270509603e+03 3.081089063246253090e+00 8.997504550628486752e-01
1.567766527374558336e+03 3.572998368083331933e+00 9.003778816694977261e-01
1.567787360476278081e+03 4.374139676746053418e+00 9.032141710761933950e-01
1.567808193575669975e+03 2.867741467474628436e+00 9.001907159808369974e-01
1.567829026673198996e+03 4.629747583399253408e+00 9.015320599208632713e-01
1.567849859768399938e+03 3.866349543133381417e+00 9.007861081841800344e-01
1.567870692860807139e+03 3.169875315217848488e+00 8.995109116622390655e-01
1.567891525951351468e+03 2.153774040937109113e+00 8.991280928449444376e-01
1.567912359039567036e+03 2.371384445222264326e+00 8.984521615863811927e-01
1.567933192124989091e+03 2.951534363391785654e+00 9.005308228279358396e-01
1.567954025208549410e+03 3.440795690064538448e+00 8.986911249839109050e-01
1.567974858289314852e+03 2.939169324402279848e+00 9.004495729691005534e-01
1.567995691367752443e+03 4.441514414366054098e+00 9.000968867709734367e-01
1.568016524443395610e+03 3.005559018593725540e+00 8.999507268027289175e-01
1.568037357516709562e+03 3.406050064006960199e+00 8.994407691262625848e-01
1.568058190587696117e+03 2.274022662807379191e+00 8.992149969398798293e-01
1.568079023655423043e+03 4.004634025926717023e+00 9.000713916119773561e-01
1.568099856721286869e+03 3.746339046623581304e+00 8.998748228653443704e-01
1.568120689783891976e+03 3.768596836411129303e+00 8.998711136083433759e-01
1.568141522843703569e+03 4.899635192058670263e+00 9.002472604075885121e-01
1.568162355901185947e+03 3.851472617686471978e+00 8.991345893988079707e-01
1.568183188955873902e+03 3.586388645012840826e+00 8.996685053366205720e-01
1.568204022007302456e+03 3.249681218957741535e+00 8.999024762191302207e-01
1.568224855055937496e+03 3.059723736424635021e+00 8.989940412258111690e-01
1.568245688102244003e+03 2.982091794590105316e+00 8.994568722422457974e-01
1.568266521144824310e+03 2.728118788311035381e+00 9.021767465857664092e-01
1.568287354185076993e+03 2.342083509227729898e+00 9.001564830269203066e-01
1.568308187222070501e+03 2.624260482852672993e+00 9.007961659052580172e-01
1.568329020256270951e+03 2.680994359576964747e+00 8.986300386528213169e-01
1.568349853286745429e+03 2.718371591306784296e+00 9.006526011487073768e-01
1.568370686314890918e+03 3.058367730648353877e+00 8.991534158816255617e-01
1.568391519339311344e+03 4.787012883747895131e+00 9.001448289583368068e-01
1.568412352360936893e+03 4.143635795885212580e+00 8.989593980295912390e-01
1.568433185379303950e+03 2.821086470879080821e+00 8.995962879920184063e-01
1.568454018394410923e+03 2.947980409964084281e+00 8.998082857451252803e-01
