1.624968443540167527e+03 2.165809182184227097e+02 4.405162413273505662e-01
1.624989277023141995e+03 2.165589686685053721e+02 4.732462455773890908e-01
1.625010110508268554e+03 2.161778672881426360e+02 5.060953598727054858e-01
1.625030943995549933e+03 2.163700961971724723e+02 5.397407300947282272e-01
1.625051777484869035e+03 2.150768106657220073e+02 5.690898330634954760e-01
1.625072610976224041e+03 2.155028706207287428e+02 5.928161706242716100e-01
1.625093444469500355e+03 2.146802431502200079e+02 6.125878708926116856e-01
1.625114277964581106e+03 2.159365097408364704e+02 6.339319241509918657e-01
1.625135111461466977e+03 2.152336226003812385e+02 6.554500381654208008e-01
1.625155944960098623e+03 2.162842458519483557e+02 6.792798628604468369e-01
1.625176778460358946e+03 2.148829034791410209e+02 7.023769001674525780e-01
1.625197611962193150e+03 2.144624604968034305e+02 7.254671433394234148e-01
1.625239278970283067e+03 2.145871811001100014e+02 7.805687795388432937e-01
1.625280945983902029e+03 2.148187279391124775e+02 8.488599607112542467e-01
1.625322613002410890e+03 2.160153134313886767e+02 9.277303273965979979e-01
1.625343446513440995e+03 2.154127422470846795e+02 9.676264430869246924e-01
1.625364280025460630e+03 2.151108471167949574e+02 1.003901143933087159e+00
1.625385113538527548e+03 2.151487039495023055e+02 1.034699825212304081e+00
1.625405947052524880e+03 2.163165837243682290e+02 1.061151040880988328e+00
1.625426780567513561e+03 2.141107685983220108e+02 1.083469632940044614e+00
1.625447614083257577e+03 2.163380456613135721e+02 1.104463909134567601e+00
1.625468447599874935e+03 2.143034485076664168e+02 1.122768042406469435e+00
1.625489281117308565e+03 2.172221229798856257e+02 1.142124548976358733e+00
1.625510114635439550e+03 2.159731860039219100e+02 1.159418096024141143e+00
1.625530948154269026e+03 2.145801421292167106e+02 1.174266917242669850e+00
1.625551781673738333e+03 2.148028118098732193e+02 1.186320672939736642e+00
1.625572615193849060e+03 2.138634745622175615e+02 1.195152870439760040e+00
1.625593448714541410e+03 2.147676427444630463e+02 1.201797000141307192e+00
1.625614282235815608e+03 2.159192573260652352e+02 1.207185753868710520e+00
1.625635115757614130e+03 2.158520637964234083e+02 1.213119509810809182e+00
1.625655949279877859e+03 2.160052382379763003e+02 1.222063889988816987e+00
1.625676782802665457e+03 2.133780138619381432e+02 1.233107918467784225e+00
1.625697616325860054e+03 2.154484193178600435e+02 1.247730005958975763e+00
1.625718449849463013e+03 2.164132409641742925e+02 1.264278637640716241e+00
1.625739283373531634e+03 2.154585632945490943e+02 1.281928557305182181e+00
1.625760116897948592e+03 2.151245305976149211e+02 1.299258603914394294e+00
1.625780950422715478e+03 2.167068189917758900e+02 1.315638060516262087e+00
1.625801783947773856e+03 2.164049428836137849e+02 1.328634725255326554e+00
1.625822617473239006e+03 2.168790057391593109e+02 1.339828847018178948e+00
1.625843450998936987e+03 2.177267215535885043e+02 1.347648156183235635e+00
1.625864284524984214e+03 2.153591392521393573e+02 1.349384294613042989e+00
1.625885118051206064e+03 2.153902071514221461e+02 1.347796092863316586e+00
1.625905951577777159e+03 2.164870839542154499e+02 1.341315170510814836e+00
1.625926785104522878e+03 2.134628204432415259e+02 1.329803483255006524e+00
1.625947618631560545e+03 2.161992887252235960e+02 1.318187244622352816e+00
1.625968452158771470e+03 2.182644901402400137e+02 1.304952491757816579e+00
1.625989285686157018e+03 2.163022716412351656e+02 1.291942361921893268e+00
1.626010119213776534e+03 2.175018803317479978e+02 1.280728443337394440e+00
1.626030952741511555e+03 2.176765457393148608e+02 1.270989528291724957e+00
1.626051786269478953e+03 2.158972758639420135e+02 1.263453374777564253e+00
1.626072619797564585e+03 2.154344459996723344e+02 1.258401626140007057e+00
1.626093453325823930e+03 2.154253816432315034e+02 1.254407978394130874e+00
1.626114286854257443e+03 2.170153660768314694e+02 1.250601433070093860e+00
1.626135120382748937e+03 2.173875600190203841e+02 1.246713035982517148e+00
1.626155953911415963e+03 2.173958767866724884e+02 1.241647230973345728e+00
1.626176787440140515e+03 2.162202715006628750e+02 1.233332278062180043e+00
1.626197620969039917e+03 2.181648339791722719e+02 1.222958902066166420e+00
1.626218454497998664e+03 2.172579237415543503e+02 1.208814519681012944e+00
1.626239288027072462e+03 2.166082903605279171e+02 1.193778506033506437e+00
1.626260121556204467e+03 2.176029489532079424e+02 1.177505496228910209e+00
1.626280955085453570e+03 2.167308814520552005e+02 1.158856521204010281e+00
1.626301788614759971e+03 2.167956365971303967e+02 1.142300355191640193e+00
1.626322622144125035e+03 2.183220603233612565e+02 1.128445646837099803e+00
1.626343455673547851e+03 2.168732925018571223e+02 1.115556232886807386e+00
1.626364289203087992e+03 2.169778643057102272e+02 1.105192277931327016e+00
1.626385122732628133e+03 2.163832505188588584e+02 1.095899921226550777e+00
1.626405956262226482e+03 2.162862288972714850e+02 1.088584911211448070e+00
1.626426789791939882e+03 2.171659144380269026e+02 1.081395151615720973e+00
1.626447623321596893e+03 2.183853863678332345e+02 1.074883106441119951e+00
1.626468456851368501e+03 2.181221690525326267e+02 1.068845983288720491e+00
1.626489290381141018e+03 2.168272348860725742e+02 1.063779117082630510e+00
1.626510123910972652e+03 2.146866793324641094e+02 1.059399512803489873e+00
1.626530957440803377e+03 2.165557122559202980e+02 1.056575300697063735e+00
1.626551790970634102e+03 2.168706295658648742e+02 1.053376916474640268e+00
1.626572624500523034e+03 2.162717117042120663e+02 1.049692376804862493e+00
1.626593458030470174e+03 2.164325259265642671e+02 1.046717617673783796e+00
1.626614291560359106e+03 2.162165652242078977e+02 1.043644089950372944e+00
1.626635125090305792e+03 2.166170048312051222e+02 1.039791969712511976e+00
1.626655958620253386e+03 2.166634544281712351e+02 1.035321607517998510e+00
1.626676792150201436e+03 2.166827540658218823e+02 1.031606554756477001e+00
1.626697625680205874e+03 2.157022375389537956e+02 1.029165531008527479e+00
1.626718459210153014e+03 2.159040540138137203e+02 1.030072898692361294e+00
1.626739292740158817e+03 2.156821895532182225e+02 1.031738396792172940e+00
1.626760126270105502e+03 2.163791305849144919e+02 1.035107708638560498e+00
1.626780959800111077e+03 2.158739619934913208e+02 1.039536102893670710e+00
1.626801793330117107e+03 2.167076019019687010e+02 1.044243936675891327e+00
1.626822626860063792e+03 2.161092736896375754e+02 1.046455868756015040e+00
1.626843460390010932e+03 2.169184820385194143e+02 1.047484377104943132e+00
1.626864293920015825e+03 2.174766260256744772e+02 1.046440603744095199e+00
1.626885127449963420e+03 2.156514118979785053e+02 1.042580350070950068e+00
1.626905960979910105e+03 2.172913692848539995e+02 1.037511600291652680e+00
1.626926794509799038e+03 2.176473648955816316e+02 1.030512112275616454e+00
1.626947628039746633e+03 2.177269543195661754e+02 1.022513518488901818e+00
1.626968461569636020e+03 2.159353794507278508e+02 1.013664583683434817e+00
1.626989295099524497e+03 2.164962453083262517e+02 1.005387160185338580e+00
1.627010128629412975e+03 2.173378219795818040e+02 9.993986467399237350e-01
1.627030962159243927e+03 2.161746842956927139e+02 9.938351024919221954e-01
1.627051795689074879e+03 2.171333495824005695e+02 9.897143260522935915e-01
1.627072629218905149e+03 2.184195486047151462e+02 9.863295451239002531e-01
1.627093462748735874e+03 2.156036262118500417e+02 9.826171862868186002e-01
1.627114296278509528e+03 2.151003043323971724e+02 9.800119437735502759e-01
1.627135129808223610e+03 2.170735091405799722e+02 9.792225429473018217e-01
1.627155963337996127e+03 2.153847233193782813e+02 9.778102075702912455e-01
1.627176796867710436e+03 2.188704750552014957e+02 9.762485151975626163e-01
1.627197630397365629e+03 2.183210194574523939e+02 9.736381691313749087e-01
1.627218463927021958e+03 2.177342554224414926e+02 9.695608683203351674e-01
1.627239297456678514e+03 2.181538259375847701e+02 9.647396819172591176e-01
1.627260130986276636e+03 2.169492683986086377e+02 9.573100715392720561e-01
1.627280964515874075e+03 2.169294937256104276e+02 9.498847853915447503e-01
1.627301798045414216e+03 2.158445709710854317e+02 9.419930556338979022e-01
1.627322631574953448e+03 2.170383965948346940e+02 9.337947421608311371e-01
1.627343465104434472e+03 2.171719364873081304e+02 9.243971058418496423e-01
1.627364298633915951e+03 2.167830178359649835e+02 9.150020628525457056e-01
1.627385132163339676e+03 2.163518333992597036e+02 9.065321121461571430e-01
1.627405965692762948e+03 2.159723798553773122e+02 8.997555228485423218e-01
1.627426799222186219e+03 2.169144320863217672e+02 8.948236845340235002e-01
1.627447632751493074e+03 2.173233401039694854e+02 8.908228403501770032e-01
1.627468466280858138e+03 2.165788615250921794e+02 8.875073190843978388e-01
1.627489299810106331e+03 2.155148589814918978e+02 8.855402504934419827e-01
1.627510133339413187e+03 2.164344373566577815e+02 8.847829046519888330e-01
1.627530966868603628e+03 2.177206856452014563e+02 8.850116850733495966e-01
1.627551800397852958e+03 2.144051503428572687e+02 8.840072109696422986e-01
1.627572633926985418e+03 2.163376219186311573e+02 8.867062807256700374e-01
1.627593467456116514e+03 2.179094269612005519e+02 8.885290680886934744e-01
1.627614300985248519e+03 2.156749851234621929e+02 8.885572087015717324e-01
1.627635134514322544e+03 2.165257566962482088e+02 8.895587896911437698e-01
1.627655968043338362e+03 2.162662626536734933e+02 8.904213923565552635e-01
1.627676801572354179e+03 2.174853300081888392e+02 8.920790531234532583e-01
1.627697635101312017e+03 2.151858052598295217e+02 8.912223686439871839e-01
1.627718468630211646e+03 2.175678776475024279e+02 8.933173526276346754e-01
1.627739302159110593e+03 2.162408076071394589e+02 8.940471355314049129e-01
1.627760135688010450e+03 2.169137509746981323e+02 8.962952657465386164e-01
1.627780969216852100e+03 2.162498731723962919e+02 8.982178461003723635e-01
1.627801802745634632e+03 2.170438105354944582e+02 9.020627727911195715e-01
1.627822636274417164e+03 2.163461667691990442e+02 9.053688698581756622e-01
1.627843469803141943e+03 2.166204129291493246e+02 9.084800380094599781e-01
1.627864303331808514e+03 2.176862223967109458e+02 9.106637088505122879e-01
1.627885136860474631e+03 2.172445666257199264e+02 9.107448001098463752e-01
1.627905970389142112e+03 2.159139103884344877e+02 9.091164539281124668e-01
1.627926803917692496e+03 2.157242321066357817e+02 9.067466295851211999e-01
1.627947637446241970e+03 2.164705775926340721e+02 9.035588459870604883e-01
1.627968470974791671e+03 2.171837383213555768e+02 8.997784765792540274e-01
1.627989304503284075e+03 2.149401635124204404e+02 8.940818357326814070e-01
1.628010138031717361e+03 2.176717367868727706e+02 8.903617135100497793e-01
1.628030971560150647e+03 2.156172646875827468e+02 8.849198836362034415e-01
1.628051805088526180e+03 2.149720280616827495e+02 8.810041016906446920e-01
1.628072638616901941e+03 2.152588759326565651e+02 8.780154652004684701e-01
1.628093472145219494e+03 2.167507712741949035e+02 8.756240594764902463e-01
1.628218473314308085e+03 2.182088652879922392e+02 8.488348576594259010e-01
1.628239306842392580e+03 2.156792624622828498e+02 8.421630417027139437e-01
1.628260140370418412e+03 2.169267871721983738e+02 8.366238637312612969e-01
1.628322640954322651e+03 2.164898735787035093e+02 8.132566083680043967e-01
1.628343474482173860e+03 2.177899743407372171e+02 8.053553874238644772e-01
1.628364308010025525e+03 2.177058908474764394e+02 7.950320905530513516e-01
1.628405975065670646e+03 2.173935702086353103e+02 7.771830560413736100e-01
1.628426808593405894e+03 2.175422725243984132e+02 7.699164573753654039e-01
1.628447642121082481e+03 2.176230743173402971e+02 7.643580951209349994e-01
1.628489309176436564e+03 2.170730736779871677e+02 7.549550958252377875e-01
1.628572643286679067e+03 2.162487710701627179e+02 7.461712382556210388e-01
1.628593476814122369e+03 2.193242194063428201e+02 7.472272321666241224e-01
1.628635143868952582e+03 2.167114815143425517e+02 7.458349448103163137e-01
1.628655977396339040e+03 2.168378777705152629e+02 7.458623157673798243e-01
1.628676810923666380e+03 2.163349554563814650e+02 7.459694723909057190e-01
1.628697644450935059e+03 2.153241436343200235e+02 7.456162607427473388e-01
1.628739311505474461e+03 2.185122879236224094e+02 7.466523241541711542e-01
1.628760145032627406e+03 2.165961019172556803e+02 7.459338750859029199e-01
1.628780978559780579e+03 2.175988273654228919e+02 7.475251053896894149e-01
1.628801812086933978e+03 2.179461762640884785e+02 7.492276029093587475e-01
1.628843479141065018e+03 2.162002074480237752e+02 7.537073060655261614e-01
1.628864312668102002e+03 2.157861829114551711e+02 7.548494911488777825e-01
1.628885146195079869e+03 2.155794483030390438e+02 7.549880572504981124e-01
1.628905979722058873e+03 2.160573658912489918e+02 7.542770343622727802e-01
1.628926813248979215e+03 2.169500151442625793e+02 7.523726048783957454e-01
1.628947646775840894e+03 2.166312995982673897e+02 7.494891334137852024e-01
1.628968480302702574e+03 2.151548960164361119e+02 7.448548021210766867e-01
1.628989313829506500e+03 2.165907363307564424e+02 7.399215641208366501e-01
1.629010147356310881e+03 2.168521646251571724e+02 7.334227373793487104e-01
1.629030980883055918e+03 2.156249399570745595e+02 7.259233185807083544e-01
1.629051814409742519e+03 2.162734980028232599e+02 7.191731824244504967e-01
1.629072647936430940e+03 2.168036775407296659e+02 7.125713312682356859e-01
1.629093481463119133e+03 2.155080898221783059e+02 7.054529857880807997e-01
1.629114314989689547e+03 2.160852246288864649e+02 6.994811263711442351e-01
1.629135148516318168e+03 2.149229351664494629e+02 6.924787705055923670e-01
1.629155982042831056e+03 2.154867076856733661e+02 6.875213489685625401e-01
1.629176815569343489e+03 2.164834937218799382e+02 6.832580614113393791e-01
1.629197649095856377e+03 2.163135438890215596e+02 6.786834052559814756e-01
1.629218482622311058e+03 2.165611402324245205e+02 6.745318069438035469e-01
1.629239316148707530e+03 2.154059190194270172e+02 6.703139511839623088e-01
1.629260149675104003e+03 2.158951189259609578e+02 6.669477724448357181e-01
1.629280983201441813e+03 2.166107798539077862e+02 6.637660767427601138e-01
1.629301816727780079e+03 2.165873444154139520e+02 6.597365224414952767e-01
1.629322650254059454e+03 2.174365358744135506e+02 6.552223606356727403e-01
1.629343483780281076e+03 2.164559558909374459e+02 6.480449499431619742e-01
1.629364317306502926e+03 2.158372940496472552e+02 6.411880252031695315e-01
1.629385150832725685e+03 2.161050109662535874e+02 6.344152804209686192e-01
1.629405984358830665e+03 2.165462111503828737e+02 6.276209236746561615e-01
1.629426817884993397e+03 2.164511184235140604e+02 6.203617364671152323e-01
1.629447651411040624e+03 2.165197994825309706e+02 6.144035421204783187e-01
1.629468484937146059e+03 2.165520107878441536e+02 6.093264829443922892e-01
1.629489318463135078e+03 2.159702059548857278e+02 6.039239680959207490e-01
1.629510151989124097e+03 2.179503697796761799e+02 6.012337269236379678e-01
1.629530985515113116e+03 2.167156500665374779e+02 5.979394428775451908e-01
1.629551819040984356e+03 2.168084403691285615e+02 5.962147751085887792e-01
1.629572652566914940e+03 2.162535446596920679e+02 5.952924469701751375e-01
1.629593486092788680e+03 2.171495780239126816e+02 5.967218162535753434e-01
1.629614319618602622e+03 2.171299296214274932e+02 5.970983456864867867e-01
1.629635153144357446e+03 2.167457593020567970e+02 5.974916717715015313e-01
1.629655986670114089e+03 2.160441507881725443e+02 5.968620159075065379e-01
1.629676820195870960e+03 2.160165149022080868e+02 5.960645736013484575e-01
1.629697653721568486e+03 2.157640100092564239e+02 5.955218680359830596e-01
1.629718487247207577e+03 2.156924812113859389e+02 5.955728857532176512e-01
1.629739320772847350e+03 2.170806749296306748e+02 5.950816179843837483e-01
1.629760154298486668e+03 2.167300581320599804e+02 5.940973871814115848e-01
1.629780987824009117e+03 2.163308024310086921e+02 5.937619208092871359e-01
1.629801821349591137e+03 2.154909918462783480e+02 5.932757842982816499e-01
1.629822654875057196e+03 2.155714385092681482e+02 5.941706973960590998e-01
1.629843488400521437e+03 2.155833493870329107e+02 5.950810921329477976e-01
1.629864321925985678e+03 2.163726001583632410e+02 5.964360215649333608e-01
1.629885155451392620e+03 2.168862079928338744e+02 5.963416007993259660e-01
1.629905988976799563e+03 2.155574322688986513e+02 5.946009210374757492e-01
1.629926822502090090e+03 2.167062057599482614e+02 5.941002465245509567e-01
1.629947656027438825e+03 2.152458146261960223e+02 5.909753517200503348e-01
1.629968489552728897e+03 2.157457437341125797e+02 5.886564874188363605e-01
1.629989323077960535e+03 2.150631118355576632e+02 5.845147980529128429e-01
1.630010156603192172e+03 2.167624264454084368e+02 5.806558217715884762e-01
1.630030990128366966e+03 2.156193990883014635e+02 5.740927473643698820e-01
1.630051823653482643e+03 2.162259504851544420e+02 5.691352608348737574e-01
1.630072657178598092e+03 2.166566500302217833e+02 5.634172431490722666e-01
1.630093490703713996e+03 2.161171254302067268e+02 5.578528606014242497e-01
1.630114324228771466e+03 2.160992073021467945e+02 5.523297072032368193e-01
1.630135157753770500e+03 2.163187343718047941e+02 5.478098916374123384e-01
1.630155991278769989e+03 2.158482599798059596e+02 5.428956071726859234e-01
1.630176824803770160e+03 2.162874273848987059e+02 5.403881634695726355e-01
1.630197658328651869e+03 2.162562649984564587e+02 5.374838615922264973e-01
1.630218491853592468e+03 2.160208061314801853e+02 5.350470605544715985e-01
1.630239325378417561e+03 2.156021919422012729e+02 5.341610809377308478e-01
1.630260158903241972e+03 2.160138305163048926e+02 5.318506435640355523e-01
1.630280992428066838e+03 2.158940302402767770e+02 5.300832445969867468e-01
1.630301825952833497e+03 2.157575164399668779e+02 5.264691765376421362e-01
1.630322659477600610e+03 2.161160448269742460e+02 5.224959887574194273e-01
1.630343493002249488e+03 2.172477728117088986e+02 5.178807363632093042e-01
1.630364326526957484e+03 2.170044047596540508e+02 5.122222170837817945e-01
1.630385160051607500e+03 2.162108346639102479e+02 5.060124405040250517e-01
1.630405993576199535e+03 2.168114596062270039e+02 5.012390163102929952e-01
1.630426827100791797e+03 2.175427061460840719e+02 4.967854551084660564e-01
1.630447660625325625e+03 2.168264026587879130e+02 4.917226442971343037e-01
1.630468494149858998e+03 2.171402866050491980e+02 4.885087970773197008e-01
1.630489327674334618e+03 2.161988174881464602e+02 4.849164766478549771e-01
1.630510161198751121e+03 2.171295799133092146e+02 4.836466296592902836e-01
1.630530994723168078e+03 2.163572814271889797e+02 4.819607094167781547e-01
1.630551828247585945e+03 2.165464740157170809e+02 4.820446593708593852e-01
1.630572661771945604e+03 2.172976798970581171e+02 4.837604746805741485e-01
1.630593495296245464e+03 2.169465806710017546e+02 4.843605100863977442e-01
1.630614328820546461e+03 2.173496076758404456e+02 4.867266665039892137e-01
1.630635162344788569e+03 2.169170941114815037e+02 4.882809448241233752e-01
1.630655995869030448e+03 2.162024576052971838e+02 4.891606613220543798e-01
1.630676829393215030e+03 2.162416962986763451e+02 4.893968122013299116e-01
1.630697662917341404e+03 2.168245432672825928e+02 4.898996007981146761e-01
1.630718496441467323e+03 2.164595772532708793e+02 4.892234561758377342e-01
1.630739329965594152e+03 2.167213375045942030e+02 4.888108699972847915e-01
1.630760163489661863e+03 2.166498110679286810e+02 4.878969129488562317e-01
1.630780997013671367e+03 2.164904275428173150e+02 4.880616113676856660e-01
1.630801830537680416e+03 2.163721467130941960e+02 4.872927616471862122e-01
1.630822664061632622e+03 2.161982534415317900e+02 4.875871837124693409e-01
1.630843497585583918e+03 2.168506841089314889e+02 4.887813905845368456e-01
1.630864331109477462e+03 2.170315678302850415e+02 4.898524525430603127e-01
1.630885164633312797e+03 2.169514550941840412e+02 4.898641183563936519e-01
1.630905998157148133e+03 2.161310988271735596e+02 4.894452373724576533e-01
1.630926831680982559e+03 2.160668461897101338e+02 4.894405640423512005e-01
1.630947665204701025e+03 2.168477976925195776e+02 4.894524223401748864e-01
1.630968498728478153e+03 2.156116190192569775e+02 4.878067915812764888e-01
1.630989332252138411e+03 2.169398931635205372e+02 4.869176516379576936e-01
1.631010165775856422e+03 2.162175190021650906e+02 4.836603399228152633e-01
1.631030999299458927e+03 2.161389697817839988e+02 4.807335503799528009e-01
1.631051832823062341e+03 2.156199057620944473e+02 4.768237507880717652e-01
1.631072666346663937e+03 2.170903297285977374e+02 4.751738970313580390e-01
1.631093499870207324e+03 2.165114124057398044e+02 4.716503694951609815e-01
1.631114333393693414e+03 2.165989206290086599e+02 4.688952221029655254e-01
1.631135166917179504e+03 2.164004598169831866e+02 4.658649191301780235e-01
1.631156000440606476e+03 2.159954028151393004e+02 4.635421095713810336e-01
1.631176833963975469e+03 2.156576511480331533e+02 4.611606057955213722e-01
1.631197667487345370e+03 2.162386437870387113e+02 4.601930328330809394e-01
1.631218501010715045e+03 2.168358772762771025e+02 4.594743264438543306e-01
1.631281001580533029e+03 2.176221599261566553e+02 4.559688283080862159e-01
1.631301835103727626e+03 2.171148842774272509e+02 4.542671147944892796e-01
1.631343502149999949e+03 2.168295263281320899e+02 4.483226462896164888e-01
1.631364335673077676e+03 2.167916957005994618e+02 4.452714901160458316e-01
1.631385169196155857e+03 2.171517246900681357e+02 4.428653737700830595e-01
1.631426836242198078e+03 2.162982821679904077e+02 4.360434946798593114e-01
1.631447669765159389e+03 2.171387981892578978e+02 4.350323909999127547e-01
1.631468503288062493e+03 2.172002676145093574e+02 4.331373269665040326e-01
1.631489336810966506e+03 2.176563304503152381e+02 4.321689393201614826e-01
1.631510170333811402e+03 2.176655222999873445e+02 4.308284869496359359e-01
1.631531003856656525e+03 2.171893586910483691e+02 4.298868757139957530e-01
1.631551837379444351e+03 2.169218575739383823e+02 4.291125178512137928e-01
1.631572670902173513e+03 2.165898661234852511e+02 4.292875162203106387e-01
1.631593504424902676e+03 2.174271087333496553e+02 4.295335493862292298e-01
1.631614337947572494e+03 2.168553430776833011e+02 4.304335792698602559e-01
1.631635171470244586e+03 2.173431492554326496e+02 4.310488376816810629e-01
1.631656004992857561e+03 2.172349739355367433e+02 4.315581955028661154e-01
1.631676838515411418e+03 2.173187901937611741e+02 4.317626435439165244e-01
1.631697672037966186e+03 2.175724507518267501e+02 4.319726866337340598e-01
1.631718505560462518e+03 2.172411170382732735e+02 4.326480656404587677e-01
1.631739339082900642e+03 2.183302496589529937e+02 4.321691461997810291e-01
1.631760172605338084e+03 2.179248984973002621e+02 4.318251064534724959e-01
1.631781006127718001e+03 2.165866039392420248e+02 4.299896738287354858e-01
1.631801839650097463e+03 2.184151776474462281e+02 4.310002647374749363e-01
1.631822673172418490e+03 2.168116250263017264e+02 4.294668498074581953e-01
1.631843506694682219e+03 2.167529888913088030e+02 4.296201479751305952e-01
1.631864340216945948e+03 2.175047224109231365e+02 4.303523035970156507e-01
1.631885173739151014e+03 2.178917409638839899e+02 4.302017429238024770e-01
1.631906007261298328e+03 2.169870626516598691e+02 4.287780500639690739e-01
1.631926840783446096e+03 2.184981157104940621e+02 4.293445952865483917e-01
1.631947674322763532e+03 2.173642169016001162e+02 4.282000371511586745e-01
1.631968507844794203e+03 2.172713818882469923e+02 4.262821331105908218e-01
1.631989341366824647e+03 2.183886842573444937e+02 4.257724831054778281e-01
1.632031008410769573e+03 2.160551834986542303e+02 4.208660068984358960e-01
1.632051841932683146e+03 2.166210405824288614e+02 4.193273727331212619e-01
1.632072675454538967e+03 2.170509241466791082e+02 4.176006835610817092e-01
1.632093508976394332e+03 2.168708966691826276e+02 4.161150996954718351e-01
1.632114342498191945e+03 2.168673344891136594e+02 4.148479066342377064e-01
1.632135176019931805e+03 2.169689933990039776e+02 4.133836651768522663e-01
1.632176843063352862e+03 2.169262597228634490e+02 4.119310399947992418e-01
1.632197676584976534e+03 2.165201987927896994e+02 4.106000043789119758e-01
1.632218510106541544e+03 2.172928775668253820e+02 4.104735464128764222e-01
1.632239343628106326e+03 2.168479879271945379e+02 4.093162472620806014e-01
1.632281010671119475e+03 2.166971548067605795e+02 4.079011411540553467e-01
1.632301844192567842e+03 2.174943021225376469e+02 4.070750807814250694e-01
1.632322677713958456e+03 2.168908197854769355e+02 4.054694563431366361e-01
1.632343511235348160e+03 2.165741148287711439e+02 4.041887590262778773e-01
1.632364344756621904e+03 2.161997444162745410e+02 4.014431215653148644e-01
1.632385178277895648e+03 2.164913430134536156e+02 4.012535286982924498e-01
1.632406011799168937e+03 2.163993127640484317e+02 3.990744380315370265e-01
1.632426845320327175e+03 2.170578334487272514e+02 3.988886504244881226e-01
1.632447678841484503e+03 2.167647349171134579e+02 3.967381121135022948e-01
1.632468512362641377e+03 2.169081418084708730e+02 3.957259341987612311e-01
1.632489345883681835e+03 2.171108576593212547e+02 3.956718763871078792e-01
1.632510179404723658e+03 2.170924607632675247e+02 3.943977129965664519e-01
1.632531012925705909e+03 2.166941833063984291e+02 3.932427431335495105e-01
1.632551846446629952e+03 2.167150421036027979e+02 3.935344870709920895e-01
1.632572679967556041e+03 2.167475254789786732e+02 3.929309872329775910e-01
1.632593513488423014e+03 2.171141545183331232e+02 3.930324563475539046e-01
1.632614347009230642e+03 2.169944790989803778e+02 3.932422126306958088e-01
1.632635180530038497e+03 2.164349722404726322e+02 3.919593337298925007e-01
1.632656014050730846e+03 2.165097693029123320e+02 3.925125674647272911e-01
1.632676847571422513e+03 2.154208529725990502e+02 3.919015244507104145e-01
1.632697681092055063e+03 2.164004048094311656e+02 3.919559121750383346e-01
1.632718514612688978e+03 2.166094852728256228e+02 3.921462953054718481e-01
1.632739348133265139e+03 2.168994132990275148e+02 3.920654631335023788e-01
1.632760181653723521e+03 2.159850383965983838e+02 3.904872269855417799e-01
1.632781015174240110e+03 2.163300029321639499e+02 3.903101033304389733e-01
1.632801848694641194e+03 2.167023354106128750e+02 3.909492863220831449e-01
1.632822682215041823e+03 2.172542867371175817e+02 3.906795082208587289e-01
1.632843515735326491e+03 2.162601716125386702e+02 3.895181806248587675e-01
1.632864349255668003e+03 2.169969607466125012e+02 3.900021928639995639e-01
1.632885182775894464e+03 2.168379398279921588e+02 3.901933192134319217e-01
1.632906016296062489e+03 2.161869017820296790e+02 3.888757257372007503e-01
1.632926849816230060e+03 2.159559082517038178e+02 3.888547457549249575e-01
1.632947683336339651e+03 2.173541121888500243e+02 3.895142976856918460e-01
1.632968516856391489e+03 2.161644990151268075e+02 3.882220363175386546e-01
1.632989350376384664e+03 2.159093083439763632e+02 3.872568067231962341e-01
1.633010183896376930e+03 2.170335254246523959e+02 3.886376370632718680e-01
1.633031017416254599e+03 2.166534003740435423e+02 3.872832599662532349e-01
1.633051850936130450e+03 2.158688260051753787e+02 3.859031824151729628e-01
1.633072684455949002e+03 2.166868079857266594e+02 3.865830539799118282e-01
1.633093517975709801e+03 2.168631833865285330e+02 3.861958021576352706e-01
1.633114351495470601e+03 2.163310668434762079e+02 3.852882708366882625e-01
1.633135185015114530e+03 2.166525831096660681e+02 3.853677791657657004e-01
1.633156018534758005e+03 2.162948694289382274e+02 3.849010713226878044e-01
1.633176852054344181e+03 2.169609999474380402e+02 3.853113013231082573e-01
1.633197685573871468e+03 2.168723095383028863e+02 3.849390481408908604e-01
1.633218519093340092e+03 2.168605242719020794e+02 3.845621142039044593e-01
1.633239352612752100e+03 2.166052828362929290e+02 3.845919686763837886e-01
1.633260186132104991e+03 2.161878384052241131e+02 3.835837322100158486e-01
1.633281019651457427e+03 2.161687121326814918e+02 3.833337077194265419e-01
1.633301853170693903e+03 2.158661933456593829e+02 3.830509805352323993e-01
1.633322686689930379e+03 2.160178121746595252e+02 3.827022276889525121e-01
1.633343520209108647e+03 2.162635282841130220e+02 3.826735886757416383e-01
1.633364353728228480e+03 2.164752862182022000e+02 3.827544771713730642e-01
1.633385187247290560e+03 2.160262076474609785e+02 3.820345037902939112e-01
1.633406020766294660e+03 2.165800950844038084e+02 3.819586905317584047e-01
1.633426854285239642e+03 2.167276400165335417e+02 3.813189936574059580e-01
1.633447687804185080e+03 2.165651326976071118e+02 3.811857341319530024e-01
1.633468521323014102e+03 2.159027289754100707e+02 3.804567997052432093e-01
1.633489354841843578e+03 2.171876424345816190e+02 3.814135505512029067e-01
1.633510188360555503e+03 2.169472439442522500e+02 3.812142699336673046e-01
1.633531021879268337e+03 2.162010868435181692e+02 3.801480815996088891e-01
1.633551855397864983e+03 2.164949145057719306e+02 3.802058751100824141e-01
1.633572688916460493e+03 2.171631524632671812e+02 3.808332776640692141e-01
1.633593522434998476e+03 2.161469163875602817e+02 3.796058370735842513e-01
1.633614355953478935e+03 2.168928737990420359e+02 3.805132736066360044e-01
1.633635189471900503e+03 2.163421376725332834e+02 3.811653473160837580e-01
1.633656022990205201e+03 2.170270083503584146e+02 3.804676878364040005e-01
1.633676856508510355e+03 2.161375374818994146e+02 3.796222253898386967e-01
1.633697690026758210e+03 2.167892805091958053e+02 3.800819287006864111e-01
1.633718523544946493e+03 2.163958341204688054e+02 3.791211492164920926e-01
1.633739357063076568e+03 2.167588042873433096e+02 3.805525301703199803e-01
1.633760190581149345e+03 2.160209013762256518e+02 3.784139719105963917e-01
1.633781024099163005e+03 2.164484973465121129e+02 3.788109492371057319e-01
1.633801857617118458e+03 2.159926287297352019e+02 3.787113750390313505e-01
1.633822691135017067e+03 2.168797076677032010e+02 3.787985776524592230e-01
1.633843524652856559e+03 2.166477573904518863e+02 3.785474002126094639e-01
1.633864358170579635e+03 2.162390322189053791e+02 3.782593819349123754e-01
1.633885191688301802e+03 2.157997585934188578e+02 3.783945974700734238e-01
1.633906025205967580e+03 2.169579015487060474e+02 3.792593382501081578e-01
1.633926858723515579e+03 2.163760064589224612e+02 3.779751457061173991e-01
1.633947692241064033e+03 2.160630585552024741e+02 3.780245403165149454e-01
1.633968525758554506e+03 2.171217739548210943e+02 3.785098844079108904e-01
1.633989359275928564e+03 2.165779237025719226e+02 3.778351460967112607e-01
1.634010192793243959e+03 2.166976665160589164e+02 3.776846197076228484e-01
1.634031026310559355e+03 2.168195087319913341e+02 3.776332471326418472e-01
1.634051859827759017e+03 2.166498748452963810e+02 3.776067492517309332e-01
1.634072693344899562e+03 2.165510631427949875e+02 3.771927620331872455e-01
1.634093526861981900e+03 2.164055865936291525e+02 3.766010992757359843e-01
1.634114360379006939e+03 2.165832170473021279e+02 3.766064012824167362e-01
1.634135193895915563e+03 2.163885616918297501e+02 3.765998528976578497e-01
1.634156027412823505e+03 2.161018838552266175e+02 3.761368050869952628e-01
1.634176860929615032e+03 2.165484688744904815e+02 3.766612766240305388e-01
1.634197694446406786e+03 2.167006447917337937e+02 3.768197846650479521e-01
1.634218527963082579e+03 2.164068155835240077e+02 3.761842030439198625e-01
1.634239361479698800e+03 2.164401556261078099e+02 3.765645371378013029e-01
1.634260194996199971e+03 2.157538064968148888e+02 3.752506729579942468e-01
1.634281028512701596e+03 2.164793757650596717e+02 3.764487533990002466e-01
1.634301862029085441e+03 2.163311360148395579e+02 3.761235729987881804e-01
1.634322695545468832e+03 2.163130247237665458e+02 3.768287611663885817e-01
1.634343529061737627e+03 2.160572035980647456e+02 3.761080425290035945e-01
1.634385196094038520e+03 2.174153364484423037e+02 3.771138219292605176e-01
1.634406029610073801e+03 2.163706044758830558e+02 3.763845038872165039e-01
1.634426863126051103e+03 2.170889729646754631e+02 3.772443328429225806e-01
1.634447696641969515e+03 2.170653461412956631e+02 3.769285362011484675e-01
1.634468530157830173e+03 2.164988287581113582e+02 3.760888266468983554e-01
1.634489363673574189e+03 2.165963840050920339e+02 3.764363833503812096e-01
1.634510197189259543e+03 2.168044525002918590e+02 3.764940539950585308e-01
1.634531030704887144e+03 2.167212632416412816e+02 3.779870908843900312e-01
1.634551864220398329e+03 2.161805307790385768e+02 3.765140803061184371e-01
1.634572697735852216e+03 2.175416548828331429e+02 3.772770966922354141e-01
1.634593531251246532e+03 2.167074732929393690e+02 3.762894950617898804e-01
1.634614364766524432e+03 2.167325395050771135e+02 3.764893045160081497e-01
1.634635198281745033e+03 2.172115925228343940e+02 3.769290698978956522e-01
1.634656031796906518e+03 2.163517052056674856e+02 3.761477192285898608e-01
1.634676865312009795e+03 2.171497674233482940e+02 3.769874952390088740e-01
1.634697698826998021e+03 2.164017409311323377e+02 3.762288621813606460e-01
1.634718532341868922e+03 2.161231050132914220e+02 3.760599217338360667e-01
1.634739365856739369e+03 2.168270028921116364e+02 3.786483162016273663e-01
1.634760199371436102e+03 2.164572083661849433e+02 3.764557200314554430e-01
1.634781032886131470e+03 2.171510600470116401e+02 3.770079301118958726e-01
1.634801866400710423e+03 2.168196881049754552e+02 3.765876065190655320e-01
1.634822699915232079e+03 2.162456282467749134e+02 3.757635330496642556e-01
1.634843533429637318e+03 2.162387593815977880e+02 3.761965417746591656e-01
1.634864366943984805e+03 2.161874746028054801e+02 3.759305455174190569e-01
1.634885200458215422e+03 2.166630148322526566e+02 3.764921146316839162e-01
1.634906033972387377e+03 2.163388959522322352e+02 3.760559790820793835e-01
1.634926867486443825e+03 2.166045264079766639e+02 3.766102590388709648e-01
1.634947701000441612e+03 2.171518851968794479e+02 3.768557882394101277e-01
1.634968534514322528e+03 2.169780065044776052e+02 3.774133353509913635e-01
1.634989368028146146e+03 2.171329272906676806e+02 3.766827379479178450e-01
1.635010201541853348e+03 2.172704567675186240e+02 3.767549656057895824e-01
1.635031035055501434e+03 2.173138227791246209e+02 3.768373815699228579e-01
1.635051868569033104e+03 2.178908420598141333e+02 3.774463214036067327e-01
1.635093535595863614e+03 2.168821435655933669e+02 3.774425906302164568e-01
1.635114369109162453e+03 2.171442529048430856e+02 3.769224875851998613e-01
1.635135202622287579e+03 2.173576508996198413e+02 3.769029178685583403e-01
1.635156036135412478e+03 2.169166806213660834e+02 3.770538946466314711e-01
1.635176869648362526e+03 2.164110253187259900e+02 3.761394395639614530e-01
1.635197703161254140e+03 2.156057756501390941e+02 3.752531151079953053e-01
1.635218536674088000e+03 2.168150878025227826e+02 3.765547233190075782e-01
1.635239370186746328e+03 2.161228367495590987e+02 3.755027262236962926e-01
1.635260203699347130e+03 2.165492321835801022e+02 3.767598303883700761e-01
1.635281037211890180e+03 2.172370786664092748e+02 3.768227307209996435e-01
1.635301870724258606e+03 2.165492421136339090e+02 3.765374693722967625e-01
1.635322704236568370e+03 2.176560974732259410e+02 3.771336967949894259e-01
1.635343537748760355e+03 2.171379783891868556e+02 3.768178469781071072e-01
1.635364371260895041e+03 2.163255719171790474e+02 3.761141636708297264e-01
1.635385204772855559e+03 2.169612397001449722e+02 3.763588881159062871e-01
1.635406038284757415e+03 2.170963994927277554e+02 3.766589820691203516e-01
1.635426871796543537e+03 2.169298246291176042e+02 3.768335656816749757e-01
1.635447705308213472e+03 2.164180376345802870e+02 3.760703824386723571e-01
1.635468538819824516e+03 2.167105711754034019e+02 3.765731833750887714e-01
1.635489372331318918e+03 2.175337596016377688e+02 3.770947956043205762e-01
1.635510205842640062e+03 2.164778266554756101e+02 3.761926203599647023e-01
1.635531039353901633e+03 2.163910272345895578e+02 3.764114638902116283e-01
1.635551872865046334e+03 2.173893346784379332e+02 3.769908154871445816e-01
1.635572706376075075e+03 2.163902239845530175e+02 3.762307830985086587e-01
1.635593539887046518e+03 2.168273487846937542e+02 3.768139122566184773e-01
1.635614373397842428e+03 2.177085170437124475e+02 3.778223481641978521e-01
1.635635206908521923e+03 2.168711309647594589e+02 3.769082353971512922e-01
1.635656040419144574e+03 2.160160739395926157e+02 3.759417629238071545e-01
1.635676873929591466e+03 2.165683657232307269e+02 3.764355124836425981e-01
1.635697707439980150e+03 2.165535059246409446e+02 3.762457738366515869e-01
1.635718540950194438e+03 2.166996630866250939e+02 3.769913688589908718e-01
1.635739374460292538e+03 2.168059008108304511e+02 3.768312128608551914e-01
1.635760207970331521e+03 2.163925705931100651e+02 3.761914320444112447e-01
1.635781041480195654e+03 2.163337044753227474e+02 3.764384417546636774e-01
1.635801874989944508e+03 2.168434923586818854e+02 3.767575562092100872e-01
1.635822708499576493e+03 2.171196798312566898e+02 3.770742073675953931e-01
1.635843542009091834e+03 2.162674521508129146e+02 3.764618948933530773e-01
1.635864375518492125e+03 2.165383376355595146e+02 3.764164716663633836e-01
1.635885209027775090e+03 2.161219469806862321e+02 3.760225738511034366e-01
1.635906042536941641e+03 2.162250353194779109e+02 3.760654294896977334e-01
1.635926876045933113e+03 2.160515723558116861e+02 3.761002374334379561e-01
1.635947709554808625e+03 2.167201530054211389e+02 3.766889288675649983e-01
1.635968543063566358e+03 2.162064616303956655e+02 3.762732190036323643e-01
1.635989376572209039e+03 2.160526130080016856e+02 3.768806190135101652e-01
1.636010210080677098e+03 2.158400268165513012e+02 3.763695978583380675e-01
1.636031043589029196e+03 2.166067523747847758e+02 3.770540132065434147e-01
1.636051877097264423e+03 2.162497048867344347e+02 3.762203664611062370e-01
1.636072710605382326e+03 2.160863379994231082e+02 3.766004464115428330e-01
1.636093544113326971e+03 2.162184367739822619e+02 3.763737351818490229e-01
1.636114377621154517e+03 2.166024990310839371e+02 3.790544043271616426e-01
1.636135211128806532e+03 2.165392257253779462e+02 3.770708483355579843e-01
1.636156044636343495e+03 2.164692927584487165e+02 3.765571174395178078e-01
1.636176878143764043e+03 2.159624180410488634e+02 3.763978257746842249e-01
1.636197711651009513e+03 2.165043481111387678e+02 3.771196303979481024e-01
1.636218545158080360e+03 2.163001801264276764e+02 3.762068402448760507e-01
1.636239378665093682e+03 2.165180413258317458e+02 3.767443261469207716e-01
1.636260212171873491e+03 2.170358672884345310e+02 3.774109466619316455e-01
1.636281045678536429e+03 2.163093133772856618e+02 3.764775492976950022e-01
1.636301879185083635e+03 2.164404865160391296e+02 3.768366500295737831e-01
1.636322712691456218e+03 2.163158671431538096e+02 3.770337191586637382e-01
1.636343546197653495e+03 2.167060939611584445e+02 3.767397775876908939e-01
1.636364379703734812e+03 2.167697368257354356e+02 3.769344463563093495e-01
1.636385213209642188e+03 2.166822065895619858e+02 3.769116156458414690e-01
1.636406046715374487e+03 2.164017044023128165e+02 3.766656876687743405e-01
1.636426880220989460e+03 2.170980575012160330e+02 3.773498818983290204e-01
1.636447713726430493e+03 2.167482731194677967e+02 3.770936101317452493e-01
1.636468547231696903e+03 2.168025584409990643e+02 3.771126365164954031e-01
1.636489380736846670e+03 2.163303732076236088e+02 3.767678393448104512e-01
1.636510214241764061e+03 2.170041392996308218e+02 3.773600501731704249e-01
1.636531047746565491e+03 2.164491201129209230e+02 3.766753403577851045e-01
1.636551881251191389e+03 2.162455228787225110e+02 3.766951592430801132e-01
1.636572714755643119e+03 2.165917403385397506e+02 3.770492115002895828e-01
1.636593548259919544e+03 2.174057712053809723e+02 3.776249211187194810e-01
1.636614381764021800e+03 2.161791368749576350e+02 3.776720731337868120e-01
1.636635215268007414e+03 2.166353549924404547e+02 3.771963175048763661e-01
1.636656048771760652e+03 2.168040331648099368e+02 3.771648701703525508e-01
1.636676882275339494e+03 2.162072584980518286e+02 3.765461953776452764e-01
1.636697715778743486e+03 2.166640831492647976e+02 3.770529264059550578e-01
1.636718549281972628e+03 2.169955870915119931e+02 3.777121378557447562e-01
1.636739382785026464e+03 2.166035691135247703e+02 3.765332744859612446e-01
1.636760216287907042e+03 2.164907759157205760e+02 3.766959306157368625e-01
1.636781049790611632e+03 2.162105006422539759e+02 3.766623447741344055e-01
1.636801883293083847e+03 2.166401656594932774e+02 3.769579279302077701e-01
1.636822716795441011e+03 2.172427657116612636e+02 3.772624826685511690e-01
1.636843550297564434e+03 2.166471094016652046e+02 3.771810484921487294e-01
1.636864383799454572e+03 2.168324067384088494e+02 3.771975619120498946e-01
1.636885217301228522e+03 2.166593723461413674e+02 3.771400778667265974e-01
1.636906050802769641e+03 2.169078143465205812e+02 3.771407693076451184e-01
1.636926884304077475e+03 2.169410092748302645e+02 3.776783267454870696e-01
1.636947717805269349e+03 2.164099054597351710e+02 3.764997928689738926e-01
1.636968551306229074e+03 2.166260616651861142e+02 3.768659303057780297e-01
1.636989384806955513e+03 2.166263389814579341e+02 3.765881011301185355e-01
1.637010218307505966e+03 2.165163479069229311e+02 3.768996561503290543e-01
1.637031051807824497e+03 2.171210402892898514e+02 3.771140194976924098e-01
1.637051885307969542e+03 2.170700372974118295e+02 3.769984045159352481e-01
1.637072718807880392e+03 2.165597407114150315e+02 3.767728423842925389e-01
1.637093552307616847e+03 2.167873801369449325e+02 3.768187960505067768e-01
1.637114385807063627e+03 2.166938191811476599e+02 3.769102319219723163e-01
1.637135219306391946e+03 2.165738240348723593e+02 3.767004994829338260e-01
1.637156052805429681e+03 2.169318290568942302e+02 3.771493430697189231e-01
1.637176886304293475e+03 2.164770603297444040e+02 3.766267579205720417e-01
1.637197719802924894e+03 2.168980524008748034e+02 3.772056603346299331e-01
1.637218553301323027e+03 2.166838557883818908e+02 3.767896900761432688e-01
1.637239386799487875e+03 2.168420098901427195e+02 3.769912107528319845e-01
1.637260220297420346e+03 2.161101782364609107e+02 3.772540299748273207e-01
1.637281053795118623e+03 2.167499672564969728e+02 3.768648429627973195e-01
1.637301887292643642e+03 2.169356919271760944e+02 3.772563406599120372e-01
1.637322720789878076e+03 2.171597720673912590e+02 3.773845713710358707e-01
1.637343554286879680e+03 2.159909111979696945e+02 3.761107960646765669e-01
1.637364387783705070e+03 2.165745739704040602e+02 3.774854626919587619e-01
1.637385221280239421e+03 2.170432806440986155e+02 3.769787003928079527e-01
1.637406054776542533e+03 2.164399930482439913e+02 3.767534231006356427e-01
1.637426888272553470e+03 2.162521273909200659e+02 3.763423576934230574e-01
1.637447721768390466e+03 2.172879920121192754e+02 3.784009178996294298e-01
1.637468555263937105e+03 2.174984081000768583e+02 3.775066403253368175e-01
1.637551889243733058e+03 2.165988566373916342e+02 3.769918036505859882e-01
1.637593556232087849e+03 2.166195057872866414e+02 3.772710339159843773e-01
1.637635223219396494e+03 2.168643200085825811e+02 3.769904597476715913e-01
1.637676890205656491e+03 2.166166859796510948e+02 3.768884870225697736e-01
1.637697723698408936e+03 2.169693041526393245e+02 3.768637753866367901e-01
1.637718557190868978e+03 2.168220570533729870e+02 3.773706327857238030e-01
1.637760224174975065e+03 2.178161478222980350e+02 3.778179309034986888e-01
1.637781057666679999e+03 2.163943312726626687e+02 3.772192692434292449e-01
1.637822724649155589e+03 2.165504573909151418e+02 3.770737331531217595e-01
1.637843558140044934e+03 2.162467707788736675e+02 3.767148781968662208e-01
1.637864391630585487e+03 2.169755989348617504e+02 3.788776976848980960e-01
1.637885225120892528e+03 2.167510971815532912e+02 3.774431433397122948e-01
1.637906058610908076e+03 2.169139240652773992e+02 3.771772360807664759e-01
1.637926892100691475e+03 2.166201536638136531e+02 3.769390913964986711e-01
1.637968559079383795e+03 2.165275245832659721e+02 3.770607710599029327e-01
1.637989392568353196e+03 2.164777827690896856e+02 3.769218352776816383e-01
1.638010226057030650e+03 2.163539523525269033e+02 3.768191321797417781e-01
1.638093560009061093e+03 2.174148210143534357e+02 3.784767941928847135e-01
1.638135226983504936e+03 2.171390584534473192e+02 3.779075675227848152e-01
1.638156060470377497e+03 2.170369604088747906e+02 3.774247455744388913e-01
1.638176893957017455e+03 2.174856793046558892e+02 3.775113770052628825e-01
1.638197727443366603e+03 2.165164562527131125e+02 3.766831137574426225e-01
1.638218560929482464e+03 2.176856606995773973e+02 3.778945157345867667e-01
1.638260227901132112e+03 2.171478061163321058e+02 3.773605437717721389e-01
1.638281061386608144e+03 2.166695883309689066e+02 3.769314023414785386e-01
1.638301894871910008e+03 2.166635503972647143e+02 3.768349299155899779e-01
1.638322728356977450e+03 2.171965357772821790e+02 3.774417615644551915e-01
1.638343561841928931e+03 2.168726278678120138e+02 3.775384341499637419e-01
1.638364395326706926e+03 2.169837958586848572e+02 3.772455968416572047e-01
1.638385228811309389e+03 2.172748677480070683e+02 3.773990622156032093e-01
1.638406062295795437e+03 2.165098138848446183e+02 3.772552939410716011e-01
1.638426895780107543e+03 2.176486198852143730e+02 3.780645479792253405e-01
1.638447729264360532e+03 2.163175686235586568e+02 3.766479838359979571e-01
1.638489396232692798e+03 2.170283836366330661e+02 3.770681413291420148e-01
1.638510229716771391e+03 2.172560334495860843e+02 3.778628504595291648e-01
1.638531063200907511e+03 2.162918326557447699e+02 3.769820997734186774e-01
1.638551896684986332e+03 2.173305269833404054e+02 3.779251926361822389e-01
1.638572730169181796e+03 2.168378532596041737e+02 3.781266598625637188e-01
1.638593563653435467e+03 2.170445904222880245e+02 3.777498906764661935e-01
1.638614397137804644e+03 2.172005962897445102e+02 3.776294590163666309e-01
1.638635230622349354e+03 2.171527165206696850e+02 3.780214262420105720e-01
1.638656064107069142e+03 2.157174983740569019e+02 3.764056049054779196e-01
1.638676897592079058e+03 2.164776922677477842e+02 3.775335201955837272e-01
1.638697731077379558e+03 2.168124342897512520e+02 3.772976146161048372e-01
1.638718564563030213e+03 2.161790589096083863e+02 3.778524196602808249e-01
1.638739398049087868e+03 2.167674577218165268e+02 3.779963353259447323e-01
1.638760231535611638e+03 2.161986453707351643e+02 3.769111412268014716e-01
1.638781065022658368e+03 2.169085416233053820e+02 3.773747393912659787e-01
1.638801898510345836e+03 2.159855106866790493e+02 3.766671514121174291e-01
1.638822731998615382e+03 2.163147660214764301e+02 3.768829319879931639e-01
1.638843565487700516e+03 2.167310300009088451e+02 3.773346585902259687e-01
1.638864398977541441e+03 2.167757449748004888e+02 3.778590252093085855e-01
1.638885232468314371e+03 2.159110027624303143e+02 3.766129099870654806e-01
1.638906065960018623e+03 2.162366733989793488e+02 3.773008926410868491e-01
1.638926899473026424e+03 2.165200518607460367e+02 3.773496449643864992e-01
1.638947732967000547e+03 2.168678218658034211e+02 3.774824428580745850e-01
1.638968566462196577e+03 2.164903081277029742e+02 3.771987273055214529e-01
1.640051910797751589e+03 2.164727765566285598e+02 1.039668544622863289e+00
1.640072744379269352e+03 2.157652707844081306e+02 1.061353794499309888e+00
1.640093577961369647e+03 2.158608923413589764e+02 1.082573875126545904e+00
1.640156078710580459e+03 2.184680509329909910e+02 1.114018192988510902e+00
1.640176912294544536e+03 2.155543052034281573e+02 1.113987320641180556e+00
1.640197745878914930e+03 2.192385345261345719e+02 1.113777398094614179e+00
1.640218579463634342e+03 2.167148214495400680e+02 1.109145987069751982e+00
1.640260246634237546e+03 2.170457670168925688e+02 1.094018358278798564e+00
1.640281080220004469e+03 2.184754551861037726e+02 1.088284980893500453e+00
1.640301913806121320e+03 2.179476867797329760e+02 1.083790804788877127e+00
1.640322747392471456e+03 2.185493214039238410e+02 1.081390631907011235e+00
1.640385248153091652e+03 2.172923250732756060e+02 1.088623895535733910e+00
1.640406081740430636e+03 2.175063765065369807e+02 1.095930813610432875e+00
1.640426915328001996e+03 2.183923795059831718e+02 1.102186905309410214e+00
1.640447748915748434e+03 2.166829731061202438e+02 1.108459094568245540e+00
1.640468582503669495e+03 2.150350624756206344e+02 1.113379597920883146e+00
1.640531083268364455e+03 2.160701327584547471e+02 1.134905808107197878e+00
1.640551916856925800e+03 2.151277131724300489e+02 1.139481428472906677e+00
1.640572750445603560e+03 2.175243761319284204e+02 1.140826220595871465e+00
1.640593584034398191e+03 2.175200026622560472e+02 1.141041144138225993e+00
1.640614417623250574e+03 2.183484885610837409e+02 1.140155695689901716e+00
1.640635251212278035e+03 2.174805206337373420e+02 1.136498813391895402e+00
1.640656084801363477e+03 2.178066879453317597e+02 1.133357633769616735e+00
1.640676918390564424e+03 2.165558919937088831e+02 1.130760913311257720e+00
1.640697751979823806e+03 2.174125614145382315e+02 1.129182194442307274e+00
1.640718585569200513e+03 2.179607442737287784e+02 1.129208903678171172e+00
1.640739419158576538e+03 2.168020349053240352e+02 1.130042062415405724e+00
1.640760252748068979e+03 2.184440473483277856e+02 1.132031296334486292e+00
1.640781086337562556e+03 2.191288822756864647e+02 1.132220988566714714e+00
1.640801919927170957e+03 2.167303604479816386e+02 1.127749791186953399e+00
1.640822753516779812e+03 2.174626543290746667e+02 1.123154875496474636e+00
1.640843587106448012e+03 2.176241701845242460e+02 1.117233968982078940e+00
1.640864420696173056e+03 2.175354502674958894e+02 1.109463325530421152e+00
1.640885254285898100e+03 2.172549359786744390e+02 1.099117134998840450e+00
1.640906087875682488e+03 2.166155140012906486e+02 1.086625574150183793e+00
1.640926921465466421e+03 2.168791936367310882e+02 1.071583849009240419e+00
1.640947755055249672e+03 2.176928133689684728e+02 1.056106912074023851e+00
1.640968588645091586e+03 2.181208485937763726e+02 1.041111925548432682e+00
1.640989422234875519e+03 2.158083676693345296e+02 1.027340152864721912e+00
1.641010255824774958e+03 2.173838012737867302e+02 1.016035319852035768e+00
1.641031089414616872e+03 2.190707622158497543e+02 1.005890958716063377e+00
1.641051923004459468e+03 2.173094262104739300e+02 9.951768432345593496e-01
1.641072756594301154e+03 2.178095732035394576e+02 9.884252028736014717e-01
1.641093590184143522e+03 2.181006758296912267e+02 9.827033183913578274e-01
1.641114423773984527e+03 2.168949225018639027e+02 9.783088023886505891e-01
1.641135257363826895e+03 2.180623571027122125e+02 9.768441366346664045e-01
1.641156090953668354e+03 2.164026979184857282e+02 9.737644852624703917e-01
1.641176924543511177e+03 2.171281074402249942e+02 9.707616715457776380e-01
1.641197758133294428e+03 2.168685719521963620e+02 9.644435716776211809e-01
1.641218591723079044e+03 2.163780237903279158e+02 9.574750532979100504e-01
1.641239425312862068e+03 2.177055008811603329e+02 9.495800884694097777e-01
1.641260258902586884e+03 2.145135997016013789e+02 9.393363134523239344e-01
1.641281092492312837e+03 2.178133130335172609e+02 9.311091348497615439e-01
1.641301926082037880e+03 2.172339849707036592e+02 9.209972017144221201e-01
1.641322759671705171e+03 2.165685693988348248e+02 9.116867687431358114e-01
1.641343593261372916e+03 2.168490145659452537e+02 9.037193612884424354e-01
1.641364426850982454e+03 2.173691094164923925e+02 8.968262529583421738e-01
1.641385260440590628e+03 2.172869862480597476e+02 8.923855496600647808e-01
1.641406094030141958e+03 2.161430312547965968e+02 8.913494309312961494e-01
1.641426927619692833e+03 2.181717414443946836e+02 8.929477318720668855e-01
1.641447761209185501e+03 2.161935085887944297e+02 8.951893014344393107e-01
1.641468594798619506e+03 2.166860005231851574e+02 8.978334137511891910e-01
1.641489428388054421e+03 2.180185528024758241e+02 9.023722524393709143e-01
1.641510261977431128e+03 2.170372898307443847e+02 9.065189291402677707e-01
1.641531095566807380e+03 2.172654450641693984e+02 9.115689492087417634e-01
1.641551929156124515e+03 2.164065368710078019e+02 9.162561877511412600e-01
1.641572762745384807e+03 2.178863545764379523e+02 9.209164954444708506e-01
1.641593596334644644e+03 2.178345138369063534e+02 9.238928032265378842e-01
1.641614429923845364e+03 2.174524504701503247e+02 9.257094922805740866e-01
1.641635263512989468e+03 2.159282104616511333e+02 9.269423466894535224e-01
1.641656097102075364e+03 2.174866163308356590e+02 9.265196869143516034e-01
1.641676930691160123e+03 2.187103606363798463e+02 9.258758560965705264e-01
1.641697764280186675e+03 2.163259991735887979e+02 9.234969531444275903e-01
1.641718597869156383e+03 2.181834960491435140e+02 9.240094383983845638e-01
1.641739431458066520e+03 2.164930507842764200e+02 9.235523933414742093e-01
1.641760265046976656e+03 2.167099202414742649e+02 9.251586816617568543e-01
1.641781098635829494e+03 2.159075615241590640e+02 9.266190419949178469e-01
1.641801932224624125e+03 2.176716993350323719e+02 9.293743856462655106e-01
1.641822765813359638e+03 2.177683123164747485e+02 9.289591203919936868e-01
1.641843599402094469e+03 2.156010916491488842e+02 9.259393935195456837e-01
1.641864432990714477e+03 2.159672927015039932e+02 9.228481716517565880e-01
1.641885266579334484e+03 2.171087743335667710e+02 9.182648526139959300e-01
1.641906100167895602e+03 2.165182673501581121e+02 9.127436848121320834e-01
1.641926933756398512e+03 2.168810560648621504e+02 9.052278410488999727e-01
1.641947767344844124e+03 2.168323863063778845e+02 8.976373177466642206e-01
1.641968600933229936e+03 2.157198841791414452e+02 8.891675635610083450e-01
1.641989434521616658e+03 2.170293895721281388e+02 8.822954739995518825e-01
1.642010268109946082e+03 2.184048889513178437e+02 8.766761461320771165e-01
1.642031101698157499e+03 2.167366940330537091e+02 8.706369271320598680e-01
1.642051935286368916e+03 2.172395376473302804e+02 8.665588437156978019e-01
1.642072768874523490e+03 2.169552685628757445e+02 8.625948494436143088e-01
1.642093602462618946e+03 2.177609889768759786e+02 8.598880623447630045e-01
1.642114436050714630e+03 2.181646092866615163e+02 8.578796902383406531e-01
1.642135269638693444e+03 2.169234211698098989e+02 8.566101333194253709e-01
1.642156103226614960e+03 2.167584038842057907e+02 8.571442521742412834e-01
1.642176936814536020e+03 2.181581739166160787e+02 8.579450675100933621e-01
1.642197770402340666e+03 2.182302031599710972e+02 8.572274511180139056e-01
1.642218603990144857e+03 2.174104481186013800e+02 8.551828960642425814e-01
1.642239437577891522e+03 2.165490560298671880e+02 8.523213915947477348e-01
1.642260271165579525e+03 2.186730522103350722e+02 8.488687729352227818e-01
1.642281104753209547e+03 2.172049714110246441e+02 8.435599854875486248e-01
1.642301938340781362e+03 2.180122602482076672e+02 8.392567202015196459e-01
1.642322771928294515e+03 2.171026192546212314e+02 8.330630499893560970e-01
1.642343605515808576e+03 2.169718977708591865e+02 8.263232586192512663e-01
1.642364439103205541e+03 2.163748068451502604e+02 8.206955151792938441e-01
1.642385272690544525e+03 2.170563076560961235e+02 8.173615921164578690e-01
1.642406106277883055e+03 2.177658498694261198e+02 8.158421004593520154e-01
1.642426939865105396e+03 2.179339601676879283e+02 8.158233240687060572e-01
1.642447773452328875e+03 2.173020630278281260e+02 8.168623895700609649e-01
1.642468607039492554e+03 2.176688303763498880e+02 8.189988289616262351e-01
1.642489440626598025e+03 2.166127542208316754e+02 8.220375814014579952e-01
1.642510274213646881e+03 2.163694050078111104e+02 8.260343540889396596e-01
1.642531107800636619e+03 2.173142731441505475e+02 8.317179560151396478e-01
1.642551941387567467e+03 2.162338602850084044e+02 8.372770610546927950e-01
1.642572774974440563e+03 2.169135021137710737e+02 8.436447360462633327e-01
1.642593608561256133e+03 2.160987961085143070e+02 8.489950831285494326e-01
1.642614442148013040e+03 2.172450726774811756e+02 8.539527105621090852e-01
1.642635275734769493e+03 2.153002797551569074e+02 8.570518998863581039e-01
1.642656109321409986e+03 2.162321052954855531e+02 8.605316354698290260e-01
1.642676942908050478e+03 2.181108676641597413e+02 8.611265885250807273e-01
1.642697776494574555e+03 2.160075370813096924e+02 8.594271557326671473e-01
1.642718610081098632e+03 2.170526021727437183e+02 8.592300986459496803e-01
1.642739443667564501e+03 2.159864978874031749e+02 8.575545710112377762e-01
1.642760277253971481e+03 2.164357053877340604e+02 8.570726591554224116e-01
1.642781110840321617e+03 2.169936438710999482e+02 8.560900587519985061e-01
1.642801944426612408e+03 2.161813857420811473e+02 8.535813016086769567e-01
1.642822778012845902e+03 2.160762257432420483e+02 8.510340879765100341e-01
1.642843611599020051e+03 2.165970797323363968e+02 8.470687236423557476e-01
1.642864445185135992e+03 2.160050985013747322e+02 8.414235006138430784e-01
1.642885278771195317e+03 2.153944532021489522e+02 8.349406635879261795e-01
1.642906112357253505e+03 2.160430138220672234e+02 8.281617786229695799e-01
1.642926945943194823e+03 2.175499605417760449e+02 8.215298656832282775e-01
1.642947779529137506e+03 2.160763245279867988e+02 8.130392339279002289e-01
1.642968613115021071e+03 2.144789084707754228e+02 8.048234472896651504e-01
1.642989446700788449e+03 2.165907013415771871e+02 7.983127787724009217e-01
1.643010280286555371e+03 2.175575196087495442e+02 7.920851270751334550e-01
1.643031113872264541e+03 2.165099175325474334e+02 7.857803217893205572e-01
1.643051947457915503e+03 2.168390953993930452e+02 7.810839285770081464e-01
1.643072781043508485e+03 2.161277511660482560e+02 7.770171893266939467e-01
1.643093614629042804e+03 2.171873917622181125e+02 7.741417424063683494e-01
1.643114448214519598e+03 2.171459318333302235e+02 7.710230353336839926e-01
1.643135281799995482e+03 2.161849498346500695e+02 7.685029958866373967e-01
1.643156115385354497e+03 2.168236610204080534e+02 7.664563472756980023e-01
1.643176948970714420e+03 2.166688453449576173e+02 7.647102496617952383e-01
1.643260283311513831e+03 2.171044744183535045e+02 7.507430210760923650e-01
1.643281116896582489e+03 2.158388634416766649e+02 7.442576398985933928e-01
1.643301950481592485e+03 2.175344814459764962e+02 7.394311013949673717e-01
1.643322784066544955e+03 2.172223074921775492e+02 7.330701476745526968e-01
1.643364451236333935e+03 2.159949280471682300e+02 7.184208655370906138e-01
1.643385284821110872e+03 2.161890269140861278e+02 7.126656791399449409e-01
1.643406118405889629e+03 2.171391763834674862e+02 7.097083984549956703e-01
1.643426951990608359e+03 2.173884295934557827e+02 7.072675952738559646e-01
1.643447785575269791e+03 2.173440065635348333e+02 7.061274742924522618e-01
1.643468619159815489e+03 2.174362577861393788e+02 7.059003099268189585e-01
1.643489452744360506e+03 2.164566776110298747e+02 7.058656262626025191e-01
1.643510286328905067e+03 2.156712958654381396e+02 7.067517734582251521e-01
1.643531119913332986e+03 2.163841008076958019e+02 7.093439792790826592e-01
1.643551953497703380e+03 2.171278332640281974e+02 7.123291312673771802e-01
1.643572787082073546e+03 2.157182022324352033e+02 7.146265085446962262e-01
1.643593620666327524e+03 2.164366569776631763e+02 7.177079151375654886e-01
1.643614454250581502e+03 2.158378355851334049e+02 7.201040202075866814e-01
1.643635287834777500e+03 2.170004562443705822e+02 7.226104309402937576e-01
1.643656121418914609e+03 2.166016424037659931e+02 7.243135573336390021e-01
1.643676955002993509e+03 2.153041966388665855e+02 7.239830415383495810e-01
1.643697788587014657e+03 2.171518242234537297e+02 7.240576275763225267e-01
1.643718622170977596e+03 2.173042122894755153e+02 7.224083140055336250e-01
1.643739455754940082e+03 2.160112035924037741e+02 7.198617464022227797e-01
1.643760289338787061e+03 2.166077199595924299e+02 7.186689331113903512e-01
1.643781122922634040e+03 2.177900947518622274e+02 7.172022616460854705e-01
1.643801956506421448e+03 2.165431316169660363e+02 7.150981846332512548e-01
1.643822790090151102e+03 2.162789088224644161e+02 7.131246940217628172e-01
1.643843623673823458e+03 2.166145837352284502e+02 7.109907780061281990e-01
1.643864457257436470e+03 2.169350432447963044e+02 7.080121480874794759e-01
1.643885290840992184e+03 2.161550573288486135e+02 7.033939271139214577e-01
1.643906124424547670e+03 2.157606635283128185e+02 6.980361954737172026e-01
1.643926958007987196e+03 2.159572538362370437e+02 6.917455885759925538e-01
1.643947791591425585e+03 2.164126963615305499e+02 6.851059237258448897e-01
1.643968625174805538e+03 2.164843215224071287e+02 6.779011457980239630e-01
1.643989458758128421e+03 2.168765007659104072e+02 6.701939200062055901e-01
1.644010292341392415e+03 2.171529130404381362e+02 6.628267795835679488e-01
1.644031125924599110e+03 2.160694306384407923e+02 6.549966287162157785e-01
1.644051959507747597e+03 2.150689747223216841e+02 6.480203228754157774e-01
1.644072793090895175e+03 2.165103243773583586e+02 6.443887957734304450e-01
1.644093626673925883e+03 2.154205921390194476e+02 6.378746539964733619e-01
1.644114460256957500e+03 2.160804103127638882e+02 6.337340438308814994e-01
1.644135293839931364e+03 2.154965321418914073e+02 6.294088310233098005e-01
1.644156127422845657e+03 2.164150982505879597e+02 6.257347556378397568e-01
1.644176961005702651e+03 2.159387493806161729e+02 6.220709592615235595e-01
1.644197794588500983e+03 2.156424065500518168e+02 6.186185494867239010e-01
1.644218628171301134e+03 2.164601051636319085e+02 6.169852637675011797e-01
1.644239461753982596e+03 2.169623220753948658e+02 6.135473949465045651e-01
1.644260295336664512e+03 2.152785579443470283e+02 6.095356362700110608e-01
1.644281128919288676e+03 2.156527163116302859e+02 6.063594296590740784e-01
1.644301962501854632e+03 2.164238835304643658e+02 6.022074821098574171e-01
1.644322796084361471e+03 2.152694301150639831e+02 5.974114608605235466e-01
1.644343629666811012e+03 2.162497369638340388e+02 5.924212998220516058e-01
1.644364463249260552e+03 2.166912311842070267e+02 5.878925260088527782e-01
1.644385296831593678e+03 2.162893204656198805e+02 5.828180307734386334e-01
1.644406130413926803e+03 2.160249872877469102e+02 5.786134615225853040e-01
1.644426963996201494e+03 2.154427978547512907e+02 5.753299574972121633e-01
1.644447797578417521e+03 2.157268583675452192e+02 5.727991474882500045e-01
1.644468631160576024e+03 2.152740477592665798e+02 5.716156376602309352e-01
1.644489464742676319e+03 2.163826990194969540e+02 5.706822751183819875e-01
1.644510298324718406e+03 2.159429038907319409e+02 5.697712354698948323e-01
1.644531131906760493e+03 2.157068235622014072e+02 5.701339128529827605e-01
1.644551965488743463e+03 2.168338105133510112e+02 5.714400915066041309e-01
1.644572799070669589e+03 2.155582717866223561e+02 5.719928026029956758e-01
1.644593632652535916e+03 2.161345176858358741e+02 5.749531934180225345e-01
1.644614466234344945e+03 2.154710654086393902e+02 5.747692038873292164e-01
1.644635299816096904e+03 2.143474302762245429e+02 5.750538209936644218e-01
1.644656133397789517e+03 2.156681912837842106e+02 5.766991998567383426e-01
1.644676966979482586e+03 2.167026385363726035e+02 5.772994823286972110e-01
1.644697800561116537e+03 2.151317846680373123e+02 5.759497780197461170e-01
1.644718634142693190e+03 2.162454491860467556e+02 5.765517453480286658e-01
1.644739467724210954e+03 2.156781759535346055e+02 5.757836795998895196e-01
1.644760301305670055e+03 2.149078247206102219e+02 5.749468177581946726e-01
1.644781134887072540e+03 2.156935404363687780e+02 5.747094166462284326e-01
1.644801968468474115e+03 2.161998706370612240e+02 5.738614845836411682e-01
1.644822802049759048e+03 2.159402655674949756e+02 5.722547666801954813e-01
1.644843635631043981e+03 2.156389724225807072e+02 5.710625615194528937e-01
1.644864469212271615e+03 2.151571073556123679e+02 5.681709685156705048e-01
1.644885302793439678e+03 2.160013372745026459e+02 5.663869920284846371e-01
1.644906136374550442e+03 2.155765884988759353e+02 5.633119974196538760e-01
1.644926969955603454e+03 2.158668022714220456e+02 5.593888286394338438e-01
1.644947803536656011e+03 2.149894090409053433e+02 5.546872582233600690e-01
1.644968637117591925e+03 2.169534519725156656e+02 5.506012534521144142e-01
1.644989470698526929e+03 2.152569965559301863e+02 5.442516074062681009e-01
1.645010304279405545e+03 2.163405500993936244e+02 5.391380146595240452e-01
1.645031137860224590e+03 2.159411400518071673e+02 5.339155084367104287e-01
1.645051971440985653e+03 2.175089747137722611e+02 5.302820925067730506e-01
1.645072805021747172e+03 2.152681916201784702e+02 5.251133410406493285e-01
1.645093638602392502e+03 2.172634271363457970e+02 5.233947679527816144e-01
1.645114472183037378e+03 2.167279853165504733e+02 5.206901989396282016e-01
1.645135305763565611e+03 2.169490955805570138e+02 5.190715907504802606e-01
1.645156139344093845e+03 2.166503294215690971e+02 5.171752513345515556e-01
1.645176972924563870e+03 2.163858369879932866e+02 5.150085579059237029e-01
1.645197806505033896e+03 2.159053352118948510e+02 5.133155486145116742e-01
1.645218640085388415e+03 2.166258365409734665e+02 5.122722515115685216e-01
1.645239473665683818e+03 2.172689337427138412e+02 5.112111435000236126e-01
1.645260307245979448e+03 2.166850812849717727e+02 5.081557654231926291e-01
1.645281140826216415e+03 2.164826160365140026e+02 5.053032133797833447e-01
1.645301974406397221e+03 2.158558605923260529e+02 5.019470392592988439e-01
1.645322807986518001e+03 2.161593396093381330e+02 4.988942734988943695e-01
1.645343641566580118e+03 2.167051573698498146e+02 4.970476936035476134e-01
1.645364475146585391e+03 2.159382039101803343e+02 4.920329199357100225e-01
1.645385308726590210e+03 2.168653707190379691e+02 4.885058077385937558e-01
1.645406142306477932e+03 2.168813210476092195e+02 4.858234805317983018e-01
1.645426975886366108e+03 2.169299880941205743e+02 4.830869962246196470e-01
1.645447809466196532e+03 2.170863044440524732e+02 4.817212534643620092e-01
1.645468643045967383e+03 2.174469959363338489e+02 4.804636792171205206e-01
1.645489476625680936e+03 2.163372683603925566e+02 4.793182648080654973e-01
1.645510310205336509e+03 2.162883652263909084e+02 4.790992136484411579e-01
1.645531143784934557e+03 2.169710375683140455e+02 4.802119801755882489e-01
1.645551977364531012e+03 2.156783766423531574e+02 4.803166962975761733e-01
1.645572810944011508e+03 2.165424319638515271e+02 4.830079630517165601e-01
1.645593644523492458e+03 2.160045736396550069e+02 4.838212755218271321e-01
1.645614478102914973e+03 2.170450413594497263e+02 4.864823889519525602e-01
1.645635311682278825e+03 2.157243664414328919e+02 4.869339168829509568e-01
1.645656145261585607e+03 2.173414095854549828e+02 4.890665681809943655e-01
1.645676978840833499e+03 2.166520088264477977e+02 4.893013788192924762e-01
1.645697812420080936e+03 2.161019470695003406e+02 4.893724075092812931e-01
1.645718645999212640e+03 2.162046812990061539e+02 4.899408289887143275e-01
1.645739479578344344e+03 2.162392872474512160e+02 4.902037652782730293e-01
1.645760313157358951e+03 2.168246113713390173e+02 4.900574687908211269e-01
1.645781146736373557e+03 2.161379219003273420e+02 4.885004238324000547e-01
1.645801980315331093e+03 2.164405964196940317e+02 4.879682071473897542e-01
1.645822813894229967e+03 2.163208995365204714e+02 4.863680934185242721e-01
1.645843647473070632e+03 2.164127332933987304e+02 4.843130995052229437e-01
1.645864481051852636e+03 2.158812811060744821e+02 4.825929346169720580e-01
1.645885314630635094e+03 2.164140877628208841e+02 4.811666583685658694e-01
1.645906148226180449e+03 2.163268671902780511e+02 4.788008637711693716e-01
1.645926981804846037e+03 2.162561590088479306e+02 4.757645445899130188e-01
1.645947815383453872e+03 2.175462515440022457e+02 4.743903325735426835e-01
1.645968648961945519e+03 2.159818257817393601e+02 4.702277414488097995e-01
1.645989482540436484e+03 2.163956032632948450e+02 4.675697090073516193e-01
1.646010316118869014e+03 2.156251476966415908e+02 4.647618550198834297e-01
1.646031149697244473e+03 2.173459498514644679e+02 4.632096619642580571e-01
1.646051983275560360e+03 2.162194185079125077e+02 4.590277144078864779e-01
1.646072816853876475e+03 2.162706367597411656e+02 4.570792898377706859e-01
1.646093650432077538e+03 2.170355657707057730e+02 4.557932036685715116e-01
1.646114484010219485e+03 2.164157640265053146e+02 4.535908770494874176e-01
1.646135317588361431e+03 2.163585282763317821e+02 4.523748238914465092e-01
1.646156151166386508e+03 2.166344732465863956e+02 4.513438999139063879e-01
1.646176984744412493e+03 2.165871883838474901e+02 4.502443133847085499e-01
1.646197818322379590e+03 2.169836878656957992e+02 4.492255500610489172e-01
1.646218651900288478e+03 2.157226523929821269e+02 4.468486291266980936e-01
1.646239485478139613e+03 2.167623475329057214e+02 4.465715945567738099e-01
1.646260319055932541e+03 2.164352672685831180e+02 4.453677594883505564e-01
1.646281152633667034e+03 2.172317022650495915e+02 4.442482830405128924e-01
1.646301986211342864e+03 2.168223289220385368e+02 4.423751156707896870e-01
1.646343653366520812e+03 2.165986705392738259e+02 4.376737726333900236e-01
1.646364486944080454e+03 2.170736932082276667e+02 4.360888235592283446e-01
1.646385320521524591e+03 2.165667628903542550e+02 4.334724015896199156e-01
1.646406154098910065e+03 2.166723308964157582e+02 4.321489404894203190e-01
1.646426987676295084e+03 2.172583226871523152e+02 4.311089499249121659e-01
1.646447821253621441e+03 2.173302929424797867e+02 4.303789817133936713e-01
1.646468654830832520e+03 2.169734060979366177e+02 4.290400221758151611e-01
1.646489488408042916e+03 2.170402134707953792e+02 4.288647143432232078e-01
1.646510321985194423e+03 2.165014991704861131e+02 4.286212697026710039e-01
1.646531155562231106e+03 2.166895320721095572e+02 4.296535825347611581e-01
1.646551989139267334e+03 2.167666855016354930e+02 4.316286801717935662e-01
1.646572822716244445e+03 2.165817666823706986e+02 4.301981405970382588e-01
1.646593656293164486e+03 2.170602257560025237e+02 4.316189618090154334e-01
1.646614489870025864e+03 2.166037326467617845e+02 4.311771752884813180e-01
1.646635323446829034e+03 2.164305480949562366e+02 4.315055877593386713e-01
1.646656157023573087e+03 2.158639058440584222e+02 4.306239414340491400e-01
1.646676990600260524e+03 2.169654062817394333e+02 4.314660975231797146e-01
1.646697824176889526e+03 2.169343997430239597e+02 4.312531125605943982e-01
1.646718657753459411e+03 2.162035587622245316e+02 4.295651868649853489e-01
1.646739491329970861e+03 2.159133166849368308e+02 4.286051730512177582e-01
1.646760324906425467e+03 2.160581512231433408e+02 4.278120379727573530e-01
1.646781158482879619e+03 2.168662402560969440e+02 4.275875449192818589e-01
1.646801992059216445e+03 2.167460981902948447e+02 4.268113022023703462e-01
1.646822825635495974e+03 2.169008205032700403e+02 4.253690456665286668e-01
1.646843659211717522e+03 2.162666219489681794e+02 4.239930741637413791e-01
1.646864492787880408e+03 2.171351637217923098e+02 4.238379516868717167e-01
1.646885326363984404e+03 2.165287155498332368e+02 4.230275833930221552e-01
1.646906159940088855e+03 2.164412975092951115e+02 4.218185175066430093e-01
1.646926993516077346e+03 2.161755981904301507e+02 4.202858877443059749e-01
1.646947827092006492e+03 2.167854801008714958e+02 4.200878968396123958e-01
1.646968660667878794e+03 2.175616872121230472e+02 4.192424156399185420e-01
1.646989494243693571e+03 2.168585444742353161e+02 4.172109704434165400e-01
1.647010327819448548e+03 2.163261930888393749e+02 4.156644350718257108e-01
1.647031161395144863e+03 2.161716641411031787e+02 4.143272848836092037e-01
1.647051994970784563e+03 2.167030992313881370e+02 4.132673437883327416e-01
1.647072828546364917e+03 2.164643808199239174e+02 4.120727992889065550e-01
1.647093662121887064e+03 2.169659777271572807e+02 4.120801761642539640e-01
1.647114495697352595e+03 2.166063885215947380e+02 4.104412541874902232e-01
1.647135329272758554e+03 2.165733298334713481e+02 4.100566198052110756e-01
1.647156162848106533e+03 2.170094112914648576e+02 4.093409837174566968e-01
1.647176996423395394e+03 2.164769372369186158e+02 4.080229366086940423e-01
1.647197829998627185e+03 2.164487447860707903e+02 4.070272529684028640e-01
1.647218663573742106e+03 2.164655390545537443e+02 4.069750258260550480e-01
1.647239497148857026e+03 2.170396984959676843e+02 4.059635032448075664e-01
1.647260330723914649e+03 2.168570593343309270e+02 4.054396690568198292e-01
1.647281164298854947e+03 2.163163765498597400e+02 4.038815230690205871e-01
1.647301997873795017e+03 2.174286473012086844e+02 4.037731667122771428e-01
1.647322831448619127e+03 2.162567888651120143e+02 4.017301528600189520e-01
1.647343665023385483e+03 2.166983238621979240e+02 4.012210143544091556e-01
1.647364498598150931e+03 2.162799572526557199e+02 3.995987854390688487e-01
1.647385332172800645e+03 2.170203326257890808e+02 3.996362045096703008e-01
1.647406165747391469e+03 2.167636734754078134e+02 3.995051012071573759e-01
1.647426999321924541e+03 2.167425614638638081e+02 3.983082094043718380e-01
1.647447832896398950e+03 2.164756069739343616e+02 3.971947943485093502e-01
1.647468666470757398e+03 2.168617679184312692e+02 3.976344449223577215e-01
1.647489500045116529e+03 2.168475012345311370e+02 3.968611932590683233e-01
1.647510333619416087e+03 2.161625627935101193e+02 3.963803873733601768e-01
1.647531167193599458e+03 2.165181808225203213e+02 3.967891329892360153e-01
1.647552000767725531e+03 2.162579003555544546e+02 3.963827181377148623e-01
1.647572834341793623e+03 2.161887103765943152e+02 3.962238752615953596e-01
1.647593667915860351e+03 2.168108221170729166e+02 3.967113502897096078e-01
1.647614501489753366e+03 2.157893150844386696e+02 3.958376415754401023e-01
1.647635335063645471e+03 2.170187451442928932e+02 3.967250976415263031e-01
1.647656168637479368e+03 2.161464844771760454e+02 3.962155262123712163e-01
1.647677002211197532e+03 2.163526056136022362e+02 3.964440273557636174e-01
1.647697835784916151e+03 2.174833793260266361e+02 3.973926232417865911e-01
1.647718669358518582e+03 2.170103443543493427e+02 3.966009034544233924e-01
1.647739502932061441e+03 2.158679037573082837e+02 3.953684808650110849e-01
1.647760336505546547e+03 2.170557568908274106e+02 3.960388386301161856e-01
1.647781170078916148e+03 2.158711346307057966e+02 3.947094618666636689e-01
1.647802003652284384e+03 2.154480928212839217e+02 3.939999695187281215e-01
1.647822837225535977e+03 2.153913035452926010e+02 3.934792950453031568e-01
1.647843670798730500e+03 2.169784465988998363e+02 3.951356620448240875e-01
1.647864504371867497e+03 2.166645302758326466e+02 3.943156229108031874e-01
1.647885337944944467e+03 2.158014989788775324e+02 3.929413021808370043e-01
1.647906171517905932e+03 2.164206908373310512e+02 3.935149293415887151e-01
1.647927005090868079e+03 2.162385043864515524e+02 3.936096985944985138e-01
1.647947838663713355e+03 2.160014317906531573e+02 3.925030195217248941e-01
1.647968672236499060e+03 2.168704656181143378e+02 3.925974447326561201e-01
1.647989505809168804e+03 2.166344669235728588e+02 3.921257563162049986e-01
1.648010339381840367e+03 2.160017774430839381e+02 3.919813260111794651e-01
1.648031172954393469e+03 2.166152186583317416e+02 3.913938965818120064e-01
1.648052006526889500e+03 2.158842067545704140e+02 3.903642356248375189e-01
1.648072840099327095e+03 2.171373251012879564e+02 3.912833959445826681e-01
1.648093673671648503e+03 2.169522628164331195e+02 3.906392094888702093e-01
1.648114507243911021e+03 2.158982241696063511e+02 3.890227454530099105e-01
1.648135340816114876e+03 2.159186006179533592e+02 3.887934662293457411e-01
1.648156174388262571e+03 2.170056461758730961e+02 3.893820059683322232e-01
1.648177007960292485e+03 2.157380751910706635e+02 3.879590422652136050e-01
1.648197841532321490e+03 2.164143740681321901e+02 3.883005026144802363e-01
1.648218675104178146e+03 2.163033517658269034e+02 3.878390144364559089e-01
1.648239508676033438e+03 2.170499188594304201e+02 3.884473756131685551e-01
1.648260342247772087e+03 2.166183505575806407e+02 3.873894010650732467e-01
1.648281175819452528e+03 2.165062845993050473e+02 3.872564796536097642e-01
1.648302009391075444e+03 2.172271095641298757e+02 3.874790155204788644e-01
1.648322842962581490e+03 2.163624215988969013e+02 3.869380714327252946e-01
1.648343676534029328e+03 2.163944732132150079e+02 3.860202221885228879e-01
1.648364510105361660e+03 2.160919760708243871e+02 3.851397094889013051e-01
1.648385343676693537e+03 2.164726501957338201e+02 3.851409862658531913e-01
1.648406177247907635e+03 2.164410464116932076e+02 3.846620333103005218e-01
1.648427010819006000e+03 2.160820728005579667e+02 3.845802480209485341e-01
1.648447844390047521e+03 2.161266833579741728e+02 3.841989672370426101e-01
1.648468677961029471e+03 2.173987588471022150e+02 3.853858364077608623e-01
1.648489511531953667e+03 2.169292239943613367e+02 3.839085904811985750e-01
1.648510345102761676e+03 2.161101119127356469e+02 3.834302161285823574e-01
1.648531178673511477e+03 2.153373914128669071e+02 3.821141626919538070e-01
1.648552012244143498e+03 2.173459985180924150e+02 3.839587353424655514e-01
1.648572845814718221e+03 2.162307010142530999e+02 3.830463318078867196e-01
1.648593679385176983e+03 2.163653782927190719e+02 3.832060678662642661e-01
1.648614512955577084e+03 2.171432413117423721e+02 3.831338895727867677e-01
1.648635346525918521e+03 2.165893183935083925e+02 3.825628673400262025e-01
1.648656180096144453e+03 2.164102437482724213e+02 3.827568909095160343e-01
1.648677013666312178e+03 2.162557916161973708e+02 3.819955360553716761e-01
1.648697847236363032e+03 2.165391243449097942e+02 3.818676440253139792e-01
1.648718680806355678e+03 2.162659688658926029e+02 3.816553649867094888e-01
1.648739514376232364e+03 2.166420038281997904e+02 3.814166759986590272e-01
1.648760347946050388e+03 2.160359521232743418e+02 3.805974793467941097e-01
1.648781181515810658e+03 2.161997121078068176e+02 3.804626158860159868e-01
1.648802015085453604e+03 2.165797093893626766e+02 3.806784762633074193e-01
1.648822848654981044e+03 2.170095052560745330e+02 3.811252155272067399e-01
1.648843682224450049e+03 2.169926367647817642e+02 3.806294847797334069e-01
1.648864515793802184e+03 2.157626192358669641e+02 3.795875833854768233e-01
1.648885349363096338e+03 2.162609669469812843e+02 3.796656362886879355e-01
1.648906182932332058e+03 2.163882950978269832e+02 3.796923240700526558e-01
1.648927016501451362e+03 2.158867960266466639e+02 3.790388956606398074e-01
1.648947850070455388e+03 2.160024103271681497e+02 3.794086311302688475e-01
1.648968683639400524e+03 2.159697600893308618e+02 3.789402464726683850e-01
1.648989517208229017e+03 2.165018767104377844e+02 3.791096721334031305e-01
1.649010350776940413e+03 2.166116550243443157e+02 3.798757714253984674e-01
1.649031184345595193e+03 2.172357874936013218e+02 3.798808119851124765e-01
1.649052017914190401e+03 2.158783075874265478e+02 3.786207677038545549e-01
1.649072851482611441e+03 2.165196130948958171e+02 3.793152243893019304e-01
1.649093685051033390e+03 2.167563091334594105e+02 3.792549377263301214e-01
1.649114518619279352e+03 2.163156479409050235e+02 3.786554981591622737e-01
1.649135352187467561e+03 2.171658499389557164e+02 3.794406582985692111e-01
1.649156185755539354e+03 2.169051884044816916e+02 3.790287331104334467e-01
1.649177019323553395e+03 2.168090722102492123e+02 3.789921496051315564e-01
1.649197852891450566e+03 2.159982899173786564e+02 3.786468601169158399e-01
1.649218686459230412e+03 2.168593174640383836e+02 3.786287372967610532e-01
1.649239520026953869e+03 2.164667514674989093e+02 3.783787467072877719e-01
1.649260353594560456e+03 2.163074062005800897e+02 3.789871562037098740e-01
1.649281187162050628e+03 2.164669073889539277e+02 3.787392120272776164e-01
1.649302020729423475e+03 2.166388415947562862e+02 3.788391329125172513e-01
1.649322854296738569e+03 2.165971198016247286e+02 3.782361387434748923e-01
1.649343687863937475e+03 2.162088254593556371e+02 3.783232342671705162e-01
1.649364521431077492e+03 2.167123272412858910e+02 3.783909744971187816e-01
1.649385354998044022e+03 2.159335470165804622e+02 3.780596211557609720e-01
1.649406188564952572e+03 2.161589699628206063e+02 3.778610561459487815e-01
1.649427022131742433e+03 2.168009013641096203e+02 3.786582921989862793e-01
1.649468689264976547e+03 2.164540616462022058e+02 3.777111515768331595e-01
1.649489522831476506e+03 2.166547599654745682e+02 3.782733074679549556e-01
1.649510356397860505e+03 2.164709231368834139e+02 3.776842646216416188e-01
1.649531189964127407e+03 2.164759625616325138e+02 3.782662364339135497e-01
1.649552023530278802e+03 2.167226101273369068e+02 3.779632395752258733e-01
1.649572857096313555e+03 2.159655619321605968e+02 3.771657986154033915e-01
1.649593690662231438e+03 2.161600869522216612e+02 3.771779274535667081e-01
1.649614524228092478e+03 2.169302780713781544e+02 3.778341995772561690e-01
1.649635357793776620e+03 2.160378370155686980e+02 3.772049887647346833e-01
1.649656191359403465e+03 2.171870860193265003e+02 3.787918704718450935e-01
1.649677024924914349e+03 2.166283640454163901e+02 3.773191582226712582e-01
1.649697858490250383e+03 2.164343032407377905e+02 3.771651664828511441e-01
1.649718692055528663e+03 2.160579137057821981e+02 3.775631410959247591e-01
1.649739525620689619e+03 2.161529705710643725e+02 3.767120301870751642e-01
1.649760359185735524e+03 2.168653678744455533e+02 3.782871340105344315e-01
1.649781192750664104e+03 2.164654257646045608e+02 3.768550369643767217e-01
1.649802026315475359e+03 2.160009729046200846e+02 3.763301623295015053e-01
1.649822859880171563e+03 2.159905194353534057e+02 3.771048126987901483e-01
1.649843693444693599e+03 2.163811222207913261e+02 3.771258931704152273e-01
1.649864527009156518e+03 2.169542347611771902e+02 3.774843179211726518e-01
1.649885360573502567e+03 2.165482972622630200e+02 3.771925842587230404e-01
1.649906194137732655e+03 2.164703888026680829e+02 3.764406189007911130e-01
1.649927027701788575e+03 2.162544662812443335e+02 3.766492102735862213e-01
1.649947861265785377e+03 2.167786634315662582e+02 3.769799455183334702e-01
1.649968694829607557e+03 2.161597268335945614e+02 3.766029985105898703e-01
1.649989528393315140e+03 2.170770874823868439e+02 3.771720013598701127e-01
1.650010361956904489e+03 2.169806231896963595e+02 3.772593820528939990e-01
1.650031195520377878e+03 2.162471832602366248e+02 3.762196535248074070e-01
1.650052029083735533e+03 2.165024164907348450e+02 3.764391542766005738e-01
1.650072862646916974e+03 2.168848370172167392e+02 3.770106375506395713e-01
1.650093696210040889e+03 2.166660480802665916e+02 3.764006761618813313e-01
1.650114529772991546e+03 2.170013216826774851e+02 3.774397678512406706e-01
1.650135363335824422e+03 2.168285306753647319e+02 3.770930173940600372e-01
1.650156196898482449e+03 2.162271788848491951e+02 3.759458653192333522e-01
1.650177030461082495e+03 2.169783043903004227e+02 3.765543473813464104e-01
1.650197864023508828e+03 2.161745344310308496e+02 3.757936899897894589e-01
1.650218697585760083e+03 2.164361031642292801e+02 3.761024759672598750e-01
1.650239531147952675e+03 2.168101451254306653e+02 3.761233947189725479e-01
1.650260364709970872e+03 2.167964208865876117e+02 3.766778919494045419e-01
1.650281198271815356e+03 2.170415671285014128e+02 3.762167027463138025e-01
1.650302031833600040e+03 2.167054346781530967e+02 3.760473407658945777e-01
1.650322865395210556e+03 2.164898774715248919e+02 3.770641697006145709e-01
1.650343698956647586e+03 2.162055504788544908e+02 3.756035477769284481e-01
1.650364532517965927e+03 2.164307897907812048e+02 3.754967141661648133e-01
1.650385366079169671e+03 2.164331742903416966e+02 3.754757605004160337e-01
1.650406199640198338e+03 2.166047421642120980e+02 3.755603815311960303e-01
1.650427033201052836e+03 2.166154857080888405e+02 3.758283645057541311e-01
1.650447866761790920e+03 2.166390558828696271e+02 3.758193839346889997e-01
1.650468700322411678e+03 2.164799559061190735e+02 3.755832943796041934e-01
1.650489533882858495e+03 2.162594660557705311e+02 3.755070516708953754e-01
1.650510367443130463e+03 2.162125636967713831e+02 3.757940468621654984e-01
1.650531201003285332e+03 2.160902274326358565e+02 3.754601437030383737e-01
1.650552034563267171e+03 2.166786381119531484e+02 3.756414133443414793e-01
1.650572868123131457e+03 2.160239649214406086e+02 3.749267784794794722e-01
1.650593701682821120e+03 2.160645207688875757e+02 3.750327016559023563e-01
1.650614535242335933e+03 2.168347010763779963e+02 3.754751652087391367e-01
1.650635368801735467e+03 2.164400507670480351e+02 3.756341935935277321e-01
1.650656202360959469e+03 2.161381892313446542e+02 3.749236386753068695e-01
1.650677035920009530e+03 2.169181486227987534e+02 3.755013373080642869e-01
1.650697869478884513e+03 2.164752983623632758e+02 3.750878270933862280e-01
1.650718703037643536e+03 2.167480855063830063e+02 3.752937557104010780e-01
1.650739536596169046e+03 2.160921339665269443e+02 3.747934925182596078e-01
1.650760370154577458e+03 2.160163079937293560e+02 3.746499772488149360e-01
1.650781203712812840e+03 2.167769614549341668e+02 3.753448926873170777e-01
1.650802037270872916e+03 2.159652281846181268e+02 3.750563022944999880e-01
1.650822870828816122e+03 2.165019101488255728e+02 3.752774563198248425e-01
1.650843704386527406e+03 2.163536137088773899e+02 3.761956307425671775e-01
1.650864537944064523e+03 2.165246897827705084e+02 3.748770353256284382e-01
1.650885371501482950e+03 2.163603871412341277e+02 3.745776022761546642e-01
1.650906205058669912e+03 2.166009758202525290e+02 3.748139078617291897e-01
1.650927038615683614e+03 2.162810549212194360e+02 3.747263346917613092e-01
1.650947872172520420e+03 2.160405516920362174e+02 3.742837622441074763e-01
1.650968705729241947e+03 2.160531668963491256e+02 3.742877036579213557e-01
1.650989539285730643e+03 2.165691383852290528e+02 3.745732660959840143e-01
1.651010372842044944e+03 2.159243290030047433e+02 3.743076091541738815e-01
1.651031206398125960e+03 2.159473506024925769e+02 3.742325599049513563e-01
1.651052039954089651e+03 2.157344312900053183e+02 3.739199383115513475e-01
1.651072873509821875e+03 2.164290997112440778e+02 3.746024647255346562e-01
1.651093707065379022e+03 2.165365300256516434e+02 3.743825637550042829e-01
1.651114540620760636e+03 2.160018661909460889e+02 3.746194895789958235e-01
1.651135374175969446e+03 2.164292787893508034e+02 3.745769259944778384e-01
1.651156207730944971e+03 2.168140136042625272e+02 3.748867539435826179e-01
1.651177041285686528e+03 2.159714803214347967e+02 3.744574834552845122e-01
1.651197874840312579e+03 2.156064386577356800e+02 3.732907561556386700e-01
1.651218708394706027e+03 2.162305525769544943e+02 3.740953819463006536e-01
1.651239541948865508e+03 2.166401829176211322e+02 3.743068328596570460e-01
1.651260375502850820e+03 2.164762589527491627e+02 3.741742619329093134e-01
1.651281209056662647e+03 2.163725650629681923e+02 3.741434567070103800e-01
1.651302042610240505e+03 2.162265276287057532e+02 3.740297919547816430e-01
1.651322876163585534e+03 2.164964857776305962e+02 3.741639473433256979e-01
1.651343709716756621e+03 2.162630370620613576e+02 3.739273904131668047e-01
1.651364543269693513e+03 2.170765401686706468e+02 3.754965752726089900e-01
1.651385376822398484e+03 2.163297351541671105e+02 3.741739632518803482e-01
1.651406210374928833e+03 2.161970113270921843e+02 3.737197718947239955e-01
1.651427043927168597e+03 2.162377982851222100e+02 3.737736557647576285e-01
1.651447877479233512e+03 2.157438623875134454e+02 3.734570190882956497e-01
1.651468711031123576e+03 2.163962661519391304e+02 3.740025208204657003e-01
1.651489544582721464e+03 2.164786036139300904e+02 3.739139207307395907e-01
1.651510378134088569e+03 2.162615161204989249e+02 3.741502073904480197e-01
1.651531211685279914e+03 2.162920610927696998e+02 3.739844518517582150e-01
1.651552045236180675e+03 2.164315782030901119e+02 3.741091438282864723e-01
1.651572878786907495e+03 2.166435735839100971e+02 3.738891519860798041e-01
1.651593712337341458e+03 2.166719766659309130e+02 3.742886392399535356e-01
1.651614545887543500e+03 2.160545669052420976e+02 3.732291769797284609e-01
1.651635379437571373e+03 2.168527882203986792e+02 3.744400731754282674e-01
1.651656212987307526e+03 2.162635247895379393e+02 3.735037397748938170e-01
1.651677046536752641e+03 2.162776975552471868e+02 3.737859943370410720e-01
1.651697880086023360e+03 2.163232100929737953e+02 3.736602972503277886e-01
1.651718713635003041e+03 2.161421083654178119e+02 3.735533666223366800e-01
1.651739547183750346e+03 2.164097636648955358e+02 3.731947600745048610e-01
1.651760380732264366e+03 2.167257142638793539e+02 3.746118324684469258e-01
1.651781214280486438e+03 2.161203145160588974e+02 3.731072262184068622e-01
1.651802047828477498e+03 2.165578844292339795e+02 3.737828648831070799e-01
1.651822881376176611e+03 2.166583088009134599e+02 3.741578540351834792e-01
1.651843714923583548e+03 2.162603881017564049e+02 3.732296560789805651e-01
1.651864548470817454e+03 2.159342690727593208e+02 3.730612946764212401e-01
1.651885382017701886e+03 2.166125929032735939e+02 3.738570278877011988e-01
1.651906215564353488e+03 2.162066671120514343e+02 3.737342054799759894e-01
1.651927049110712460e+03 2.162382729966977877e+02 3.731034919955188434e-01
1.651947882656782895e+03 2.164728883156797679e+02 3.736522216860483359e-01
1.651968716202560927e+03 2.160069945587463849e+02 3.728439817861901595e-01
1.651989549748105674e+03 2.165111010085620933e+02 3.736617927060416622e-01
1.652010383293360519e+03 2.164230646354826035e+02 3.729992581480283675e-01
1.652031216838324326e+03 2.167023332852146495e+02 3.734069803766949525e-01
1.652052050382937978e+03 2.161610640566892130e+02 3.727674786098310600e-01
1.652072883927318799e+03 2.163281886770521396e+02 3.727634811470835197e-01
1.652093717471409946e+03 2.164186900539251042e+02 3.730982600267889193e-01
1.652114551015179131e+03 2.165292897662606038e+02 3.729581277946377726e-01
1.652135384558658643e+03 2.163312599019884033e+02 3.730507495938551465e-01
1.652156218101847571e+03 2.178278926105651294e+02 3.742169111361947076e-01
1.652177051644714538e+03 2.162706526022063827e+02 3.724441252476203834e-01
1.652197885187262500e+03 2.167825951943536893e+02 3.731277937281315404e-01
1.652218718729519424e+03 2.170955245099790432e+02 3.737204895999783338e-01
1.652239552271455523e+03 2.168112935925923352e+02 3.729919473044727152e-01
1.652260385813101038e+03 2.170487640973670409e+02 3.733989591941058173e-01
1.652281219354397535e+03 2.164229123754285524e+02 3.725435346407162673e-01
1.652302052895402539e+03 2.167577840187655056e+02 3.726396584965929182e-01
1.652322886436058980e+03 2.163207918848012810e+02 3.746693464690437625e-01
1.652343719976423927e+03 2.164682740904221419e+02 3.727361573412755202e-01
1.652364553516438491e+03 2.168584529045686509e+02 3.728276152636271212e-01
1.652385387056135187e+03 2.172795397442488365e+02 3.732397769069628612e-01
1.652406220595509922e+03 2.169358861998854309e+02 3.730031931602391659e-01
1.652427054134535410e+03 2.166275909093386645e+02 3.724707303612633802e-01
1.652447887673241439e+03 2.174787684197949034e+02 3.731489391410987011e-01
1.652468721211627781e+03 2.167636729596036957e+02 3.724777913993724265e-01
1.652489554749664421e+03 2.174341478862352801e+02 3.734627048812985128e-01
1.652510388287351361e+03 2.176681303181865701e+02 3.734724802528840426e-01
1.652531221824748627e+03 2.165557610324534608e+02 3.721863573186518503e-01
1.652552055361765952e+03 2.171945477965689406e+02 3.731918253075377501e-01
1.652572888898463589e+03 2.165194735919862410e+02 3.724178383290150940e-01
1.652593722434841538e+03 2.166188562135071152e+02 3.721338453141768698e-01
1.652614555970870470e+03 2.175259308998940924e+02 3.730471945556549929e-01
1.652635389506578576e+03 2.164118612767555874e+02 3.719752433047937012e-01
1.652656223041966541e+03 2.169144606060496017e+02 3.724232399021021878e-01
1.652677056577006624e+03 2.165857780829417152e+02 3.720586980173359870e-01
1.652697890111724064e+03 2.170250308108356876e+02 3.722314160411162032e-01
1.652718723646122498e+03 2.172510551926435483e+02 3.722577761676266750e-01
1.652739557180172596e+03 2.174446358540788538e+02 3.729766060521566562e-01
1.652760390713960533e+03 2.182664224237548751e+02 3.744834083490218846e-01
1.652781224247397404e+03 2.177911277660297742e+02 3.729529337412040846e-01
1.652802057780545056e+03 2.174717312632993753e+02 3.723149534128298854e-01
1.652822891313430546e+03 2.176207450135090085e+02 3.722345185067602036e-01
1.652843724845995439e+03 2.177854028306454097e+02 3.725075743052375099e-01
1.652864558378298625e+03 2.179204237196740905e+02 3.729240055356617400e-01
