1.438449199192331434e+03 1.841340533111749380e+02 3.923217923466351120e-01
1.438470032362179154e+03 1.838851313260412894e+02 3.920838199974604477e-01
1.438490865532608041e+03 1.837339042275577583e+02 3.922936656770641961e-01
1.438511698703618549e+03 1.840910600493232891e+02 3.918967335589439438e-01
1.438532531875038558e+03 1.836983351198033176e+02 3.920451669666808470e-01
1.438553365046981980e+03 1.836989838531804082e+02 3.914269417111278515e-01
1.438574198219330810e+03 1.843436064322556831e+02 3.917154921710799265e-01
1.438595031392147575e+03 1.839444895576113481e+02 3.916256485759236350e-01
1.438615864565313132e+03 1.834196871768711503e+02 3.920814636779108575e-01
1.438636697738885005e+03 1.838528168474234690e+02 3.917240892920564321e-01
1.438657530912748371e+03 1.841384017547032386e+02 3.914511717641504518e-01
1.438678364086961665e+03 1.835722723240326957e+02 3.908509363990137486e-01
1.438699197261523523e+03 1.839713606127092760e+02 3.907936876369944579e-01
1.438720030436377556e+03 1.834874658761294199e+02 3.905346765995910130e-01
1.438740863611464192e+03 1.841750588867588192e+02 3.912799684789781685e-01
1.438761696786782068e+03 1.836697278243291009e+02 3.915971294351929255e-01
1.438782529962391891e+03 1.842671745816902273e+02 3.917449916818886435e-01
1.438803363138234999e+03 1.836770714623155243e+02 3.903235416667797941e-01
1.438824196314193159e+03 1.841859819959479978e+02 3.906306647843645341e-01
1.438845029490443494e+03 1.833523578110686572e+02 3.910448869394096416e-01
1.438865862666810926e+03 1.833949008993737664e+02 3.900349165495999304e-01
1.438886695843351845e+03 1.842245422040707012e+02 3.929173346797298350e-01
1.438907529020010088e+03 1.843456447352656085e+02 3.917424431335504997e-01
1.438928362196842045e+03 1.843804069902636797e+02 3.908250677838434606e-01
1.438949195373790189e+03 1.836990288725499738e+02 3.912148790165700940e-01
1.438970028550855659e+03 1.843569681408788483e+02 3.902831298186625886e-01
1.438990861728037089e+03 1.844349494192777001e+02 3.903384874548155303e-01
1.439011694905275817e+03 1.838852334261904105e+02 3.906339072165619375e-01
1.439032528082575027e+03 1.843957314530230747e+02 3.907978629051369612e-01
1.439053361259990197e+03 1.842070122303869084e+02 3.905866794863357416e-01
1.439074194437462211e+03 1.839985461134890272e+02 3.904535680340391890e-01
1.439095027614992432e+03 1.827419862590063815e+02 3.887898060145628110e-01
1.439115860792523563e+03 1.836633984524764571e+02 3.900159283588642278e-01
1.439136693970111992e+03 1.839960400410875820e+02 3.908187957688487035e-01
1.439157527147759538e+03 1.833010863875959444e+02 3.896089500362204250e-01
1.439178360325406629e+03 1.839050642881014141e+02 3.903338300803325112e-01
1.439199193503053493e+03 1.833961957336187254e+02 3.903933982910928746e-01
1.439220026680701494e+03 1.835998837979512928e+02 3.898541091735163722e-01
1.439240859858348813e+03 1.837774103927533247e+02 3.906705639014694253e-01
1.439261693035994995e+03 1.835963296332955110e+02 3.895338267559785295e-01
1.439282526213584561e+03 1.838478303102492930e+02 3.901997731307370598e-01
1.439303359391173672e+03 1.835896510080739574e+02 3.899110946128053756e-01
1.439324192568762555e+03 1.841046428062411167e+02 3.908473907652497692e-01
1.439345025746293004e+03 1.844539756646235560e+02 3.906807096809967184e-01
1.439365858923824362e+03 1.836597108451109932e+02 3.903821190103388128e-01
1.439386692101297513e+03 1.839598376248474949e+02 3.896376146998075662e-01
1.439407525278653793e+03 1.837497180387551055e+02 3.897151268509288502e-01
1.439428358456008937e+03 1.836694323673137319e+02 3.900471991624873125e-01
1.439449191633307464e+03 1.841121504071179800e+02 3.903103705745911145e-01
1.439470024810546875e+03 1.838657840237242169e+02 3.901740332031199965e-01
1.439490857987727850e+03 1.838823595916752538e+02 3.898988077123453078e-01
1.439511691164793092e+03 1.836810324391776703e+02 3.891528809751647611e-01
1.439532524341859016e+03 1.837116720183358325e+02 3.900372088239744683e-01
1.439553357518750545e+03 1.836349027227589374e+02 3.898410560040856399e-01
1.439574190695640937e+03 1.839849680668297651e+02 3.903201248609206586e-01
1.439595023872414004e+03 1.842044331433455397e+02 3.901075941919049384e-01
1.439615857049071565e+03 1.838796635729265745e+02 3.898638175432063702e-01
1.439636690225670918e+03 1.835942631180629974e+02 3.895480377949858131e-01
1.439657523402096558e+03 1.841441747875143449e+02 3.899642314769857787e-01
1.439678356578520834e+03 1.839215919549493776e+02 3.918617886958303820e-01
1.439699189754771396e+03 1.836101324536760160e+02 3.892588568030789231e-01
1.439720022930963978e+03 1.842155578635822621e+02 3.901015207313813238e-01
1.439740856107040145e+03 1.837526206638027588e+02 3.897986062922353390e-01
1.439761689282940097e+03 1.843316660475787216e+02 3.896566978095297173e-01
1.439782522458782978e+03 1.834445298678176073e+02 3.893762847487316492e-01
1.439803355634508989e+03 1.837251717946142833e+02 3.903975205864987919e-01
1.439824188810119495e+03 1.841410710486606206e+02 3.902610609306428335e-01
1.439845021985554922e+03 1.829663675595505765e+02 3.890054507731727229e-01
1.439865855160931460e+03 1.837847234615888681e+02 3.896208445021758227e-01
1.439886688336134966e+03 1.833948633740207299e+02 3.905919251744586207e-01
1.439907521511221148e+03 1.837660748498083478e+02 3.898625753440369546e-01
1.439928354686190460e+03 1.837998622163548248e+02 3.901754080789758827e-01
1.439949187860986058e+03 1.840097641771356507e+02 3.901026857735910847e-01
1.439970021035721857e+03 1.835171012535291482e+02 3.897127179732849389e-01
1.439990854210225962e+03 1.847074064733539274e+02 3.905928980034208964e-01
1.440011687384671859e+03 1.842138452296063917e+02 3.899984293685977987e-01
1.440032520558943361e+03 1.846358224716173027e+02 3.906320952724751661e-01
1.440053353733041149e+03 1.848627331336303996e+02 3.908857619631176394e-01
1.440074186907019794e+03 1.837264439345517246e+02 3.897851116289156592e-01
1.440095020080884524e+03 1.838114984719252334e+02 3.903074499678579889e-01
1.440115853254515059e+03 1.842170694496619774e+02 3.903495007791377147e-01
1.440136686428087614e+03 1.839147379538771929e+02 3.901493800929178857e-01
1.440157519601486001e+03 1.840622626793968664e+02 3.901862541519798833e-01
1.440178352774709538e+03 1.832918965387448509e+02 3.897158724528962392e-01
1.440199185947758906e+03 1.836320135105574423e+02 3.898497135722962526e-01
1.440220019120691177e+03 1.836901667058066323e+02 3.894760974471651038e-01
1.440240852293449507e+03 1.836848525864156443e+02 3.897790904881766050e-01
1.440261685466090057e+03 1.838712959601499790e+02 3.900883803422436902e-01
1.440282518638498914e+03 1.837766219999327006e+02 3.902992225202830956e-01
1.440303351810790900e+03 1.842999257716921306e+02 3.903858406364594802e-01
1.440324184982908491e+03 1.835379277626495877e+02 3.908144872746956433e-01
1.440345018154910122e+03 1.839140918908232152e+02 3.902302654916777191e-01
1.440365851326678467e+03 1.838232438226283421e+02 3.898190003147138927e-01
1.440386684498330396e+03 1.834326476335245104e+02 3.899807958581950618e-01
1.440407517669750177e+03 1.837014518561851162e+02 3.900029952288808777e-01
1.440428350841052634e+03 1.841896626057992705e+02 3.902412055012506320e-01
1.440449184012180012e+03 1.842281444123948120e+02 3.903188650255146053e-01
1.440470017183191430e+03 1.837710211835395739e+02 3.901210777002427355e-01
1.440490850353970472e+03 1.837323706158045411e+02 3.906011955637490041e-01
1.440511683524573982e+03 1.834506794373884020e+02 3.897627278073266810e-01
1.440532516695004460e+03 1.837753407079154897e+02 3.898238167415938871e-01
1.440553349865318069e+03 1.839894228078213132e+02 3.911418928141739970e-01
1.440574183035397937e+03 1.839095775480798238e+02 3.903939517499502854e-01
1.440595016205304091e+03 1.841497505193812287e+02 3.902403654415785850e-01
1.440615849375092921e+03 1.838183232400864142e+02 3.905188988595044153e-01
1.440636682544648920e+03 1.845883208786944181e+02 3.908479245186256001e-01
1.440657515714030978e+03 1.840062232491021348e+02 3.902948510216655009e-01
1.440678348883296621e+03 1.835802716952107687e+02 3.900970515207939360e-01
1.440699182052328979e+03 1.834937826311101787e+02 3.899308713143801453e-01
1.440720015221187623e+03 1.837175587730642974e+02 3.904162993814429550e-01
1.440740848389871189e+03 1.839550253851191428e+02 3.903535281043760685e-01
1.440761681558379451e+03 1.837438154254196263e+02 3.903149136971821864e-01
1.440782514726713089e+03 1.841905767513420642e+02 3.907564895576675634e-01
1.440803347894814578e+03 1.836713559113812551e+02 3.906285095057190904e-01
1.440824181062799198e+03 1.834893570332406512e+02 3.903405870726800453e-01
1.440845014230551442e+03 1.839454924349319072e+02 3.903001006320038768e-01
1.440865847398129063e+03 1.843753407887599565e+02 3.909462751993904583e-01
1.440886680565590495e+03 1.837124379607656408e+02 3.905440818898882060e-01
1.440907513732760890e+03 1.832093110772632372e+02 3.909920493839550426e-01
1.440928346899814642e+03 1.841278834331396297e+02 3.917091773514057018e-01
1.440949180066692861e+03 1.837048515421647323e+02 3.906207084420018072e-01
1.440970013233337795e+03 1.834796252846437881e+02 3.907619045674880498e-01
1.440990846399809470e+03 1.838558090668498153e+02 3.907955369621774477e-01
1.441011679566106068e+03 1.838114533681819012e+02 3.904732981795125402e-01
1.441053345898118550e+03 1.837017337478844183e+02 3.922917284520621162e-01
1.441074179063891961e+03 1.832287310545564765e+02 3.917989067108630374e-01
1.441136678559929805e+03 1.841334843082000532e+02 3.927383096048997491e-01
1.441178344889671507e+03 1.839032242142751272e+02 3.926615080840002436e-01
1.441199178054222102e+03 1.843815242308133975e+02 3.937151749666061296e-01
1.441220011218656964e+03 1.841802202961095531e+02 3.918552480705661534e-01
1.441240844382858995e+03 1.833721994299700953e+02 3.909881429703724320e-01
1.441282510710679617e+03 1.843073122086123874e+02 3.928336265727683241e-01
1.441303343874299117e+03 1.838063520602470646e+02 3.933274817772321463e-01
1.441324177037743539e+03 1.832698216834921254e+02 3.915408460774837951e-01
1.441345010200955130e+03 1.844426209619479380e+02 3.921630714985036570e-01
1.441365843363992099e+03 1.836218571679758895e+02 3.924333675584319447e-01
1.441386676526855354e+03 1.835275789781040885e+02 3.914527324859852220e-01
1.441407509689543531e+03 1.844125001099401118e+02 3.929817061061188221e-01
1.441428342851998877e+03 1.838600481028164779e+02 3.922634666701068085e-01
1.441449176014220939e+03 1.840771539247734552e+02 3.932807480115873555e-01
1.441470009176327039e+03 1.836658649204211713e+02 3.930379726953863728e-01
1.441490842338199400e+03 1.846893987629268281e+02 3.930142575376188163e-01
1.441511675499839839e+03 1.837795583822454262e+02 3.928680108784088909e-01
1.441532508661363408e+03 1.835373259244414896e+02 3.912313333147296457e-01
1.441553341822655511e+03 1.833829409642187329e+02 3.921110686641642862e-01
1.441574174983713419e+03 1.837982074893624258e+02 3.925284358979743149e-01
1.441595008144597159e+03 1.836917500301465509e+02 3.920636768089278967e-01
1.441615841305306503e+03 1.834899698033201787e+02 3.918076541288808556e-01
1.441636674465782107e+03 1.837612681655486142e+02 3.921948929959953034e-01
1.441657507626083543e+03 1.831619493098039868e+02 3.912833007376101402e-01
1.441678340786152148e+03 1.842797338493981556e+02 3.928599887751011988e-01
1.441699173946045903e+03 1.841482797938414251e+02 3.938499460075741698e-01
1.441720007105765944e+03 1.839709560569798725e+02 3.920008462159598750e-01
1.441740840265252928e+03 1.842305725176938438e+02 3.923335096146299272e-01
1.441761673424564833e+03 1.836572285691983666e+02 3.921344964431272007e-01
1.441782506583643908e+03 1.832060860581113388e+02 3.910026250882821519e-01
1.441803339742547905e+03 1.838893072725165609e+02 3.933896459393118050e-01
1.441824172901277962e+03 1.838066831246304957e+02 3.924291717197225804e-01
1.441845006059775187e+03 1.838849250856726485e+02 3.917246979306374666e-01
1.441865839218038900e+03 1.839904865990112341e+02 3.924078311036180433e-01
1.441886672376187562e+03 1.843706931947592409e+02 3.930890947510997657e-01
1.441907505534044503e+03 1.840031341270477867e+02 3.921846534048173405e-01
1.441928338691785029e+03 1.842575200810647118e+02 3.927345913001808464e-01
1.441949171849234517e+03 1.844976409964745585e+02 3.926662896448105400e-01
1.441970005006567590e+03 1.842969162986426568e+02 3.930646244743195017e-01
1.441990838163609169e+03 1.843523928841555914e+02 3.928817599652892345e-01
1.442011671320534560e+03 1.836515152061067226e+02 3.922775598293328780e-01
1.442032504477227121e+03 1.840770469530054925e+02 3.943279044479489071e-01
1.442053337633687534e+03 1.843651976390435436e+02 3.929776867557531195e-01
1.442074170789972868e+03 1.841379111932084243e+02 3.927021874403057167e-01
1.442095003946025372e+03 1.837636375616586975e+02 3.923101127117959996e-01
1.442115837101902798e+03 1.838758500347054223e+02 3.923858627269136701e-01
1.442136670257606056e+03 1.845458200328105249e+02 3.930540663399283985e-01
1.442157503413076029e+03 1.842591571718756711e+02 3.927878204094801262e-01
1.442178336568313625e+03 1.836574115906303746e+02 3.925547047171927817e-01
1.442199169723376144e+03 1.836336599971523071e+02 3.930523982424834473e-01
1.442220002878206515e+03 1.848028862904572236e+02 3.940237198941430874e-01
1.442240836032862944e+03 1.842551922666645225e+02 3.931056222248673349e-01
1.442261669187344069e+03 1.839141222297167815e+02 3.927956732739864010e-01
1.442282502341533473e+03 1.837157055484811394e+02 3.928387094947659586e-01
1.442303335495606007e+03 1.833159114654506538e+02 3.927263388144481837e-01
1.442324168649446619e+03 1.836887787430810022e+02 3.929358792824478308e-01
1.442345001803053947e+03 1.845127178594811426e+02 3.938243311400561608e-01
1.442365834956487106e+03 1.832358790152031247e+02 3.923172914553644253e-01
1.442386668109687434e+03 1.846368028684180729e+02 3.939996102265787559e-01
1.442407501262713595e+03 1.848251097723127998e+02 3.940441221388111259e-01
1.442428334415506924e+03 1.835237646985743538e+02 3.922274717349457096e-01
1.442449167568066969e+03 1.845811847495680809e+02 3.943422450203082907e-01
1.442470000720451935e+03 1.839154351196068831e+02 3.935848820843184104e-01
1.442490833872661824e+03 1.842292259958339002e+02 3.943076113634994551e-01
1.442511667024640474e+03 1.841898518255894714e+02 3.939237922536157899e-01
1.442532500176384929e+03 1.847669779180879175e+02 3.943741929579516192e-01
1.442553333327955443e+03 1.846590298464505508e+02 3.938915051398188538e-01
1.442574166479294490e+03 1.836849319967591896e+02 3.933219694897698848e-01
1.442594999630457551e+03 1.838600366916175801e+02 3.928615439001258425e-01
1.442615832781387553e+03 1.837641578735448036e+02 3.932620491611862890e-01
1.442636665932142932e+03 1.834899130546693868e+02 3.928666454255841378e-01
1.442657499082665481e+03 1.838362813959953144e+02 3.933226703690948511e-01
1.442678332232955199e+03 1.841891315318718512e+02 3.943750619963825588e-01
1.442699165383069612e+03 1.838826238581680173e+02 3.945596137096087364e-01
1.442719998532953468e+03 1.833802026361409503e+02 3.924596617252591457e-01
1.442740831682661337e+03 1.839393231042283787e+02 3.928546026847509753e-01
1.442761664832136375e+03 1.841965270757261806e+02 3.935361531249878531e-01
1.442782497981436336e+03 1.837312666536495556e+02 3.928901040040948534e-01
1.442803331130503466e+03 1.839042116984191466e+02 3.931919252895166861e-01
1.442824164279338902e+03 1.835300108881064034e+02 3.928098611431964371e-01
1.442844997427941053e+03 1.840129734569134712e+02 3.935501628454717293e-01
1.442865830576425651e+03 1.838534036454142324e+02 3.936166454226880385e-01
1.442886663724620576e+03 1.838259835397400366e+02 3.931915463100052466e-01
1.442907496872640422e+03 1.843399214818316523e+02 3.938019877127877932e-01
1.442928330020427438e+03 1.837942760455477469e+02 3.937914682683195111e-01
1.442949163168039377e+03 1.831431124930281271e+02 3.925988300993497604e-01
1.442969996315419394e+03 1.846377632168136245e+02 3.942489369341173333e-01
1.442990829462566126e+03 1.842022383382371800e+02 3.938024607027900692e-01
1.443011662609537552e+03 1.840781025924148651e+02 3.937051073852486649e-01
1.443032495756277058e+03 1.836653039756490386e+02 3.930098972809351054e-01
1.443053328902841940e+03 1.840612831383838284e+02 3.938904080502122484e-01
1.443074162049116467e+03 1.841217531055570760e+02 3.937908628241146292e-01
1.443094995195272986e+03 1.839640236326011120e+02 3.935008615644298158e-01
1.443115828341139604e+03 1.836546641099855037e+02 3.935548389519714640e-01
1.443136661486830690e+03 1.844120283995766840e+02 3.940341764128567625e-01
1.443157494632346925e+03 1.843021410447495612e+02 3.941054548709763128e-01
1.443178327777573486e+03 1.841383835395578785e+02 3.939010194266986953e-01
1.443199160922623832e+03 1.839644455597978379e+02 3.939984188871076820e-01
1.443219994067501375e+03 1.845407958038762217e+02 3.942912287541195937e-01
1.443240827212088107e+03 1.835163966022555542e+02 3.933681301441956935e-01
1.443261660356498851e+03 1.829123685328601994e+02 3.927518166197122573e-01
1.443282493500676537e+03 1.842736728154424384e+02 3.942402247848020846e-01
1.443303326644680055e+03 1.843552251182924238e+02 3.943016025961965099e-01
1.443324159788450515e+03 1.840541268806329072e+02 3.938635662335736032e-01
1.443344992931988600e+03 1.839606526409494052e+02 3.940312834074163884e-01
1.443365826075350924e+03 1.839969010998416366e+02 3.950857477129759987e-01
1.443386659218482464e+03 1.836362232752900354e+02 3.946490536809266203e-01
1.443407492361379809e+03 1.842973742996477995e+02 3.943934435997791810e-01
1.443428325504102531e+03 1.834271844742384303e+02 3.938311985094958834e-01
1.443449158646593560e+03 1.839912013398038653e+02 3.943809185097837400e-01
1.443469991788850166e+03 1.834275680624070048e+02 3.936341728420890140e-01
1.443490824930874624e+03 1.838707565990862918e+02 3.938586478729624862e-01
1.443511658072724458e+03 1.839609427554405556e+02 3.941443028198080012e-01
1.443532491214341007e+03 1.840507987641383636e+02 3.945635791789789404e-01
1.443553324355725636e+03 1.834898970702049610e+02 3.939791678546537557e-01
1.443574157496936550e+03 1.840975582681999470e+02 3.943134877737760613e-01
1.443594990637912815e+03 1.837363335648134637e+02 3.938638878165513502e-01
1.443615823778656477e+03 1.835989107701337559e+02 3.941528469644385302e-01
1.443636656919225061e+03 1.834132178155610404e+02 3.939490602283813314e-01
1.443657490059503516e+03 1.839678800260694800e+02 3.942002900617510575e-01
1.443678323199607348e+03 1.829165711386562805e+02 3.937722828024698973e-01
1.443699156339535875e+03 1.840577851777948695e+02 3.945355179055395345e-01
1.443719989479174501e+03 1.846239219663061988e+02 3.950471809433398485e-01
1.443740822618638504e+03 1.837396042665347693e+02 3.940881563769288998e-01
1.443761655757868994e+03 1.839078337248853927e+02 3.945983414211015616e-01
1.443782488896866653e+03 1.838259292507013924e+02 3.945954525518782230e-01
1.443803322035689462e+03 1.840555142333421088e+02 3.943922156673665969e-01
1.443824155174221005e+03 1.837604136041479137e+02 3.943389008227891623e-01
1.443844988312578607e+03 1.838300140705225942e+02 3.947031194415748234e-01
1.443865821450761359e+03 1.842965677964600104e+02 3.951958638792837930e-01
1.443886654588653528e+03 1.831400604920088426e+02 3.937864922461471462e-01
1.443907487726371528e+03 1.839636430087979875e+02 3.946219613819506589e-01
1.443928320863854879e+03 1.835536518242404895e+02 3.943262039502362093e-01
1.443949154001106535e+03 1.840761500686080581e+02 3.948486486628463021e-01
1.443969987138125362e+03 1.831891561337444614e+02 3.941077234696148679e-01
1.443990820274911130e+03 1.839982112403445456e+02 3.956042890265094591e-01
1.444011653411521365e+03 1.833978546330709491e+02 3.942203240773288209e-01
1.444074152819958954e+03 1.843963781594469822e+02 3.960305797457149835e-01
1.444094985955697439e+03 1.834925623600339861e+02 3.949505117355355810e-01
1.444115819091202411e+03 1.837372631583787665e+02 3.955177023322242191e-01
1.444136652226416572e+03 1.841639602508829796e+02 3.958627309256050331e-01
1.444157485361456565e+03 1.843694181023517160e+02 3.957715320862451591e-01
1.444178318496321026e+03 1.847312824826261419e+02 3.961065023201531532e-01
1.444199151630894448e+03 1.834359574698125925e+02 3.954240686744150413e-01
1.444219984765236404e+03 1.835720767133374522e+02 3.949873714299410588e-01
1.444240817899402828e+03 1.844879276176028782e+02 3.957282311626856286e-01
1.444261651033336420e+03 1.837189353530886251e+02 3.949702436067433764e-01
1.444282484167037637e+03 1.837836313525536980e+02 3.950691522051180682e-01
1.444303317300505569e+03 1.839660456692332104e+02 3.953879469091336474e-01
1.444324150433740442e+03 1.834962424976431805e+02 3.948177392783160378e-01
1.444344983566742940e+03 1.839442095978832015e+02 3.952684031080239691e-01
1.444365816699571042e+03 1.839458423570175967e+02 3.952843493966556321e-01
1.444386649832107196e+03 1.839889911490601548e+02 3.953370655855538707e-01
1.444407482964469636e+03 1.838791845456961767e+02 3.959880409409706203e-01
1.444428316096599929e+03 1.839080804845911246e+02 3.953916214178705979e-01
1.444449149228496026e+03 1.839797455319630330e+02 3.955129364058524444e-01
1.444469982360159065e+03 1.834313433311652375e+02 3.955725346107806240e-01
1.444490815491589956e+03 1.839238491849634158e+02 3.955532848449840877e-01
1.444511648622787561e+03 1.840525161328660886e+02 3.961173552753203264e-01
1.444532481753752563e+03 1.840514877006858683e+02 3.958300372873239659e-01
1.444553314884542942e+03 1.835729532828320600e+02 3.953636566052082246e-01
1.444574148041643639e+03 1.839622053861548920e+02 3.969053842522949349e-01
1.444594981171968357e+03 1.836268734761089263e+02 3.955988272978369635e-01
1.444615814302002946e+03 1.843254479073096377e+02 3.960008914906167354e-01
1.444636647431862457e+03 1.837116517350526692e+02 3.953753025694179968e-01
1.444657480561488001e+03 1.832018615418029412e+02 3.949472670122380902e-01
1.444678313690822961e+03 1.837326009081494647e+02 3.958159012051280512e-01
1.444699146819983980e+03 1.839635534249171940e+02 3.957603496058500481e-01
1.444719979948911487e+03 1.842626366349646787e+02 3.963445219486415594e-01
1.444740813077606617e+03 1.837021043900659549e+02 3.957576198278076607e-01
1.444761646206070054e+03 1.831903085561066575e+02 3.952047246340237296e-01
1.444782479334298841e+03 1.834475005563873538e+02 3.953282831833312971e-01
1.444803312462236590e+03 1.836760908225778053e+02 3.958405590234427285e-01
1.444824145590000626e+03 1.839571771600199668e+02 3.962157142559569745e-01
1.444844978717532058e+03 1.832596617458981427e+02 3.956263046785509774e-01
1.444865811844829523e+03 1.838430719877923138e+02 3.962333711510417356e-01
1.444886644971894384e+03 1.833635341927820264e+02 3.958647824225440259e-01
1.444907478098727552e+03 1.838654605217886058e+02 3.960098094893220178e-01
1.444928311225327434e+03 1.842719143839238995e+02 3.962238188496909341e-01
1.444949144351635368e+03 1.828300628453106640e+02 3.952757920120524293e-01
1.444969977477769589e+03 1.841758902965232778e+02 3.973145836413505272e-01
1.444990810603670980e+03 1.833763188000107789e+02 3.956991980641191842e-01
1.445011643729339085e+03 1.837461785629507176e+02 3.964930566297626413e-01
1.445032476854715469e+03 1.845283749152454789e+02 3.973269975005600529e-01
1.445053309979918595e+03 1.839126857464893021e+02 3.961807554194156089e-01
1.445074143104830000e+03 1.830685375272046258e+02 3.954511060211384210e-01
1.445094976229567465e+03 1.838908469236418739e+02 3.964095397379668317e-01
1.445115809354013436e+03 1.838693449967684614e+02 3.963431120779162264e-01
1.445136642478226349e+03 1.835955664967939356e+02 3.961839336229329711e-01
1.445157475602206887e+03 1.836112004643788964e+02 3.966093383195117283e-01
1.445178308725953457e+03 1.839701733646744231e+02 3.966443533024341939e-01
1.445199141849468560e+03 1.837713591468698553e+02 3.961381575089614193e-01
1.445219974972750606e+03 1.843306042456551950e+02 3.975411036670359333e-01
1.445240808095799366e+03 1.843453917021559505e+02 3.970767326980538803e-01
1.445261641218557543e+03 1.835198366705059811e+02 3.966810743870196609e-01
1.445282474341141096e+03 1.838422939023531910e+02 3.966630993243229764e-01
1.445303307463433612e+03 1.839402624448562165e+02 3.970658496731610532e-01
1.445324140585492387e+03 1.836651497911957165e+02 3.977880982543638977e-01
1.445344973707318559e+03 1.834618899920248509e+02 3.962884804245240256e-01
1.445365806828854602e+03 1.838195002755803955e+02 3.973195529819997240e-01
1.445386639950214885e+03 1.833891374163467276e+02 3.967328162326999585e-01
1.445407473071284585e+03 1.839506595902161052e+02 3.969623709797270306e-01
1.445428306192181026e+03 1.838702984096740352e+02 3.973004441207680926e-01
1.445449139312785519e+03 1.837885932932187814e+02 3.974377299663696128e-01
1.445469972433098064e+03 1.845537333392859409e+02 3.976095048450961622e-01
1.445490805553235987e+03 1.841203232662972766e+02 3.978129896773735519e-01
1.445511638673084008e+03 1.835626863306995347e+02 3.973218219810240592e-01
1.445532471792698516e+03 1.839342896213160543e+02 3.975398292320453941e-01
1.445553304912079966e+03 1.835786412714959113e+02 3.970077330234915713e-01
1.445574138031229495e+03 1.837690477386530006e+02 3.967392201079902869e-01
1.445594971150088440e+03 1.837365202132913282e+02 3.970023093696898875e-01
1.445615804268713418e+03 1.839543444620180139e+02 3.976187427871466507e-01
1.445636637387105566e+03 1.839864612678088633e+02 3.977660524053031055e-01
1.445657470505206447e+03 1.840078059048802572e+02 3.973404235340583512e-01
1.445678303623074953e+03 1.835617426204294134e+02 3.969451406779915259e-01
1.445699136740710401e+03 1.839769710540004155e+02 3.978127274733594954e-01
1.445719969858113927e+03 1.842194102394088304e+02 3.976920016242457279e-01
1.445740802975225506e+03 1.837988868842069792e+02 3.972112447752727538e-01
1.445761636092104936e+03 1.833230312236813120e+02 3.972018660521683953e-01
1.445782469208693101e+03 1.840028930561194613e+02 3.977202148554395134e-01
1.445803302325048662e+03 1.835360947777988372e+02 3.974302500282339556e-01
1.445824135441169801e+03 1.837868700103641970e+02 3.982814782532209663e-01
1.445844968557059019e+03 1.838781872614358406e+02 3.980636525759584377e-01
1.445865801672657653e+03 1.840407457200291788e+02 3.988094276880204125e-01
1.445886634787965022e+03 1.832277628903417224e+02 3.971352519884445709e-01
1.445907467903039560e+03 1.839517599607742966e+02 3.980162207242917694e-01
1.445928301017881495e+03 1.840705939723533788e+02 3.980217803142470090e-01
1.445949134132490599e+03 1.836315374066832362e+02 3.977425629599644075e-01
1.445969967246808665e+03 1.840330366215282822e+02 3.979104801349485632e-01
1.445990800360835465e+03 1.844830339162892869e+02 3.984082342133274945e-01
1.446011633474628979e+03 1.832977154376893054e+02 3.977219757742954109e-01
1.446032466588189436e+03 1.835283705554620894e+02 3.973585929603406508e-01
1.446053299701459991e+03 1.838313715652553526e+02 3.981598279202568369e-01
1.446074132814497943e+03 1.839165714833080756e+02 3.980037534826688650e-01
1.446094965927244175e+03 1.837419405900703282e+02 3.978134017119036026e-01
1.446115799039698913e+03 1.841755893961195909e+02 3.981200243640468095e-01
1.446136632151979484e+03 1.836411955075429319e+02 3.980774655253351835e-01
1.446157465263911490e+03 1.843553554280991875e+02 3.984748785400109572e-01
1.446178298375609984e+03 1.835802386001690252e+02 3.979939441471785355e-01
1.446199131487075192e+03 1.833916001818239749e+02 3.975277218958604974e-01
1.446219964598248907e+03 1.839978429357266805e+02 3.980524596177235086e-01
1.446240797709133403e+03 1.841401850570540546e+02 3.983809674117991806e-01
1.446261630819785523e+03 1.834623340528278845e+02 3.978936092160687554e-01
1.446282463930145468e+03 1.838904650970996784e+02 3.985696648200027226e-01
1.446303297040213010e+03 1.840110714347753458e+02 3.985523357581819415e-01
1.446324130150048404e+03 1.840190013830411431e+02 3.982718628308021258e-01
1.446344963259593442e+03 1.838406286137772838e+02 3.982956203593424616e-01
1.446365796368905649e+03 1.840242297948872192e+02 3.984036711749156523e-01
1.446386629477926363e+03 1.835123614640718870e+02 3.984052233618798899e-01
1.446407462586656493e+03 1.832118037149560053e+02 3.979134198334264849e-01
1.446428295695154020e+03 1.838909822974213739e+02 3.986410855038037826e-01
1.446449128803302074e+03 1.844001464532168200e+02 3.989935902520461708e-01
1.446469961911275504e+03 1.842634598385900233e+02 3.988460988805956897e-01
1.446490795018899462e+03 1.835740752976179522e+02 3.982187119206800352e-01
1.446511628126289907e+03 1.837824866587900488e+02 3.982716196361746341e-01
1.446532461233331560e+03 1.836720820070361810e+02 3.983534368957843408e-01
1.446553294340198590e+03 1.839011830980645925e+02 3.990094063374307054e-01
1.446574127446717512e+03 1.838484104435277118e+02 3.986387866337445796e-01
1.446594960552945395e+03 1.838512282857333275e+02 3.986007879421678557e-01
1.446615793658939538e+03 1.833595991675395283e+02 3.982753236613312264e-01
1.446636626764642187e+03 1.837377628720526275e+02 3.987569463358009991e-01
1.446657459870054026e+03 1.840944273700443716e+02 3.994031312374682896e-01
1.446678292975175509e+03 1.838140827728793738e+02 3.993917146507219296e-01
1.446699126080005499e+03 1.839712213653556319e+02 3.987892318726720675e-01
1.446719959184602430e+03 1.835205176095957711e+02 3.985170210227004239e-01
1.446740792288850571e+03 1.837707817435603488e+02 3.987678205759181971e-01
1.446761625392807446e+03 1.842200038230985797e+02 3.996989160119790996e-01
1.446782458496531945e+03 1.843078877190250466e+02 3.994062464912306321e-01
1.446803291599964950e+03 1.835701282015077425e+02 3.988368893668203796e-01
1.446824124703048938e+03 1.840138235908263198e+02 3.994954219861367450e-01
1.446844957805900094e+03 1.838254116929044528e+02 3.993000343420184395e-01
1.446865790908459076e+03 1.847681756547974317e+02 3.998253716810019620e-01
1.446886624010669493e+03 1.836485690430507134e+02 3.989590615779647909e-01
1.446907457112648444e+03 1.836838608366279004e+02 3.991379471317761385e-01
1.446928290214277467e+03 1.832464171151590051e+02 3.984884528697202333e-01
1.446949123315673660e+03 1.836236133471390417e+02 3.992673235940605858e-01
1.446969956416720379e+03 1.843052189253300526e+02 3.995491489582739253e-01
1.446990789517475150e+03 1.839355125559440864e+02 3.995678332859105009e-01
1.447011622617938883e+03 1.833529943017320250e+02 3.985045881449967853e-01
1.447053288817995053e+03 1.839968590884846265e+02 4.000289399883670272e-01
1.447074121917587490e+03 1.835369061907962873e+02 3.994534946367570560e-01
1.447094955016829999e+03 1.835641967244282853e+02 3.994844929498789221e-01
1.447115788115780560e+03 1.843789728940861039e+02 4.001985228648513027e-01
1.447136621214440083e+03 1.834737566233107486e+02 3.994109659611209673e-01
1.447157454312809477e+03 1.839754683043076398e+02 4.000866922669119030e-01
1.447178287410828943e+03 1.837861968531904608e+02 3.999220734923835674e-01
1.447199120508557371e+03 1.840701815711165352e+02 4.006549985845397899e-01
1.447219953605995443e+03 1.839155393032636141e+02 4.002513922536677926e-01
1.447240786703084950e+03 1.837284637982302797e+02 3.999084174099019617e-01
1.447261619799881828e+03 1.840821906309754183e+02 4.003285243559179252e-01
1.447282452896387895e+03 1.847731776271782849e+02 4.009004463978806387e-01
1.447303285992545625e+03 1.838306208765973793e+02 4.008972126617647569e-01
1.447324119088411408e+03 1.838824044500326238e+02 4.001614728986702119e-01
1.447344952183928399e+03 1.840895082549785400e+02 4.006739474610673257e-01
1.447365785279154352e+03 1.840092916744681304e+02 4.013918569738140207e-01
1.447386618374089494e+03 1.842050566848933215e+02 4.005023149228195134e-01
1.447407451468616500e+03 1.830833196397283871e+02 4.000854259406577129e-01
1.447428284562910903e+03 1.836721679948446422e+02 4.001832936959667242e-01
1.447449117656798535e+03 1.834490039418120944e+02 4.002940736054144133e-01
1.447469950750393991e+03 1.834723183630694621e+02 4.001555706526334633e-01
1.447490783843699546e+03 1.834672745641997551e+02 4.005975514201875476e-01
1.447511616936654946e+03 1.834573690751358868e+02 4.007477447008435667e-01
1.447532450029261554e+03 1.833158058949885287e+02 4.003463720662042702e-01
1.447553283121575987e+03 1.843979759237153360e+02 4.013066675451184562e-01
1.447574116213484558e+03 1.840595721190628637e+02 4.012328059829344262e-01
1.447594949305102546e+03 1.835612641642991321e+02 4.007467035644655673e-01
1.447615782396427903e+03 1.841204704388691198e+02 4.013910031272149292e-01
1.447636615487346489e+03 1.840892817183056138e+02 4.020957738141007209e-01
1.447657448577974492e+03 1.841121500879957296e+02 4.015662078092515075e-01
1.447678281668252566e+03 1.834855091197322849e+02 4.008769175843734378e-01
1.447699114758181622e+03 1.839039250289420124e+02 4.018898227325176098e-01
1.447719947847760068e+03 1.833646327972550694e+02 4.009459389551445208e-01
1.447740780936989950e+03 1.837189231338882678e+02 4.015012642447399749e-01
1.447761614025871950e+03 1.838664601020125531e+02 4.017275563791548598e-01
1.447782447114404931e+03 1.842026388413322593e+02 4.018995184412128552e-01
1.447803280202587530e+03 1.840152383941961318e+02 4.016810394356359337e-01
1.447824113290420883e+03 1.844501247138645397e+02 4.030835840108640267e-01
1.447844946377905444e+03 1.844287920179609159e+02 4.027755235283715374e-01
1.447865779465040532e+03 1.839163502973101743e+02 4.020951994032799237e-01
1.447886612551767939e+03 1.841907841333623139e+02 4.022846178470791956e-01
1.447907445638204081e+03 1.834803012323816063e+02 4.016609138093941711e-01
1.447928278724232996e+03 1.834967561092479968e+02 4.023575826692897262e-01
1.447949111809913575e+03 1.838059890461725558e+02 4.027189893771404572e-01
1.447969944895243998e+03 1.841557639356809659e+02 4.025262030074910347e-01
1.447990777980225630e+03 1.836861564604627119e+02 4.022365167917379969e-01
1.448011611064799581e+03 1.842280335109811347e+02 4.024447527280917702e-01
1.448032444149023377e+03 1.836685185951754136e+02 4.022389432823064159e-01
1.448053277232841083e+03 1.838740552961582182e+02 4.026585430750539429e-01
1.448074110316308634e+03 1.839513813441763261e+02 4.023649710086486531e-01
1.448094943399369640e+03 1.841321138899176333e+02 4.027111265056355083e-01
1.448115776482080491e+03 1.836137647026383490e+02 4.024685231037923305e-01
1.448136609564442551e+03 1.843038384296543484e+02 4.034416071758807343e-01
1.448157442646338950e+03 1.835307397688723938e+02 4.026155757233355614e-01
1.448178275727944538e+03 1.831743594257563927e+02 4.026276410930220151e-01
1.448199108809084009e+03 1.832174148319604114e+02 4.026780452610042582e-01
1.448219941889874463e+03 1.836673072845245827e+02 4.036638953156840848e-01
1.448240774970257462e+03 1.841137641913098548e+02 4.034651156901392088e-01
1.448261608050233463e+03 1.847813493748563474e+02 4.046301458654368854e-01
1.448282441129802464e+03 1.836075061851790906e+02 4.033968762747750514e-01
1.448303274209020401e+03 1.842955777302376816e+02 4.044945275180533706e-01
1.448324107287773131e+03 1.842301159607036709e+02 4.041155901650221316e-01
1.448344940366176615e+03 1.837280479991567574e+02 4.035544650947062162e-01
1.448365773444172646e+03 1.840218903269698956e+02 4.040254059276780496e-01
1.448386606521703470e+03 1.840236142313296739e+02 4.039982231686486958e-01
1.448407439598885503e+03 1.835092922758290683e+02 4.043944789257259975e-01
1.448428272675601420e+03 1.838952805974566047e+02 4.042549480130696038e-01
1.448449105751910338e+03 1.843493473465615295e+02 4.050604019040069947e-01
1.448469938827811347e+03 1.843626268445555354e+02 4.048847770735264362e-01
1.448490771903305358e+03 1.836647976482046261e+02 4.039543654450417076e-01
1.448511604978333025e+03 1.835404145288473785e+02 4.039664646030032835e-01
1.448532438052953466e+03 1.843215073052761852e+02 4.050365445050202462e-01
1.448553271127166454e+03 1.840687847356355746e+02 4.050034876367139547e-01
1.448574104200913553e+03 1.843387608735235972e+02 4.051898180630367219e-01
1.448594937274194990e+03 1.835725297733213779e+02 4.045571673339548036e-01
1.448615770347069429e+03 1.838237770827585393e+02 4.044794232589270511e-01
1.448636603419535959e+03 1.839917115646913430e+02 4.050262064755518199e-01
1.448657436491478620e+03 1.837778068892520764e+02 4.049868202125351813e-01
1.448678269563014510e+03 1.833051852424974015e+02 4.041426544167995849e-01
1.448699102634083374e+03 1.835317561205061736e+02 4.045465960488954793e-01
1.448719935704745922e+03 1.835129407970111686e+02 4.049733901112377854e-01
1.448740768774884600e+03 1.838069314837569266e+02 4.049223332638937634e-01
1.448761601844558072e+03 1.839119778820720512e+02 4.053534555147436103e-01
1.448782434913823636e+03 1.835010630508799352e+02 4.047141938997625976e-01
1.448803267982565558e+03 1.829898635329456908e+02 4.044379204818763229e-01
1.448824101050840909e+03 1.832959623203272201e+02 4.045870011782478626e-01
1.448844934118651508e+03 1.833281900827682875e+02 4.046725126753629165e-01
1.448865767185995537e+03 1.838917613762508552e+02 4.053537312214618438e-01
1.448886600252815924e+03 1.839198150450132516e+02 4.060232373232877667e-01
1.448907433319171105e+03 1.840941530957123859e+02 4.056085878293503311e-01
1.448928266385060397e+03 1.832019855315508323e+02 4.049680547419050036e-01
1.448949099450425365e+03 1.837584320199221679e+02 4.056599072687556151e-01
1.448969932515266919e+03 1.838034909575876270e+02 4.065187922153943867e-01
1.448990765579642357e+03 1.839997588286109647e+02 4.061163719190631349e-01
1.449011598643494381e+03 1.842924435253504782e+02 4.063499584467404335e-01
1.449032431706822990e+03 1.838621882767046998e+02 4.057809065449010100e-01
1.449053264769627503e+03 1.844369508781966260e+02 4.065005556808933829e-01
1.449074097831907466e+03 1.841326062905668834e+02 4.061101159103719382e-01
1.449094930893722449e+03 1.839283287059238887e+02 4.063458513010317907e-01
1.449115763954956492e+03 1.844724839956086271e+02 4.064616605595437471e-01
1.449136597015664393e+03 1.836183504988704556e+02 4.058917189662382685e-01
1.449157430075849561e+03 1.842607971290892976e+02 4.066795682261131750e-01
1.449178263135452653e+03 1.835135153118058042e+02 4.060005559248007212e-01
1.449199096194589401e+03 1.839625491789730063e+02 4.062527142947560677e-01
1.449219929253086548e+03 1.836943859167921289e+02 4.064149338360226182e-01
1.449240762311059370e+03 1.837394226062341147e+02 4.064021375859449559e-01
1.449261595368509461e+03 1.835581694059960398e+02 4.061335616872132626e-01
1.449282428425377475e+03 1.839372042014554154e+02 4.064736667551832050e-01
1.449303261481662048e+03 1.840878337117219417e+02 4.069812685395794438e-01
1.449324094537364999e+03 1.834543676946655637e+02 4.061307915603065699e-01
1.449344927592485419e+03 1.840559045121741235e+02 4.070868492592844556e-01
1.449365760647024445e+03 1.843082356533319910e+02 4.069963165639052805e-01
1.449386593700980939e+03 1.838969330301126206e+02 4.068635379038146316e-01
1.449407426754355583e+03 1.840777049770350970e+02 4.069858269414581842e-01
1.449428259807090399e+03 1.840688065159016560e+02 4.069562788028410205e-01
1.449449092859301345e+03 1.837665945313660529e+02 4.069823852612273751e-01
1.449469925910812890e+03 1.845918211829750533e+02 4.076812913074807643e-01
1.449490758961742358e+03 1.838639020963005919e+02 4.069579814490025260e-01
1.449511592012089977e+03 1.836410441839722409e+02 4.068330468905163588e-01
1.449532425061797539e+03 1.836164325056784037e+02 4.066222392826077114e-01
1.449553258110864590e+03 1.831591286612195688e+02 4.065495450406337308e-01
1.449574091159291584e+03 1.836002926415808645e+02 4.067137895150444993e-01
1.449594924207078975e+03 1.833881049880577052e+02 4.067974436803410421e-01
1.449615757254226082e+03 1.841387312758469363e+02 4.073354086188307188e-01
1.449636590300731996e+03 1.837322526867870920e+02 4.070775516409188000e-01
1.449657423346597625e+03 1.835790331316555353e+02 4.068257213817035867e-01
1.449678256391764990e+03 1.841625848607163505e+02 4.081369373743042317e-01
1.449699089436350505e+03 1.839440521126780368e+02 4.072439432437277573e-01
1.449719922480178411e+03 1.841003247788970612e+02 4.077179685918331797e-01
1.451949059693997469e+03 1.838118473448448640e+02 3.930248925695107864e-01
1.451969892810827560e+03 1.835466588584183967e+02 3.922082477568000769e-01
1.451990725928064876e+03 1.834630003572151224e+02 3.924618639004346932e-01
1.452011559045650984e+03 1.838651268495330839e+02 3.932439178158930182e-01
1.452032392163528129e+03 1.843701578537637715e+02 3.932346718341735992e-01
1.452053225281755431e+03 1.830704995536765978e+02 3.930630701527681459e-01
1.452074058400215108e+03 1.830874025091539750e+02 3.924270642905952622e-01
1.452094891519024486e+03 1.836066714628306045e+02 3.928083816834413988e-01
1.452115724638008032e+03 1.836246958765497652e+02 3.931207654812882146e-01
1.452136557757224637e+03 1.834105563529388974e+02 3.930339539204293353e-01
1.452157390876732507e+03 1.834977429666813009e+02 3.925164587068888933e-01
1.452178223996355428e+03 1.840376685726227493e+02 3.924575354754334389e-01
1.452199057116211407e+03 1.840476192714234571e+02 3.933228219104062950e-01
1.452219890236243373e+03 1.839351257643623399e+02 3.929581581948301539e-01
1.452240723356390845e+03 1.839226994528631565e+02 3.929037385406848326e-01
1.452261556476713395e+03 1.845393239771427432e+02 3.929190033505733370e-01
1.452282389597152360e+03 1.840864294044235123e+02 3.930184281726601392e-01
1.452303222717707513e+03 1.833903928019875877e+02 3.929452839816537923e-01
1.452324055838379536e+03 1.836363986269550708e+02 3.931768605726025934e-01
1.452344888959166838e+03 1.834398666236534439e+02 3.925389132678302473e-01
1.452365722080013029e+03 1.837287912997295223e+02 3.929933657814214665e-01
1.452386555200975636e+03 1.840244273054780706e+02 3.933073265090654691e-01
1.452407388321938470e+03 1.836729089779715025e+02 3.935429687269786370e-01
1.452428221443017492e+03 1.838725065040369770e+02 3.927059439966721355e-01
1.452449054564096514e+03 1.839439118395732748e+02 3.935121082529706715e-01
1.452469887685292633e+03 1.837407379804753305e+02 3.930505595359609639e-01
1.452490720806430090e+03 1.832606478436163115e+02 3.924176091990017601e-01
1.452511553927624846e+03 1.847524281275003943e+02 3.950412022855102623e-01
1.452532387048878491e+03 1.840546050094555426e+02 3.936793884662591059e-01
1.452553220170073473e+03 1.846810167541341059e+02 3.937793402866555104e-01
1.452574053291328482e+03 1.832786342403254878e+02 3.930013851621838028e-01
1.452594886412523920e+03 1.836450432067935026e+02 3.928714624185560278e-01
1.452615719533776883e+03 1.838730277973328668e+02 3.931691669221826224e-01
1.452636552654972547e+03 1.845394155401680223e+02 3.939925377775694293e-01
1.452657385776168439e+03 1.836517211505471039e+02 3.929438619145653733e-01
1.452678218897304987e+03 1.840186980384069102e+02 3.935753412246315586e-01
1.452699052018383554e+03 1.833943950208708600e+02 3.925473784747283146e-01
1.452719885139463941e+03 1.842359651742222297e+02 3.937993578780147330e-01
1.452740718260543417e+03 1.834180033386838886e+02 3.928073384712899019e-01
1.452761551381505342e+03 1.841457523183274816e+02 3.942506566631820975e-01
1.452782384502467494e+03 1.839700176215788190e+02 3.934328823106459927e-01
1.452803217623314140e+03 1.840819926062349339e+02 3.934883838015066360e-01
1.452824050744160559e+03 1.840734800778089095e+02 3.934907316960716273e-01
1.452844883864890562e+03 1.836393053575389445e+02 3.929796585176731361e-01
1.452865716985562358e+03 1.829634887602942683e+02 3.928638765761206519e-01
1.452886550106175491e+03 1.840434032633850165e+02 3.936316365251599780e-01
1.452907383226731554e+03 1.832496055709463008e+02 3.930271863621904171e-01
1.452928216347170519e+03 1.842472789255544399e+02 3.935058980000504802e-01
1.452949049467550594e+03 1.835818402498412922e+02 3.933049206890717464e-01
1.452969882587814027e+03 1.838143033810898430e+02 3.936928253443480741e-01
1.452990715708021071e+03 1.838759419768760779e+02 3.930352050528870267e-01
1.453011548828111017e+03 1.838990646194723126e+02 3.936645695182041105e-01
1.453032381948141847e+03 1.837044240932702053e+02 3.934502096145775507e-01
1.453053215068056488e+03 1.842465395914418025e+02 3.938164798685006018e-01
1.453074048187854487e+03 1.841283145761203457e+02 3.939852760935502740e-01
1.453094881307537435e+03 1.838238087718973475e+02 3.932907885674242210e-01
1.453115714427161492e+03 1.836238165638793021e+02 3.931564133227380409e-01
1.453136547546668453e+03 1.842645464795891712e+02 3.942338559117531394e-01
1.453157380666001472e+03 1.842389644542774363e+02 3.938716057292477868e-01
1.453178213785276512e+03 1.837234111574464066e+02 3.940290900035138266e-01
1.453199046904434454e+03 1.840736479641123822e+02 3.938462192803351969e-01
1.453219880023475525e+03 1.836675627845349084e+02 3.939974355565765696e-01
1.453240713142343338e+03 1.839639731561705389e+02 3.937453383215200331e-01
1.453261546261153399e+03 1.835814088804659434e+02 3.935412080411054281e-01
1.453282379379845679e+03 1.837464905440108396e+02 3.940781739496066471e-01
1.453303212498362427e+03 1.839258533729760927e+02 3.940675484366423786e-01
1.453324045616764579e+03 1.839980328024228129e+02 3.939897768405611345e-01
1.453344878735050543e+03 1.840713903509492013e+02 3.939772200062364726e-01
1.453365711853219636e+03 1.838696086179100746e+02 3.943671272265845684e-01
1.453386544971212516e+03 1.838407413442552070e+02 3.941496901892131977e-01
1.453407378089090571e+03 1.838411662073843900e+02 3.941870594932474492e-01
1.453428211206851529e+03 1.836706799001125887e+02 3.940089328063065000e-01
1.453449044324438091e+03 1.841361810709393865e+02 3.955796729844566761e-01
1.453469877441908466e+03 1.839641622779013233e+02 3.945706791579111639e-01
1.453490710559262880e+03 1.838312330441993936e+02 3.945062837160698832e-01
1.453511543676442443e+03 1.837946634573048925e+02 3.947961314644222730e-01
1.453532376793504682e+03 1.843702435070821934e+02 3.948825367579326118e-01
1.453553209910450505e+03 1.839640599505133594e+02 3.943703767230425372e-01
1.453574043027165089e+03 1.838836590492194887e+02 3.946010792188198724e-01
1.453594876143821011e+03 1.842092511047139283e+02 3.946857527560524437e-01
1.453615709260301173e+03 1.836033202924530201e+02 3.944793327088766399e-01
1.453636542376606485e+03 1.836511643484433876e+02 3.942834812623323693e-01
1.453657375492796518e+03 1.842429641972601360e+02 3.955851726462434881e-01
1.453678208608811929e+03 1.838666992808804821e+02 3.945581596941872271e-01
1.453699041724652488e+03 1.838115261012594601e+02 3.945773824782143890e-01
1.453719874840376633e+03 1.837862151738171121e+02 3.946305140646862997e-01
1.453740707955925473e+03 1.832112631124968232e+02 3.942074721844099350e-01
1.453761541071358579e+03 1.839922104377000380e+02 3.954874857635914953e-01
1.453782374186617517e+03 1.836253196580389044e+02 3.949961991368688419e-01
1.453803207301701605e+03 1.838385731009928179e+02 3.948838386367595765e-01
1.453824040416668595e+03 1.836532334831499611e+02 3.949872771157676987e-01
1.453844873531461417e+03 1.827036254484392828e+02 3.937923575128077780e-01
1.453865706646078706e+03 1.837479492404282269e+02 3.945690741206586138e-01
1.453886539760580490e+03 1.841354246382485940e+02 3.957208130508649280e-01
1.453907372874849898e+03 1.833920979502670150e+02 3.946185440330467475e-01
1.453928205989002436e+03 1.841428159765457622e+02 3.953148453533575357e-01
1.453949039103038103e+03 1.835875586796323091e+02 3.948210416784410093e-01
1.453969872216840486e+03 1.837806376840860594e+02 3.952925484790431043e-01
1.453990705330528044e+03 1.832557524985379871e+02 3.945434304047306662e-01
1.454011538444041435e+03 1.843077602978835898e+02 3.957988845324206806e-01
1.454032371557378156e+03 1.839919747842654374e+02 3.954760691772936099e-01
1.454053204670540481e+03 1.835874798880104777e+02 3.951284967935719261e-01
1.454074037783528638e+03 1.840332866754509098e+02 3.956088466872030862e-01
1.454094870896401062e+03 1.840399849199099833e+02 3.957517836874540618e-01
1.454115704009099545e+03 1.838328470060471034e+02 3.953757925215577451e-01
1.454136537121562924e+03 1.838363392140530266e+02 3.953833867020856152e-01
1.454157370233910569e+03 1.847506515870674946e+02 3.961348472808528531e-01
1.454178203346142936e+03 1.836001022677563412e+02 3.956544392376120656e-01
1.454199036458142473e+03 1.830976816619545389e+02 3.948231363293465690e-01
1.454219869569965340e+03 1.835589057099775232e+02 3.952397132478343011e-01
1.454240702681614493e+03 1.843173432652364454e+02 3.962208102031513635e-01
1.454261535793147459e+03 1.836079536884751349e+02 3.951571193095729240e-01
1.454282368904506939e+03 1.835983270494296846e+02 3.955137087535510743e-01
1.454303202015632905e+03 1.849233025544783970e+02 3.965507414196540181e-01
1.454324035126641547e+03 1.847326569236587375e+02 3.967219613340799422e-01
1.454344868237476476e+03 1.835459467754571676e+02 3.956339882105337491e-01
1.454365701348137009e+03 1.845085986772356250e+02 3.965738505609588405e-01
1.454386534458622464e+03 1.848514489050965608e+02 3.964016456923019627e-01
1.454407367568932386e+03 1.834147386349355884e+02 3.954082787625318174e-01
1.454428200679068595e+03 1.834532095474839366e+02 3.955682590587953351e-01
1.454449033789031091e+03 1.836274296885659680e+02 3.957345571583420485e-01
1.454469866898818054e+03 1.836667240994324857e+02 3.954592074445290040e-01
1.454490700008429485e+03 1.836758232787776421e+02 3.956842099759311226e-01
1.454511533117867430e+03 1.841374894577120358e+02 3.960044474255672298e-01
1.454532366227130524e+03 1.834673752189101492e+02 3.955748136306224128e-01
1.454553199336218540e+03 1.835990459278832247e+02 3.955554697970382061e-01
1.454574032445132616e+03 1.838081370160997494e+02 3.957286453678760529e-01
1.454615698662436444e+03 1.842193513223089667e+02 3.974301000530974237e-01
1.454636531770826423e+03 1.836491012778806180e+02 3.960246535607992446e-01
1.454657364879041552e+03 1.837313053590384584e+02 3.965724790804053823e-01
1.454678197987082513e+03 1.842063136722093475e+02 3.966371025994484545e-01
1.454699031094948623e+03 1.832486041630774309e+02 3.965169771066706095e-01
1.454719864202639428e+03 1.837543002125820806e+02 3.961428782977858831e-01
1.454740697310156520e+03 1.843278880470602985e+02 3.966143352819190282e-01
1.454761530417498989e+03 1.833895415026536853e+02 3.963207602573301513e-01
1.454782363524666380e+03 1.834892289153246452e+02 3.961658983902522357e-01
1.454803196631601622e+03 1.843838786443081403e+02 3.967536425336171124e-01
1.454824029738419540e+03 1.841522838963367121e+02 3.970791719558165456e-01
1.454844862845063517e+03 1.836289136091880039e+02 3.966711384290123599e-01
1.454865695951474436e+03 1.842745872987302107e+02 3.971866157755999938e-01
1.454886529057768485e+03 1.835031388817838831e+02 3.966086808197711866e-01
1.454907362163830385e+03 1.839288901527367557e+02 3.969613011461676222e-01
1.454928195269717435e+03 1.838595742288846964e+02 3.970218829686747997e-01
1.454949028375429407e+03 1.841842698427097957e+02 3.969662186029072615e-01
1.454969861481025418e+03 1.839426912509328531e+02 3.970063255079979703e-01
1.454990694586389054e+03 1.838626703965801710e+02 3.968510552940068825e-01
1.455011527691577612e+03 1.847456751385176972e+02 3.980853637715134896e-01
1.455032360796534022e+03 1.841554750957947419e+02 3.970104729726739445e-01
1.455053193901373561e+03 1.844746168959328827e+02 3.973125771352474800e-01
1.455074027006036886e+03 1.835942948624265512e+02 3.965464200486529811e-01
1.455094860110468517e+03 1.834218373882435174e+02 3.968200953494647187e-01
1.455115693214785097e+03 1.841254383543492850e+02 3.974139773958489386e-01
1.455136526318867709e+03 1.835833537972970078e+02 3.973799676923620017e-01
1.455157359422775016e+03 1.831880699445812866e+02 3.962642641237797414e-01
1.455178192526566363e+03 1.838551081322361540e+02 3.972031415715211455e-01
1.455199025630068036e+03 1.842571325891248080e+02 3.972764958007395375e-01
1.455219858733451929e+03 1.832464505835480111e+02 3.970571242739691642e-01
1.455240691836660517e+03 1.841155954958154837e+02 3.974588754961292381e-01
1.455261524939695391e+03 1.837176001243956875e+02 3.972725574109849389e-01
1.455282358042497890e+03 1.837133190774738409e+02 3.977733761831290793e-01
1.455303191145126448e+03 1.836637565290741350e+02 3.971833330441563170e-01
1.455324024247636316e+03 1.842250919112862846e+02 3.974022786862241308e-01
1.455344857349914946e+03 1.835483037995421682e+02 3.971974204600550729e-01
1.455365690452018498e+03 1.840740033787213292e+02 3.976625872933292616e-01
1.455386523553889447e+03 1.842225493667371268e+02 3.976230712419324687e-01
1.455407356655643071e+03 1.836321360005314887e+02 3.978662696932809828e-01
1.455428189757165001e+03 1.833240455482301741e+02 3.971464895570404607e-01
1.455449022858570515e+03 1.838524210522718647e+02 3.975330259290797974e-01
1.455469855959742517e+03 1.839240382822927700e+02 3.978481796338062537e-01
1.455490689060740578e+03 1.841119372884828636e+02 3.976401410090717459e-01
1.455511522161563562e+03 1.835143547928213650e+02 3.979888334624748225e-01
1.455532355262153487e+03 1.832661931945888512e+02 3.969613011461676222e-01
1.455553188362626997e+03 1.848466158152724290e+02 3.987989655986808324e-01
1.455574021462867449e+03 1.850152074572474987e+02 3.989491450029393760e-01
1.455594854562934415e+03 1.837037156172805794e+02 3.976953550945154792e-01
1.455615687662825621e+03 1.835667983148665314e+02 3.975307581355510544e-01
1.455636520762543569e+03 1.839180161051034759e+02 3.977837528650793320e-01
1.455657353862085984e+03 1.841218662392465717e+02 3.979980438797769970e-01
1.455678186961394431e+03 1.835797467398684262e+02 3.978647528565327773e-01
1.455699020060529620e+03 1.843023661540248668e+02 3.981556362898572843e-01
1.455719853159491095e+03 1.841493891024023242e+02 3.981846961056076939e-01
1.455740686258276583e+03 1.838997893938035872e+02 3.986226941721159323e-01
1.455761519356886538e+03 1.844799764394379054e+02 3.985150766583910320e-01
1.455782352455323917e+03 1.844862159608437082e+02 3.987518827997797999e-01
1.455803185553528465e+03 1.839669350959869121e+02 3.980678638918017098e-01
1.455824018651556344e+03 1.840291091925971614e+02 3.982310601775726489e-01
1.455844851749410964e+03 1.839723239937547135e+02 3.985847500241482266e-01
1.455865684847091416e+03 1.839108096719956791e+02 3.979550039420842178e-01
1.455886517944538355e+03 1.832252202029430634e+02 3.979184378672753208e-01
1.455907351041809989e+03 1.837021533848553361e+02 3.979281180000602824e-01
1.455928184138966117e+03 1.837248813089860846e+02 3.980638771805948273e-01
1.455949017235831434e+03 1.836173034437741194e+02 3.984950528932632574e-01
1.455969850332579426e+03 1.835936031506149391e+02 3.979381349108283006e-01
1.455990683429153478e+03 1.838786358135686783e+02 3.985388570780543649e-01
1.456011516525494471e+03 1.846581933390181973e+02 3.990627319884914037e-01
1.456032349621660615e+03 1.842457966014069655e+02 3.989507510939652724e-01
1.456053182717653044e+03 1.840531126524596459e+02 3.984859848441669183e-01
1.456074015813412188e+03 1.834108682967960817e+02 3.986950771032168328e-01
1.456094848909054008e+03 1.842042833082826689e+02 3.992539623579827168e-01
1.456115682004463906e+03 1.831834597157823623e+02 3.979562770474985856e-01
1.456136515099699864e+03 1.842676872051521286e+02 4.000211918700806724e-01
1.456157348194701626e+03 1.837739330235807245e+02 3.990872825449195416e-01
1.456178181289586973e+03 1.830686618566949733e+02 3.978767750335225895e-01
1.456199014384240854e+03 1.844638639906434605e+02 3.995617544488561101e-01
1.456219847478719430e+03 1.837610543671628704e+02 3.982625277920100459e-01
1.456240680573022019e+03 1.837306142442799910e+02 3.987339076618651723e-01
1.456261513667092913e+03 1.846055846306325066e+02 3.996088536949896630e-01
1.456282346760990094e+03 1.834653100679582565e+02 3.986057599395605999e-01
1.456303179854711516e+03 1.840005842793302975e+02 3.997468378193634875e-01
1.456324012948258542e+03 1.833735745257527299e+02 3.982386373274660052e-01
1.456344846041631627e+03 1.831634733093721934e+02 3.982486090111970745e-01
1.456365679134770517e+03 1.842543067574296174e+02 3.993914348283220117e-01
1.456386512227735921e+03 1.831881752716252834e+02 3.986218530848283925e-01
1.456407345320468494e+03 1.845282899641312042e+02 3.997427001069506214e-01
1.456428178413083515e+03 1.840672689884023896e+02 3.992403953940051320e-01
1.456449011505467070e+03 1.837607372385370752e+02 3.992742279682048312e-01
1.456469844597675547e+03 1.837332045488991241e+02 3.991900051092689417e-01
1.456490677689709628e+03 1.835572805942287289e+02 3.996186047454848289e-01
1.456511510781510424e+03 1.837460031931775291e+02 3.993341976987233033e-01
1.456532343873136597e+03 1.837705264875434921e+02 3.994419302696920471e-01
1.456553176964587465e+03 1.839015748649651414e+02 3.999188318451629698e-01
1.456574010055807094e+03 1.844937418501287993e+02 4.000150267937502835e-01
1.456594843146909625e+03 1.834051364014184742e+02 3.989177875815164698e-01
1.456615676237778644e+03 1.837904826168309000e+02 4.002776754212070132e-01
1.456636509328415968e+03 1.834451499736098299e+02 3.996390755841061071e-01
1.456657342418936423e+03 1.837331663499263072e+02 3.996496275376152374e-01
1.456678175509222910e+03 1.836486522489435913e+02 3.994229229454926977e-01
1.456699008599335912e+03 1.838734966050011792e+02 3.995843538298451958e-01
1.456719841689216537e+03 1.835061473444892499e+02 3.993692163039658793e-01
1.456740674778921402e+03 1.844049806942411180e+02 3.998429996115234752e-01
1.456761507868452554e+03 1.832447106612418679e+02 3.999951153695361361e-01
1.456782340957808628e+03 1.834619784985124795e+02 3.994554530851257002e-01
1.456803174046931417e+03 1.840055475591134098e+02 4.004846602013170109e-01
1.456824007135880947e+03 1.836853377404489152e+02 3.994917852239876499e-01
1.456844840224654945e+03 1.836781539468237838e+02 3.997236698060505633e-01
1.456865673313196112e+03 1.838868374378430985e+02 3.996718863986057912e-01
1.456886506401563565e+03 1.836463920610468961e+02 3.998313906072371027e-01
1.456907339489755486e+03 1.849809885334647106e+02 4.013710114605514301e-01
1.456928172577714577e+03 1.840314501030415499e+02 4.001834054034718591e-01
1.456949005665498589e+03 1.843194874126921547e+02 4.001059473811319211e-01
1.456969838753108434e+03 1.837330361228422362e+02 4.001409729257411896e-01
1.456990671840485902e+03 1.840629494048813513e+02 4.002165811527140793e-01
1.457011504927688293e+03 1.836080197069291557e+02 3.995614001579548269e-01
1.457032338014715606e+03 1.842595291982075025e+02 4.003111039255710102e-01
1.457053171101569660e+03 1.834474985229675212e+02 3.998336267177389769e-01
1.457074004188190429e+03 1.838129925041963588e+02 4.001267470774812485e-01
1.457094837274577458e+03 1.841079742618490513e+02 4.002420289236488515e-01
1.457115670360848071e+03 1.836821758056487965e+02 4.000255129545575161e-01
1.457136503446887446e+03 1.832116406596655906e+02 3.997356360755230376e-01
1.457157336532693080e+03 1.835468457405451943e+02 3.998103705572059741e-01
1.457178169618382071e+03 1.843395592880556535e+02 4.009112624981178707e-01
1.457199002703779570e+03 1.838063965519885130e+02 4.010233276269534741e-01
1.457219835789062017e+03 1.838283478726709461e+02 4.003725931712781572e-01
1.457240668874111634e+03 1.844111224374212838e+02 4.012650779909634480e-01
1.457261501958984354e+03 1.836866476257002603e+02 4.004473948356925828e-01
1.457282335043626063e+03 1.841314758820856525e+02 4.005184806817467247e-01
1.457303168128093603e+03 1.840362735915122698e+02 4.010717785252266299e-01
1.457324001212385156e+03 1.838618121490828230e+02 4.006366811052148869e-01
1.457344834296443878e+03 1.842846110237668427e+02 4.009908689389188874e-01
1.457365667380328432e+03 1.836011250638649699e+02 4.004487902563604873e-01
1.457386500464039045e+03 1.839590704853483771e+02 4.011050479725811191e-01
1.457407333547516828e+03 1.832271662846658273e+02 4.003394303506043195e-01
1.457428166630760643e+03 1.842436478527528720e+02 4.010678774042340522e-01
1.457448999713888497e+03 1.835532826679801985e+02 4.005101653498461256e-01
1.457469832796784431e+03 1.838492932050591548e+02 4.016322539191207186e-01
1.457490665879446624e+03 1.842444405927041373e+02 4.015319003606756532e-01
1.457511498961933512e+03 1.833443299680961331e+02 4.008508595774178396e-01
1.457532332044246459e+03 1.830381196170547469e+02 4.003350940435876915e-01
1.457553165126327940e+03 1.845810760509952217e+02 4.025199097098452472e-01
1.457573998208233434e+03 1.832955570925097675e+02 4.007315695981211734e-01
1.457615664371403909e+03 1.839452279602915894e+02 4.016694093580246427e-01
1.457636497452727554e+03 1.843116740557521211e+02 4.018534478360389905e-01
1.457657330533818367e+03 1.837456987302607274e+02 4.013938059646812162e-01
1.457678163614676123e+03 1.843559704047245020e+02 4.017601595426627537e-01
1.457698996695359483e+03 1.839635036131107313e+02 4.016259651647392515e-01
1.457719829803168068e+03 1.838368705438948894e+02 4.016472982977494222e-01
1.457740662883444429e+03 1.842669973011154241e+02 4.021802773823768828e-01
1.457761495963545485e+03 1.842584330016538843e+02 4.024774088650453496e-01
1.457782329043413483e+03 1.839203931045775562e+02 4.018482193692731186e-01
1.457803162123107086e+03 1.848338432938840583e+02 4.036222163848960931e-01
1.457823995202568085e+03 1.844504443288101925e+02 4.022678377702210706e-01
1.457844828281855371e+03 1.834514612496792552e+02 4.013853973935665453e-01
1.457865661360965987e+03 1.838069449677911678e+02 4.016312707280271233e-01
1.457886494439844910e+03 1.836504949011534507e+02 4.018881542313321176e-01
1.457907327518491456e+03 1.837068012689904890e+02 4.016331072528359081e-01
1.457928160596962925e+03 1.836693166721206865e+02 4.019964997343198343e-01
1.457948993675201564e+03 1.840495825771895682e+02 4.020718331578301830e-01
1.457969826753264442e+03 1.842193555355664216e+02 4.019962587929761799e-01
1.457990659831154517e+03 1.837801465101351255e+02 4.018175517441228140e-01
1.458011492908811533e+03 1.837615180862888451e+02 4.023503423354421460e-01
1.458032325986234810e+03 1.838573103764078382e+02 4.022991748302112702e-01
1.458053159063483463e+03 1.844881823590062311e+02 4.030260947975086161e-01
1.458073992140499513e+03 1.834329086093169394e+02 4.015103013069850624e-01
1.458094825217342077e+03 1.835690559958439394e+02 4.017963203665183558e-01
1.458115658293950673e+03 1.833175503706406460e+02 4.014373495216568832e-01
1.458136491370383965e+03 1.839441392585433448e+02 4.020619007024889835e-01
1.458157324446586472e+03 1.835719903034826359e+02 4.019517377675607128e-01
1.458178157522612537e+03 1.844730511724372377e+02 4.026639830587236402e-01
1.458198990598406454e+03 1.835204564863571477e+02 4.017921295864865794e-01
1.458219823674025520e+03 1.835453177125218076e+02 4.018392640713433495e-01
1.458240656749354002e+03 1.832151031820196749e+02 4.015029900238795690e-01
1.458261489824566524e+03 1.841198123701762768e+02 4.033158789291727553e-01
1.458282322899544397e+03 1.836864961300827588e+02 4.020587133700409543e-01
1.458303155974289893e+03 1.838041384533930227e+02 4.026351910177480287e-01
1.458323989048862586e+03 1.840533807008283986e+02 4.031107175499999418e-01
1.458344822123201538e+03 1.842229480670473549e+02 4.027486818956227399e-01
1.458365655197306978e+03 1.835735564432820865e+02 4.019423955109988067e-01
1.458386488271238022e+03 1.844221144597150897e+02 4.033913538253505737e-01
1.458407321344937372e+03 1.841536222041362407e+02 4.028660615360862840e-01
1.458428154418460508e+03 1.843182984581415838e+02 4.032425332060986523e-01
1.458448987491751495e+03 1.836890449558522675e+02 4.026120966845488369e-01
1.458469820564809424e+03 1.838210011904901080e+02 4.026228853079573122e-01
1.458490653637692958e+03 1.828104925813537136e+02 4.017798351432940174e-01
1.458511486710344570e+03 1.833441349259418018e+02 4.021830191433028445e-01
1.458532319782761533e+03 1.845487543705741018e+02 4.033186129702766576e-01
1.458553152855004100e+03 1.846675446531539251e+02 4.035665393182333860e-01
1.458573985927015428e+03 1.838419949311590926e+02 4.030518827739126286e-01
1.458594818998850997e+03 1.843319931105909006e+02 4.037466866620049166e-01
1.458615652070395981e+03 1.839356011016928960e+02 4.033508843387770271e-01
1.458636485141766116e+03 1.837160017433164683e+02 4.031439481022905946e-01
1.458657318212961400e+03 1.835699589094728879e+02 4.030896467039495334e-01
1.458678151283924535e+03 1.837325078713533344e+02 4.030317146835138975e-01
1.458698984354653476e+03 1.835285100453362475e+02 4.027603178058290490e-01
1.458719817425150495e+03 1.835586073102702755e+02 4.027836996041441742e-01
1.458740650495473346e+03 1.834548516949958810e+02 4.026222561337412520e-01
1.458761483565563594e+03 1.837985671216929688e+02 4.032180323928091781e-01
1.458782316635419647e+03 1.841235560492591219e+02 4.037930394490055197e-01
1.458803149705043552e+03 1.842811996034004096e+02 4.033475594172581391e-01
1.458823982774492379e+03 1.836545575166404092e+02 4.035036533939549974e-01
1.458844815843709512e+03 1.838989131208030017e+02 4.042101412263024440e-01
1.458865648912692905e+03 1.835859071077404110e+02 4.035836715414575782e-01
1.458886481981501902e+03 1.839714492358504003e+02 4.035720224472575945e-01
1.458907315050019861e+03 1.834192343135724172e+02 4.032508660997146110e-01
1.458928148118363879e+03 1.836471195262389244e+02 4.031561639849395862e-01
1.458948981186474612e+03 1.842906375022479608e+02 4.037363894208707560e-01
1.458969814254410494e+03 1.834809556098905716e+02 4.031016239515396449e-01
1.458990647322054883e+03 1.836004303136362807e+02 4.033339269524664483e-01
1.459011480389524877e+03 1.843375032504178535e+02 4.043217895497344117e-01
1.459032313456762949e+03 1.837247422222280022e+02 4.030647299313418475e-01
1.459053146523766827e+03 1.839222575681752119e+02 4.037028569786344501e-01
1.459073979590596991e+03 1.842189647284158127e+02 4.037903824266425024e-01
1.459094812657136117e+03 1.841426616107857512e+02 4.044265539096659201e-01
1.459115645723501075e+03 1.838865652170350415e+02 4.042247210261783463e-01
1.459136478789631838e+03 1.832854846793625256e+02 4.035023239321714472e-01
1.459157311855529997e+03 1.841841967156896658e+02 4.040345340559591270e-01
1.459178144921196463e+03 1.842122025603654265e+02 4.045495059423714901e-01
1.459198977986629416e+03 1.837506756611204537e+02 4.038431690179119515e-01
1.459219811051829538e+03 1.836857327159406168e+02 4.038580572422856285e-01
1.459240644116854583e+03 1.839192351001150314e+02 4.042735070003620756e-01
1.459261477181589044e+03 1.842894441888074368e+02 4.042631678881246637e-01
1.459282310246149564e+03 1.839768530509451807e+02 4.039960838779588781e-01
1.459303143310417909e+03 1.843504777767604423e+02 4.054174695818884011e-01
1.459323976374511858e+03 1.836429029658763739e+02 4.038419698185816697e-01
1.459344809438373886e+03 1.839269501500159265e+02 4.039653764313707041e-01
1.459365642502002629e+03 1.844336693473820219e+02 4.045661729669168816e-01
1.459386475565398541e+03 1.837972940048448152e+02 4.041153136135851032e-01
1.459407308628560486e+03 1.836619706643811298e+02 4.039539043419143605e-01
1.459428141691490509e+03 1.840627132551397835e+02 4.043021270853096594e-01
1.459448974754187930e+03 1.837768222693130440e+02 4.041428203364590965e-01
1.459469807816652519e+03 1.841518217133657913e+02 4.046320056055443537e-01
1.459490640878884051e+03 1.834241308889139646e+02 4.040216255313325289e-01
1.459511473940882524e+03 1.836128678650216557e+02 4.044830151765424486e-01
1.459532307002649077e+03 1.836102736545965115e+02 4.044330938727340730e-01
1.459553140064182116e+03 1.833276209409901583e+02 4.042581548900372468e-01
1.459573973125482098e+03 1.837810979747063413e+02 4.045780512559564723e-01
1.459594806186491496e+03 1.839580414742281960e+02 4.047823216761239351e-01
1.459615639247326499e+03 1.834636958185934930e+02 4.044970878182674312e-01
1.459636472307927988e+03 1.830605265593488866e+02 4.045820474391398358e-01
1.459657305368237985e+03 1.844526835722197120e+02 4.053901963774774186e-01
1.459678138428374496e+03 1.843113411352692879e+02 4.051137586644756872e-01
1.459698971488219968e+03 1.841866240243697064e+02 4.048983205207424274e-01
1.459719804547890362e+03 1.839284611650724912e+02 4.052936962533491561e-01
1.459740637607269946e+03 1.841861907339618938e+02 4.053569661662806967e-01
1.459761470666416471e+03 1.832636883477580056e+02 4.048118260413186009e-01
1.459782303725329484e+03 1.846146911377372817e+02 4.059259883196894569e-01
1.459803136783952596e+03 1.839637784850417574e+02 4.051000752842818242e-01
1.459823969842400402e+03 1.836948955344100227e+02 4.051968237836664488e-01
1.459844802900557625e+03 1.841029835082871671e+02 4.051820399163464925e-01
1.459865635958482471e+03 1.839470116545885219e+02 4.050151323505550294e-01
1.459886469016173578e+03 1.842760674952347699e+02 4.054055239971520175e-01
1.459907302073631399e+03 1.835017504781626485e+02 4.050090248962623374e-01
1.459928135130857981e+03 1.844660915327685586e+02 4.054954564113981141e-01
1.459948968187792616e+03 1.843681362960560364e+02 4.056991547276955767e-01
1.459969801244494647e+03 1.835894130976518852e+02 4.050608249600831656e-01
1.459990634300904503e+03 1.834667264610990287e+02 4.054114233222204100e-01
1.460011467357141100e+03 1.840612763185291101e+02 4.053614141732537202e-01
1.460032300413086432e+03 1.833995384854273425e+02 4.058886718456300446e-01
1.460053133468798478e+03 1.847533093727520850e+02 4.061854567974570451e-01
1.460073966524219486e+03 1.839437318243777497e+02 4.053439710894528591e-01
1.460094799579409028e+03 1.844368268954954715e+02 4.058122109994192761e-01
1.460115632634364374e+03 1.827985695559217447e+02 4.043708401897913030e-01
1.460136465689030047e+03 1.840123425920371858e+02 4.055102839723938590e-01
1.460157298743461070e+03 1.838937550491970683e+02 4.053121892947003646e-01
1.460178131797659944e+03 1.843673553323766612e+02 4.064092324047368088e-01
1.460198964851568462e+03 1.835999437599750195e+02 4.053088069326934439e-01
1.460219797905243922e+03 1.840396764175598889e+02 4.056957939568368032e-01
1.460240630958627662e+03 1.842653603803042586e+02 4.056935350624179537e-01
1.460261464011778116e+03 1.833472292286794243e+02 4.051100252073955854e-01
1.460282297064638442e+03 1.840413018710135020e+02 4.060107773914778950e-01
1.460303130117265937e+03 1.834879917528601254e+02 4.052815447996033216e-01
1.460323963169660601e+03 1.839778552372165166e+02 4.056279114440914935e-01
1.460344796221705565e+03 1.831750030668674185e+02 4.053494301753016726e-01
1.460365629273576360e+03 1.837582640374825473e+02 4.067919857111549353e-01
1.460386462325097909e+03 1.840088401990653892e+02 4.058466522895524120e-01
1.460407295376444836e+03 1.838838260393088717e+02 4.056212989038740502e-01
1.460428128427442061e+03 1.842792656737769619e+02 4.061983515846391835e-01
1.460448961478206911e+03 1.842313805001676030e+02 4.059668801521332804e-01
1.460469794528738930e+03 1.842646871236388506e+02 4.062181790433912476e-01
1.460490627578921703e+03 1.837986149485567466e+02 4.059073396891754726e-01
1.460511460628870964e+03 1.846348642263517092e+02 4.069528002562813329e-01
1.460532293678588530e+03 1.834797065856378140e+02 4.056744349645411973e-01
1.460553126728014377e+03 1.828229470573633648e+02 4.054845053491151208e-01
1.460573959777148957e+03 1.836287508625179044e+02 4.059499769811509839e-01
1.460615625874545458e+03 1.840251370244501743e+02 4.069075947551744066e-01
1.460636458922866041e+03 1.835389984122617761e+02 4.063678350482868296e-01
1.460657291970895130e+03 1.838797015920096953e+02 4.068396397356713323e-01
1.460678125018632500e+03 1.838351532633218710e+02 4.071904996642889962e-01
1.460698958066137493e+03 1.835015079982086377e+02 4.066978333729945883e-01
1.460719791113293923e+03 1.840869403985769850e+02 4.072002704283616548e-01
1.460740624160217067e+03 1.839096901718538106e+02 4.070279302479971051e-01
1.460761457206848490e+03 1.829769449674705299e+02 4.064999141798597559e-01
1.460782290253189558e+03 1.844231024727784529e+02 4.075530136471531284e-01
1.460803123299181607e+03 1.840903646895377221e+02 4.074752926210882809e-01
1.460823956344940143e+03 1.838381638041946360e+02 4.070796930403488001e-01
1.460844789390407641e+03 1.844850667502142016e+02 4.086545975492655303e-01
1.460865622435584555e+03 1.843587695309153105e+02 4.078421205601050481e-01
1.460886455480470886e+03 1.834882598309539219e+02 4.071516704531616959e-01
1.460907288525064814e+03 1.845860512173083805e+02 4.081296352689904872e-01
1.460928121569368614e+03 1.838756104875076005e+02 4.074346801852169464e-01
1.460948954613381375e+03 1.838283113068050909e+02 4.074632245126590391e-01
1.460969787657103552e+03 1.841412206016639743e+02 4.078370602107078691e-01
1.460990620700534464e+03 1.836266300368978079e+02 4.074769382445452837e-01
1.461011453743615448e+03 1.834450096921369777e+02 4.074498394652520949e-01
1.461032286786406075e+03 1.831668213693658629e+02 4.068819962176898897e-01
1.461053119828905437e+03 1.837852677960949848e+02 4.075586442348196337e-01
1.461073952871113534e+03 1.840959939664553247e+02 4.078624526667930517e-01
1.461094785913030137e+03 1.840830502925882968e+02 4.082027964613473281e-01
1.461115618954597949e+03 1.843811975544019504e+02 4.086646797073272275e-01
1.461136451995875632e+03 1.836872261389172252e+02 4.077430578280520912e-01
1.461157285036861140e+03 1.834214933130930376e+02 4.075471818850619488e-01
1.461178118077497402e+03 1.843713745014742926e+02 4.082357585219357210e-01
1.461198951117843080e+03 1.841040438008936917e+02 4.081739570381455184e-01
1.461219784157839513e+03 1.836756345085499049e+02 4.076839412467802015e-01
1.461240617197544452e+03 1.836511645120913840e+02 4.079312601034508212e-01
1.461261450236958353e+03 1.835440284224426364e+02 4.077770071552200282e-01
1.461282283276023918e+03 1.841952627745635027e+02 4.104473897242902902e-01
1.461303116314798444e+03 1.835248156730295648e+02 4.077515911057217890e-01
1.461323949353222361e+03 1.846800038412613958e+02 4.088106516948068481e-01
1.461344782391297940e+03 1.834663473094013852e+02 4.081820614869643427e-01
1.461365615429083391e+03 1.851214513486610542e+02 4.094516696914986542e-01
1.461386448466518914e+03 1.841684483339816438e+02 4.081810028068414420e-01
1.461407281503604509e+03 1.835785220974088077e+02 4.081267143902836958e-01
1.461428114540399520e+03 1.841746032074575510e+02 4.085804778472647003e-01
1.461448947576844603e+03 1.840248164259888313e+02 4.083636757547726703e-01
1.461469780612941577e+03 1.837182443436804249e+02 4.081108317464381408e-01
1.461490613648747512e+03 1.836414636591134979e+02 4.081311139558657652e-01
1.461511446684144630e+03 1.836235241505679028e+02 4.081000056360959971e-01
1.461532279719251619e+03 1.830852869891595844e+02 4.077146610099702806e-01
1.461553112753950927e+03 1.841861831507061709e+02 4.089936992234551316e-01
1.461573945788360561e+03 1.846093639146452290e+02 4.093469901366921238e-01
1.461594778822419357e+03 1.836354223402184118e+02 4.083428394742164569e-01
1.461615611856128908e+03 1.838968969039025296e+02 4.085991138813681589e-01
1.461636444889431459e+03 1.837156701186537759e+02 4.084766876696208637e-01
1.461657277922442972e+03 1.833775821746268093e+02 4.085672205815234492e-01
1.461678110955046577e+03 1.840157333912958393e+02 4.094436449635891484e-01
1.461698943987358916e+03 1.838049998693856821e+02 4.090186919905299812e-01
1.461719777019265621e+03 1.839322535457171170e+02 4.086214687069965046e-01
1.461740610050763507e+03 1.841133375739459552e+02 4.092745796097529420e-01
1.461761443081970356e+03 1.836561060383007202e+02 4.089173452397472652e-01
1.461782276112769523e+03 1.840195714001867486e+02 4.088390452834375632e-01
1.461803109143220354e+03 1.838184181026513500e+02 4.089444560888179092e-01
1.461823942173263504e+03 1.836414859471160526e+02 4.093000649162071292e-01
1.461844775202956498e+03 1.833307664962962633e+02 4.084308117039438524e-01
1.461865608232242494e+03 1.841690391014903128e+02 4.091426495743622493e-01
1.461886441261179925e+03 1.840554554517507029e+02 4.090222076143965046e-01
1.461907274289709449e+03 1.833638995890821093e+02 4.091462187633210235e-01
1.461928107317830836e+03 1.842037528650795082e+02 4.098681209879256326e-01
1.461948940345604115e+03 1.841601731307316641e+02 4.094019174826274976e-01
1.461969773372969485e+03 1.836913591725175081e+02 4.095593059408843550e-01
1.461990606399928083e+03 1.839054312862878930e+02 4.095823723687003759e-01
1.462011439426506968e+03 1.832658782887408790e+02 4.089967596443358500e-01
1.462032272452678626e+03 1.836560908348957355e+02 4.090751751188357876e-01
1.462053105478443513e+03 1.833485837850404607e+02 4.091625892872375325e-01
1.462073938503800946e+03 1.835461814363707163e+02 4.091815083538319353e-01
1.462094771528721594e+03 1.839048469661229603e+02 4.095500462601991409e-01
1.462115604553263438e+03 1.842555004071102189e+02 4.098098927342639919e-01
1.462136437577368952e+03 1.840086888423039966e+02 4.096826998547998255e-01
1.462157270601067466e+03 1.832974851967006202e+02 4.093367245667749454e-01
1.462178103624329424e+03 1.834428014239947231e+02 4.096000533250125919e-01
1.462198936647153459e+03 1.843287236862307452e+02 4.100063958483277649e-01
1.462219769669572088e+03 1.836956611342849897e+02 4.095176812128719646e-01
1.462240602691525055e+03 1.834865847698703476e+02 4.096455255301072462e-01
1.462261435713068977e+03 1.843370189789590370e+02 4.103426010409747526e-01
1.462282268734147465e+03 1.837149697473220442e+02 4.104079972560145118e-01
1.462303101754790077e+03 1.840470546502522780e+02 4.097242896338564866e-01
1.462323934774995905e+03 1.843366108601946110e+02 4.109451699357001275e-01
1.462344767794736072e+03 1.836286247471768149e+02 4.095149339775377983e-01
1.462365600814010122e+03 1.839818348856408932e+02 4.103247523457718704e-01
1.462386433832848979e+03 1.836145470531500621e+02 4.096001442744608423e-01
1.462407266851192617e+03 1.841313673917314304e+02 4.111394632485652068e-01
1.462428099869097878e+03 1.839995400902799929e+02 4.106264779457656222e-01
1.462448932886509510e+03 1.836579021908046343e+02 4.100578735083595938e-01
1.462469765903455936e+03 1.833314638454024532e+02 4.096701511693208730e-01
1.462490598919907370e+03 1.839848154038326982e+02 4.106441139464009904e-01
1.462511431935863584e+03 1.839803271085439746e+02 4.106895975428860868e-01
1.462532264951355046e+03 1.844538918876352511e+02 4.109896775397313129e-01
1.462553097966322639e+03 1.839836388525896496e+02 4.107052171932146778e-01
1.462573930980795012e+03 1.837057703899140790e+02 4.101088905240047877e-01
1.462594763994772620e+03 1.836614275877065268e+02 4.105482135899695684e-01
1.462615597008255463e+03 1.838957992510912334e+02 4.108168776694002267e-01
1.462636430021213982e+03 1.839163096645848441e+02 4.111237876064648411e-01
1.462657263033649542e+03 1.839811827109372189e+02 4.110656103451775789e-01
1.462678096045531902e+03 1.844034357338353232e+02 4.120354608719135059e-01
1.462698929056918587e+03 1.831059735941603321e+02 4.099431710575774934e-01
1.462719762067752981e+03 1.827960093699533672e+02 4.098595954196667668e-01
1.462740595078063961e+03 1.836903651755650628e+02 4.110184644127173326e-01
1.462761428087821514e+03 1.837320082250384132e+02 4.108926429488642951e-01
1.462782261097026094e+03 1.843291931559656689e+02 4.115377140329758987e-01
1.462803094105677474e+03 1.833792764195638370e+02 4.107418965453361048e-01
1.462823927113747004e+03 1.835335036352573468e+02 4.109581148031680731e-01
1.462844760121264471e+03 1.837410034526235165e+02 4.112547378788888319e-01
1.462865593128198498e+03 1.839817459285761458e+02 4.115642540039132213e-01
1.462886426134579551e+03 1.840642918748179966e+02 4.116809661147519672e-01
1.462907259140350106e+03 1.840305394102431364e+02 4.117205444238925538e-01
1.462928092145538358e+03 1.838437192433173948e+02 4.114877794891542151e-01
1.462948925150115429e+03 1.843249401388779063e+02 4.118706793840671287e-01
1.462969758154080864e+03 1.842635334774490730e+02 4.118419882608372329e-01
1.462990591157464905e+03 1.849224032208259416e+02 4.125749751069903160e-01
1.463011424160208435e+03 1.847968905184098105e+02 4.126433759108898980e-01
1.463032257162340557e+03 1.837946640076718552e+02 4.115211302081994704e-01
1.463053090163833076e+03 1.834449411987220344e+02 4.114197117348500354e-01
1.463073923164684857e+03 1.839334243690793755e+02 4.119694910790057674e-01
1.463094756164897035e+03 1.842600454946616253e+02 4.124376517195985636e-01
1.463115589164467565e+03 1.840097071534590327e+02 4.120061482959143095e-01
1.463136422163398038e+03 1.847382126306888779e+02 4.127600716991567387e-01
1.463157255161630928e+03 1.840151087165840522e+02 4.125322459361801530e-01
1.463178088159194431e+03 1.838753360907825538e+02 4.122587358174904515e-01
1.463198921156116512e+03 1.837509857845510339e+02 4.124317987010095443e-01
1.463219754152311452e+03 1.832582523907881580e+02 4.117697993557518643e-01
1.463240587147837914e+03 1.843945266874495417e+02 4.127725444981509284e-01
1.463261420142665884e+03 1.829932084379538537e+02 4.117274209254954687e-01
1.463282253136793997e+03 1.839528332169842031e+02 4.125094167039099480e-01
1.463303086130224074e+03 1.840790419962260671e+02 4.128571185444576130e-01
1.463323919122926554e+03 1.843051217784593803e+02 4.129422526350929323e-01
1.463344752114901894e+03 1.837074706569999023e+02 4.123258338612172946e-01
1.463365585106149410e+03 1.839661252155660520e+02 4.127389519181539623e-01
1.463386418096669559e+03 1.840937435032149097e+02 4.129527172508219990e-01
1.463407251086433007e+03 1.839491648243087809e+02 4.131580046427571484e-01
