1.572302070027192713e+03 6.225247772680324232e+01 4.632327911610306104e-01
1.572322903121526906e+03 6.222262311767291720e+01 4.593322247422372273e-01
1.572343736215744684e+03 6.188104133480881330e+01 4.557656101005918003e-01
1.572364569309846047e+03 6.247872013262862367e+01 4.515447025685717097e-01
1.572385402403889657e+03 6.231564734753569468e+01 4.481724869800681743e-01
1.572406235497816397e+03 6.071584176239671393e+01 4.416853773304377229e-01
1.572427068591626494e+03 6.173841629782526041e+01 4.388101069530873644e-01
1.572447901685378383e+03 6.147956552852046741e+01 4.355485685170183419e-01
1.572468734779014085e+03 6.087686425170179660e+01 4.347724358778342624e-01
1.572489567872533371e+03 6.153256726831835977e+01 4.321517679664915179e-01
1.572510400965936469e+03 6.099975331116075949e+01 4.311784885381046428e-01
1.572531234059281360e+03 6.192066108153786530e+01 4.299522624575021768e-01
1.572552067152510062e+03 6.141431416769432161e+01 4.284524855437997770e-01
1.572572900245680557e+03 6.149567266060710580e+01 4.275597864864246755e-01
1.572593733338733955e+03 6.184614781730578414e+01 4.274187011824036597e-01
1.572635399524491504e+03 6.170768942144525226e+01 4.282459700707123007e-01
1.572656232617253863e+03 6.118571528417209038e+01 4.273638404991417228e-01
1.572677065709900489e+03 6.046600215220017560e+01 4.266445961225856509e-01
1.572697898802430018e+03 6.237457308382732180e+01 4.266007263046856512e-01
1.572718731894901339e+03 6.190528220490196532e+01 4.242565960098779732e-01
1.572739564987198719e+03 6.239331332876031411e+01 4.226937296779303965e-01
1.572760398079494280e+03 6.192391704115643591e+01 4.216649450893967255e-01
1.572781231171617037e+03 6.176568999195585974e+01 4.188906582837267911e-01
1.572802064263681586e+03 6.218690479815142425e+01 4.175516703605473556e-01
1.572822897355628356e+03 6.170034568946766029e+01 4.158035597465801758e-01
1.572843730447517828e+03 6.258786821164772363e+01 4.153472474246363011e-01
1.572864563539291339e+03 6.282243408969654297e+01 4.146166997290924305e-01
1.572885396630947980e+03 6.258096102866488764e+01 4.135894772575869349e-01
1.572906229722488661e+03 6.177860474598715967e+01 4.129184536681912987e-01
1.572927062813969314e+03 6.243738480801859225e+01 4.130807429859567614e-01
1.572947895905334917e+03 6.177026295900147801e+01 4.120262568391515612e-01
1.572968728996642312e+03 6.247140155583278442e+01 4.117577123573991082e-01
1.572989562087775994e+03 6.192412201789316839e+01 4.106834293408145875e-01
1.573010395178850558e+03 6.161428539540275295e+01 4.099714680373758302e-01
1.573031228269866915e+03 6.186179630135712415e+01 4.091377509939265189e-01
1.573052061360767311e+03 6.163666828227326988e+01 4.081684992218053143e-01
1.573072894451549928e+03 6.187940062624960547e+01 4.064181786663460527e-01
1.573093727542217039e+03 6.047721257992367327e+01 4.043448046593783318e-01
1.573114560632826397e+03 6.268104405131627033e+01 4.057287576923912509e-01
1.573135393723318884e+03 6.275863238628873120e+01 4.021977835750636943e-01
1.573156226813753619e+03 6.120277904189237717e+01 3.997287769493005349e-01
1.573177059904070575e+03 6.186032723818465229e+01 3.981680800636522854e-01
1.573197892994272024e+03 6.150474533111799502e+01 3.969348734650275934e-01
1.573218726084357513e+03 6.183737605645347912e+01 3.947088955828528256e-01
1.573239559174383885e+03 6.191711177359676554e+01 3.938689574429151130e-01
1.573260392264294296e+03 6.150078508838178237e+01 3.914589372453942673e-01
1.573281225354146500e+03 6.210334984664007152e+01 3.903874819577310418e-01
1.573302058443881833e+03 6.221730850017437575e+01 3.907242648838359367e-01
1.573322891533501661e+03 6.148323823557432632e+01 3.878273150667373992e-01
1.573343724623062371e+03 6.222076872331984987e+01 3.869234949509439137e-01
1.573364557712507121e+03 6.245889562932343608e+01 3.862924634560215842e-01
1.573385390801835001e+03 6.244237344206543128e+01 3.855310755683904467e-01
1.573406223891104446e+03 6.232199599873876394e+01 3.843435693311309520e-01
1.573427056980258385e+03 6.206184038180513340e+01 3.841666579643022161e-01
1.573447890069295681e+03 6.257989066175881021e+01 3.830571852340376449e-01
1.573468723158273860e+03 6.260917586864376716e+01 3.828572616876893542e-01
1.573489556247137443e+03 6.301786310486770049e+01 3.822707020609342199e-01
1.573510389335940999e+03 6.326684465893597320e+01 3.832307788074977850e-01
1.573531222424629050e+03 6.227561669736095951e+01 3.816290878066967984e-01
1.573552055513201594e+03 6.253136770381527043e+01 3.817774735203311454e-01
1.573572888601715022e+03 6.267214148002846485e+01 3.814152695504731128e-01
1.573593721690111579e+03 6.281968763967218905e+01 3.814433584636869878e-01
1.573614554778449929e+03 6.255982597978666604e+01 3.805190106040280407e-01
1.573635387866614110e+03 6.327346989213505424e+01 3.811900341839731254e-01
1.573656220954778291e+03 6.293675505260225123e+01 3.809110753107947667e-01
1.573677054042767395e+03 6.183098535649686767e+01 3.805145071662758838e-01
1.573697887130698973e+03 6.308256210094642569e+01 3.828690350883943161e-01
1.573718720218514591e+03 6.312381494588561992e+01 3.804203339462976508e-01
1.573739553306270409e+03 6.248671828637828440e+01 3.798258525440352806e-01
1.573760386393910494e+03 6.319822378337226354e+01 3.809784923024673309e-01
1.573781219481492371e+03 6.274405714237714449e+01 3.806313639141681304e-01
1.573802052568958061e+03 6.236021744447191395e+01 3.805250020516309228e-01
1.573822885656306880e+03 6.296362603613302156e+01 3.807808232608324572e-01
1.573843718743598401e+03 6.312728286190465354e+01 3.807396529389150408e-01
1.573864551830772598e+03 6.234771063735258423e+01 3.802116559375524618e-01
1.573885384917830834e+03 6.200410119335123937e+01 3.800204108742152864e-01
1.573906218004831317e+03 6.246861060314056147e+01 3.803934426163173010e-01
1.573927051091714475e+03 6.320532120790855402e+01 3.807587906479547590e-01
1.573947884178539880e+03 6.259470221777399956e+01 3.804930074114410976e-01
1.573968717265248870e+03 6.371051860386942423e+01 3.815106228078170014e-01
1.573989550351899652e+03 6.244894258318593927e+01 3.808459548542056372e-01
1.574010383438374902e+03 6.285001355891568409e+01 3.808147306441102553e-01
1.574031216524851061e+03 6.236747167955026327e+01 3.802233544957601685e-01
1.574052049611151688e+03 6.274783485375881753e+01 3.804190804960973504e-01
1.574072882697395016e+03 6.232439770276008062e+01 3.801430249843799070e-01
1.574093715783580137e+03 6.255373653739840734e+01 3.815128491251435494e-01
1.574114548869648388e+03 6.328126271754560150e+01 3.805300535910163262e-01
1.574135381955600451e+03 6.313686384679447627e+01 3.808053198381188831e-01
1.574156215041494306e+03 6.381364463590907832e+01 3.814659960755092949e-01
1.574177048127271519e+03 6.298188336958067879e+01 3.813457415699972874e-01
1.574197881212932998e+03 6.279458580846027616e+01 3.802825863937204787e-01
1.574218714298536497e+03 6.292517310148173237e+01 3.808384620598008752e-01
1.574239547384022444e+03 6.240892492864673358e+01 3.807449560200751870e-01
1.574260380469450411e+03 6.277023941952600694e+01 3.806445371690540536e-01
1.574281213554762417e+03 6.259591682266819390e+01 3.808753768298066000e-01
1.574302046640016670e+03 6.241489398198820737e+01 3.803769700033500234e-01
1.574322879725153598e+03 6.234090385742763374e+01 3.807561098611675354e-01
1.574343712810174111e+03 6.218506851200341146e+01 3.803061746966184820e-01
1.574364545895137326e+03 6.260654348735256036e+01 3.805741048714006980e-01
1.574385378979982306e+03 6.380797258097399549e+01 3.815186882641288246e-01
1.574406212064770898e+03 6.289971542173615404e+01 3.807975718898155559e-01
1.574427045149443529e+03 6.296799820788250912e+01 3.815643827874597438e-01
1.574447878233997471e+03 6.266702375541208170e+01 3.808236129794583258e-01
1.574468711318494570e+03 6.343105570701464302e+01 3.811779548236765569e-01
1.574489544402875026e+03 6.362018277911439412e+01 3.812012140922185766e-01
1.574510377487197502e+03 6.316565099845448117e+01 3.810078258236330728e-01
1.574531210571403335e+03 6.334790813779761720e+01 3.815824638099091226e-01
1.574552043655492980e+03 6.292553936309762008e+01 3.816349446899873210e-01
1.574572876739524418e+03 6.353711730579053807e+01 3.818253030296096528e-01
1.574593709823497647e+03 6.299341117354209985e+01 3.809344095506865813e-01
1.574614542907295345e+03 6.249995896616140101e+01 3.841695476797699627e-01
1.574635375991035971e+03 6.288586591883798604e+01 3.812681694078743910e-01
1.574656209074717935e+03 6.344017453989047794e+01 3.811062330678161025e-01
1.574677042158282575e+03 6.373282104109660651e+01 3.815612585499005838e-01
1.574697875241730344e+03 6.330521233504386203e+01 3.812773147553763509e-01
1.574718708325121952e+03 6.301792394893882232e+01 3.832932975670207409e-01
1.574739541408396690e+03 6.275685204764624103e+01 3.808393815490337397e-01
1.574760374491612311e+03 6.354710979968847084e+01 3.813417168031387194e-01
1.574781207574712425e+03 6.302777179261338603e+01 3.813414823493910255e-01
1.574802040657696125e+03 6.307198714435011766e+01 3.809147721129906294e-01
1.574822873740621617e+03 6.269184516078583158e+01 3.811471683151804180e-01
1.574843706823430693e+03 6.285836134070863324e+01 3.812271298912559003e-01
1.574864539906180653e+03 6.284298373349566447e+01 3.815168720866620733e-01
1.574885372988815107e+03 6.277429679078682057e+01 3.818643466693403266e-01
1.574906206071333600e+03 6.303170072698927129e+01 3.808433138077265689e-01
1.574927039153792521e+03 6.344275582334710606e+01 3.814926750909790054e-01
1.574947872236135481e+03 6.262305537013713774e+01 3.807886498146640930e-01
1.574968705318421144e+03 6.271557158956347422e+01 3.810775523166763379e-01
1.574989538400589481e+03 6.314296466687134313e+01 3.808934709985870581e-01
1.575010371482699611e+03 6.375040127576025384e+01 3.816114385215048643e-01
1.575031204564693326e+03 6.249629583981239023e+01 3.809651154670261608e-01
1.575052037646571080e+03 6.268226660755264135e+01 3.812699672285523866e-01
1.575072870728332418e+03 6.275606351978692743e+01 3.806939181367827718e-01
1.575093703810093302e+03 6.319953669326071832e+01 3.809219308977740415e-01
1.575114536891679563e+03 6.267212776444286959e+01 3.809518750664922515e-01
1.575135369973208071e+03 6.223152307241244330e+01 3.807349564216017113e-01
1.575156203054620619e+03 6.353764214887319639e+01 3.816456430314171810e-01
1.575177036135973594e+03 6.256047877572719074e+01 3.810347324544767211e-01
1.575197869217210609e+03 6.326211966077435278e+01 3.816887652393519126e-01
1.575218702298330982e+03 6.257957690235291182e+01 3.813512902080576916e-01
1.575239535379394056e+03 6.296202991429048268e+01 3.813349566622395992e-01
1.575260368460340487e+03 6.298639941556277932e+01 3.818211467249017499e-01
1.575281201541228711e+03 6.368259450997202720e+01 3.821521630096312294e-01
1.575302034621999610e+03 6.344267751216537476e+01 3.814654882577052653e-01
1.575322867702654548e+03 6.335646195107923262e+01 3.820705619821337384e-01
1.575343700783250370e+03 6.304829471403454733e+01 3.810454085416415393e-01
1.575364533863731594e+03 6.397507816380276324e+01 3.816861495448074515e-01
1.575385366944153020e+03 6.290980751517739833e+01 3.806288192507297774e-01
1.575406200024458485e+03 6.310852606510844254e+01 3.819505563401076609e-01
1.575427033104648444e+03 6.235692633203126434e+01 3.815864860374991729e-01
1.575447866184780651e+03 6.257340357348606119e+01 3.808592771872370553e-01
1.575468699264794395e+03 6.338853630856815613e+01 3.813420294079113426e-01
1.575489532344693089e+03 6.238961656506611320e+01 3.809139701642388354e-01
1.575510365424532665e+03 6.349166989784350790e+01 3.809300674952624255e-01
1.575531198504256963e+03 6.253000341441438081e+01 3.809634531081729225e-01
1.575552031583922599e+03 6.160335432802362732e+01 3.807317666705581916e-01
1.575572864663471591e+03 6.358249920132418254e+01 3.817327413598561869e-01
1.575593697742904624e+03 6.427225931827399563e+01 3.821387297734648580e-01
1.575614530822220331e+03 6.345295468307356401e+01 3.811700580770195912e-01
1.575635363901478286e+03 6.315979051937546274e+01 3.818383765569578481e-01
1.575656196980678487e+03 6.368899877430125400e+01 3.819031717176199492e-01
1.575677030059704521e+03 6.297174557876561352e+01 3.814847457980811152e-01
1.575697863138670982e+03 6.415250557884803584e+01 3.822110570102680294e-01
1.575718696217579691e+03 6.298567296054607567e+01 3.814815232550976543e-01
1.575760362375047862e+03 6.298514909011144880e+01 3.816207318309378094e-01
1.575781195453608689e+03 6.360081452635002819e+01 3.822194975451975729e-01
1.575802028532109489e+03 6.326133634873576028e+01 3.815028891835233193e-01
1.575822861610494328e+03 6.315870124616723302e+01 3.813474413374174365e-01
1.575843694688762298e+03 6.260632611882571297e+01 3.815843773021080909e-01
1.575864527766972515e+03 6.260548585084083584e+01 3.813024242503637584e-01
1.575885360845066998e+03 6.298804870074576456e+01 3.820697624593374919e-01
1.575906193923045066e+03 6.355495637534490783e+01 3.815845920812457881e-01
1.575927027000963335e+03 6.344967187123769747e+01 3.822101018340670064e-01
1.575947860078766553e+03 6.302817720090991571e+01 3.816086856279923833e-01
1.575968693156451991e+03 6.278525606694035588e+01 3.820400619270658549e-01
1.575989526234079676e+03 6.444265330955273896e+01 3.825894309194791121e-01
1.576010359337901491e+03 6.352582539460333777e+01 3.818862179483575869e-01
1.576031192415297483e+03 6.358990038324286331e+01 3.821049983761162783e-01
1.576052025492634584e+03 6.359690746291595076e+01 3.825013394737476480e-01
1.576072858569854816e+03 6.411618824871649736e+01 3.828769551724470199e-01
1.576093691646959542e+03 6.296832040894796734e+01 3.830906188560561088e-01
1.576114524723946943e+03 6.392818928346386542e+01 3.824181179528383656e-01
1.576135357800876591e+03 6.361632570393354058e+01 3.823308444758332092e-01
1.576156190877690506e+03 6.265683106941443725e+01 3.814346272914969083e-01
1.576177023954387550e+03 6.337967683470419900e+01 3.823137537667677943e-01
1.576197857031026615e+03 6.289634522387290616e+01 3.844638551184790809e-01
1.576218690107548355e+03 6.335904549982941347e+01 3.823676736235166462e-01
1.576239523183954589e+03 6.391981979793178681e+01 3.818331667123933681e-01
1.576260356260243498e+03 6.402343867810627387e+01 3.828358351154204642e-01
1.576281189336474654e+03 6.297110492985801500e+01 3.835092548611414576e-01
1.576302022412588940e+03 6.307176161697833550e+01 3.817391431422541559e-01
1.576322855488588175e+03 6.363977715309514593e+01 3.835023386509695542e-01
1.576343688564470540e+03 6.345628808570741342e+01 3.825360487175797353e-01
1.576364521640293333e+03 6.359364728086239182e+01 3.820140062430713579e-01
1.576385354716001530e+03 6.316370105941351909e+01 3.816570438535113463e-01
1.576406187791591492e+03 6.311466504330739014e+01 3.816488641886162658e-01
1.576427020867066403e+03 6.410817713375747928e+01 3.824422953592248597e-01
1.576447853942482652e+03 6.355710940282674670e+01 3.824698608030727698e-01
1.576468687017782031e+03 6.327935535779517551e+01 3.820848166077477348e-01
1.576489520092965904e+03 6.315015959526735401e+01 3.825520193655204126e-01
1.576510353168033362e+03 6.271222927582718398e+01 3.820390673190576236e-01
1.576531186242984404e+03 6.330484079389900387e+01 3.822861965560732100e-01
1.576552019317876329e+03 6.356911225105523755e+01 3.836085159349939544e-01
1.576572852392652294e+03 6.300189400685398766e+01 3.820404714707872351e-01
1.576593685467311388e+03 6.361151566969256521e+01 3.837022561869179449e-01
1.576614518541854068e+03 6.357613034920358075e+01 3.824872172469893084e-01
1.576635351616338539e+03 6.274718708397251987e+01 3.816855639390954180e-01
1.576656184690648388e+03 6.326270715755620699e+01 3.815616295544492775e-01
1.576677017764900484e+03 6.411141695295350473e+01 3.825893919712993196e-01
1.576697850839036619e+03 6.349828517429553187e+01 3.822910104411605392e-01
1.576718683913056338e+03 6.261018920749135219e+01 3.818556056115809949e-01
1.576739516987017396e+03 6.331167537567120718e+01 3.818464936263128440e-01
1.576760350060803376e+03 6.294871957917077054e+01 3.822623990918946890e-01
1.576781183134531602e+03 6.298617538361167334e+01 3.818312934924791846e-01
1.576802016208085661e+03 6.361429420977345472e+01 3.821757723864053213e-01
1.576822849281580602e+03 6.379110876299873212e+01 3.824414381686953579e-01
1.576843682354959583e+03 6.309809784386622766e+01 3.817830744294851142e-01
1.576864515428221694e+03 6.381295608522945884e+01 3.826720700278471998e-01
1.576885348501426051e+03 6.298062009009505147e+01 3.826966012946833584e-01
1.576906181574455331e+03 6.393917326514523580e+01 3.829733646819835080e-01
1.576927014647427313e+03 6.396141290482947284e+01 3.843532230442049946e-01
1.576947847720224445e+03 6.369157994403599332e+01 3.823280577874883512e-01
1.576968680792963369e+03 6.407715339354746220e+01 3.823590025297284312e-01
1.576989513865586559e+03 6.359647100527330110e+01 3.817656664565907132e-01
1.577010346938033308e+03 6.382484883591631331e+01 3.834104150347964479e-01
1.577031180010422304e+03 6.341664594874299610e+01 3.818045795959830735e-01
1.577052013082695339e+03 6.339627805687884887e+01 3.846514188639897913e-01
1.577072846154852414e+03 6.354369887446047471e+01 3.826558902126628858e-01
1.577093679226950371e+03 6.347759779637168265e+01 3.817047127802281614e-01
1.577114512298874615e+03 6.405708151303673503e+01 3.820532061112443811e-01
1.577135345370681534e+03 6.369602254921384343e+01 3.817495067758128191e-01
1.577156178442372493e+03 6.322760708106912375e+01 3.824840810679490111e-01
1.577177011514005699e+03 6.300277610860986499e+01 3.823783904340264383e-01
1.577197844585463372e+03 6.291895250493413982e+01 3.817076992101405275e-01
1.577218677656804630e+03 6.296651697953575422e+01 3.849900457717847502e-01
1.577239510728088590e+03 6.425917657773091207e+01 3.824054344313817522e-01
1.577260343799196107e+03 6.430722436742632908e+01 3.824541789390734636e-01
1.577281176870187664e+03 6.384633952320547934e+01 3.822910689090279202e-01
1.577302009941121923e+03 6.404954692885857526e+01 3.826637952379218777e-01
1.577322843011881560e+03 6.359534670234380371e+01 3.829570419532690728e-01
1.577343676082525462e+03 6.414867736898612804e+01 3.828205769523699842e-01
1.577364509153052495e+03 6.296734439806042616e+01 3.821553019125757955e-01
1.577385342223521548e+03 6.403601557187406002e+01 3.824992163033030246e-01
1.577406175293815068e+03 6.294831741238384382e+01 3.825691383806682500e-01
1.577427008363992627e+03 6.429507346478959562e+01 3.828352707299143565e-01
1.577447841434053316e+03 6.461423561549671035e+01 3.829036331691314521e-01
1.577468674503998500e+03 6.350820110684726671e+01 3.826895730527692940e-01
1.577489507573826359e+03 6.344226727830955781e+01 3.821852859096070976e-01
1.577510340643479594e+03 6.436617570269532962e+01 3.830332800584259623e-01
1.577531173713075532e+03 6.397257581973229890e+01 3.824865549504518070e-01
1.577552006782554599e+03 6.330217219181472643e+01 3.822616974242750154e-01
1.577572839851858589e+03 6.402736192982339958e+01 3.829719444960327235e-01
1.577593672921046618e+03 6.373796113022894616e+01 3.830671631125751597e-01
1.577614505990118005e+03 6.336744351256189134e+01 3.826851535658521430e-01
1.577635339059073431e+03 6.334797055341567074e+01 3.816574538082365131e-01
1.577656172127911304e+03 6.414331125841957260e+01 3.832032292139376239e-01
1.577677005196634582e+03 6.334945563887382036e+01 3.823353265193766282e-01
1.577697838265240080e+03 6.439804566028391264e+01 3.852111444564970122e-01
1.577718671333671409e+03 6.443239493674902008e+01 3.831084917130566647e-01
1.577739504401985869e+03 6.332031874384190928e+01 3.827740786208665980e-01
1.577760337470184368e+03 6.380253398076838778e+01 3.830266664835630941e-01
1.577781170538266451e+03 6.338006352865247095e+01 3.821826346236649186e-01
1.577802003606173457e+03 6.419586541119679168e+01 3.820307203105850480e-01
1.577822836673964503e+03 6.399372145629395447e+01 3.826512950982967065e-01
1.577843669741639587e+03 6.308981693210076713e+01 3.829314961673306872e-01
1.577864502809197347e+03 6.379575982435925852e+01 3.821704891595660292e-01
1.577885335876638692e+03 6.376308493887253803e+01 3.835512157096189756e-01
1.577906168943905413e+03 6.435636977382591795e+01 3.830496578905165928e-01
1.577927002011055720e+03 6.321256798119718212e+01 3.825150131882005256e-01
1.577947835078089611e+03 6.386395025254110891e+01 3.826165184182611090e-01
1.577968668144949334e+03 6.374100567402111039e+01 3.822657125049196969e-01
1.577989501211692641e+03 6.358904393440824521e+01 3.820225096406779097e-01
1.578010334278319533e+03 6.404422383138337693e+01 3.843008613418447683e-01
1.578031167344771347e+03 6.423169239576682799e+01 3.830767322957943088e-01
1.578052000411106292e+03 6.422057822861226839e+01 3.833620836353873740e-01
1.578072833477326640e+03 6.398441526256445400e+01 3.826107155066044152e-01
1.578093666543370546e+03 6.356651590762992754e+01 3.825115850663860506e-01
1.578114499609299401e+03 6.404853591620864961e+01 3.831571273339424710e-01
1.578135332675052496e+03 6.414775884694300601e+01 3.833903991509505227e-01
1.578156165740690540e+03 6.369079348706877397e+01 3.826217565414605226e-01
1.578176998806210577e+03 6.282303227663847167e+01 3.821175748810591855e-01
1.578197831871557355e+03 6.462956386402402131e+01 3.830661517215194767e-01
1.578218664936786354e+03 6.349829136759625925e+01 3.821194077014855028e-01
1.578239498001841639e+03 6.390609290274543497e+01 3.824501073934629125e-01
1.578260331066779599e+03 6.434897424970775148e+01 3.831867218395439978e-01
1.578281164131543392e+03 6.362087322957064828e+01 3.824419641722025531e-01
1.578301997196191678e+03 6.360506416803026752e+01 3.822563374207936793e-01
1.578322830260664432e+03 6.392771585411541935e+01 3.827865358227969250e-01
1.578343663325021680e+03 6.402696015832712817e+01 3.822127529294780390e-01
1.578364496389203396e+03 6.386099675673342801e+01 3.827763170542172189e-01
1.578385329453268696e+03 6.382709448857723089e+01 3.824644647559707344e-01
1.578406162517159373e+03 6.337906572564001095e+01 3.824574322481917310e-01
1.578426995580934545e+03 6.465912290582210176e+01 3.837929645369086984e-01
1.578447828644534638e+03 6.337529592391427968e+01 3.818885396252190700e-01
1.578468661707959654e+03 6.362740374016894407e+01 3.832721675227448443e-01
1.578489494771268710e+03 6.425774999660784204e+01 3.828374114981163978e-01
1.578510327834403597e+03 6.367110579253670721e+01 3.831405401889764195e-01
1.578531160897362497e+03 6.380412541217056344e+01 3.831242634764618904e-01
1.578551993960205436e+03 6.464563407697355046e+01 3.829892587325849918e-01
1.578572827022873298e+03 6.380345817823622667e+01 3.830800581144727102e-01
1.578593660085367446e+03 6.387387754372343807e+01 3.825033262831225023e-01
1.578614493147744497e+03 6.404278157591059539e+01 3.832916258672214305e-01
1.578635326209946470e+03 6.369757136946506648e+01 3.827324219073927614e-01
1.578656159271974957e+03 6.403234465708418099e+01 3.835104787842219531e-01
1.578676992333828366e+03 6.394395227668538695e+01 3.829314377972469208e-01
1.578697825395565815e+03 6.424099903373071641e+01 3.846596508962018546e-01
1.578718658457128640e+03 6.425806182888241835e+01 3.825342373702875776e-01
1.578739491518516843e+03 6.397387837705482383e+01 3.830359838105586445e-01
1.578760324579730423e+03 6.338935017137836780e+01 3.827438098237473940e-01
1.578781157640769379e+03 6.387109561900807364e+01 3.828948185443359908e-01
1.578801990701691466e+03 6.375500354058806352e+01 3.832817704655581137e-01
1.578822823762381631e+03 6.441757809989988459e+01 3.834986085083148533e-01
1.578843656822954472e+03 6.412746595174553477e+01 3.839518466338737723e-01
1.578885322943517622e+03 6.365202333060358342e+01 3.844681766434110415e-01
1.578906156003566593e+03 6.367223141475800219e+01 3.840989082715688396e-01
1.578926989063441397e+03 6.425603543355742886e+01 3.836522720042437884e-01
1.578947822123141577e+03 6.441045249275038032e+01 3.837857816521961229e-01
1.578968655182666680e+03 6.395953237822739368e+01 3.834441287486693994e-01
1.578989488242017615e+03 6.496739912549412566e+01 3.842696851963268156e-01
1.579010321301135718e+03 6.421997325928855105e+01 3.835710289591021671e-01
1.579031154360137407e+03 6.473603295175895767e+01 3.844073413795860428e-01
1.579051987418964472e+03 6.519628346955978770e+01 3.838830886083052230e-01
1.579072820477557570e+03 6.438696211466420039e+01 3.842064138869997758e-01
1.579093653536034708e+03 6.480172918776996482e+01 3.852725296450727477e-01
1.579114486594279697e+03 6.445383132141824944e+01 3.836258402840369564e-01
1.579135319652349608e+03 6.325142715145271666e+01 3.835226983735045003e-01
1.579156152710245351e+03 6.336842145995379383e+01 3.832969713932871114e-01
1.579176985767908718e+03 6.373777185801424139e+01 3.830131861082635703e-01
1.579197818825453851e+03 6.473642208514853280e+01 3.864494503504964928e-01
1.579218651882766608e+03 6.392874331343271876e+01 3.836034855121878140e-01
1.579239484939905651e+03 6.480677949421320250e+01 3.837522532741734493e-01
1.579260317996810954e+03 6.407082091939440716e+01 3.839140438582002157e-01
1.579281151053599842e+03 6.506942209129205423e+01 3.838117170563479785e-01
1.579301984110156354e+03 6.405470177696192025e+01 3.844453669701118348e-01
1.579322817166480945e+03 6.414519526153083007e+01 3.841043977410684707e-01
1.579343650222630458e+03 6.509866654075972292e+01 3.854128626902044719e-01
1.579364483278605348e+03 6.422868379631246682e+01 3.842373818700298704e-01
1.579385316334347408e+03 6.446738601150447323e+01 3.837682509664251951e-01
1.579406149389913480e+03 6.345743524945045522e+01 3.832030347849266216e-01
1.579426982445247631e+03 6.471475376785177502e+01 3.841824444670435268e-01
1.579447815500407614e+03 6.498139925245641280e+01 3.847182191410202790e-01
1.579468648555334312e+03 6.469833179750546037e+01 3.840243174209423960e-01
1.579489481610086386e+03 6.499507546340932151e+01 3.845616492229928518e-01
1.579510314664606540e+03 6.428629479489691789e+01 3.834540576981761983e-01
1.579531147718951615e+03 6.494200551668123467e+01 3.839917994234510190e-01
1.579551980773004516e+03 6.365714577825586673e+01 3.836750899894610378e-01
1.579572813826941456e+03 6.474789440705394838e+01 3.843249590794849402e-01
1.579593646880587585e+03 6.489552252889016870e+01 3.838095040737866115e-01
1.579614479934059545e+03 6.428008704175599064e+01 3.841214475718823240e-01
1.579635312987298676e+03 6.444853970217526751e+01 3.843958283030299294e-01
1.579656146040304520e+03 6.452621930263548222e+01 3.842149657210076064e-01
1.579676979093077534e+03 6.379765004764239222e+01 3.838352631771477230e-01
1.579697812145675471e+03 6.494672616827416789e+01 3.847604741560170516e-01
1.579718645197983506e+03 6.372710660735067734e+01 3.829944528509174884e-01
1.579739478250116463e+03 6.417030204248177938e+01 3.843976502606704093e-01
1.579760311302016362e+03 6.407531445358759470e+01 3.837151880969612017e-01
1.579781144353684340e+03 6.379153442727113088e+01 3.838987703258458506e-01
1.579801977405118123e+03 6.373568841809122887e+01 3.846657328021340083e-01
1.579822810456319530e+03 6.409624290199037944e+01 3.836779639883918236e-01
1.579843643507287425e+03 6.380650912528516017e+01 3.832435322182808357e-01
1.579864476557964281e+03 6.457004619179899407e+01 3.842309053661566165e-01
1.579885309608467651e+03 6.479780122955105526e+01 3.841166566264778148e-01
1.579906142658679528e+03 6.431532082992411858e+01 3.834914783950949535e-01
1.579926975708717009e+03 6.474730263979046185e+01 3.838839619881320719e-01
1.579947808758462543e+03 6.464821753348444133e+01 3.851042675664451687e-01
1.579968641807976383e+03 6.392576354828968022e+01 3.832981376799761697e-01
1.579989474857199639e+03 6.449686828757516821e+01 3.848071390596076724e-01
1.580010307906247363e+03 6.420131876378754043e+01 3.835689117097138556e-01
1.580031140954945386e+03 6.397183461529245108e+01 3.836090014935498727e-01
1.580051974003468331e+03 6.389909147295301750e+01 3.838954321921155266e-01
1.580072807051701602e+03 6.447191651684589431e+01 3.841286629720339074e-01
1.580093640099702498e+03 6.461966406151057640e+01 3.837764242872296339e-01
1.580114473147411445e+03 6.396775952543002575e+01 3.832340255239879978e-01
1.580135306194887562e+03 6.434630603321325282e+01 3.842419774068654426e-01
1.580156139242072641e+03 6.415899908050842271e+01 3.837077319137416898e-01
1.580176972288966681e+03 6.450933139992831400e+01 3.837757642155261717e-01
1.580197805335628345e+03 6.474590322099048478e+01 3.837189938012976476e-01
1.580218638382056497e+03 6.483873222323151708e+01 3.852123242892379618e-01
1.580239471428135403e+03 6.458413824720734908e+01 3.836750123135154733e-01
1.580260304473981705e+03 6.435422295427443373e+01 3.835242330797734578e-01
1.580281137519537424e+03 6.516016017381159031e+01 3.857888881565303407e-01
1.580301970564801650e+03 6.456502525321373298e+01 3.879711985578020994e-01
1.580322803609775292e+03 6.365136294813092377e+01 3.835148499061956651e-01
1.580343636654515421e+03 6.491250695234380430e+01 3.839637028978795663e-01
1.580364469698906305e+03 6.545946515464495974e+01 3.839255519760882418e-01
1.580385302743064585e+03 6.458886667814502403e+01 3.843719288462939532e-01
1.580406135786874529e+03 6.369705662846496352e+01 3.832809929082904854e-01
1.580426968830449823e+03 6.388534361644236981e+01 3.834594398197114784e-01
1.580447801873676326e+03 6.492436181154624819e+01 3.839265999157241427e-01
1.580468634916612700e+03 6.406845620945964015e+01 3.843111365072791608e-01
1.580489467959257126e+03 6.467080446978737029e+01 3.844629249184186026e-01
1.580510301001610515e+03 6.485118481157239501e+01 3.842435480207765375e-01
1.580531134043672864e+03 6.512970708063518543e+01 3.846251139189681978e-01
1.580551967085386423e+03 6.498892683790852232e+01 3.844638163601881709e-01
1.580572800126809398e+03 6.462898722571887333e+01 3.857039227399173820e-01
1.586406068073771166e+03 6.216983989664321086e+01 4.466292505849404071e-01
1.586426901216584156e+03 6.300636815184488881e+01 4.441887412600701301e-01
1.586447734359395554e+03 6.244499069100754696e+01 4.426388368100158122e-01
1.586468567502090536e+03 6.242238593897619836e+01 4.408431723721963347e-01
1.586489400644670013e+03 6.258672798706032125e+01 4.398455584202613511e-01
1.586510233787249035e+03 6.133665842733952900e+01 4.383693980415694913e-01
1.586531066929711869e+03 6.338334195909823876e+01 4.393527785280530451e-01
1.586551900072058288e+03 6.307293341780192009e+01 4.389498902214808984e-01
1.586572733214405162e+03 6.215838140515349153e+01 4.372808043554594071e-01
1.586593566356635165e+03 6.270669159339669108e+01 4.382280184808803325e-01
1.586614399498806506e+03 6.220423023364178050e+01 4.375496223101087989e-01
1.586635232640861886e+03 6.197892482852945761e+01 4.370643456167918606e-01
1.586656065782916585e+03 6.229310212028924809e+01 4.384598420827175991e-01
1.586676898924856005e+03 6.266715329144232527e+01 4.366759646071294854e-01
1.586697732066679009e+03 6.289110944993986152e+01 4.376040403091525643e-01
1.586718565208501332e+03 6.320075307461920744e+01 4.359582062045695983e-01
1.586739398350207011e+03 6.296032552627568180e+01 4.365273631215928485e-01
1.586760231491854938e+03 6.241430997577450057e+01 4.331267995645589064e-01
1.586781064633386904e+03 6.172722273974635243e+01 4.315077978625243560e-01
1.586801897774917506e+03 6.246211648218036316e+01 4.302128614536807061e-01
1.586822730916332148e+03 6.198646650893496712e+01 4.288134788976832312e-01
1.586843564057630829e+03 6.273166952150737075e+01 4.282175235592927676e-01
1.586864397198930874e+03 6.288691706620751631e+01 4.274657638404229520e-01
1.586885230340112457e+03 6.322072451915586555e+01 4.266472155947854117e-01
1.586906063481235378e+03 6.364172207789324887e+01 4.278333714857531223e-01
1.586926896622243476e+03 6.226631917404688465e+01 4.237139148032554314e-01
1.586947729763192910e+03 6.371663976639072047e+01 4.230874793237925924e-01
1.586968562904084138e+03 6.338501274884286119e+01 4.216918371092580053e-01
1.586989396044917157e+03 6.262068864013599523e+01 4.195083711377713964e-01
1.587010229185691969e+03 6.294014004179351218e+01 4.189282927357140807e-01
1.587031062326350366e+03 6.314331747084192159e+01 4.179342380428902048e-01
1.587051895466950555e+03 6.257391553977421950e+01 4.150825208463121974e-01
1.587072728607434328e+03 6.334152689953452153e+01 4.137298219203282001e-01
1.587093561747859439e+03 6.326950539458459843e+01 4.124116015360568821e-01
1.587114394888225888e+03 6.323748153873072653e+01 4.107744372047040793e-01
1.587135228028535948e+03 6.237841445989960931e+01 4.088987783726751868e-01
1.587156061168787346e+03 6.301894460373892315e+01 4.080716701732781670e-01
1.587176894308921419e+03 6.196503684506890153e+01 4.068921589199708255e-01
1.587197727448996375e+03 6.299628112156258908e+01 4.068245859160302680e-01
1.587218560589014942e+03 6.212123097063514621e+01 4.057110916668937306e-01
1.587239393728917094e+03 6.268563662214444321e+01 4.054196565046686018e-01
1.587260226868760583e+03 6.302756422688346305e+01 4.051431469429623844e-01
1.587281060008544955e+03 6.232434056392150978e+01 4.041152951768158808e-01
1.587301893148214049e+03 6.212993633516060754e+01 4.039022390140620256e-01
1.587322726287882460e+03 6.269019690573987447e+01 4.031623364686863220e-01
1.587343559427435139e+03 6.240009727642917881e+01 4.029433957688229873e-01
1.587364392566929382e+03 6.173202715022107157e+01 4.018391157417471327e-01
1.587385225706307665e+03 6.261009669004181433e+01 4.021500982516115763e-01
1.587406058845626376e+03 6.290577844753146763e+01 4.019489573567554541e-01
1.587426891984886879e+03 6.236158019595319502e+01 4.013497193333723234e-01
1.587447725124090539e+03 6.281713521712234183e+01 4.013490324717534086e-01
1.587468558263235536e+03 6.312708472457909181e+01 4.012911648000381248e-01
1.587489391402264118e+03 6.255988105564533441e+01 4.036665347133476245e-01
1.587510224541234038e+03 6.292480280458859454e+01 4.014070959739338140e-01
1.587531057680146660e+03 6.222190411627346407e+01 4.001791791144668209e-01
1.587551890818941501e+03 6.200827437506401907e+01 4.005916370003125282e-01
1.587572723957678591e+03 6.243381457444317562e+01 4.006552775244517917e-01
1.587593557096357927e+03 6.329014601867277179e+01 4.010984351698490546e-01
1.587614390234979510e+03 6.195784907205402448e+01 3.998671482420729784e-01
1.587635223373483313e+03 6.206922812012388135e+01 3.999835852890835097e-01
1.587656056511930046e+03 6.209558336630593089e+01 3.999128701265035613e-01
1.587676889650318572e+03 6.258597882112948696e+01 3.999864166158783596e-01
1.587697722788647525e+03 6.260288673290246209e+01 3.993498696970939066e-01
1.587718555926860972e+03 6.233202410803718863e+01 4.003735794532864434e-01
1.587739389065017349e+03 6.252402668569547473e+01 3.991353897883335722e-01
1.587760222203113472e+03 6.285419036769192047e+01 3.992395742699726968e-01
1.587781055341152296e+03 6.121810954968196938e+01 3.982434267601948075e-01
1.587801888479074933e+03 6.208235903642949438e+01 3.984064763276689014e-01
1.587822721616939361e+03 6.285620876265126356e+01 3.990629560308158186e-01
1.587843554754745583e+03 6.295927464352657665e+01 3.986847988921616848e-01
1.587864387892493596e+03 6.272275108901574470e+01 3.989628899449358945e-01
1.587885221030124967e+03 6.301324051931019454e+01 3.986397958954031040e-01
1.587906054167697448e+03 6.266108828604860292e+01 3.980111852037414577e-01
1.587926887305212404e+03 6.252373351564211390e+01 3.980744708886559402e-01
1.587947720442669379e+03 6.215310893504552325e+01 3.971281415762837885e-01
1.587968553580009939e+03 6.305262460915461986e+01 3.979474213916465719e-01
1.587989386717291382e+03 6.265727985462240213e+01 3.977239427489053791e-01
1.588010219854515981e+03 6.253800714278511208e+01 3.973458988253099622e-01
1.588031052991682373e+03 6.293107687800412009e+01 3.978395837582597294e-01
1.588051886128731439e+03 6.299903262857208119e+01 3.968718941634593600e-01
1.588072719265721844e+03 6.205718318191431848e+01 3.966450483110439684e-01
1.588093552402654950e+03 6.168466730131339659e+01 3.967976201833993133e-01
1.588114385539529849e+03 6.269203295460064140e+01 3.967373609290384961e-01
1.588135218676287423e+03 6.241267273465707888e+01 3.958770347196024497e-01
1.588156051813044996e+03 6.301367745844495971e+01 3.969126863683829498e-01
1.588176884949629994e+03 6.194114191417195769e+01 3.957405441682324554e-01
1.588197718086213627e+03 6.234099585109218822e+01 3.962145483842865468e-01
1.588218551222680617e+03 6.178275919948880812e+01 3.958290773296769816e-01
1.588239384359147607e+03 6.236913850581484553e+01 3.956692213199889951e-01
1.588260217495440429e+03 6.220260827958968264e+01 3.952130950368731854e-01
1.588281050631732569e+03 6.343330704283439303e+01 3.965343575378005858e-01
1.588301883767908294e+03 6.285584532765547294e+01 3.960050682998239591e-01
1.588322716904085155e+03 6.264083984886877232e+01 3.952797879944386916e-01
1.588343550040086029e+03 6.238997226467030544e+01 3.944424633172627925e-01
1.588364383176088040e+03 6.217735362321519688e+01 3.951025310971619797e-01
1.588385216311974091e+03 6.242201462661693512e+01 3.954989962125016745e-01
1.588406049447859004e+03 6.232742633109909747e+01 3.945255279126063663e-01
1.588426882583569522e+03 6.357282744603823943e+01 3.952494212851488942e-01
1.588447715719279586e+03 6.280353676503580829e+01 3.945423917802329816e-01
1.588468548854873461e+03 6.262701682545882420e+01 3.944446733112895176e-01
1.588489381990467564e+03 6.256817878916191944e+01 3.942143706790229296e-01
1.588510215125886134e+03 6.240175717589143289e+01 3.943068177579718281e-01
1.588531048261305841e+03 6.259641132131618235e+01 3.945997008816532481e-01
1.588551881396609133e+03 6.317797899361851677e+01 3.951720331191775903e-01
1.588572714531853990e+03 6.341841703071191461e+01 3.946333837974937975e-01
1.588593547667041094e+03 6.277380926566289077e+01 3.939649842721432149e-01
1.588614380802169308e+03 6.365090553528433759e+01 3.939547528642650676e-01
1.588635213937181561e+03 6.335441520379593072e+01 3.940123554424919683e-01
1.588656047072134697e+03 6.262157372262385735e+01 3.951624363075224022e-01
1.588676880207030536e+03 6.238485755087689455e+01 3.932654025158920930e-01
1.588697713341809958e+03 6.275680734760492641e+01 3.940313779504135416e-01
1.588718546476588472e+03 6.241517219517907478e+01 3.929964939281356262e-01
1.588739379611251024e+03 6.278457291249451799e+01 3.930434510535499304e-01
1.588760212745797617e+03 6.266151861818410396e+01 3.931161979272111973e-01
1.588781045880343527e+03 6.267412154738664753e+01 3.939923108519697292e-01
1.588801879014773021e+03 6.189356881971096414e+01 3.924963756867746456e-01
1.588822712149144991e+03 6.244650336075183361e+01 3.925917513935472392e-01
1.588843545283458297e+03 6.328140008592878729e+01 3.931176004183412620e-01
1.588864378417656098e+03 6.183651801678099957e+01 3.923605130715252520e-01
1.588885211551795010e+03 6.258216660760172090e+01 3.922091405908786355e-01
1.588906044685876168e+03 6.331177159109385144e+01 3.923789890496077182e-01
1.588926877819839547e+03 6.292519562584469384e+01 3.936858798603998788e-01
1.588947710953803380e+03 6.329371613328719803e+01 3.924269313892799205e-01
1.588968544087651480e+03 6.314945879039309062e+01 3.922756225247931994e-01
1.588989377221383620e+03 6.237842212470511782e+01 3.919134824131235706e-01
1.589010210355114395e+03 6.304559452540192410e+01 3.911787875939686798e-01
1.589031043488728983e+03 6.179127326540303500e+01 3.910132576702149421e-01
1.589072709755726009e+03 6.355161371491191602e+01 3.912491770665590951e-01
1.589093542889165974e+03 6.329942346271715792e+01 3.923011106096134792e-01
1.589114376022431998e+03 6.386924036703978658e+01 3.923567911864869751e-01
1.589135209179795993e+03 6.364431618432407589e+01 3.904895738450450127e-01
1.589156042312944464e+03 6.304574601021680991e+01 3.911787495009984017e-01
1.589176875446035410e+03 6.347439472086321643e+01 3.902631609650624722e-01
1.589197708579068603e+03 6.351522778444932982e+01 3.908278701409884648e-01
1.589218541711984471e+03 6.335905676791964680e+01 3.893600773592409969e-01
1.589239374844842587e+03 6.317354924406343741e+01 3.903954021901298588e-01
1.589260207977642949e+03 6.418209687384130291e+01 3.895041023951627546e-01
1.589281041110385104e+03 6.424807600819832487e+01 3.897985871783117284e-01
1.589301874243010388e+03 6.373614076519095306e+01 3.890705651669095211e-01
1.589322707375577011e+03 6.344309745555899127e+01 3.886486219034971379e-01
1.589343540508028127e+03 6.433503817195230567e+01 3.886078249810044349e-01
1.589364373640478561e+03 6.365503702535659869e+01 3.884013207144533242e-01
1.589385206772812580e+03 6.383834363803227063e+01 3.885823247293669347e-01
1.589406039905030866e+03 6.336515835867287905e+01 3.881318255759571567e-01
1.589426873037249152e+03 6.391175300160885797e+01 3.895243014355871392e-01
1.589447706169292360e+03 6.360953234704169290e+01 3.884560258825398571e-01
1.589468539301336477e+03 6.263950789258194618e+01 3.885123725906859948e-01
1.589489372433263497e+03 6.307056035683427808e+01 3.875539026917023677e-01
1.589510205565131855e+03 6.370535761423497689e+01 3.875586319219624931e-01
1.589531038696942005e+03 6.407603631410870548e+01 3.880241210422720188e-01
1.589551871828636649e+03 6.292830580146267039e+01 3.871193169511396581e-01
1.589572704960272858e+03 6.323398160316310168e+01 3.873788036505589893e-01
1.589593538091849950e+03 6.331154429311064291e+01 3.874790924338554210e-01
1.589614371223311082e+03 6.407326408138347063e+01 3.887214629011679912e-01
1.589635204354714006e+03 6.344833009324240436e+01 3.873138665185483775e-01
1.589656037486000514e+03 6.404404121778159720e+01 3.873455285773581558e-01
1.589676870617286568e+03 6.452253026564281413e+01 3.874199992321196162e-01
1.589697703748398908e+03 6.357230285852921270e+01 3.873192719499552461e-01
1.589718536879510566e+03 6.372953567258022645e+01 3.869688785703405687e-01
1.589739370010505581e+03 6.331147587997425319e+01 3.868283395869469010e-01
1.589760203141383954e+03 6.363202751700400484e+01 3.870010694087331893e-01
1.589781036272263464e+03 6.429133375377978155e+01 3.866565153348723305e-01
1.589801869403026103e+03 6.417569034382549376e+01 3.867147040877962350e-01
1.589822702533671873e+03 6.337053836749233682e+01 3.861315343716991144e-01
1.589843535664260344e+03 6.320350575276988536e+01 3.861043461295411983e-01
1.589864368794790607e+03 6.386875086506773869e+01 3.864678811832908401e-01
1.589885201925204001e+03 6.325230343292329138e+01 3.865571310461491383e-01
1.589906035055558959e+03 6.380086942322724752e+01 3.870664247461360619e-01
1.589926868185856165e+03 6.359700046844557164e+01 3.863784371565316955e-01
1.589947701316036500e+03 6.469244087586460523e+01 3.883147204151583542e-01
1.589968534446158628e+03 6.313683638793489905e+01 3.863439766897764360e-01
1.589989367576165023e+03 6.381494062077815954e+01 3.860717717472041954e-01
1.590010200706112983e+03 6.435611444488318966e+01 3.863822551948268846e-01
1.590031033835944527e+03 6.328878351364956245e+01 3.852843259301391710e-01
1.590051866965716954e+03 6.388896336798305953e+01 3.860499832004108400e-01
1.590072700095432538e+03 6.326400644502724901e+01 3.856784623057225581e-01
1.590093533225030569e+03 6.369338587536163487e+01 3.862454571811717030e-01
1.590114366354570848e+03 6.459206064899137800e+01 3.863145083350693065e-01
1.590135199483995166e+03 6.437725686979439388e+01 3.865493827389067105e-01
1.590156032613361049e+03 6.292200856571835743e+01 3.858198836099145379e-01
1.590176865742610516e+03 6.343672233631263424e+01 3.856296809822762905e-01
1.590197698871801094e+03 6.388471426640543882e+01 3.857257308346799807e-01
1.590218532000934374e+03 6.396083490426714491e+01 3.861052144848269863e-01
1.590239365129950556e+03 6.353476100872168786e+01 3.852286288208645604e-01
1.590260198258849869e+03 6.466728235372309541e+01 3.858518034274576736e-01
1.590281031387692565e+03 6.374701478796942666e+01 3.853857010782588133e-01
1.590301864516475462e+03 6.356736218045385556e+01 3.854714324635170053e-01
1.590322697645141488e+03 6.373312769051131710e+01 3.850300262867655809e-01
1.590343530773692692e+03 6.334893334891964400e+01 3.852504251417107617e-01
1.590364363902185687e+03 6.408844387946369636e+01 3.858955561281921520e-01
1.590385197030619565e+03 6.346431941206436989e+01 3.853764792273804418e-01
1.590406030158937028e+03 6.417164094604305546e+01 3.852492067463782477e-01
1.590426863287138985e+03 6.346177427826568618e+01 3.863092624236721395e-01
1.590447696415282962e+03 6.474013590009576546e+01 3.862292534463042104e-01
1.590468529543367595e+03 6.378495569819279609e+01 3.851590734846452313e-01
1.590489362671336039e+03 6.326038295222484464e+01 3.847704853196256547e-01
1.590510195799188978e+03 6.441450095789828367e+01 3.848711827514103012e-01
1.590531028926982572e+03 6.353785882686955233e+01 3.850603475586367730e-01
1.590551862054659978e+03 6.337866946353179287e+01 3.858595464334920178e-01
1.590572695182279858e+03 6.371636577951356628e+01 3.861858472355031435e-01
1.590593528309782414e+03 6.403126337881099062e+01 3.846131036993397645e-01
1.590614361437226535e+03 6.319495076934815359e+01 3.850267753641385959e-01
1.590635194564554695e+03 6.334995768866464516e+01 3.846459953112033037e-01
1.590656027691767122e+03 6.462355146051041288e+01 3.855269205636142060e-01
1.590676860818920431e+03 6.390105945281689515e+01 3.849538546006889828e-01
1.590697693945957326e+03 6.386657470024492511e+01 3.848002849013726911e-01
1.590718527072937377e+03 6.328468758533661287e+01 3.859327207879436061e-01
1.590739360199800558e+03 6.376201842452164215e+01 3.854117994602562214e-01
1.590760193326546414e+03 6.291671818769282964e+01 3.842530879080897632e-01
1.590781026453234517e+03 6.401551563275984336e+01 3.856717588618233106e-01
1.590801859579806660e+03 6.345805373239856095e+01 3.844515685445514808e-01
1.590822692706319003e+03 6.348824636139141830e+01 3.843200543527044433e-01
1.590843525832715386e+03 6.428492553229338569e+01 3.848795262324875011e-01
1.590864358958996036e+03 6.335979785741387360e+01 3.840512649159210645e-01
1.590885192085218932e+03 6.454006041671357252e+01 3.852087267551644878e-01
1.590906025211324504e+03 6.368384947749378711e+01 3.849265831763328261e-01
1.590926858337314570e+03 6.346413480621074399e+01 3.841216609324335507e-01
1.590947691463245974e+03 6.365861665336800002e+01 3.833613062410159422e-01
1.590968524589060507e+03 6.375715122157017589e+01 3.841688688894992487e-01
1.590989357714759535e+03 6.325767735232343369e+01 3.835209693932625785e-01
1.591010190840341465e+03 6.377616962158674596e+01 3.835794007206577705e-01
1.591031023965864961e+03 6.407271091683702480e+01 3.846556608037661196e-01
1.591051857091272495e+03 6.441297485053493688e+01 3.850686869409828961e-01
1.591072690216621595e+03 6.428223275047911045e+01 3.837072853148352780e-01
1.591093523341796299e+03 6.324881328134860325e+01 3.828241190801367488e-01
1.591114356466912568e+03 6.351730729969854394e+01 3.841756373445535666e-01
1.591135189591912422e+03 6.334329922547239988e+01 3.831018794365896873e-01
1.591156022716854977e+03 6.378846424026135509e+01 3.832268127212887787e-01
1.591176855841680435e+03 6.451708264151085359e+01 3.833307533937516665e-01
1.591197688966329451e+03 6.358288433432780096e+01 3.836321522122740912e-01
1.591218522090922306e+03 6.369460409378911692e+01 3.831604718998612435e-01
1.591239355215456953e+03 6.367523538002942018e+01 3.839355460987675661e-01
1.591260188339816523e+03 6.391209854236470278e+01 3.831832025075733172e-01
1.591281021464118112e+03 6.342448133275578215e+01 3.826472256500943470e-01
1.591301854588303286e+03 6.357103873596797428e+01 3.831731109841873262e-01
1.591322687712372499e+03 6.386123359980972936e+01 3.827941072677605860e-01
1.591343520836323478e+03 6.415227829763989575e+01 3.831483185409773062e-01
1.591364353960159406e+03 6.367521279466378559e+01 3.825735981575836275e-01
1.591385187083937581e+03 6.442574089848126562e+01 3.834616159629287147e-01
1.591406020207598431e+03 6.327823079073419876e+01 3.827233891994381021e-01
1.591426853331085113e+03 6.421395327476278680e+01 3.834018063895187067e-01
1.591447686454514042e+03 6.425034511959802330e+01 3.830365868030357612e-01
1.591468519577825418e+03 6.435607154174127231e+01 3.833008201258937264e-01
1.591489352701020380e+03 6.398313601959137031e+01 3.833512582768977550e-01
1.591510185824157361e+03 6.424732510504148308e+01 3.835048642477930092e-01
1.591531018947121083e+03 6.425336096160326349e+01 3.829399986478196349e-01
1.591551852069967026e+03 6.452033570052478240e+01 3.833676613937700983e-01
1.591572685192696554e+03 6.369335885584444412e+01 3.830303817705570935e-01
1.591593518315368556e+03 6.409607933985824957e+01 3.827339987160210399e-01
1.591614351437865025e+03 6.321973485831455974e+01 3.828999944854759585e-01
1.591635184560303969e+03 6.299832759930453818e+01 3.824526983820483728e-01
1.591656017682567835e+03 6.381620639241818793e+01 3.832157891190299814e-01
1.591676850804774404e+03 6.368363867448009330e+01 3.825689241542676311e-01
1.591697683926805439e+03 6.354847622139597263e+01 3.830989816677008442e-01
1.591718517048778494e+03 6.345676876754979645e+01 3.822987281223366729e-01
1.591739350170576472e+03 6.389562400469269932e+01 3.828603558892271774e-01
1.591760183292317379e+03 6.434263833944135058e+01 3.844927483372123089e-01
1.591781016413882980e+03 6.365549806860220627e+01 3.829248224634450026e-01
1.591801849535332167e+03 6.340196499517447393e+01 3.826022446554077083e-01
1.591822682656665620e+03 6.386010394522390499e+01 3.834176049515679030e-01
1.591843515777881066e+03 6.373350376994687849e+01 3.828667388171728692e-01
1.591864348898980552e+03 6.415703303370790422e+01 3.831478907357209196e-01
1.591885182019964304e+03 6.362598081059007171e+01 3.829601742590867941e-01
1.591906015140832551e+03 6.419326334536549439e+01 3.829524893637310523e-01
1.591926848261583473e+03 6.315297179937866900e+01 3.838343702755855902e-01
1.591947681382158407e+03 6.407490090793120885e+01 3.829130313203997216e-01
1.591968514502618291e+03 6.311705364155280051e+01 3.820900620201176379e-01
1.591989347622961532e+03 6.407012553336949168e+01 3.830359060050085862e-01
1.592010180743188357e+03 6.454469324713542733e+01 3.832090814809964718e-01
1.592031013863299449e+03 6.431839252929137274e+01 3.829205029779364500e-01
1.592051846983235464e+03 6.446455718718974026e+01 3.828999750271816493e-01
1.592072680103053472e+03 6.324525906786310969e+01 3.824633348880934758e-01
1.592093513222756428e+03 6.392489815995288893e+01 3.829175260068585773e-01
1.592114346342344106e+03 6.353611180372075751e+01 3.824815487307043349e-01
1.592135179461814005e+03 6.385296767728382150e+01 3.834361232244744011e-01
1.592156012581108371e+03 6.370118677570726362e+01 3.833638522017097650e-01
1.592197678819292832e+03 6.375267052815586766e+01 3.833347184045619582e-01
1.592218511938181109e+03 6.462058668683755513e+01 3.866408105781558580e-01
1.592239345056952061e+03 6.412128924214614756e+01 3.832752972532083580e-01
1.592260178175548845e+03 6.402243741859291504e+01 3.837844227129386665e-01
1.592281011294030577e+03 6.470347128855661367e+01 3.835192598321012225e-01
1.592301844412394530e+03 6.477138915786719053e+01 3.843468454175675841e-01
1.592322677530583860e+03 6.474117713470155877e+01 3.839630237437055005e-01
1.592343510648657002e+03 6.482708868633420707e+01 3.839259206959159121e-01
1.592364343766613047e+03 6.396930834219391215e+01 3.836783523649745509e-01
1.592385176884336943e+03 6.423723600683175050e+01 3.841902017245500955e-01
1.592406010002003313e+03 6.391862675492183854e+01 3.840592770173532067e-01
1.592426843119494606e+03 6.434814540851481013e+01 3.841441601072133061e-01
1.592447676236809912e+03 6.428775751312979025e+01 3.840777643521032791e-01
1.592468509354010166e+03 6.435409878229805258e+01 3.846857210640327596e-01
1.592489342471036025e+03 6.401202505336772219e+01 3.841113225076490112e-01
1.592510175587944559e+03 6.532614805677401648e+01 3.852037172297091971e-01
1.592531008704678015e+03 6.467490104699521680e+01 3.851236913820374475e-01
1.592551841821296875e+03 6.349789517417003992e+01 3.835309352060669030e-01
1.592572674937740885e+03 6.414385871183942811e+01 3.842351131670236342e-01
1.592593508054009590e+03 6.420663256071836145e+01 3.842993878993734014e-01
1.592614341170160969e+03 6.502511413244371852e+01 3.846106434951683251e-01
1.592635174286138408e+03 6.467364830212096649e+01 3.842425009455491258e-01
1.592656007401941451e+03 6.473584174862381246e+01 3.840912849558837383e-01
1.592676840517627625e+03 6.492049670986357057e+01 3.855581882907883062e-01
1.592697673633139402e+03 6.426244872292969035e+01 3.836785271343085557e-01
1.592718506748477466e+03 6.422081872569893335e+01 3.832988374502862561e-01
1.592739339863640453e+03 6.493237935485862522e+01 3.845289635309337983e-01
1.592760172978686114e+03 6.440914753665630599e+01 3.846853724404572517e-01
1.592781006093499400e+03 6.427180893041199283e+01 3.840532049073908660e-01
1.592801839208196498e+03 6.417038583712675859e+01 3.836696137967722242e-01
1.592822672322718972e+03 6.467737509741772328e+01 3.845694569529272133e-01
1.592843505437066597e+03 6.417986087274458384e+01 3.838452984714121330e-01
1.592864338551298033e+03 6.404675309650522763e+01 3.832154586004856700e-01
1.592885171665296411e+03 6.448518592255470594e+01 3.846765211693946585e-01
1.592906004779120849e+03 6.434436503555568265e+01 3.838212288536514971e-01
1.592926837892828416e+03 6.452163077511184497e+01 3.836413577306639899e-01
1.592947671006302471e+03 6.469969901779970201e+01 3.839211079039945851e-01
1.592968504119660338e+03 6.431739917931705008e+01 3.830701389207711860e-01
1.592989337232786511e+03 6.482567128077812413e+01 3.855806809342301467e-01
1.593010170345795359e+03 6.499573347945855062e+01 3.838249170381646258e-01
1.593031003458571377e+03 6.495372969201980595e+01 3.842514203838933162e-01
1.593051836571172998e+03 6.476427881115975538e+01 3.838243152841634975e-01
1.593072669683600452e+03 6.320032606532664943e+01 3.840488205127162713e-01
1.593093502795851464e+03 6.387001194267526927e+01 3.828243526258707785e-01
1.593114335907929672e+03 6.424023533178593937e+01 3.836392214486104568e-01
1.593135169019774594e+03 6.505169208512583623e+01 3.837228771341618661e-01
1.593156002131503101e+03 6.446081606330403702e+01 3.842502182107974673e-01
1.593176835242998550e+03 6.317992081222695333e+01 3.833400050218467858e-01
1.593197668354319376e+03 6.403602714445264610e+01 3.830565822739857573e-01
1.593218501465407371e+03 6.420263715585416264e+01 3.839979113097308216e-01
1.593239334576320516e+03 6.414111458973216884e+01 3.839388838837298756e-01
1.593260167687059493e+03 6.414415024572502944e+01 3.837690275364556425e-01
1.593281000797565412e+03 6.452704371862859034e+01 3.837869076267927948e-01
1.593301833907897617e+03 6.440159255104296676e+01 3.842969256868462580e-01
1.593322667018054517e+03 6.380983820869506928e+01 3.846374724308864734e-01
1.593343500127977450e+03 6.393994818741899167e+01 3.838180647513252386e-01
1.593364333237726896e+03 6.453752063605989520e+01 3.836053695006563791e-01
1.593385166347243512e+03 6.397328273474112592e+01 3.837873929596518630e-01
1.593405999456527297e+03 6.428005848525286581e+01 3.833811876066942625e-01
1.593426832565636460e+03 6.408612160329093399e+01 3.836479995497898976e-01
1.593447665674570999e+03 6.368319865138107616e+01 3.835110421760731803e-01
1.593468498783272480e+03 6.404025819317851642e+01 3.838571968459355555e-01
1.593489331891740449e+03 6.389552717732138376e+01 3.836361529499368594e-01
1.593510164999976951e+03 6.416455867680900838e+01 3.863389818847191015e-01
1.593530998108038602e+03 6.391145464927313213e+01 3.835714174439595059e-01
1.593551831215807852e+03 6.378871897090855470e+01 3.834251250716084747e-01
1.593572664323462050e+03 6.378838338520013451e+01 3.830836367409177767e-01
1.593593497430825664e+03 6.432925736277051953e+01 3.837001008262034274e-01
1.593614330537955084e+03 6.372929725023033143e+01 3.833312976133499972e-01
1.593635163644909426e+03 6.375677581981170050e+01 3.834489280968731983e-01
1.593655996751574548e+03 6.410063995375173818e+01 3.838932779159836550e-01
1.593676829858064139e+03 6.427492860533376984e+01 3.830220758173984441e-01
1.593697662964319989e+03 6.339569783741598030e+01 3.826406832885822507e-01
1.593718496070287074e+03 6.369944942481770056e+01 3.847058632230556663e-01
1.593739329176078627e+03 6.447291962468153770e+01 3.839348863006307733e-01
1.593760162281577550e+03 6.466594367801938859e+01 3.841663864462955269e-01
1.593780995386903669e+03 6.432317359298546933e+01 3.834898269875670618e-01
1.593801828491938068e+03 6.513202199902676170e+01 3.845081532907358435e-01
1.593822661596739408e+03 6.379383139617273457e+01 3.834523866992270436e-01
1.593843494701250165e+03 6.331161938442259185e+01 3.827940878040838046e-01
1.593864327805585617e+03 6.465129134715668613e+01 3.836247915228224170e-01
1.593885160909630940e+03 6.419706042635701237e+01 3.832074094138138154e-01
1.593905994013442523e+03 6.452341182511568718e+01 3.836044954865380219e-01
1.593926827116963068e+03 6.406928288821599438e+01 3.838942871279289459e-01
1.593947660220252146e+03 6.476309455709390761e+01 3.840238129861606731e-01
1.593968493323307030e+03 6.479625393677383727e+01 3.839599772373442632e-01
1.593989326426070875e+03 6.464644107586570954e+01 3.836920618064758037e-01
1.594010159528545046e+03 6.549872351638494195e+01 3.845569993829545119e-01
1.594030992630785477e+03 6.453480409235658044e+01 3.835444362353207515e-01
1.594051825732734414e+03 6.338128711535748749e+01 3.830035569782771487e-01
1.594072658834451431e+03 6.427555125676386183e+01 3.838302551371924332e-01
1.594093491935877410e+03 6.381555972922130593e+01 3.852442557669719103e-01
1.594114325037011440e+03 6.346045049514977165e+01 3.830468569807483625e-01
1.594135158137912413e+03 6.446029524093832208e+01 3.849726860463869582e-01
1.594155991238464594e+03 6.405336787181209957e+01 3.834679111648423566e-01
1.594176824338785536e+03 6.492885865929926581e+01 3.837670666941032094e-01
1.594197657438812939e+03 6.409669108937382020e+01 3.838199088632140432e-01
1.594218490538550668e+03 6.559397262897491032e+01 3.847749776720119086e-01
1.594239323637997586e+03 6.435773419369664339e+01 3.835559554428245033e-01
1.594260156737153011e+03 6.399735369311476774e+01 3.831939159534996642e-01
1.594280989835958280e+03 6.460440405372440864e+01 3.839411737426777771e-01
1.594301822934532083e+03 6.379094849212946627e+01 3.833567778874658605e-01
1.594322656032814393e+03 6.454346426954140270e+01 3.836193728775384448e-01
1.594343489130747457e+03 6.498967635332337522e+01 3.837375363615350699e-01
1.594364322228389483e+03 6.514769452883788858e+01 3.843061346686109658e-01
1.594385155325740470e+03 6.443399210992751591e+01 3.842126193183802996e-01
1.594405988422741984e+03 6.470116229320780121e+01 3.842894807908004973e-01
1.594426821519509986e+03 6.462444114373029436e+01 3.843185034379300036e-01
1.594447654615872580e+03 6.561177270048753485e+01 3.845541513281662827e-01
1.594468487711943453e+03 6.445063825209072661e+01 3.835900642544256001e-01
1.594489320807721924e+03 6.405862406519858609e+01 3.840562700739398316e-01
1.594510153903151604e+03 6.410280788203597524e+01 3.835922202334229869e-01
1.594530986998291155e+03 6.461002410600119106e+01 3.835740591305551450e-01
1.594551820093081460e+03 6.439314321124972196e+01 3.842087603275243235e-01
1.594572653187579590e+03 6.411006754889208992e+01 3.840324658910000966e-01
1.594593486281671176e+03 6.457447787633148550e+01 3.837143531669814922e-01
1.594614319375471496e+03 6.403971778042858887e+01 3.835532165057798371e-01
1.594635152468922115e+03 6.404754672970213392e+01 3.836183046767844274e-01
1.594655985562082606e+03 6.472045994488694021e+01 3.839476939441963110e-01
1.594676818654835415e+03 6.457497878753737552e+01 3.845900507753917119e-01
1.594697651747296504e+03 6.420565613910596880e+01 3.840631569095515618e-01
1.594718484839408120e+03 6.573566573269866353e+01 3.844642039429215230e-01
1.594739317931112964e+03 6.444992780874665073e+01 3.841685391909350211e-01
1.594760151022527452e+03 6.470083999923875240e+01 3.854637203189937300e-01
1.594780984113591558e+03 6.470309992561206514e+01 3.840040813057792879e-01
1.594801817204307099e+03 6.520945625058632800e+01 3.848124054485314582e-01
1.594822650294614505e+03 6.454120211788524841e+01 3.836682350267214825e-01
1.594843483384630872e+03 6.470627244119501142e+01 3.842686381923193228e-01
1.594864316474240013e+03 6.490926057640399449e+01 3.842849439865471117e-01
1.594885149563558571e+03 6.473861610182207471e+01 3.838968295539533782e-01
1.594905982652469447e+03 6.488047701754700824e+01 3.833915651534300917e-01
1.594926815741030623e+03 6.403513564229471910e+01 3.835825085206701068e-01
1.594947648829243462e+03 6.424607878738754607e+01 3.834940817760497667e-01
1.594968481917106601e+03 6.381812577571190559e+01 3.839406691986589348e-01
1.594989315004620494e+03 6.583364477581632457e+01 3.846590891866631390e-01
1.595010148091726478e+03 6.383456447114752308e+01 3.835224846797394282e-01
1.595030981178483671e+03 6.447224300152871024e+01 3.836945861544825420e-01
1.595051814264949371e+03 6.480197237591755766e+01 3.841159001559514841e-01
1.595072647351008072e+03 6.423765610292548445e+01 3.839687674096979864e-01
1.595093480436717073e+03 6.390961726499630657e+01 3.831839024877779498e-01
1.595114313522077282e+03 6.450177709179770602e+01 3.836108466104572456e-01
1.595135146607088473e+03 6.443476944960667652e+01 3.840087378409273722e-01
1.595155979691749508e+03 6.491188892574649572e+01 3.838524802424092552e-01
1.595176812776121096e+03 6.393230882731284481e+01 3.834092296571928182e-01
1.595197645860084549e+03 6.456052658305799241e+01 3.848767579977950826e-01
1.595218478943756054e+03 6.471318886563970807e+01 3.837335366808776738e-01
1.595239312027078540e+03 6.477180520244945683e+01 3.841486597840389483e-01
1.595260145110052690e+03 6.473800319623710209e+01 3.854687457940913498e-01
1.595280978192792645e+03 6.510602551166397234e+01 3.846150021138490249e-01
1.595301811275183354e+03 6.454443337309895412e+01 3.838560904873482005e-01
1.595322644357226409e+03 6.456765990597440918e+01 3.837993513674321511e-01
1.595343477439035951e+03 6.446335306310707836e+01 3.838366219364090504e-01
1.595364310520611980e+03 6.441233513962473012e+01 3.874119604757144675e-01
1.595385143601839445e+03 6.452177097378347526e+01 3.845534344675158867e-01
1.595405976682834535e+03 6.492830780903614141e+01 3.847795667881809267e-01
1.595426809763653409e+03 6.460455011203779918e+01 3.845177253660509442e-01
1.595447642844182610e+03 6.487723932609634403e+01 3.847266434030237603e-01
1.595468475924536961e+03 6.452615118255536686e+01 3.846085900843621563e-01
1.595489309004717597e+03 6.445567407210165811e+01 3.848800295457469600e-01
1.595510142084722020e+03 6.476798137456360394e+01 3.861535498492340013e-01
1.595530975164552046e+03 6.436525013401160322e+01 3.852048197177364020e-01
1.595551808244266567e+03 6.361546094346483926e+01 3.841252880436729633e-01
1.595572641323921516e+03 6.441504334035104762e+01 3.852663026079610753e-01
1.595593474403518485e+03 6.434727815716561850e+01 3.855460525395704718e-01
1.595614307483116590e+03 6.382314485451661312e+01 3.851515291864810453e-01
1.595635140562656488e+03 6.414050454614033470e+01 3.856729952406426909e-01
1.595655973642311437e+03 6.445926552694122336e+01 3.871464339146610811e-01
