1.571822908830554979e+03 1.384252904991699324e+02 5.107355062656779854e-01
1.571843741927158590e+03 1.380379652336881691e+02 5.073325603485902002e-01
1.571864575023589168e+03 1.388248572144319724e+02 5.039868253412671528e-01
1.571885408120018383e+03 1.394977379320635578e+02 5.027355523084535704e-01
1.571906241216273884e+03 1.389887745943721598e+02 5.015468511784337835e-01
1.571927074312470495e+03 1.389717970613193643e+02 5.003802224715062641e-01
1.571947907408551146e+03 1.383660670580198939e+02 4.991540905743285239e-01
1.571968740504573361e+03 1.395303910321511580e+02 4.981143531714490313e-01
1.571989573600479616e+03 1.391056294285676813e+02 4.958470699934591219e-01
1.572010406696269001e+03 1.393551350441732666e+02 4.936815775771875581e-01
1.572031239792000406e+03 1.395603817353353406e+02 4.909952953078263183e-01
1.572052072887557188e+03 1.394614786579249994e+02 4.877876075243808840e-01
1.572072905983113969e+03 1.395836167149315656e+02 4.843107457766070434e-01
1.572093739078494991e+03 1.389643789227763477e+02 4.809891278550972871e-01
1.572114572173818033e+03 1.394073661441981642e+02 4.778641138585527637e-01
1.572135405269025341e+03 1.394772941959316768e+02 4.754323064982524105e-01
1.572156238364116462e+03 1.390167520221264112e+02 4.743604595986534722e-01
1.572177071459149374e+03 1.385118551368837529e+02 4.718752153661375237e-01
1.572197904554066099e+03 1.389354360983891752e+02 4.721250780856446894e-01
1.572218737648865499e+03 1.395927856394486639e+02 4.717742793481726205e-01
1.572239570743607601e+03 1.390404486581986703e+02 4.701592877011909755e-01
1.572260403838232833e+03 1.386004629375159709e+02 4.679836366352195243e-01
1.572281236932742104e+03 1.387863578071971915e+02 4.659959633861122663e-01
1.572302070027192713e+03 1.399469259045802687e+02 4.632327911610306104e-01
1.572322903121526906e+03 1.390161392060824426e+02 4.593322247422372273e-01
1.572343736215744684e+03 1.388832688551182741e+02 4.557656101005918003e-01
1.572364569309846047e+03 1.392028546731518190e+02 4.515447025685717097e-01
1.572385402403889657e+03 1.395353327534965331e+02 4.481724869800681743e-01
1.572406235497816397e+03 1.380834959842055696e+02 4.416853773304377229e-01
1.572427068591626494e+03 1.389197945927911064e+02 4.388101069530873644e-01
1.572447901685378383e+03 1.386167092361328059e+02 4.355485685170183419e-01
1.572468734779014085e+03 1.386524010712113864e+02 4.347724358778342624e-01
1.572489567872533371e+03 1.383195580146222596e+02 4.321517679664915179e-01
1.572510400965936469e+03 1.385308846227326853e+02 4.311784885381046428e-01
1.572531234059281360e+03 1.391382521542044231e+02 4.299522624575021768e-01
1.572552067152510062e+03 1.385524780277031027e+02 4.284524855437997770e-01
1.572572900245680557e+03 1.385471735666199891e+02 4.275597864864246755e-01
1.572593733338733955e+03 1.385910220379723512e+02 4.274187011824036597e-01
1.572635399524491504e+03 1.396768993768074552e+02 4.282459700707123007e-01
1.572656232617253863e+03 1.389262095607052174e+02 4.273638404991417228e-01
1.572677065709900489e+03 1.392951975158177618e+02 4.266445961225856509e-01
1.572697898802430018e+03 1.399185156650686395e+02 4.266007263046856512e-01
1.572718731894901339e+03 1.398622815414596516e+02 4.242565960098779732e-01
1.572739564987198719e+03 1.401548766167031488e+02 4.226937296779303965e-01
1.572760398079494280e+03 1.402182100256928550e+02 4.216649450893967255e-01
1.572781231171617037e+03 1.398100009497160841e+02 4.188906582837267911e-01
1.572802064263681586e+03 1.398329580768085805e+02 4.175516703605473556e-01
1.572822897355628356e+03 1.393255177571035688e+02 4.158035597465801758e-01
1.572843730447517828e+03 1.401594576214048686e+02 4.153472474246363011e-01
1.572864563539291339e+03 1.405466845200436410e+02 4.146166997290924305e-01
1.572885396630947980e+03 1.404345506371560930e+02 4.135894772575869349e-01
1.572906229722488661e+03 1.390907251831744986e+02 4.129184536681912987e-01
1.572927062813969314e+03 1.403160011981649404e+02 4.130807429859567614e-01
1.572947895905334917e+03 1.401390595633180851e+02 4.120262568391515612e-01
1.572968728996642312e+03 1.403195254177961999e+02 4.117577123573991082e-01
1.572989562087775994e+03 1.399442758398308229e+02 4.106834293408145875e-01
1.573010395178850558e+03 1.396863361898947460e+02 4.099714680373758302e-01
1.573031228269866915e+03 1.397739150179686760e+02 4.091377509939265189e-01
1.573052061360767311e+03 1.401207043139441453e+02 4.081684992218053143e-01
1.573072894451549928e+03 1.396482794229306705e+02 4.064181786663460527e-01
1.573093727542217039e+03 1.389232315845948449e+02 4.043448046593783318e-01
1.573114560632826397e+03 1.401215777254905959e+02 4.057287576923912509e-01
1.573135393723318884e+03 1.402286157000041555e+02 4.021977835750636943e-01
1.573156226813753619e+03 1.394397722679728133e+02 3.997287769493005349e-01
1.573177059904070575e+03 1.398872219988095367e+02 3.981680800636522854e-01
1.573197892994272024e+03 1.393968769042046461e+02 3.969348734650275934e-01
1.573218726084357513e+03 1.394496119626140285e+02 3.947088955828528256e-01
1.573239559174383885e+03 1.390477412550669953e+02 3.938689574429151130e-01
1.573260392264294296e+03 1.388157101654100529e+02 3.914589372453942673e-01
1.573281225354146500e+03 1.394825123156726647e+02 3.903874819577310418e-01
1.573302058443881833e+03 1.392647549463770815e+02 3.907242648838359367e-01
1.573322891533501661e+03 1.387595798716508568e+02 3.878273150667373992e-01
1.573343724623062371e+03 1.393180511210497627e+02 3.869234949509439137e-01
1.573364557712507121e+03 1.389206670590590420e+02 3.862924634560215842e-01
1.573385390801835001e+03 1.395609478981629934e+02 3.855310755683904467e-01
1.573406223891104446e+03 1.388189367220411157e+02 3.843435693311309520e-01
1.573427056980258385e+03 1.388720692242539769e+02 3.841666579643022161e-01
1.573447890069295681e+03 1.389600460709184517e+02 3.830571852340376449e-01
1.573468723158273860e+03 1.390014492381292541e+02 3.828572616876893542e-01
1.573489556247137443e+03 1.389512237738526323e+02 3.822707020609342199e-01
1.573510389335940999e+03 1.397054773491641129e+02 3.832307788074977850e-01
1.573531222424629050e+03 1.391203867016687923e+02 3.816290878066967984e-01
1.573552055513201594e+03 1.388316523153992534e+02 3.817774735203311454e-01
1.573572888601715022e+03 1.392995709481795643e+02 3.814152695504731128e-01
1.573593721690111579e+03 1.390378990730545468e+02 3.814433584636869878e-01
1.573614554778449929e+03 1.391533165786212578e+02 3.805190106040280407e-01
1.573635387866614110e+03 1.393337329630904264e+02 3.811900341839731254e-01
1.573656220954778291e+03 1.397371812118213938e+02 3.809110753107947667e-01
1.573677054042767395e+03 1.385314146473556320e+02 3.805145071662758838e-01
1.573697887130698973e+03 1.393421893116478145e+02 3.828690350883943161e-01
1.573718720218514591e+03 1.388289116248673736e+02 3.804203339462976508e-01
1.573739553306270409e+03 1.386023599568457030e+02 3.798258525440352806e-01
1.573760386393910494e+03 1.396076871666516865e+02 3.809784923024673309e-01
1.573781219481492371e+03 1.391769474367299040e+02 3.806313639141681304e-01
1.573802052568958061e+03 1.386969236142913928e+02 3.805250020516309228e-01
1.573822885656306880e+03 1.393344508769910419e+02 3.807808232608324572e-01
1.573843718743598401e+03 1.392694341561074225e+02 3.807396529389150408e-01
1.573864551830772598e+03 1.386181459666146054e+02 3.802116559375524618e-01
1.573885384917830834e+03 1.385892289737479359e+02 3.800204108742152864e-01
1.573906218004831317e+03 1.388174251596944941e+02 3.803934426163173010e-01
1.573927051091714475e+03 1.393028597898997702e+02 3.807587906479547590e-01
1.573947884178539880e+03 1.390483972816759319e+02 3.804930074114410976e-01
1.573968717265248870e+03 1.400651158303263060e+02 3.815106228078170014e-01
1.573989550351899652e+03 1.391079090460441989e+02 3.808459548542056372e-01
1.574010383438374902e+03 1.394229654195625017e+02 3.808147306441102553e-01
1.574031216524851061e+03 1.386468522537537638e+02 3.802233544957601685e-01
1.574052049611151688e+03 1.390864188703980062e+02 3.804190804960973504e-01
1.574072882697395016e+03 1.387239961776168968e+02 3.801430249843799070e-01
1.574093715783580137e+03 1.389652314745109436e+02 3.815128491251435494e-01
1.574114548869648388e+03 1.392867886681855794e+02 3.805300535910163262e-01
1.574135381955600451e+03 1.393284868306633939e+02 3.808053198381188831e-01
1.574156215041494306e+03 1.396025283159385992e+02 3.814659960755092949e-01
1.574177048127271519e+03 1.391435993862238547e+02 3.813457415699972874e-01
1.574197881212932998e+03 1.388712683402471555e+02 3.802825863937204787e-01
1.574218714298536497e+03 1.391793918335195031e+02 3.808384620598008752e-01
1.574239547384022444e+03 1.388306341907151022e+02 3.807449560200751870e-01
1.574260380469450411e+03 1.390373006930760766e+02 3.806445371690540536e-01
1.574281213554762417e+03 1.393258319677019017e+02 3.808753768298066000e-01
1.574302046640016670e+03 1.389459128006021160e+02 3.803769700033500234e-01
1.574322879725153598e+03 1.391521720569934075e+02 3.807561098611675354e-01
1.574343712810174111e+03 1.386262669189408996e+02 3.803061746966184820e-01
1.574364545895137326e+03 1.388742719865132074e+02 3.805741048714006980e-01
1.574385378979982306e+03 1.397613156271175399e+02 3.815186882641288246e-01
1.574406212064770898e+03 1.392042408500489614e+02 3.807975718898155559e-01
1.574427045149443529e+03 1.393137764406690735e+02 3.815643827874597438e-01
1.574447878233997471e+03 1.392529264449721893e+02 3.808236129794583258e-01
1.574468711318494570e+03 1.395418093132106776e+02 3.811779548236765569e-01
1.574489544402875026e+03 1.397547085600653247e+02 3.812012140922185766e-01
1.574510377487197502e+03 1.392382959608785313e+02 3.810078258236330728e-01
1.574531210571403335e+03 1.400230091703133724e+02 3.815824638099091226e-01
1.574552043655492980e+03 1.398375081934072170e+02 3.816349446899873210e-01
1.574572876739524418e+03 1.399082471763169622e+02 3.818253030296096528e-01
1.574593709823497647e+03 1.390211069926546088e+02 3.809344095506865813e-01
1.574614542907295345e+03 1.388182718510185509e+02 3.841695476797699627e-01
1.574635375991035971e+03 1.390685924148778838e+02 3.812681694078743910e-01
1.574656209074717935e+03 1.393291954510943356e+02 3.811062330678161025e-01
1.574677042158282575e+03 1.399628458281683550e+02 3.815612585499005838e-01
1.574697875241730344e+03 1.393966324461359534e+02 3.812773147553763509e-01
1.574718708325121952e+03 1.388737460126623375e+02 3.832932975670207409e-01
1.574739541408396690e+03 1.390490503559542788e+02 3.808393815490337397e-01
1.574760374491612311e+03 1.394508927453730394e+02 3.813417168031387194e-01
1.574781207574712425e+03 1.394276012852527060e+02 3.813414823493910255e-01
1.574802040657696125e+03 1.390391610178223800e+02 3.809147721129906294e-01
1.574822873740621617e+03 1.391696920237943687e+02 3.811471683151804180e-01
1.574843706823430693e+03 1.390096962822589717e+02 3.812271298912559003e-01
1.574864539906180653e+03 1.393974296174872904e+02 3.815168720866620733e-01
1.574885372988815107e+03 1.391413251087775222e+02 3.818643466693403266e-01
1.574906206071333600e+03 1.389846910781527640e+02 3.808433138077265689e-01
1.574927039153792521e+03 1.396397420407026004e+02 3.814926750909790054e-01
1.574947872236135481e+03 1.387168374290130828e+02 3.807886498146640930e-01
1.574968705318421144e+03 1.392563829222432901e+02 3.810775523166763379e-01
1.574989538400589481e+03 1.389882871381493601e+02 3.808934709985870581e-01
1.575010371482699611e+03 1.398282906395142788e+02 3.816114385215048643e-01
1.575031204564693326e+03 1.389607785328043406e+02 3.809651154670261608e-01
1.575052037646571080e+03 1.390987743096596887e+02 3.812699672285523866e-01
1.575072870728332418e+03 1.384978536207514423e+02 3.806939181367827718e-01
1.575093703810093302e+03 1.388674573433751505e+02 3.809219308977740415e-01
1.575114536891679563e+03 1.389168382701331552e+02 3.809518750664922515e-01
1.575135369973208071e+03 1.382235613489642674e+02 3.807349564216017113e-01
1.575156203054620619e+03 1.391778446509246407e+02 3.816456430314171810e-01
1.575177036135973594e+03 1.390049479838199602e+02 3.810347324544767211e-01
1.575197869217210609e+03 1.393579685085931601e+02 3.816887652393519126e-01
1.575218702298330982e+03 1.385169545430415212e+02 3.813512902080576916e-01
1.575239535379394056e+03 1.388980640193868794e+02 3.813349566622395992e-01
1.575260368460340487e+03 1.392671353961991656e+02 3.818211467249017499e-01
1.575281201541228711e+03 1.396739340152442139e+02 3.821521630096312294e-01
1.575302034621999610e+03 1.392987799643474887e+02 3.814654882577052653e-01
1.575322867702654548e+03 1.391601642274193580e+02 3.820705619821337384e-01
1.575343700783250370e+03 1.391075136014707709e+02 3.810454085416415393e-01
1.575364533863731594e+03 1.392425916699097002e+02 3.816861495448074515e-01
1.575385366944153020e+03 1.388110667237222629e+02 3.806288192507297774e-01
1.575406200024458485e+03 1.392860631184803424e+02 3.819505563401076609e-01
1.575427033104648444e+03 1.389083931792129931e+02 3.815864860374991729e-01
1.575447866184780651e+03 1.386793736077244148e+02 3.808592771872370553e-01
1.575468699264794395e+03 1.393921536252312308e+02 3.813420294079113426e-01
1.575489532344693089e+03 1.388617659781423015e+02 3.809139701642388354e-01
1.575510365424532665e+03 1.389470929307934739e+02 3.809300674952624255e-01
1.575531198504256963e+03 1.386635041345183197e+02 3.809634531081729225e-01
1.575552031583922599e+03 1.383610281771111090e+02 3.807317666705581916e-01
1.575572864663471591e+03 1.397444542496151882e+02 3.817327413598561869e-01
1.575593697742904624e+03 1.397717576683506309e+02 3.821387297734648580e-01
1.575614530822220331e+03 1.387425598828098998e+02 3.811700580770195912e-01
1.575635363901478286e+03 1.392770662306764109e+02 3.818383765569578481e-01
1.575656196980678487e+03 1.395395362890152171e+02 3.819031717176199492e-01
1.575677030059704521e+03 1.388630847423075068e+02 3.814847457980811152e-01
1.575697863138670982e+03 1.401416013750427965e+02 3.822110570102680294e-01
1.575718696217579691e+03 1.388999275174119248e+02 3.814815232550976543e-01
1.575760362375047862e+03 1.398673408575397161e+02 3.816207318309378094e-01
1.575781195453608689e+03 1.401910443312665109e+02 3.822194975451975729e-01
1.575802028532109489e+03 1.390375275104801744e+02 3.815028891835233193e-01
1.575822861610494328e+03 1.392473124478454167e+02 3.813474413374174365e-01
1.575843694688762298e+03 1.393297675748723634e+02 3.815843773021080909e-01
1.575864527766972515e+03 1.394877080596792780e+02 3.813024242503637584e-01
1.575885360845066998e+03 1.401755022115280553e+02 3.820697624593374919e-01
1.575906193923045066e+03 1.396031508107092804e+02 3.815845920812457881e-01
1.575927027000963335e+03 1.399455729415466863e+02 3.822101018340670064e-01
1.575947860078766553e+03 1.396550979508399735e+02 3.816086856279923833e-01
1.575968693156451991e+03 1.393483227662139825e+02 3.820400619270658549e-01
1.575989526234079676e+03 1.411050270906931701e+02 3.825894309194791121e-01
1.576010359337901491e+03 1.400307456902936565e+02 3.818862179483575869e-01
1.576031192415297483e+03 1.401886065527448011e+02 3.821049983761162783e-01
1.576052025492634584e+03 1.407604984844044225e+02 3.825013394737476480e-01
1.576072858569854816e+03 1.399997426262030444e+02 3.828769551724470199e-01
1.576093691646959542e+03 1.395362953768681109e+02 3.830906188560561088e-01
1.576114524723946943e+03 1.404588308905570671e+02 3.824181179528383656e-01
1.576135357800876591e+03 1.400309338247861604e+02 3.823308444758332092e-01
1.576156190877690506e+03 1.395938365083364374e+02 3.814346272914969083e-01
1.576177023954387550e+03 1.403797973327369277e+02 3.823137537667677943e-01
1.576197857031026615e+03 1.394323793995320955e+02 3.844638551184790809e-01
1.576218690107548355e+03 1.403225349235386545e+02 3.823676736235166462e-01
1.576239523183954589e+03 1.400179921815659725e+02 3.818331667123933681e-01
1.576260356260243498e+03 1.405121157372217340e+02 3.828358351154204642e-01
1.576281189336474654e+03 1.399225528983939171e+02 3.835092548611414576e-01
1.576302022412588940e+03 1.396947267214722217e+02 3.817391431422541559e-01
1.576322855488588175e+03 1.399907834737225585e+02 3.835023386509695542e-01
1.576343688564470540e+03 1.401680986214240363e+02 3.825360487175797353e-01
1.576364521640293333e+03 1.394488874659437556e+02 3.820140062430713579e-01
1.576385354716001530e+03 1.395381033898115106e+02 3.816570438535113463e-01
1.576406187791591492e+03 1.393786347291308516e+02 3.816488641886162658e-01
1.576427020867066403e+03 1.399884658962382389e+02 3.824422953592248597e-01
1.576447853942482652e+03 1.399472197006869294e+02 3.824698608030727698e-01
1.576468687017782031e+03 1.393170645108233998e+02 3.820848166077477348e-01
1.576489520092965904e+03 1.394983205755011113e+02 3.825520193655204126e-01
1.576510353168033362e+03 1.391311452885492486e+02 3.820390673190576236e-01
1.576531186242984404e+03 1.398186191001170187e+02 3.822861965560732100e-01
1.576552019317876329e+03 1.398570670697355069e+02 3.836085159349939544e-01
1.576572852392652294e+03 1.393815599427239249e+02 3.820404714707872351e-01
1.576593685467311388e+03 1.396062998565447231e+02 3.837022561869179449e-01
1.576614518541854068e+03 1.397618621434664306e+02 3.824872172469893084e-01
1.576635351616338539e+03 1.392559573023788460e+02 3.816855639390954180e-01
1.576656184690648388e+03 1.393100804866712110e+02 3.815616295544492775e-01
1.576677017764900484e+03 1.396311924131057367e+02 3.825893919712993196e-01
1.576697850839036619e+03 1.392099763548618512e+02 3.822910104411605392e-01
1.576718683913056338e+03 1.388035620911300612e+02 3.818556056115809949e-01
1.576739516987017396e+03 1.391076796085623926e+02 3.818464936263128440e-01
1.576760350060803376e+03 1.389468345669174312e+02 3.822623990918946890e-01
1.576781183134531602e+03 1.387104916675406514e+02 3.818312934924791846e-01
1.576802016208085661e+03 1.398205310988443557e+02 3.821757723864053213e-01
1.576822849281580602e+03 1.397932654707194615e+02 3.824414381686953579e-01
1.576843682354959583e+03 1.389628969561346423e+02 3.817830744294851142e-01
1.576864515428221694e+03 1.398529518040070627e+02 3.826720700278471998e-01
1.576885348501426051e+03 1.390168755834367289e+02 3.826966012946833584e-01
1.576906181574455331e+03 1.394505455333854229e+02 3.829733646819835080e-01
1.576927014647427313e+03 1.395531522237119475e+02 3.843532230442049946e-01
1.576947847720224445e+03 1.391610240514753798e+02 3.823280577874883512e-01
1.576968680792963369e+03 1.397152562927723807e+02 3.823590025297284312e-01
1.576989513865586559e+03 1.390245071335139642e+02 3.817656664565907132e-01
1.577010346938033308e+03 1.398531607474093619e+02 3.834104150347964479e-01
1.577031180010422304e+03 1.390303025228588751e+02 3.818045795959830735e-01
1.577052013082695339e+03 1.393465405567216635e+02 3.846514188639897913e-01
1.577072846154852414e+03 1.394698220039747412e+02 3.826558902126628858e-01
1.577093679226950371e+03 1.389232378703117661e+02 3.817047127802281614e-01
1.577114512298874615e+03 1.397319473182560898e+02 3.820532061112443811e-01
1.577135345370681534e+03 1.387888713878958811e+02 3.817495067758128191e-01
1.577156178442372493e+03 1.391116968550975059e+02 3.824840810679490111e-01
1.577177011514005699e+03 1.393887622408985578e+02 3.823783904340264383e-01
1.577197844585463372e+03 1.386987026807175596e+02 3.817076992101405275e-01
1.577218677656804630e+03 1.386958491926453689e+02 3.849900457717847502e-01
1.577239510728088590e+03 1.394547223472103212e+02 3.824054344313817522e-01
1.577260343799196107e+03 1.397262379285285476e+02 3.824541789390734636e-01
1.577281176870187664e+03 1.393097611531561881e+02 3.822910689090279202e-01
1.577302009941121923e+03 1.397421975252645154e+02 3.826637952379218777e-01
1.577322843011881560e+03 1.395287775789749105e+02 3.829570419532690728e-01
1.577343676082525462e+03 1.399389291766423753e+02 3.828205769523699842e-01
1.577364509153052495e+03 1.385113312135086119e+02 3.821553019125757955e-01
1.577385342223521548e+03 1.393581770499093864e+02 3.824992163033030246e-01
1.577406175293815068e+03 1.390499683488409914e+02 3.825691383806682500e-01
1.577427008363992627e+03 1.401258164587081865e+02 3.828352707299143565e-01
1.577447841434053316e+03 1.399244421235877951e+02 3.829036331691314521e-01
1.577468674503998500e+03 1.394874058730324577e+02 3.826895730527692940e-01
1.577489507573826359e+03 1.390537554095665769e+02 3.821852859096070976e-01
1.577510340643479594e+03 1.397638240063772344e+02 3.830332800584259623e-01
1.577531173713075532e+03 1.394975872319798214e+02 3.824865549504518070e-01
1.577552006782554599e+03 1.391852848354103287e+02 3.822616974242750154e-01
1.577572839851858589e+03 1.397655383371676123e+02 3.829719444960327235e-01
1.577593672921046618e+03 1.395691047541419607e+02 3.830671631125751597e-01
1.577614505990118005e+03 1.395218114571480896e+02 3.826851535658521430e-01
1.577635339059073431e+03 1.388212294303561691e+02 3.816574538082365131e-01
1.577656172127911304e+03 1.399156941992077918e+02 3.832032292139376239e-01
1.577677005196634582e+03 1.390814788798712982e+02 3.823353265193766282e-01
1.577697838265240080e+03 1.399080127937670852e+02 3.852111444564970122e-01
1.577718671333671409e+03 1.401877725303243380e+02 3.831084917130566647e-01
1.577739504401985869e+03 1.393144212582298280e+02 3.827740786208665980e-01
1.577760337470184368e+03 1.396447872373168479e+02 3.830266664835630941e-01
1.577781170538266451e+03 1.392493829106979319e+02 3.821826346236649186e-01
1.577802003606173457e+03 1.391396813057528163e+02 3.820307203105850480e-01
1.577822836673964503e+03 1.395183961461438571e+02 3.826512950982967065e-01
1.577843669741639587e+03 1.387793310988470807e+02 3.829314961673306872e-01
1.577864502809197347e+03 1.391431133884695441e+02 3.821704891595660292e-01
1.577885335876638692e+03 1.395889199199145878e+02 3.835512157096189756e-01
1.577906168943905413e+03 1.396303793428681388e+02 3.830496578905165928e-01
1.577927002011055720e+03 1.393836257037203836e+02 3.825150131882005256e-01
1.577947835078089611e+03 1.394721084242857501e+02 3.826165184182611090e-01
1.577968668144949334e+03 1.390817163057229209e+02 3.822657125049196969e-01
1.577989501211692641e+03 1.388942228752028996e+02 3.820225096406779097e-01
1.578010334278319533e+03 1.395293078364894086e+02 3.843008613418447683e-01
1.578031167344771347e+03 1.393985554263191204e+02 3.830767322957943088e-01
1.578052000411106292e+03 1.395762521654996249e+02 3.833620836353873740e-01
1.578072833477326640e+03 1.394607558029900645e+02 3.826107155066044152e-01
1.578093666543370546e+03 1.391264440572848571e+02 3.825115850663860506e-01
1.578114499609299401e+03 1.396026348976310203e+02 3.831571273339424710e-01
1.578135332675052496e+03 1.395057728267077266e+02 3.833903991509505227e-01
1.578156165740690540e+03 1.395896310489421239e+02 3.826217565414605226e-01
1.578176998806210577e+03 1.387027332168186717e+02 3.821175748810591855e-01
1.578197831871557355e+03 1.398068385339227575e+02 3.830661517215194767e-01
1.578218664936786354e+03 1.391987121331708295e+02 3.821194077014855028e-01
1.578239498001841639e+03 1.391233943015761270e+02 3.824501073934629125e-01
1.578260331066779599e+03 1.396998872303059329e+02 3.831867218395439978e-01
1.578281164131543392e+03 1.392157898213800706e+02 3.824419641722025531e-01
1.578301997196191678e+03 1.388376276654113326e+02 3.822563374207936793e-01
1.578322830260664432e+03 1.394203998452028372e+02 3.827865358227969250e-01
1.578343663325021680e+03 1.386668078806867186e+02 3.822127529294780390e-01
1.578364496389203396e+03 1.392494661691924023e+02 3.827763170542172189e-01
1.578385329453268696e+03 1.390015439625962586e+02 3.824644647559707344e-01
1.578406162517159373e+03 1.386451982004783758e+02 3.824574322481917310e-01
1.578426995580934545e+03 1.397588061897174612e+02 3.837929645369086984e-01
1.578447828644534638e+03 1.386378866822686859e+02 3.818885396252190700e-01
1.578468661707959654e+03 1.395024710980130749e+02 3.832721675227448443e-01
1.578489494771268710e+03 1.394171906200268722e+02 3.828374114981163978e-01
1.578510327834403597e+03 1.397288466275404630e+02 3.831405401889764195e-01
1.578531160897362497e+03 1.394372415102734237e+02 3.831242634764618904e-01
1.578551993960205436e+03 1.397777994971338273e+02 3.829892587325849918e-01
1.578572827022873298e+03 1.394865599500147084e+02 3.830800581144727102e-01
1.578593660085367446e+03 1.394093644214653125e+02 3.825033262831225023e-01
1.578614493147744497e+03 1.394219994220490548e+02 3.832916258672214305e-01
1.578635326209946470e+03 1.393454983667504621e+02 3.827324219073927614e-01
1.578656159271974957e+03 1.393701880908246267e+02 3.835104787842219531e-01
1.578676992333828366e+03 1.392809494717557470e+02 3.829314377972469208e-01
1.578697825395565815e+03 1.397090316064160902e+02 3.846596508962018546e-01
1.578718658457128640e+03 1.394819129729411600e+02 3.825342373702875776e-01
1.578739491518516843e+03 1.393629826653250916e+02 3.830359838105586445e-01
1.578760324579730423e+03 1.393388528722917670e+02 3.827438098237473940e-01
1.578781157640769379e+03 1.394404482521238435e+02 3.828948185443359908e-01
1.578801990701691466e+03 1.394879751001104751e+02 3.832817704655581137e-01
1.578822823762381631e+03 1.398063446749640946e+02 3.834986085083148533e-01
1.578843656822954472e+03 1.392740704218235521e+02 3.839518466338737723e-01
1.578885322943517622e+03 1.403689138563250083e+02 3.844681766434110415e-01
1.578906156003566593e+03 1.402175149252328765e+02 3.840989082715688396e-01
1.578926989063441397e+03 1.404214040884311601e+02 3.836522720042437884e-01
1.578947822123141577e+03 1.398296783980985936e+02 3.837857816521961229e-01
1.578968655182666680e+03 1.397289986418910814e+02 3.834441287486693994e-01
1.578989488242017615e+03 1.407305366834986842e+02 3.842696851963268156e-01
1.579010321301135718e+03 1.398835059904208435e+02 3.835710289591021671e-01
1.579031154360137407e+03 1.411922319555445426e+02 3.844073413795860428e-01
1.579051987418964472e+03 1.406645075775066971e+02 3.838830886083052230e-01
1.579072820477557570e+03 1.409019404404578495e+02 3.842064138869997758e-01
1.579093653536034708e+03 1.413118865612318302e+02 3.852725296450727477e-01
1.579114486594279697e+03 1.409040448687697733e+02 3.836258402840369564e-01
1.579135319652349608e+03 1.403114103111822999e+02 3.835226983735045003e-01
1.579156152710245351e+03 1.396041215049270363e+02 3.832969713932871114e-01
1.579176985767908718e+03 1.396920180899141997e+02 3.830131861082635703e-01
1.579197818825453851e+03 1.408174790748682028e+02 3.864494503504964928e-01
1.579218651882766608e+03 1.406348377500510196e+02 3.836034855121878140e-01
1.579239484939905651e+03 1.405984624753292564e+02 3.837522532741734493e-01
1.579260317996810954e+03 1.405310002427037261e+02 3.839140438582002157e-01
1.579281151053599842e+03 1.408453246626820601e+02 3.838117170563479785e-01
1.579301984110156354e+03 1.411534779503055006e+02 3.844453669701118348e-01
1.579322817166480945e+03 1.403083897907583548e+02 3.841043977410684707e-01
1.579343650222630458e+03 1.413220543270626877e+02 3.854128626902044719e-01
1.579364483278605348e+03 1.415421686654710811e+02 3.842373818700298704e-01
1.579385316334347408e+03 1.407344593706845330e+02 3.837682509664251951e-01
1.579406149389913480e+03 1.396870012375241572e+02 3.832030347849266216e-01
1.579426982445247631e+03 1.405023224722110342e+02 3.841824444670435268e-01
1.579447815500407614e+03 1.404231723781929304e+02 3.847182191410202790e-01
1.579468648555334312e+03 1.406244466939668030e+02 3.840243174209423960e-01
1.579489481610086386e+03 1.415350075198864772e+02 3.845616492229928518e-01
1.579510314664606540e+03 1.403502358668220324e+02 3.834540576981761983e-01
1.579531147718951615e+03 1.406198980228205073e+02 3.839917994234510190e-01
1.579551980773004516e+03 1.401798046742314057e+02 3.836750899894610378e-01
1.579572813826941456e+03 1.411966620756600150e+02 3.843249590794849402e-01
1.579593646880587585e+03 1.404943728586191298e+02 3.838095040737866115e-01
1.579614479934059545e+03 1.400523863995669842e+02 3.841214475718823240e-01
1.579635312987298676e+03 1.400444424630552476e+02 3.843958283030299294e-01
1.579656146040304520e+03 1.403152405236632774e+02 3.842149657210076064e-01
1.579676979093077534e+03 1.402877921067105831e+02 3.838352631771477230e-01
1.579697812145675471e+03 1.411182480015111196e+02 3.847604741560170516e-01
1.579718645197983506e+03 1.399828979943559659e+02 3.829944528509174884e-01
1.579739478250116463e+03 1.412668562826251843e+02 3.843976502606704093e-01
1.579760311302016362e+03 1.405958212243774881e+02 3.837151880969612017e-01
1.579781144353684340e+03 1.399350858921902443e+02 3.838987703258458506e-01
1.579801977405118123e+03 1.398873815342513751e+02 3.846657328021340083e-01
1.579822810456319530e+03 1.399983830027499607e+02 3.836779639883918236e-01
1.579843643507287425e+03 1.394862884455915548e+02 3.832435322182808357e-01
1.579864476557964281e+03 1.402118426053405074e+02 3.842309053661566165e-01
1.579885309608467651e+03 1.402895526809896012e+02 3.841166566264778148e-01
1.579906142658679528e+03 1.396342851201744395e+02 3.834914783950949535e-01
1.579926975708717009e+03 1.398633163108882513e+02 3.838839619881320719e-01
1.579947808758462543e+03 1.404691744753368141e+02 3.851042675664451687e-01
1.579968641807976383e+03 1.393957134310425374e+02 3.832981376799761697e-01
1.579989474857199639e+03 1.398358042486705983e+02 3.848071390596076724e-01
1.580010307906247363e+03 1.398291946312836558e+02 3.835689117097138556e-01
1.580031140954945386e+03 1.400436077957802752e+02 3.836090014935498727e-01
1.580051974003468331e+03 1.395856230150272097e+02 3.838954321921155266e-01
1.580072807051701602e+03 1.397782164915635406e+02 3.841286629720339074e-01
1.580093640099702498e+03 1.394901613406622971e+02 3.837764242872296339e-01
1.580114473147411445e+03 1.394757971272714485e+02 3.832340255239879978e-01
1.580135306194887562e+03 1.398166959672906842e+02 3.842419774068654426e-01
1.580156139242072641e+03 1.393854761854632329e+02 3.837077319137416898e-01
1.580176972288966681e+03 1.398682488269764121e+02 3.837757642155261717e-01
1.580197805335628345e+03 1.398832303534274502e+02 3.837189938012976476e-01
1.580218638382056497e+03 1.405527700450157340e+02 3.852123242892379618e-01
1.580239471428135403e+03 1.399595510293467839e+02 3.836750123135154733e-01
1.580260304473981705e+03 1.396491450814972382e+02 3.835242330797734578e-01
1.580281137519537424e+03 1.405611209878961176e+02 3.857888881565303407e-01
1.580301970564801650e+03 1.400272990311224817e+02 3.879711985578020994e-01
1.580322803609775292e+03 1.389748615963710279e+02 3.835148499061956651e-01
1.580343636654515421e+03 1.398117706599911116e+02 3.839637028978795663e-01
1.580364469698906305e+03 1.400633510190836830e+02 3.839255519760882418e-01
1.580385302743064585e+03 1.399686895214048548e+02 3.843719288462939532e-01
1.580406135786874529e+03 1.390712009029117553e+02 3.832809929082904854e-01
1.580426968830449823e+03 1.394149779808685707e+02 3.834594398197114784e-01
1.580447801873676326e+03 1.397821204613795771e+02 3.839265999157241427e-01
1.580468634916612700e+03 1.394919967098292091e+02 3.843111365072791608e-01
1.580489467959257126e+03 1.399042237870317251e+02 3.844629249184186026e-01
1.580510301001610515e+03 1.399532958150741138e+02 3.842435480207765375e-01
1.580531134043672864e+03 1.403791675102850149e+02 3.846251139189681978e-01
1.580551967085386423e+03 1.400680136120654140e+02 3.844638163601881709e-01
1.580572800126809398e+03 1.400515896209128357e+02 3.857039227399173820e-01
1.580593633167882672e+03 1.394907204255596298e+02 3.836994988764537151e-01
1.580614466208664453e+03 1.400221787586797575e+02 3.842264066525092892e-01
1.580635299249155651e+03 1.395264590545584440e+02 3.855317519602785570e-01
1.580656132289297602e+03 1.398926354922871838e+02 3.847182772400106199e-01
1.580676965329090308e+03 1.402117741774186186e+02 3.847784437183961459e-01
1.580697798368592430e+03 1.403919792364076784e+02 3.844018368540173536e-01
1.580718631407802604e+03 1.396237962998497437e+02 3.838613893337505245e-01
1.580739464446606007e+03 1.402839387207449136e+02 3.843609768550209083e-01
1.580760297485118372e+03 1.398283710842278822e+02 3.841212148147821193e-01
1.580781130523281035e+03 1.392320861539448629e+02 3.834962188666100613e-01
1.580801963561094453e+03 1.400825214949973940e+02 3.844180400911234585e-01
1.580822796598617515e+03 1.399045059737624968e+02 3.840865712269719290e-01
1.580843629635732668e+03 1.391631328160552243e+02 3.833133573959466855e-01
1.580864462672556556e+03 1.393855264202059629e+02 3.847056308195424545e-01
1.580885295708972535e+03 1.398944260991572435e+02 3.842943083570198870e-01
1.580906128745099068e+03 1.397621411594769540e+02 3.841392336764536952e-01
1.580926961780817692e+03 1.390716096662022210e+02 3.836081080653320208e-01
1.580947794816243913e+03 1.394775157903006289e+02 3.839754811806292967e-01
1.580968627851263591e+03 1.391709892738868746e+02 3.839721049058747449e-01
1.580989460885934477e+03 1.394529217667464991e+02 3.837828696336094692e-01
1.581010293920254981e+03 1.400943394257318175e+02 3.846247458694208587e-01
1.581031126954226693e+03 1.402654256833867521e+02 3.845142182163173161e-01
1.581051959987791633e+03 1.392247918508938369e+02 3.839676031600206541e-01
1.581072793021007328e+03 1.388800768898238971e+02 3.835779050829270509e-01
1.581093626053872867e+03 1.389470761785089223e+02 3.838660087811908705e-01
1.581114459086330953e+03 1.393482559470259332e+02 3.839222722946694089e-01
1.581135292118440020e+03 1.393025875878800832e+02 3.850999531796153730e-01
1.581156125150198932e+03 1.395039841528129898e+02 3.839632177878778418e-01
1.581176958181551527e+03 1.404418119825908207e+02 3.851167267799426863e-01
1.581197791212554421e+03 1.390308734837893496e+02 3.835609282147017240e-01
1.581218624243209433e+03 1.391073345424521790e+02 3.836474169386779320e-01
1.581239457273455628e+03 1.392488260067297006e+02 3.841161717096451267e-01
1.581260290303294369e+03 1.398940064924786668e+02 3.842776733552132340e-01
1.581281123332784318e+03 1.397220517778793578e+02 3.848571862040857661e-01
1.581301956361925022e+03 1.389219125985343624e+02 3.837393226132165269e-01
1.581322789390657363e+03 1.397406515658334456e+02 3.842107964833085809e-01
1.581343622418984069e+03 1.400473561037778154e+02 3.844181369983817320e-01
1.581364455447018372e+03 1.396892109885833406e+02 3.848617356217773899e-01
1.581385288474645677e+03 1.399192140607128181e+02 3.845110791932948580e-01
1.581406121501865528e+03 1.391638933511716516e+02 3.837847139146131625e-01
1.581426954528736587e+03 1.392645474471361240e+02 3.845425845215240668e-01
1.581447787555257491e+03 1.392981758140240629e+02 3.848646201183277826e-01
1.585614408590276526e+03 1.382766987821581779e+02 5.264978476658777051e-01
1.585635241735939417e+03 1.379282407817924536e+02 5.245925059840933491e-01
1.585656074881545919e+03 1.382846913406324347e+02 5.245239597299150569e-01
1.585676908027094669e+03 1.381766610034729865e+02 5.227764852355579750e-01
1.585697741172526094e+03 1.388745448021003881e+02 5.213034097948926471e-01
1.585718574317898856e+03 1.392629931525912070e+02 5.180792344039422126e-01
1.585739407463213865e+03 1.386708654820899937e+02 5.143076222395069896e-01
1.585760240608412460e+03 1.392371713779535867e+02 5.107713329978009753e-01
1.585781073753552846e+03 1.385503049151071764e+02 5.066356520456504198e-01
1.585801906898635025e+03 1.384494871048442519e+02 5.040677129827120240e-01
1.585822740043658996e+03 1.386831879405046948e+02 5.029643222771560396e-01
1.585843573188626124e+03 1.382030583946368552e+02 5.013839522717820074e-01
1.585864406333474562e+03 1.395400871565291823e+02 5.029549601602953945e-01
1.585885239478265021e+03 1.383334418600111917e+02 5.022288058942108169e-01
1.585906072622997954e+03 1.386552550123036553e+02 5.030188027843390808e-01
1.585947738912173008e+03 1.403353629436256824e+02 5.037419250825529993e-01
1.585968572056673111e+03 1.398471945739792659e+02 5.028349852053818347e-01
1.585989405201115915e+03 1.401100102087376627e+02 5.021944764560063446e-01
1.586010238345441394e+03 1.403712113300481406e+02 5.009559493257882412e-01
1.586031071489707301e+03 1.405630523016270672e+02 4.982907464841109246e-01
1.586051904633916820e+03 1.394788127869214236e+02 4.942968219668421592e-01
1.586072737778009923e+03 1.404662301598498289e+02 4.908981692599585500e-01
1.586093570922102117e+03 1.394619358041114765e+02 4.860626783160951758e-01
1.586114404066078350e+03 1.393746599688224705e+02 4.829657110922663255e-01
1.586135237209939078e+03 1.416515168993443581e+02 4.805205712633667803e-01
1.586156070353798441e+03 1.398714765520483354e+02 4.765140164836579872e-01
1.586176903497541389e+03 1.402566856707783813e+02 4.738316855803929584e-01
1.586197736641168831e+03 1.397054372959387365e+02 4.709565679364141610e-01
1.586218569784796045e+03 1.407813919641499751e+02 4.692018873885716035e-01
1.586239402928305935e+03 1.419215073708588193e+02 4.674070831003713788e-01
1.586260236071758300e+03 1.406504202916133295e+02 4.648034054214078004e-01
1.586281069215152911e+03 1.408981663025886064e+02 4.628371034736963319e-01
1.586301902358430425e+03 1.409384941871160208e+02 4.639197550651918966e-01
1.586322735501649504e+03 1.407397754488122246e+02 4.587227745448732019e-01
1.586343568644811967e+03 1.403271056538640664e+02 4.561830785087345741e-01
1.586364401787856423e+03 1.398537910350563607e+02 4.523127938913084067e-01
1.586385234930842671e+03 1.402265237671855687e+02 4.500825951858642426e-01
1.586406068073771166e+03 1.399935605712469169e+02 4.466292505849404071e-01
1.586426901216584156e+03 1.401412889013799372e+02 4.441887412600701301e-01
1.586447734359395554e+03 1.399718757612266700e+02 4.426388368100158122e-01
1.586468567502090536e+03 1.402125741638679131e+02 4.408431723721963347e-01
1.586489400644670013e+03 1.396263819894135736e+02 4.398455584202613511e-01
1.586510233787249035e+03 1.394284400086981179e+02 4.383693980415694913e-01
1.586531066929711869e+03 1.409972404209264880e+02 4.393527785280530451e-01
1.586551900072058288e+03 1.402431729171787538e+02 4.389498902214808984e-01
1.586572733214405162e+03 1.393402600089533223e+02 4.372808043554594071e-01
1.586593566356635165e+03 1.400932203865394285e+02 4.382280184808803325e-01
1.586614399498806506e+03 1.400503247588908664e+02 4.375496223101087989e-01
1.586635232640861886e+03 1.398740911337880561e+02 4.370643456167918606e-01
1.586656065782916585e+03 1.400713611431880281e+02 4.384598420827175991e-01
1.586676898924856005e+03 1.395335124458567293e+02 4.366759646071294854e-01
1.586697732066679009e+03 1.407299337824771897e+02 4.376040403091525643e-01
1.586718565208501332e+03 1.405177169477628638e+02 4.359582062045695983e-01
1.586739398350207011e+03 1.407596888455470605e+02 4.365273631215928485e-01
1.586760231491854938e+03 1.398314628371235813e+02 4.331267995645589064e-01
1.586781064633386904e+03 1.399003340564381688e+02 4.315077978625243560e-01
1.586801897774917506e+03 1.397505896305798672e+02 4.302128614536807061e-01
1.586822730916332148e+03 1.392341634152262770e+02 4.288134788976832312e-01
1.586843564057630829e+03 1.402812625508975941e+02 4.282175235592927676e-01
1.586864397198930874e+03 1.402358757932186109e+02 4.274657638404229520e-01
1.586885230340112457e+03 1.404324852076636319e+02 4.266472155947854117e-01
1.586906063481235378e+03 1.405628441039252436e+02 4.278333714857531223e-01
1.586926896622243476e+03 1.392810730678706932e+02 4.237139148032554314e-01
1.586947729763192910e+03 1.406099622154621613e+02 4.230874793237925924e-01
1.586968562904084138e+03 1.399274021480655108e+02 4.216918371092580053e-01
1.586989396044917157e+03 1.395532697216726774e+02 4.195083711377713964e-01
1.587010229185691969e+03 1.401734842839961743e+02 4.189282927357140807e-01
1.587031062326350366e+03 1.399128048897045176e+02 4.179342380428902048e-01
1.587051895466950555e+03 1.398457004994028807e+02 4.150825208463121974e-01
1.587072728607434328e+03 1.395435312032665252e+02 4.137298219203282001e-01
1.587093561747859439e+03 1.399903479766307441e+02 4.124116015360568821e-01
1.587114394888225888e+03 1.400482354219215040e+02 4.107744372047040793e-01
1.587135228028535948e+03 1.391380697155364317e+02 4.088987783726751868e-01
1.587156061168787346e+03 1.395673896213643843e+02 4.080716701732781670e-01
1.587176894308921419e+03 1.388916598150332788e+02 4.068921589199708255e-01
1.587197727448996375e+03 1.396460294739989649e+02 4.068245859160302680e-01
1.587218560589014942e+03 1.389938395931562809e+02 4.057110916668937306e-01
1.587239393728917094e+03 1.393741441745751217e+02 4.054196565046686018e-01
1.587260226868760583e+03 1.398698387247860069e+02 4.051431469429623844e-01
1.587281060008544955e+03 1.388993573902536127e+02 4.041152951768158808e-01
1.587301893148214049e+03 1.389397064194041036e+02 4.039022390140620256e-01
1.587322726287882460e+03 1.392205962952271250e+02 4.031623364686863220e-01
1.587343559427435139e+03 1.396015309527429906e+02 4.029433957688229873e-01
1.587364392566929382e+03 1.387239191405190297e+02 4.018391157417471327e-01
1.587385225706307665e+03 1.394504994085345402e+02 4.021500982516115763e-01
1.587406058845626376e+03 1.393959029535974139e+02 4.019489573567554541e-01
1.587426891984886879e+03 1.389701697146454649e+02 4.013497193333723234e-01
1.587447725124090539e+03 1.390320369993955865e+02 4.013490324717534086e-01
1.587468558263235536e+03 1.392660925273214616e+02 4.012911648000381248e-01
1.587489391402264118e+03 1.394646998845331041e+02 4.036665347133476245e-01
1.587510224541234038e+03 1.396700664225026003e+02 4.014070959739338140e-01
1.587531057680146660e+03 1.385659409795113106e+02 4.001791791144668209e-01
1.587551890818941501e+03 1.388793606341749580e+02 4.005916370003125282e-01
1.587572723957678591e+03 1.389116791339159818e+02 4.006552775244517917e-01
1.587593557096357927e+03 1.394916597936953622e+02 4.010984351698490546e-01
1.587614390234979510e+03 1.384829154988483424e+02 3.998671482420729784e-01
1.587635223373483313e+03 1.387999478496303425e+02 3.999835852890835097e-01
1.587656056511930046e+03 1.391199530782935483e+02 3.999128701265035613e-01
1.587676889650318572e+03 1.389256149253117201e+02 3.999864166158783596e-01
1.587697722788647525e+03 1.388942025054554392e+02 3.993498696970939066e-01
1.587718555926860972e+03 1.388759958381324680e+02 4.003735794532864434e-01
1.587739389065017349e+03 1.387319584214761505e+02 3.991353897883335722e-01
1.587760222203113472e+03 1.392258697525645630e+02 3.992395742699726968e-01
1.587781055341152296e+03 1.380627675912678569e+02 3.982434267601948075e-01
1.587801888479074933e+03 1.383891933999036326e+02 3.984064763276689014e-01
1.587822721616939361e+03 1.392324016776217093e+02 3.990629560308158186e-01
1.587843554754745583e+03 1.391317368644222654e+02 3.986847988921616848e-01
1.587864387892493596e+03 1.396449947289163163e+02 3.989628899449358945e-01
1.587885221030124967e+03 1.393993154539154773e+02 3.986397958954031040e-01
1.587906054167697448e+03 1.390960636763704770e+02 3.980111852037414577e-01
1.587926887305212404e+03 1.389105627773113554e+02 3.980744708886559402e-01
1.587947720442669379e+03 1.383236701679127805e+02 3.971281415762837885e-01
1.587968553580009939e+03 1.392508045337602027e+02 3.979474213916465719e-01
1.587989386717291382e+03 1.392140975661580740e+02 3.977239427489053791e-01
1.588010219854515981e+03 1.389725647547163021e+02 3.973458988253099622e-01
1.588031052991682373e+03 1.395468002961347054e+02 3.978395837582597294e-01
1.588051886128731439e+03 1.391367632203738651e+02 3.968718941634593600e-01
1.588072719265721844e+03 1.385302042045015298e+02 3.966450483110439684e-01
1.588093552402654950e+03 1.388667112285066025e+02 3.967976201833993133e-01
1.588114385539529849e+03 1.390065207896060997e+02 3.967373609290384961e-01
1.588135218676287423e+03 1.386309734987345621e+02 3.958770347196024497e-01
1.588156051813044996e+03 1.394290285649443319e+02 3.969126863683829498e-01
1.588176884949629994e+03 1.384999910062390143e+02 3.957405441682324554e-01
1.588197718086213627e+03 1.390031929693875270e+02 3.962145483842865468e-01
1.588218551222680617e+03 1.384310073125531915e+02 3.958290773296769816e-01
1.588239384359147607e+03 1.391369380836268874e+02 3.956692213199889951e-01
1.588260217495440429e+03 1.387748338294353800e+02 3.952130950368731854e-01
1.588281050631732569e+03 1.397513562692282392e+02 3.965343575378005858e-01
1.588301883767908294e+03 1.397216953617647448e+02 3.960050682998239591e-01
1.588322716904085155e+03 1.389400539949560596e+02 3.952797879944386916e-01
1.588343550040086029e+03 1.384395079106851938e+02 3.944424633172627925e-01
1.588364383176088040e+03 1.391052590538690765e+02 3.951025310971619797e-01
1.588385216311974091e+03 1.390733981588046504e+02 3.954989962125016745e-01
1.588406049447859004e+03 1.385903634279416394e+02 3.945255279126063663e-01
1.588426882583569522e+03 1.395032290655342990e+02 3.952494212851488942e-01
1.588447715719279586e+03 1.388675535919091431e+02 3.945423917802329816e-01
1.588468548854873461e+03 1.390971099222296630e+02 3.944446733112895176e-01
1.588489381990467564e+03 1.387545196951176081e+02 3.942143706790229296e-01
1.588510215125886134e+03 1.390936222320486308e+02 3.943068177579718281e-01
1.588531048261305841e+03 1.394873801198131389e+02 3.945997008816532481e-01
1.588551881396609133e+03 1.393138255263565668e+02 3.951720331191775903e-01
1.588572714531853990e+03 1.392714022382878056e+02 3.946333837974937975e-01
1.588593547667041094e+03 1.391461855112621606e+02 3.939649842721432149e-01
1.588614380802169308e+03 1.393796101191770163e+02 3.939547528642650676e-01
1.588635213937181561e+03 1.391828722233678377e+02 3.940123554424919683e-01
1.588656047072134697e+03 1.391986223753221452e+02 3.951624363075224022e-01
1.588676880207030536e+03 1.389173932413669093e+02 3.932654025158920930e-01
1.588697713341809958e+03 1.393462281227179176e+02 3.940313779504135416e-01
1.588718546476588472e+03 1.386565483852537568e+02 3.929964939281356262e-01
1.588739379611251024e+03 1.388718751277745582e+02 3.930434510535499304e-01
1.588760212745797617e+03 1.390313827834905567e+02 3.931161979272111973e-01
1.588781045880343527e+03 1.391570416496204246e+02 3.939923108519697292e-01
1.588801879014773021e+03 1.380684129463241163e+02 3.924963756867746456e-01
1.588822712149144991e+03 1.387220184739417448e+02 3.925917513935472392e-01
1.588843545283458297e+03 1.394679702192186710e+02 3.931176004183412620e-01
1.588864378417656098e+03 1.386540545623235801e+02 3.923605130715252520e-01
1.588885211551795010e+03 1.385530549032881709e+02 3.922091405908786355e-01
1.588906044685876168e+03 1.390759261601333492e+02 3.923789890496077182e-01
1.588926877819839547e+03 1.392586104729425642e+02 3.936858798603998788e-01
1.588947710953803380e+03 1.391408943718455191e+02 3.924269313892799205e-01
1.588968544087651480e+03 1.391449709267449464e+02 3.922756225247931994e-01
1.588989377221383620e+03 1.388764714497863224e+02 3.919134824131235706e-01
1.589010210355114395e+03 1.385912755012580533e+02 3.911787875939686798e-01
1.589031043488728983e+03 1.387361819901683759e+02 3.910132576702149421e-01
1.589072709755726009e+03 1.392342878258743610e+02 3.912491770665590951e-01
1.589093542889165974e+03 1.394961993656181107e+02 3.923011106096134792e-01
1.589114376022431998e+03 1.400371197942411925e+02 3.923567911864869751e-01
1.589135209179795993e+03 1.393514562856233283e+02 3.904895738450450127e-01
1.589156042312944464e+03 1.390550324191663947e+02 3.911787495009984017e-01
1.589176875446035410e+03 1.396935806951864834e+02 3.902631609650624722e-01
1.589197708579068603e+03 1.391432697541638390e+02 3.908278701409884648e-01
1.589218541711984471e+03 1.394064206437522841e+02 3.893600773592409969e-01
1.589239374844842587e+03 1.407586228295904505e+02 3.903954021901298588e-01
1.589260207977642949e+03 1.409586373821063603e+02 3.895041023951627546e-01
1.589281041110385104e+03 1.409405021129566649e+02 3.897985871783117284e-01
1.589301874243010388e+03 1.401819881706607305e+02 3.890705651669095211e-01
1.589322707375577011e+03 1.404092853474869571e+02 3.886486219034971379e-01
1.589343540508028127e+03 1.408902723360023401e+02 3.886078249810044349e-01
1.589364373640478561e+03 1.396312453390321764e+02 3.884013207144533242e-01
1.589385206772812580e+03 1.404262109523058939e+02 3.885823247293669347e-01
1.589406039905030866e+03 1.399775663303849740e+02 3.881318255759571567e-01
1.589426873037249152e+03 1.411751987121868979e+02 3.895243014355871392e-01
1.589447706169292360e+03 1.409841658493733974e+02 3.884560258825398571e-01
1.589468539301336477e+03 1.396905931659921123e+02 3.885123725906859948e-01
1.589489372433263497e+03 1.396797955182912290e+02 3.875539026917023677e-01
1.589510205565131855e+03 1.399022236183219263e+02 3.875586319219624931e-01
1.589531038696942005e+03 1.404431967539991888e+02 3.880241210422720188e-01
1.589551871828636649e+03 1.396219247304389910e+02 3.871193169511396581e-01
1.589572704960272858e+03 1.401554980014998080e+02 3.873788036505589893e-01
1.589593538091849950e+03 1.401151047680162662e+02 3.874790924338554210e-01
1.589614371223311082e+03 1.402695243101498761e+02 3.887214629011679912e-01
1.589635204354714006e+03 1.400397485072465429e+02 3.873138665185483775e-01
1.589656037486000514e+03 1.403748716105694427e+02 3.873455285773581558e-01
1.589676870617286568e+03 1.403500558425555482e+02 3.874199992321196162e-01
1.589697703748398908e+03 1.397676085286072976e+02 3.873192719499552461e-01
1.589718536879510566e+03 1.394978786650517009e+02 3.869688785703405687e-01
1.589739370010505581e+03 1.391753085376387276e+02 3.868283395869469010e-01
1.589760203141383954e+03 1.398684925904498186e+02 3.870010694087331893e-01
1.589781036272263464e+03 1.397515415539714354e+02 3.866565153348723305e-01
1.589801869403026103e+03 1.398640428187338784e+02 3.867147040877962350e-01
1.589822702533671873e+03 1.393784000434601467e+02 3.861315343716991144e-01
1.589843535664260344e+03 1.388847850391234715e+02 3.861043461295411983e-01
1.589864368794790607e+03 1.396768932789019573e+02 3.864678811832908401e-01
1.589885201925204001e+03 1.394800431865074870e+02 3.865571310461491383e-01
1.589906035055558959e+03 1.400431589930845178e+02 3.870664247461360619e-01
1.589926868185856165e+03 1.397769058627999925e+02 3.863784371565316955e-01
1.589947701316036500e+03 1.404602587258957271e+02 3.883147204151583542e-01
1.589968534446158628e+03 1.390118656007836648e+02 3.863439766897764360e-01
1.589989367576165023e+03 1.396856326175252434e+02 3.860717717472041954e-01
1.590010200706112983e+03 1.398633989435562910e+02 3.863822551948268846e-01
1.590031033835944527e+03 1.387644495402613529e+02 3.852843259301391710e-01
1.590051866965716954e+03 1.394227164809824160e+02 3.860499832004108400e-01
1.590072700095432538e+03 1.392053416221058910e+02 3.856784623057225581e-01
1.590093533225030569e+03 1.393601019682541562e+02 3.862454571811717030e-01
1.590114366354570848e+03 1.400295974153035843e+02 3.863145083350693065e-01
1.590135199483995166e+03 1.396462311462071284e+02 3.865493827389067105e-01
1.590156032613361049e+03 1.390210769390320138e+02 3.858198836099145379e-01
1.590176865742610516e+03 1.394041722393462521e+02 3.856296809822762905e-01
1.590197698871801094e+03 1.395209422850804799e+02 3.857257308346799807e-01
1.590218532000934374e+03 1.396971434579435538e+02 3.861052144848269863e-01
1.590239365129950556e+03 1.388646148040280366e+02 3.852286288208645604e-01
1.590260198258849869e+03 1.396539564466935133e+02 3.858518034274576736e-01
1.590281031387692565e+03 1.392496362984346376e+02 3.853857010782588133e-01
1.590301864516475462e+03 1.388631417068448286e+02 3.854714324635170053e-01
1.590322697645141488e+03 1.391458356013422701e+02 3.850300262867655809e-01
1.590343530773692692e+03 1.393261447151499794e+02 3.852504251417107617e-01
1.590364363902185687e+03 1.395423658165336462e+02 3.858955561281921520e-01
1.590385197030619565e+03 1.390408819220075429e+02 3.853764792273804418e-01
1.590406030158937028e+03 1.388411825642222368e+02 3.852492067463782477e-01
1.590426863287138985e+03 1.390694650323126496e+02 3.863092624236721395e-01
1.590447696415282962e+03 1.392238438678409409e+02 3.862292534463042104e-01
1.590468529543367595e+03 1.389560921625339063e+02 3.851590734846452313e-01
1.590489362671336039e+03 1.384820690947313722e+02 3.847704853196256547e-01
1.590510195799188978e+03 1.388132623703944546e+02 3.848711827514103012e-01
1.590531028926982572e+03 1.388640113692508180e+02 3.850603475586367730e-01
1.590551862054659978e+03 1.387700404400946752e+02 3.858595464334920178e-01
1.590572695182279858e+03 1.387431866594858718e+02 3.861858472355031435e-01
1.590593528309782414e+03 1.389052599212219832e+02 3.846131036993397645e-01
1.590614361437226535e+03 1.385750320582484960e+02 3.850267753641385959e-01
1.590635194564554695e+03 1.388320695254865882e+02 3.846459953112033037e-01
1.590656027691767122e+03 1.396912766478662036e+02 3.855269205636142060e-01
1.590676860818920431e+03 1.390091257861907650e+02 3.849538546006889828e-01
1.590697693945957326e+03 1.388358497781788969e+02 3.848002849013726911e-01
1.590718527072937377e+03 1.389145481041592802e+02 3.859327207879436061e-01
1.590739360199800558e+03 1.393075353522788760e+02 3.854117994602562214e-01
1.590760193326546414e+03 1.384363491673268811e+02 3.842530879080897632e-01
1.590781026453234517e+03 1.391175694048395712e+02 3.856717588618233106e-01
1.590801859579806660e+03 1.386033638893086959e+02 3.844515685445514808e-01
1.590822692706319003e+03 1.389428674781723316e+02 3.843200543527044433e-01
1.590843525832715386e+03 1.395131998876282751e+02 3.848795262324875011e-01
1.590864358958996036e+03 1.388983681402153252e+02 3.840512649159210645e-01
1.590885192085218932e+03 1.398167807877588871e+02 3.852087267551644878e-01
1.590906025211324504e+03 1.392281521415093550e+02 3.849265831763328261e-01
1.590926858337314570e+03 1.389661651787324104e+02 3.841216609324335507e-01
1.590947691463245974e+03 1.385284779684396881e+02 3.833613062410159422e-01
1.590968524589060507e+03 1.390590091008670299e+02 3.841688688894992487e-01
1.590989357714759535e+03 1.387640739567374624e+02 3.835209693932625785e-01
1.591010190840341465e+03 1.389030763863696620e+02 3.835794007206577705e-01
1.591031023965864961e+03 1.393772341661816654e+02 3.846556608037661196e-01
1.591051857091272495e+03 1.396945726537249755e+02 3.850686869409828961e-01
1.591072690216621595e+03 1.391941896653440267e+02 3.837072853148352780e-01
1.591093523341796299e+03 1.383281052935979289e+02 3.828241190801367488e-01
1.591114356466912568e+03 1.392750364067668443e+02 3.841756373445535666e-01
1.591135189591912422e+03 1.384742175425712389e+02 3.831018794365896873e-01
1.591156022716854977e+03 1.389058722977797515e+02 3.832268127212887787e-01
1.591176855841680435e+03 1.392243346182782204e+02 3.833307533937516665e-01
1.591197688966329451e+03 1.387778193518057321e+02 3.836321522122740912e-01
1.591218522090922306e+03 1.386022517906813505e+02 3.831604718998612435e-01
1.591239355215456953e+03 1.389692240434915789e+02 3.839355460987675661e-01
1.591260188339816523e+03 1.389602155688710354e+02 3.831832025075733172e-01
1.591281021464118112e+03 1.386788299258912218e+02 3.826472256500943470e-01
1.591301854588303286e+03 1.390579071818700072e+02 3.831731109841873262e-01
1.591322687712372499e+03 1.388525839874384644e+02 3.827941072677605860e-01
1.591343520836323478e+03 1.389614886355880685e+02 3.831483185409773062e-01
1.591364353960159406e+03 1.386565182443041238e+02 3.825735981575836275e-01
1.591385187083937581e+03 1.395046798252522535e+02 3.834616159629287147e-01
1.591406020207598431e+03 1.390701877388516152e+02 3.827233891994381021e-01
1.591426853331085113e+03 1.393078235394981448e+02 3.834018063895187067e-01
1.591447686454514042e+03 1.391388128069200434e+02 3.830365868030357612e-01
1.591468519577825418e+03 1.394280901364256238e+02 3.833008201258937264e-01
1.591489352701020380e+03 1.393656862394678626e+02 3.833512582768977550e-01
1.591510185824157361e+03 1.391140039808014706e+02 3.835048642477930092e-01
1.591531018947121083e+03 1.388095257315777076e+02 3.829399986478196349e-01
1.591551852069967026e+03 1.394000314381434578e+02 3.833676613937700983e-01
1.591572685192696554e+03 1.392320996516027662e+02 3.830303817705570935e-01
1.591593518315368556e+03 1.389326956951373404e+02 3.827339987160210399e-01
1.591614351437865025e+03 1.383511775902025818e+02 3.828999944854759585e-01
1.591635184560303969e+03 1.383467190255905734e+02 3.824526983820483728e-01
1.591656017682567835e+03 1.391901466561418488e+02 3.832157891190299814e-01
1.591676850804774404e+03 1.388229231655973024e+02 3.825689241542676311e-01
1.591697683926805439e+03 1.389538605519605028e+02 3.830989816677008442e-01
1.591718517048778494e+03 1.383411718716431267e+02 3.822987281223366729e-01
1.591739350170576472e+03 1.387266354993928417e+02 3.828603558892271774e-01
1.591760183292317379e+03 1.390659057704371264e+02 3.844927483372123089e-01
1.591781016413882980e+03 1.389051090735163996e+02 3.829248224634450026e-01
1.591801849535332167e+03 1.388475577166151425e+02 3.826022446554077083e-01
1.591822682656665620e+03 1.394445913377264219e+02 3.834176049515679030e-01
1.591843515777881066e+03 1.389394961638087693e+02 3.828667388171728692e-01
1.591864348898980552e+03 1.392575011800785205e+02 3.831478907357209196e-01
1.591885182019964304e+03 1.391381811459030473e+02 3.829601742590867941e-01
1.591906015140832551e+03 1.389998058650780024e+02 3.829524893637310523e-01
1.591926848261583473e+03 1.388178418822955678e+02 3.838343702755855902e-01
1.591947681382158407e+03 1.390032543209527205e+02 3.829130313203997216e-01
1.591968514502618291e+03 1.383932442839608825e+02 3.820900620201176379e-01
1.591989347622961532e+03 1.388887150493564491e+02 3.830359060050085862e-01
1.592010180743188357e+03 1.392433076568138688e+02 3.832090814809964718e-01
1.592031013863299449e+03 1.390109040162871565e+02 3.829205029779364500e-01
1.592051846983235464e+03 1.390731223928010252e+02 3.828999750271816493e-01
1.592072680103053472e+03 1.386174639529946546e+02 3.824633348880934758e-01
1.592093513222756428e+03 1.388353730450363059e+02 3.829175260068585773e-01
1.592114346342344106e+03 1.386397339984384303e+02 3.824815487307043349e-01
1.592135179461814005e+03 1.393980911185985860e+02 3.834361232244744011e-01
1.592156012581108371e+03 1.390053522554749463e+02 3.833638522017097650e-01
1.592197678819292832e+03 1.391726351523377332e+02 3.833347184045619582e-01
1.592218511938181109e+03 1.403746358841175095e+02 3.866408105781558580e-01
1.592239345056952061e+03 1.395450250750253360e+02 3.832752972532083580e-01
1.592260178175548845e+03 1.393992970552893382e+02 3.837844227129386665e-01
1.592281011294030577e+03 1.394913329080393964e+02 3.835192598321012225e-01
1.592301844412394530e+03 1.398869207664070586e+02 3.843468454175675841e-01
1.592322677530583860e+03 1.399500960953120909e+02 3.839630237437055005e-01
1.592343510648657002e+03 1.400237574415077120e+02 3.839259206959159121e-01
1.592364343766613047e+03 1.397295955276677546e+02 3.836783523649745509e-01
1.592385176884336943e+03 1.392907141139931468e+02 3.841902017245500955e-01
1.592406010002003313e+03 1.392153083573545018e+02 3.840592770173532067e-01
1.592426843119494606e+03 1.402077764051875874e+02 3.841441601072133061e-01
1.592447676236809912e+03 1.406519273112920416e+02 3.840777643521032791e-01
1.592468509354010166e+03 1.401882439331522789e+02 3.846857210640327596e-01
1.592489342471036025e+03 1.406352534001290735e+02 3.841113225076490112e-01
1.592510175587944559e+03 1.413787275471882765e+02 3.852037172297091971e-01
1.592531008704678015e+03 1.409471272549099581e+02 3.851236913820374475e-01
1.592551841821296875e+03 1.403139879124821050e+02 3.835309352060669030e-01
1.592572674937740885e+03 1.400992197686514658e+02 3.842351131670236342e-01
1.592593508054009590e+03 1.406558225694518569e+02 3.842993878993734014e-01
1.592614341170160969e+03 1.410855866227648789e+02 3.846106434951683251e-01
1.592635174286138408e+03 1.405645385285113775e+02 3.842425009455491258e-01
1.592656007401941451e+03 1.402488413172510491e+02 3.840912849558837383e-01
1.592676840517627625e+03 1.404830073613361492e+02 3.855581882907883062e-01
1.592697673633139402e+03 1.399842482957945720e+02 3.836785271343085557e-01
1.592718506748477466e+03 1.398076579269745991e+02 3.832988374502862561e-01
1.592739339863640453e+03 1.406314583750699114e+02 3.845289635309337983e-01
1.592760172978686114e+03 1.403523333141418732e+02 3.846853724404572517e-01
1.592781006093499400e+03 1.400683988268559688e+02 3.840532049073908660e-01
1.592801839208196498e+03 1.395465204324949866e+02 3.836696137967722242e-01
1.592822672322718972e+03 1.402535758997312598e+02 3.845694569529272133e-01
1.592843505437066597e+03 1.398399787766779525e+02 3.838452984714121330e-01
1.592864338551298033e+03 1.390348838836179368e+02 3.832154586004856700e-01
1.592885171665296411e+03 1.395355811367414560e+02 3.846765211693946585e-01
1.592906004779120849e+03 1.395819897347051892e+02 3.838212288536514971e-01
1.592926837892828416e+03 1.395309314845092956e+02 3.836413577306639899e-01
1.592947671006302471e+03 1.395140661992792843e+02 3.839211079039945851e-01
1.592968504119660338e+03 1.390444380217776370e+02 3.830701389207711860e-01
1.592989337232786511e+03 1.396666631968495267e+02 3.855806809342301467e-01
1.593010170345795359e+03 1.394328944860714614e+02 3.838249170381646258e-01
1.593031003458571377e+03 1.395344715878439104e+02 3.842514203838933162e-01
1.593051836571172998e+03 1.391886556242687618e+02 3.838243152841634975e-01
1.593072669683600452e+03 1.381274866986296388e+02 3.840488205127162713e-01
1.593093502795851464e+03 1.384893050430754897e+02 3.828243526258707785e-01
1.593114335907929672e+03 1.389729785677060647e+02 3.836392214486104568e-01
1.593135169019774594e+03 1.394072951729111196e+02 3.837228771341618661e-01
1.593156002131503101e+03 1.396643353069451052e+02 3.842502182107974673e-01
1.593176835242998550e+03 1.386879225554815491e+02 3.833400050218467858e-01
1.593197668354319376e+03 1.384505722171709579e+02 3.830565822739857573e-01
1.593218501465407371e+03 1.393457830105780602e+02 3.839979113097308216e-01
1.593239334576320516e+03 1.389975374288339367e+02 3.839388838837298756e-01
1.593260167687059493e+03 1.389709238841452645e+02 3.837690275364556425e-01
1.593281000797565412e+03 1.394045172222787414e+02 3.837869076267927948e-01
1.593301833907897617e+03 1.395838038035718114e+02 3.842969256868462580e-01
1.593322667018054517e+03 1.391445347853109809e+02 3.846374724308864734e-01
1.593343500127977450e+03 1.391513437912804534e+02 3.838180647513252386e-01
1.593364333237726896e+03 1.390686598340652438e+02 3.836053695006563791e-01
1.593385166347243512e+03 1.391172695376722857e+02 3.837873929596518630e-01
1.593405999456527297e+03 1.388461330908684488e+02 3.833811876066942625e-01
1.593426832565636460e+03 1.392509026188001258e+02 3.836479995497898976e-01
1.593447665674570999e+03 1.386493376443212640e+02 3.835110421760731803e-01
1.593468498783272480e+03 1.389535184051947851e+02 3.838571968459355555e-01
1.593489331891740449e+03 1.386544773960237933e+02 3.836361529499368594e-01
1.593510164999976951e+03 1.390059610898373137e+02 3.863389818847191015e-01
1.593530998108038602e+03 1.387271730734071866e+02 3.835714174439595059e-01
1.593551831215807852e+03 1.387884341480844625e+02 3.834251250716084747e-01
1.593572664323462050e+03 1.385471047315103306e+02 3.830836367409177767e-01
1.593593497430825664e+03 1.392009755017291468e+02 3.837001008262034274e-01
1.593614330537955084e+03 1.386698579844585311e+02 3.833312976133499972e-01
1.593635163644909426e+03 1.387661080622623331e+02 3.834489280968731983e-01
1.593655996751574548e+03 1.386708746052334504e+02 3.838932779159836550e-01
1.593676829858064139e+03 1.381393919760017468e+02 3.830220758173984441e-01
1.593697662964319989e+03 1.382675783236035443e+02 3.826406832885822507e-01
1.593718496070287074e+03 1.390214756705664740e+02 3.847058632230556663e-01
1.593739329176078627e+03 1.391987313230704331e+02 3.839348863006307733e-01
1.593760162281577550e+03 1.394953178066018040e+02 3.841663864462955269e-01
1.593780995386903669e+03 1.389902645782540276e+02 3.834898269875670618e-01
1.593801828491938068e+03 1.394559816295457608e+02 3.845081532907358435e-01
1.593822661596739408e+03 1.386790788808131083e+02 3.834523866992270436e-01
1.593843494701250165e+03 1.381870464190444636e+02 3.827940878040838046e-01
1.593864327805585617e+03 1.390187955218172817e+02 3.836247915228224170e-01
1.593885160909630940e+03 1.388418110802069805e+02 3.832074094138138154e-01
1.593905994013442523e+03 1.392365195592064140e+02 3.836044954865380219e-01
1.593926827116963068e+03 1.390649087626168239e+02 3.838942871279289459e-01
1.593947660220252146e+03 1.395609974514983946e+02 3.840238129861606731e-01
1.593968493323307030e+03 1.394368719644322709e+02 3.839599772373442632e-01
1.593989326426070875e+03 1.393546363657487461e+02 3.836920618064758037e-01
1.594010159528545046e+03 1.400346101808001151e+02 3.845569993829545119e-01
1.594030992630785477e+03 1.391034010265099710e+02 3.835444362353207515e-01
1.594051825732734414e+03 1.384267683012714940e+02 3.830035569782771487e-01
1.594072658834451431e+03 1.393274676314982230e+02 3.838302551371924332e-01
1.594093491935877410e+03 1.389697789364541336e+02 3.852442557669719103e-01
1.594114325037011440e+03 1.383033706893228612e+02 3.830468569807483625e-01
1.594135158137912413e+03 1.393344231009686496e+02 3.849726860463869582e-01
1.594155991238464594e+03 1.388134381664097248e+02 3.834679111648423566e-01
1.594176824338785536e+03 1.391255334272414359e+02 3.837670666941032094e-01
1.594197657438812939e+03 1.390080831035208178e+02 3.838199088632140432e-01
1.594218490538550668e+03 1.399749733903614413e+02 3.847749776720119086e-01
1.594239323637997586e+03 1.389088852637124489e+02 3.835559554428245033e-01
1.594260156737153011e+03 1.382953087690012239e+02 3.831939159534996642e-01
1.594280989835958280e+03 1.393007200411438475e+02 3.839411737426777771e-01
1.594301822934532083e+03 1.380793833113706626e+02 3.833567778874658605e-01
1.594322656032814393e+03 1.391451610610406817e+02 3.836193728775384448e-01
1.594343489130747457e+03 1.391958846810162811e+02 3.837375363615350699e-01
1.594364322228389483e+03 1.396314782150525673e+02 3.843061346686109658e-01
1.594385155325740470e+03 1.390840543372664513e+02 3.842126193183802996e-01
1.594405988422741984e+03 1.392445026521839395e+02 3.842894807908004973e-01
1.594426821519509986e+03 1.394626817627062962e+02 3.843185034379300036e-01
1.594447654615872580e+03 1.397459674648443695e+02 3.845541513281662827e-01
1.594468487711943453e+03 1.388167582802380480e+02 3.835900642544256001e-01
1.594489320807721924e+03 1.388372602558156927e+02 3.840562700739398316e-01
1.594510153903151604e+03 1.391674575505177245e+02 3.835922202334229869e-01
1.594530986998291155e+03 1.388339527431709826e+02 3.835740591305551450e-01
1.594551820093081460e+03 1.393563432669336066e+02 3.842087603275243235e-01
1.594572653187579590e+03 1.392404619937109942e+02 3.840324658910000966e-01
1.594593486281671176e+03 1.388981009133439386e+02 3.837143531669814922e-01
1.594614319375471496e+03 1.389291388366311253e+02 3.835532165057798371e-01
1.594635152468922115e+03 1.388759167229371201e+02 3.836183046767844274e-01
1.594655985562082606e+03 1.394066064639399372e+02 3.839476939441963110e-01
1.594676818654835415e+03 1.389842747280352739e+02 3.845900507753917119e-01
1.594697651747296504e+03 1.390284987959923626e+02 3.840631569095515618e-01
1.594718484839408120e+03 1.400918952808636107e+02 3.844642039429215230e-01
1.594739317931112964e+03 1.390373513236758356e+02 3.841685391909350211e-01
1.594760151022527452e+03 1.392449802488985142e+02 3.854637203189937300e-01
1.594780984113591558e+03 1.391188378687739942e+02 3.840040813057792879e-01
1.594801817204307099e+03 1.399564052280524606e+02 3.848124054485314582e-01
1.594822650294614505e+03 1.392311615067621062e+02 3.836682350267214825e-01
1.594843483384630872e+03 1.395023331051141895e+02 3.842686381923193228e-01
1.594864316474240013e+03 1.393138891670046178e+02 3.842849439865471117e-01
1.594885149563558571e+03 1.392998473329064382e+02 3.838968295539533782e-01
1.594905982652469447e+03 1.387611947765319655e+02 3.833915651534300917e-01
1.594926815741030623e+03 1.387160370845228670e+02 3.835825085206701068e-01
1.594947648829243462e+03 1.387033283796204159e+02 3.834940817760497667e-01
1.594968481917106601e+03 1.386407077376106258e+02 3.839406691986589348e-01
1.594989315004620494e+03 1.400667401833648000e+02 3.846590891866631390e-01
1.595010148091726478e+03 1.385941344285353125e+02 3.835224846797394282e-01
1.595030981178483671e+03 1.391205763051005988e+02 3.836945861544825420e-01
1.595051814264949371e+03 1.392212604850908804e+02 3.841159001559514841e-01
1.595072647351008072e+03 1.390363226648744615e+02 3.839687674096979864e-01
1.595093480436717073e+03 1.387285188181623141e+02 3.831839024877779498e-01
1.595114313522077282e+03 1.389787969272081227e+02 3.836108466104572456e-01
1.595135146607088473e+03 1.389661950402356183e+02 3.840087378409273722e-01
1.595155979691749508e+03 1.391606398042883654e+02 3.838524802424092552e-01
1.595176812776121096e+03 1.386568093783369306e+02 3.834092296571928182e-01
1.595197645860084549e+03 1.389918312999180330e+02 3.848767579977950826e-01
1.595218478943756054e+03 1.389924541525780626e+02 3.837335366808776738e-01
1.595239312027078540e+03 1.388806366706226072e+02 3.841486597840389483e-01
1.595260145110052690e+03 1.389260794443526379e+02 3.854687457940913498e-01
1.595280978192792645e+03 1.394527572550815080e+02 3.846150021138490249e-01
1.595301811275183354e+03 1.385744266029828680e+02 3.838560904873482005e-01
1.595322644357226409e+03 1.390128377374472848e+02 3.837993513674321511e-01
1.595343477439035951e+03 1.389291376922744234e+02 3.838366219364090504e-01
1.595364310520611980e+03 1.389075035029788125e+02 3.874119604757144675e-01
1.595385143601839445e+03 1.390853740732217716e+02 3.845534344675158867e-01
1.595405976682834535e+03 1.392814449267298755e+02 3.847795667881809267e-01
1.595426809763653409e+03 1.388682057379917865e+02 3.845177253660509442e-01
1.595447642844182610e+03 1.388168820682992646e+02 3.847266434030237603e-01
1.595468475924536961e+03 1.386769033339402881e+02 3.846085900843621563e-01
1.595489309004717597e+03 1.390011733261068230e+02 3.848800295457469600e-01
1.595510142084722020e+03 1.397512099591807839e+02 3.861535498492340013e-01
1.595530975164552046e+03 1.393458591210933264e+02 3.852048197177364020e-01
1.595551808244266567e+03 1.388393123199248294e+02 3.841252880436729633e-01
1.595572641323921516e+03 1.394791957588193441e+02 3.852663026079610753e-01
1.595593474403518485e+03 1.387518191215017112e+02 3.855460525395704718e-01
1.595614307483116590e+03 1.386428766311622667e+02 3.851515291864810453e-01
1.595635140562656488e+03 1.392960367368747256e+02 3.856729952406426909e-01
1.595655973642311437e+03 1.390225643257730326e+02 3.871464339146610811e-01
