1.468282498297434358e+03 2.016838888647577335e+02 4.040772583310054400e-01
1.468303331461671860e+03 2.013114641299342793e+02 4.045636683529242883e-01
1.468324164625675166e+03 2.004799298899768587e+02 4.028985170926952519e-01
1.468344997789386980e+03 2.011040154908589557e+02 4.038007336443111828e-01
1.468365830952982833e+03 2.014094515101603236e+02 4.038617100313294239e-01
1.468407497279360086e+03 2.012306665156384327e+02 4.043995086577323872e-01
1.468428330442200149e+03 2.016316891478654441e+02 4.047802601553827651e-01
1.468449163604805562e+03 2.013079278824745302e+02 4.043295658181868535e-01
1.468469996767179055e+03 2.009109334936617302e+02 4.039131960834179691e-01
1.468490829929377924e+03 2.014887886933693721e+02 4.043555470523519935e-01
1.468511663091287119e+03 2.015963853750127441e+02 4.046311954227859164e-01
1.468532496252961437e+03 2.013096892580533961e+02 4.044693104580109333e-01
1.468553329414461132e+03 2.015774160057179927e+02 4.046405492522459069e-01
1.468574162575671380e+03 2.008043730238364617e+02 4.038557327229648219e-01
1.468594995736706551e+03 2.017740825007610965e+02 4.044107470270091875e-01
1.468615828897450001e+03 2.012637242806934523e+02 4.062928764018281513e-01
1.468636662058019510e+03 2.012395733070521544e+02 4.041428572074852732e-01
1.468657495218296390e+03 2.015158705207888374e+02 4.043729959228947179e-01
1.468678328378400010e+03 2.013896920319912454e+02 4.046801349161162076e-01
1.468699161538272165e+03 2.013620983872955037e+02 4.045124308605776986e-01
1.468719994697851689e+03 2.010053509318130978e+02 4.046731938959584052e-01
1.468740827857256136e+03 2.017855032643987556e+02 4.054732048657251897e-01
1.468761661016427979e+03 2.014316531184115888e+02 4.044229062223497762e-01
1.468782494175367447e+03 2.018014780310683705e+02 4.045565043346485701e-01
1.468803327334016103e+03 2.016269607034137437e+02 4.040462620150510054e-01
1.468824160492490137e+03 2.015638050334686397e+02 4.038828881773529056e-01
1.468844993650730430e+03 2.011089622826102641e+02 4.036311505836407965e-01
1.468865826808737893e+03 2.011841196848565403e+02 4.038623003779726606e-01
1.468886659966513889e+03 2.012039311057844770e+02 4.036086854966091653e-01
1.468907493124056145e+03 2.013120448450811466e+02 4.048202922743077692e-01
1.468928326281365116e+03 2.016833559239361762e+02 4.044596026680905565e-01
1.468949159438442166e+03 2.010313970368275136e+02 4.040775533469797010e-01
1.468969992595227495e+03 2.017973426794048635e+02 4.035800346971191721e-01
1.468990825751838656e+03 2.010408098882588774e+02 4.031819436419702973e-01
1.469011658908216987e+03 2.009964566747320021e+02 4.034082533904599921e-01
1.469032492064362486e+03 2.010982823260207226e+02 4.032373966581716540e-01
1.469053325220274019e+03 2.012577516010928207e+02 4.036099038489263657e-01
1.469074158375954539e+03 2.014881332014367956e+02 4.035530065631281471e-01
1.469094991531402002e+03 2.014292288257503003e+02 4.038792909224826477e-01
1.469115824686674387e+03 2.013603408118280242e+02 4.037899949427538049e-01
1.469136657841655961e+03 2.016159083654046071e+02 4.040155952649228110e-01
1.469157490996404022e+03 2.010737731272439532e+02 4.031074645789950450e-01
1.469178324150919025e+03 2.011922658075966694e+02 4.036101438269795172e-01
1.469199157305201879e+03 2.011080429843026991e+02 4.031535027651869663e-01
1.469219990459252585e+03 2.018394885823891229e+02 4.036121928645461931e-01
1.469240823613069551e+03 2.020923490125583442e+02 4.040885241005880979e-01
1.469261656766653005e+03 2.017117217430588312e+02 4.043563393616306234e-01
1.469282489920004537e+03 2.017752908344756975e+02 4.044833467365603896e-01
1.469303323073123011e+03 2.013617209472569698e+02 4.034408315377702725e-01
1.469324156226009109e+03 2.011174994874664606e+02 4.031426913792946487e-01
1.469344989378662831e+03 2.011354441157650399e+02 4.032741270799715672e-01
1.469365822531081903e+03 2.019606681149759311e+02 4.040574180124126280e-01
1.469386655683269055e+03 2.013513717912748575e+02 4.034353281578743067e-01
1.469407488835223830e+03 2.011485881681336139e+02 4.034845788908861808e-01
1.469428321986945321e+03 2.016298077770991597e+02 4.039185084949010740e-01
1.469449155138433980e+03 2.012739584759846423e+02 4.032933039084981575e-01
1.469469988289748471e+03 2.015867300916021350e+02 4.035450860907464632e-01
1.469490821440771015e+03 2.012869404107304945e+02 4.033360512828413347e-01
1.469511654591561182e+03 2.021082091008411794e+02 4.039339104040936546e-01
1.469532487742118974e+03 2.019153111939153575e+02 4.038008997044641446e-01
1.469553320892385955e+03 2.018165755105218295e+02 4.043338592862112391e-01
1.469574154042477858e+03 2.011620855197810158e+02 4.034041162946086501e-01
1.469594987192336703e+03 2.013175770406599270e+02 4.034615147104177457e-01
1.469615820341962035e+03 2.012687561059299242e+02 4.029678393232003497e-01
1.469636653491355446e+03 2.017598108728956561e+02 4.041657718995929627e-01
1.469657486640517163e+03 2.027499832051075828e+02 4.050788872030181564e-01
1.469678319789445140e+03 2.011690158495529772e+02 4.029525853879382669e-01
1.469699152938139378e+03 2.006915549790518583e+02 4.027494403674205525e-01
1.469719986086542121e+03 2.013473207801711737e+02 4.035578990849473247e-01
1.469740819234772061e+03 2.011805188146417720e+02 4.034505453741207837e-01
1.469761652382768489e+03 2.015583123254601219e+02 4.036928723726812551e-01
1.469782485530532085e+03 2.020153692882971370e+02 4.039643620314462558e-01
1.469803318678004871e+03 2.011312221821456205e+02 4.032371379813656787e-01
1.469824151825302579e+03 2.011344646852445521e+02 4.031742745972534125e-01
1.469844984972308339e+03 2.019141846766745800e+02 4.037925043556300220e-01
1.469865818119140840e+03 2.015827276727391677e+02 4.035562190181039011e-01
1.469886651265682303e+03 2.013526592256265246e+02 4.034310066592953214e-01
1.469907484412049143e+03 2.009360368749669590e+02 4.028107608612610524e-01
1.469928317558124490e+03 2.007992404928696146e+02 4.032587184471990716e-01
1.469949150704024305e+03 2.012821940724394096e+02 4.033995358889968519e-01
1.469969983849634900e+03 2.003095474786337036e+02 4.025117838064593556e-01
1.469990816995011983e+03 2.007480422255454187e+02 4.030103439099215756e-01
1.470011650140156689e+03 2.010004284224756077e+02 4.031764182485378933e-01
1.470032483285126091e+03 2.007078973330254712e+02 4.027703440279826186e-01
1.470053316429804454e+03 2.019210949001697202e+02 4.038276898482670574e-01
1.470074149574249532e+03 2.008633209081917244e+02 4.032045064191800421e-01
1.470094982718462006e+03 2.011508728444351846e+02 4.034346633149520911e-01
1.470115815862384807e+03 2.015055479924211852e+02 4.037838320537740500e-01
1.470136649006131847e+03 2.013999726855795416e+02 4.044159976334811835e-01
1.470157482149646057e+03 2.015727797058037538e+02 4.036121005657803962e-01
1.470178315292927891e+03 2.009212841727749321e+02 4.032617854402218982e-01
1.470199148435917323e+03 2.008760160971902451e+02 4.033052012127305574e-01
1.470219981578733496e+03 2.014492178446256219e+02 4.036401768770020437e-01
1.470240814721259085e+03 2.011728828941209031e+02 4.038151252707297689e-01
1.470261647863610051e+03 2.010854397215197480e+02 4.034830647097072953e-01
1.470282481005669069e+03 2.010370899480959963e+02 4.035391779448507799e-01
1.470303314147494348e+03 2.009842121812301343e+02 4.041136174272977888e-01
1.470324147289088160e+03 2.013958474306077449e+02 4.039990899469965702e-01
1.470344980430449141e+03 2.007552606776683888e+02 4.033683581980158639e-01
1.470365813571576837e+03 2.010816031193512856e+02 4.035327712013879187e-01
1.470386646712473066e+03 2.007581527800048491e+02 4.032781177090208891e-01
1.470407479853135101e+03 2.010633561553638913e+02 4.036887197374200986e-01
1.470428312993504960e+03 2.009669096264484551e+02 4.038416192827202211e-01
1.470449146133701561e+03 2.009114311782735172e+02 4.039206297507998977e-01
1.470469979273606896e+03 2.001370209863580953e+02 4.029319315638438259e-01
1.470490812413338062e+03 2.015409887423538464e+02 4.042651398960709352e-01
1.470511645552778646e+03 2.010796176690615766e+02 4.039989055262271922e-01
1.470532478691985489e+03 2.010537550037889787e+02 4.037689595450697500e-01
1.470553311830959046e+03 2.016884482697283829e+02 4.043216974129557606e-01
1.470574144969700001e+03 2.016193954805424084e+02 4.044995928445188627e-01
1.470594978108150372e+03 2.002943952850359040e+02 4.033347951584063673e-01
1.470615811246425892e+03 2.014402341250655866e+02 4.044277329530757137e-01
1.470636644384411511e+03 2.008772153289807250e+02 4.038475967999764493e-01
1.470657477522221598e+03 2.007071055946817921e+02 4.039067952726066446e-01
1.470678310659740873e+03 2.007197540129288598e+02 4.037596224296630676e-01
1.470699143797026863e+03 2.022169066931301131e+02 4.051078917879016306e-01
1.470719976934079568e+03 2.008550062601004527e+02 4.038056416155691997e-01
1.470740810070842144e+03 2.017636217460443788e+02 4.048535297291750990e-01
1.470761643207430097e+03 2.013518615411641690e+02 4.046064288261705943e-01
1.470782476343726557e+03 2.016427617858088297e+02 4.051879424952265496e-01
1.470803309479848849e+03 2.020792592029911248e+02 4.051471927217433766e-01
1.470824142615679648e+03 2.009586280775795899e+02 4.044135842052878349e-01
1.470844975751277161e+03 2.023244112201281837e+02 4.054749321144706098e-01
1.470865808886584091e+03 2.012214911934034092e+02 4.046913102607599400e-01
1.470886642021716852e+03 2.010046657404390658e+02 4.044738419082654635e-01
1.470907475156559030e+03 2.013082422168619132e+02 4.048388989598491472e-01
1.470928308291226131e+03 2.012406215361335455e+02 4.047874202135779975e-01
1.470949141425602193e+03 2.015736276455614302e+02 4.057082819266572549e-01
1.470969974559744514e+03 2.006402750505941697e+02 4.040838408237185653e-01
1.470990807693596025e+03 2.003048673955181016e+02 4.043555286265363424e-01
1.471011640827272913e+03 2.019917559790325754e+02 4.054953461672783921e-01
1.471032473960659900e+03 2.010144216649116231e+02 4.047175260031504185e-01
1.471053307093813601e+03 2.003724723358651829e+02 4.043571132436132864e-01
1.471074140226734016e+03 2.011381897529552418e+02 4.050615974961256360e-01
1.471094973359363848e+03 2.009142203453118327e+02 4.046582620140452558e-01
1.471115806491818603e+03 2.010337930248927591e+02 4.049432351515358519e-01
1.471136639623981864e+03 2.020570096639633846e+02 4.056602195003050637e-01
1.471157472755912977e+03 2.012845558460340953e+02 4.063895059353314632e-01
1.471178305887611714e+03 2.015989793297210042e+02 4.055016116605308918e-01
1.471199139019019185e+03 2.009643753745812944e+02 4.050121522187009604e-01
1.471219972150193826e+03 2.015375305842949842e+02 4.053620758560710913e-01
1.471240805281134953e+03 2.012546082027423040e+02 4.051592010908416364e-01
1.471261638411843023e+03 2.009849420981199728e+02 4.054441529091705188e-01
1.471282471542318945e+03 2.015561771241032432e+02 4.058247137459843890e-01
1.471303304672503600e+03 2.015415383442673090e+02 4.057040213683899554e-01
1.471324137802455880e+03 2.013202425271058473e+02 4.056081469756878111e-01
1.471344970932175329e+03 2.017377636975582504e+02 4.062298806417006247e-01
1.471365804061603285e+03 2.013665176835273485e+02 4.057891322307887183e-01
1.471386637190798865e+03 2.013197007935125384e+02 4.062270011260488700e-01
1.471407470319761615e+03 2.017188599522773416e+02 4.061060797245875653e-01
1.471428303448490624e+03 2.007787408853581042e+02 4.056638193290469929e-01
1.471449136576929050e+03 2.009436522195657915e+02 4.057034520662672894e-01
1.471469969705135554e+03 2.010917758516084177e+02 4.057507197866677684e-01
1.471490802833109001e+03 2.013005262215467326e+02 4.055375491006759647e-01
1.471553302215456824e+03 2.008781285349392363e+02 4.067958502539527621e-01
1.471574135342381396e+03 2.011574252519417314e+02 4.067089349571404999e-01
1.471594968469073137e+03 2.013035998480690694e+02 4.069096454982296662e-01
1.471615801595532957e+03 2.013030455243398933e+02 4.073916313379297716e-01
1.471636634721701284e+03 2.013150328392955828e+02 4.076327669596316317e-01
1.471657467847637008e+03 2.010026890991986477e+02 4.066132608637073043e-01
1.471699134098752438e+03 2.010990615620414701e+02 4.073320247658523408e-01
1.471719967223930325e+03 2.011142862927609940e+02 4.070787047035500650e-01
1.471740800348876974e+03 2.013624642282048001e+02 4.069494681469574826e-01
1.471782466597953999e+03 2.011093569677946391e+02 4.072724826454188207e-01
1.471803299722085967e+03 2.015212072266930363e+02 4.075798313660134453e-01
1.471824132845984423e+03 2.014959255156287838e+02 4.080691323006467863e-01
1.471844965969649820e+03 2.014814275850065712e+02 4.071965743991097231e-01
1.471865799093025089e+03 2.007945651825568518e+02 4.074108520947796741e-01
1.471886632216166618e+03 2.014499232020923216e+02 4.074903955380883014e-01
1.471907465339015971e+03 2.009721083392677485e+02 4.069576519051401053e-01
1.471928298461634995e+03 2.008119729898035075e+02 4.076028453020059672e-01
1.471949131583961389e+03 2.006627797225543191e+02 4.067556828580742301e-01
1.471969964706055180e+03 2.016140003577432083e+02 4.078278162334546542e-01
1.471990797827917049e+03 2.009473660966478121e+02 4.079948879767840708e-01
1.472011630949486971e+03 2.006326918256857823e+02 4.070184848416498746e-01
1.472032464070824062e+03 2.014614611225564715e+02 4.079844057665235613e-01
1.472053297191870570e+03 2.011680135766876276e+02 4.074856965064673764e-01
1.472074130312626039e+03 2.007188333297053475e+02 4.073688066543752484e-01
1.472094963433206431e+03 2.015263028178494551e+02 4.080736420346426363e-01
1.472115796553437576e+03 2.010705269895244385e+02 4.078570637525110176e-01
1.472136629673437028e+03 2.012226239244756130e+02 4.077734077103523092e-01
1.472157462793202285e+03 2.009121718401752048e+02 4.085169411815130491e-01
1.472178295912677186e+03 2.022198976300567210e+02 4.087400965701203370e-01
1.472199129031919028e+03 2.016720517030122153e+02 4.084264700931837244e-01
1.472219962150870288e+03 2.005603826023049976e+02 4.076920737115689586e-01
1.472240795269528917e+03 2.012045440086586439e+02 4.083867914700250457e-01
1.472261628387956080e+03 2.015583403023875633e+02 4.091668138322481219e-01
1.472282461506149957e+03 2.011530102550867696e+02 4.079420906920211420e-01
1.472303294623995043e+03 2.014269413849166597e+02 4.084263059137199781e-01
1.472324127741665961e+03 2.008861248142588636e+02 4.088969198174820519e-01
1.472344960858986497e+03 2.016560448038092659e+02 4.085534887371937152e-01
1.472365793976075111e+03 2.018823865193934068e+02 4.085414160040838905e-01
1.472386627092931121e+03 2.009148403338552100e+02 4.086431294757826294e-01
1.472407460209494957e+03 2.002909415049193456e+02 4.079208675820225061e-01
1.472428293325767299e+03 2.008509603898084492e+02 4.086805590576730873e-01
1.472449126441748831e+03 2.017161346960397736e+02 4.086000620717297194e-01
1.472469959557498896e+03 2.016624545196158920e+02 4.086602676542991919e-01
1.472490792672957014e+03 2.014775886581009843e+02 4.084823967235291509e-01
1.472511625788182982e+03 2.017657458120569629e+02 4.089640593196713914e-01
1.472532458903117458e+03 2.017973991696228779e+02 4.086847885853951978e-01
1.472553292017761123e+03 2.011668067584749338e+02 4.088788986824872240e-01
1.472574125132171957e+03 2.008384574191113927e+02 4.086042559642470984e-01
1.472594958246291299e+03 2.015884239078341693e+02 4.094262666123529293e-01
1.472615791360119601e+03 2.011132692027454709e+02 4.087411173459041258e-01
1.472636624473656866e+03 2.010405961226987301e+02 4.084953284387535244e-01
1.472657457586961982e+03 2.021178251267865846e+02 4.100540578781620704e-01
1.472678290699975605e+03 2.016573660806448061e+02 4.091164442182340655e-01
1.472699123812697962e+03 2.011265995547416026e+02 4.093565274213111782e-01
1.472719956925130191e+03 2.015537745626945991e+02 4.088232449867761908e-01
1.472740790037329134e+03 2.013186415836318872e+02 4.097283265454725321e-01
1.472761623149236584e+03 2.011070826053047824e+02 4.092570848486715152e-01
1.472782456260853905e+03 2.009170257834701090e+02 4.083389348340055736e-01
1.472803289372178597e+03 2.014103378074506452e+02 4.095515925868592477e-01
1.472824122483270457e+03 2.014530979937306370e+02 4.099197068910458985e-01
1.472844955594015119e+03 2.008020512172134602e+02 4.084356093125774967e-01
1.472865788704525585e+03 2.014554113770485060e+02 4.097963661612200603e-01
1.472886621814745013e+03 2.019627369995595814e+02 4.100756429755922361e-01
1.472907454924673857e+03 2.008322685614450620e+02 4.095153888190979363e-01
1.472928288034311663e+03 2.010656714340321685e+02 4.091788499045163618e-01
1.472949121143716184e+03 2.008905572912032085e+02 4.095819903643074800e-01
1.472969954252771913e+03 2.013851769765790607e+02 4.094860777962709975e-01
1.472990787361536604e+03 2.014462892784007124e+02 4.095307803597025842e-01
1.473011620470067555e+03 2.009447956377957780e+02 4.096574747880747935e-01
1.473032453578307923e+03 2.013399970855703600e+02 4.101409364293889803e-01
1.473053286686199499e+03 2.014402641325908405e+02 4.101696557170259050e-01
1.473074119793858017e+03 2.014998311127180557e+02 4.100733173631425088e-01
1.473094952901225952e+03 2.009959580892633255e+02 4.097332908011738217e-01
1.473115786008243958e+03 2.016180368665918081e+02 4.104576093645184165e-01
1.473136619115029589e+03 2.014616612456256064e+02 4.104265321555999879e-01
1.473157452221524181e+03 2.014455964510242438e+02 4.103778059064932537e-01
1.473178285327669528e+03 2.017251965396102378e+02 4.105437673347663852e-01
1.473199118433581589e+03 2.016969085636902150e+02 4.103985751790973358e-01
1.473219951539203066e+03 2.015178566617050251e+02 4.104740909480154021e-01
1.473240784644474388e+03 2.014598860651195480e+02 4.107817104332666114e-01
1.473261617749455127e+03 2.012798906925904987e+02 4.108014073582716419e-01
1.473282450854203944e+03 2.013816052254106523e+02 4.108241864179811298e-01
1.473303283958603060e+03 2.012605280054222305e+02 4.102435427825282810e-01
1.473324117062711139e+03 2.008975853815262838e+02 4.115618100808631219e-01
1.473344950166528179e+03 2.016078552698481019e+02 4.107986687079162591e-01
1.473365783270054180e+03 2.014929351204611123e+02 4.106010749675078064e-01
1.473386616373230481e+03 2.012498593604726977e+02 4.106738321598544239e-01
1.473407449476173952e+03 2.008190816804350050e+02 4.103214113033334387e-01
1.473428282578769085e+03 2.013072701845770212e+02 4.107836511482995112e-01
1.473449115681072499e+03 2.011405302083455808e+02 4.117490087750842465e-01
1.473469948783025984e+03 2.010176549450784478e+02 4.104866332074463275e-01
1.473490781884746866e+03 2.012324376855556807e+02 4.111606108267564785e-01
1.473511614986118957e+03 2.010245407533328716e+02 4.111776078346574548e-01
1.473532448087200009e+03 2.015150750904427355e+02 4.114283317380019733e-01
1.473553281187932498e+03 2.019178956736633097e+02 4.118226486648389195e-01
1.473574114288373039e+03 2.021865076741371752e+02 4.122235108465656106e-01
1.473594947388522996e+03 2.011628304273391166e+02 4.110918001935559007e-01
1.473615780488381915e+03 2.015376795608078453e+02 4.120172876821194263e-01
1.473636613587891588e+03 2.003331257237468890e+02 4.105386132480643435e-01
1.473657446687109996e+03 2.018058441752991143e+02 4.117396716714195604e-01
1.473678279785980067e+03 2.015846855677283429e+02 4.116751566325472234e-01
1.473699112884557053e+03 2.014301666622733080e+02 4.116187044664864625e-01
1.473719945982785021e+03 2.009415738017383717e+02 4.111532899373531724e-01
1.473740779108895822e+03 2.017356870957643196e+02 4.120097830962693441e-01
1.473761612206484642e+03 2.017701098728736611e+02 4.120278300381011727e-01
1.473782445303781969e+03 2.009580483076147175e+02 4.119501032104436744e-01
1.473803278400730960e+03 2.015536507381989111e+02 4.117992011264909324e-01
1.473824111497388003e+03 2.011339697755502129e+02 4.122242338110610471e-01
1.473844944593754008e+03 2.013629855505964485e+02 4.117871149911549455e-01
1.473865777689713923e+03 2.004382196013990836e+02 4.113453114280054557e-01
1.473886610785381890e+03 2.009981905117181498e+02 4.118620686389616314e-01
1.473907443880758365e+03 2.014223494164850479e+02 4.121360408598737646e-01
1.473928276975786048e+03 2.012040183590691811e+02 4.118394012580496866e-01
1.473949110070464940e+03 2.008925552905971585e+02 4.121264594274660631e-01
1.473969943164793449e+03 2.008409136504131141e+02 4.116614198672085556e-01
1.473990776258830010e+03 2.010712772096731271e+02 4.124811854551114210e-01
1.474011609352519827e+03 2.015322055137078223e+02 4.124460878687715160e-01
1.474032442445859033e+03 2.021423167803861247e+02 4.128835195689686821e-01
1.474053275538848993e+03 2.003668901797755382e+02 4.122140941181979823e-01
1.474074108631548825e+03 2.012260254536311663e+02 4.122982405931477357e-01
1.474094941723840293e+03 2.011466781369529429e+02 4.123327183377072380e-01
1.474115774815841178e+03 2.012141288164226296e+02 4.124550477012089433e-01
1.474136607907492817e+03 2.011147846285779792e+02 4.125782256658106495e-01
1.474157440998794982e+03 2.010350347210622601e+02 4.123325015055551712e-01
1.474178274089747902e+03 2.010448254700080213e+02 4.127384645258350138e-01
1.474199107180352030e+03 2.018237662577233777e+02 4.132211883110639139e-01
1.474219940270606457e+03 2.012916507038263205e+02 4.133694084188422324e-01
1.474240773360510957e+03 2.017119452397628550e+02 4.134790880849590899e-01
1.474261606450067120e+03 2.013017247592499359e+02 4.130069666198710188e-01
1.474282439539273582e+03 2.011244450601784592e+02 4.131972431262608825e-01
1.474303272628131026e+03 2.005440309212818590e+02 4.126538661612049186e-01
1.474324105716639679e+03 2.013331809375171417e+02 4.132759613102541252e-01
1.474344938804739968e+03 2.008915824485399355e+02 4.130613892387777764e-01
1.474365771892550129e+03 2.014845947625010183e+02 4.135020980193617746e-01
1.474386604979953063e+03 2.009320239332577387e+02 4.129193738963468641e-01
1.474407438067005387e+03 2.008693372612203234e+02 4.134098883971994987e-01
1.474428271153651167e+03 2.007830664052693805e+02 4.129792204102176179e-01
1.474449104240005909e+03 2.022415500583945231e+02 4.145808843639381402e-01
1.474469937325954106e+03 2.013340878706603405e+02 4.138461393411067557e-01
1.474490770411493486e+03 2.013368728922217770e+02 4.139818256887830561e-01
1.474511603496741827e+03 2.006852396048259948e+02 4.130230758849841033e-01
1.474532436581524962e+03 2.010461723155186746e+02 4.135783982319069518e-01
1.474553269666016604e+03 2.018848925806842658e+02 4.145257086298990146e-01
1.474574102750099883e+03 2.018167981801411770e+02 4.146912138081964017e-01
1.474594935833777981e+03 2.011847213179419782e+02 4.148247917426738374e-01
1.474615768917105470e+03 2.013475860758673832e+02 4.138320605505150795e-01
1.474678268164702331e+03 2.015264827745026253e+02 4.150197282663477538e-01
1.474719934327808005e+03 2.014939877447179128e+02 4.150076461570192388e-01
1.474740767408806960e+03 2.011361180694063364e+02 4.146328902058784571e-01
1.474761600489398916e+03 2.008623247411566126e+02 4.143635716883334319e-01
1.474782433569584100e+03 2.018119501006094083e+02 4.155697828914856062e-01
1.474803266649360921e+03 2.011894857444662534e+02 4.144744263549126062e-01
1.474824099728729834e+03 2.017616325507122212e+02 4.158448956964628240e-01
1.474844932807693112e+03 2.011381645203367157e+02 4.150879057024998153e-01
1.474865765886248028e+03 2.001846348575757588e+02 4.151643272306169141e-01
1.474886598964394580e+03 2.012979669106930771e+02 4.154646721991632208e-01
1.474907432042134133e+03 2.014099050136731535e+02 4.151356842667049962e-01
1.474928265119408024e+03 2.012480484779245842e+02 4.155802709847700172e-01
1.474949098196333125e+03 2.021162838867434459e+02 4.165784941204804248e-01
1.474969931272793019e+03 2.016528617607890510e+02 4.155972665124094134e-01
1.474990764348844550e+03 2.008230094977760984e+02 4.151002726577638913e-01
1.475011597424489082e+03 2.013278098490533239e+02 4.155389625009720533e-01
1.475032430499667953e+03 2.011251308888751055e+02 4.153734722402087076e-01
1.475053263574439370e+03 2.018859940626691696e+02 4.161318764317522012e-01
1.475074096648803334e+03 2.009385778354071022e+02 4.155940933495751444e-01
1.475094929722701181e+03 2.006853287819710658e+02 4.153696516279844486e-01
1.475115762796133822e+03 2.017061217631738828e+02 4.160935234960210782e-01
1.475136595869159009e+03 2.011838393364656383e+02 4.161187702238595132e-01
1.475157428941718535e+03 2.008492751182863287e+02 4.157506250960559258e-01
1.475178262013812855e+03 2.014341105979077895e+02 4.170612751459571443e-01
1.475199095085498357e+03 2.015326313746940627e+02 4.166291061002168061e-01
1.475219928156660899e+03 2.008713490897811482e+02 4.163321244786266084e-01
1.475240761227416442e+03 2.012713091032738362e+02 4.164454071356831766e-01
1.475261594297704505e+03 2.014769293086122843e+02 4.166350432157406303e-01
1.475282427367527816e+03 2.015066160987302908e+02 4.173055360380689138e-01
1.475303260436885921e+03 2.010830250431699255e+02 4.166753847481698969e-01
1.475324093505778364e+03 2.018395593351723960e+02 4.177078966089313727e-01
1.475344926574146484e+03 2.010180957547011644e+02 4.167251625325726350e-01
1.475365759642108060e+03 2.012447853399604298e+02 4.174101296224790869e-01
1.475386592709544857e+03 2.009445592060343131e+02 4.165188606681177186e-01
1.475407425776515993e+03 2.013551138459745005e+02 4.171535885347524841e-01
1.475428258842964169e+03 2.014265620467055271e+02 4.186458806935391408e-01
1.475449091908946002e+03 2.011444525984905454e+02 4.174377241058364607e-01
1.475469924974403966e+03 2.010506419629449795e+02 4.179287828962799378e-01
1.475490758039396951e+03 2.009442452154853811e+02 4.176680829291041785e-01
1.475511591103865612e+03 2.011835089863394046e+02 4.174822355534160145e-01
1.475532424167809950e+03 2.018048617450863560e+02 4.186634992105842668e-01
1.475553257231230873e+03 2.021345462385821747e+02 4.188627859786343000e-01
1.475574090294186135e+03 2.017111554809196434e+02 4.186776290814196444e-01
1.475594923356558866e+03 2.019478445493914194e+02 4.188347517192689828e-01
1.475615756418466844e+03 2.010257274458103325e+02 4.179898729067215157e-01
1.475636589479791837e+03 2.007158190434845153e+02 4.176040377307038698e-01
1.475657422540592961e+03 2.017601924713537755e+02 4.187643553991882706e-01
1.475678255600871125e+03 2.016243898691065795e+02 4.200849172203737769e-01
1.475699088660624966e+03 2.014848253905513786e+02 4.188920811978539271e-01
1.475719921719795366e+03 2.010022600472845511e+02 4.183890288570724092e-01
1.475740754778385053e+03 2.012910475452645471e+02 4.191029747711515485e-01
1.475761587836450872e+03 2.007887254027888275e+02 4.194685152057864852e-01
1.475782420893934614e+03 2.012540623993476174e+02 4.192811202530760673e-01
1.475803253950894032e+03 2.017928733938963148e+02 4.196184880998800604e-01
1.475824087007271828e+03 2.013147037444927321e+02 4.192533449905062604e-01
1.475844920063009340e+03 2.010293663023486772e+02 4.193697826441858956e-01
1.475865753118222983e+03 2.011139203492295167e+02 4.192197563224711598e-01
1.475886586172797024e+03 2.012148212200147555e+02 4.207422803192135685e-01
1.475907419226845832e+03 2.015317850495445384e+02 4.205688283463722144e-01
1.475928252280255037e+03 2.015163162549574736e+02 4.197840619719669930e-01
1.475949085333023959e+03 2.014050937722661558e+02 4.201849712061391240e-01
1.475969918385210349e+03 2.017202701931585693e+02 4.203776170851601379e-01
1.475990751436815117e+03 2.007381096327104331e+02 4.197909483733867075e-01
1.476011584487721848e+03 2.016007322101374655e+02 4.206382673135198869e-01
1.476032417538045593e+03 2.008537669612073842e+02 4.200712071523653446e-01
1.476053250587729053e+03 2.009408214367437040e+02 4.201841732803012763e-01
1.476074083636773139e+03 2.014367804639047677e+02 4.208583768468435182e-01
1.476094916685176031e+03 2.011611090193356404e+02 4.206091822842671912e-01
1.476115749732880886e+03 2.014486168657114433e+02 4.212692645164634597e-01
1.476136582780004119e+03 2.008337094057706054e+02 4.207313011035326844e-01
1.476157415826369288e+03 2.009240187427675437e+02 4.209555921227752795e-01
1.476178248872095082e+03 2.022510859909453984e+02 4.219942454187521896e-01
1.476199081917181047e+03 2.013321857151855738e+02 4.211866803504450418e-01
1.476219914961509403e+03 2.016613278310937858e+02 4.222775763726827059e-01
1.476240748005197020e+03 2.014999382240894761e+02 4.218449052037083757e-01
1.476261581048187054e+03 2.013152793225015955e+02 4.217054591534966645e-01
1.476282414090420843e+03 2.015250273386646711e+02 4.224593565933763006e-01
1.476303247132013439e+03 2.012404221764293766e+02 4.218091913393918757e-01
1.476324080172849335e+03 2.016264108511871029e+02 4.225566619765414589e-01
1.476344913212928986e+03 2.015620674950577040e+02 4.236400204401891134e-01
1.476365746252310601e+03 2.005500132659791461e+02 4.219985004077499990e-01
1.476386579290934606e+03 2.010380047391356015e+02 4.223825262900077759e-01
1.476407412328802366e+03 2.011385294330067097e+02 4.236319127299706389e-01
1.476428245365971634e+03 2.011345513650618670e+02 4.242420724039301372e-01
1.476449078402325540e+03 2.017982354451851279e+02 4.236670157104472922e-01
1.476469911437924111e+03 2.014306906882069939e+02 4.232493725190127898e-01
1.476490744472764618e+03 2.016027642376508595e+02 4.235900350792626279e-01
1.476511577506847971e+03 2.014614063884160089e+02 4.235332887417936898e-01
1.476532410540118008e+03 2.015695287472972836e+02 4.235456553770311494e-01
1.476553243572572001e+03 2.014936336168875926e+02 4.238821777471738494e-01
1.476574076604269067e+03 2.009422303106813104e+02 4.235015173235197605e-01
1.476594909635152817e+03 2.015061712524547488e+02 4.244232394423985699e-01
1.476615742665278503e+03 2.008764128543635081e+02 4.236807501030567247e-01
1.476636575694531075e+03 2.014410636268077610e+02 4.247304566519810032e-01
1.476657408723027856e+03 2.004902645100820280e+02 4.236834934111016748e-01
1.476678241750709049e+03 2.017232783607050521e+02 4.247207383263724156e-01
1.476699074777517126e+03 2.008061076952820372e+02 4.238164697969442063e-01
1.476719907803569185e+03 2.016399034943198671e+02 4.251865818877865744e-01
1.476740740828805428e+03 2.010705221054352876e+02 4.251336764028171289e-01
1.476761573853226992e+03 2.010643213592120162e+02 4.254000996356842035e-01
1.478761548583436479e+03 2.019416477178505431e+02 4.031458516605440079e-01
1.478782381714316443e+03 2.012583004081018885e+02 4.043891727670086977e-01
1.478803214845312596e+03 2.015326106793334588e+02 4.038458994892563103e-01
1.478824047976366501e+03 2.017137575594414045e+02 4.032751986416500123e-01
1.478844881107479523e+03 2.012346026367741274e+02 4.033713689450919015e-01
1.478865714238592545e+03 2.021876130478005393e+02 4.054230195645801560e-01
1.478886547369764457e+03 2.022325253550598916e+02 4.040657525400008221e-01
1.478907380500935460e+03 2.009833041274627021e+02 4.032349576988360496e-01
1.478928213632106463e+03 2.018718426485576742e+02 4.055484252441500237e-01
1.478949046763277465e+03 2.012138671628819395e+02 4.035302786368211159e-01
1.478969879894448923e+03 2.006419443692679181e+02 4.022609292128724867e-01
1.478990713025561945e+03 2.011182808176394019e+02 4.033952140069818615e-01
1.479011546156674967e+03 2.012599507012066908e+02 4.036321104444686725e-01
1.479032379287729555e+03 2.016171210101313989e+02 4.036398815413541064e-01
1.479053212418726616e+03 2.018868378764485385e+02 4.043293078401153928e-01
1.479074045549664561e+03 2.010987244332003741e+02 4.028589782949617004e-01
1.479094878680486545e+03 2.015523578966515288e+02 4.052436909616912719e-01
1.479115711811308529e+03 2.016441854292467610e+02 4.041451247691312809e-01
1.479136544942014552e+03 2.012320376287082979e+02 4.033245797658920884e-01
1.479157378072661459e+03 2.013847963504741472e+02 4.037800493956897330e-01
1.479178211200806345e+03 2.013194444398984047e+02 4.041578450010347434e-01
1.479199044331220648e+03 2.014665808182055002e+02 4.035066446669526297e-01
1.479219877461576971e+03 2.019672941178773726e+02 4.043183620474312123e-01
1.479240710591815969e+03 2.011407673918643297e+02 4.036966004799484309e-01
1.479261543721939461e+03 2.013216832874809654e+02 4.034003854842890258e-01
1.479282376851887420e+03 2.048517867512071859e+02 4.069976163063260266e-01
1.479303209981778537e+03 2.014568871182903251e+02 4.040463542146386366e-01
1.479324043111552555e+03 2.014195920917062779e+02 4.036948102545179773e-01
1.479344876241152633e+03 2.009379657324409436e+02 4.041246978199351525e-01
1.479365709370635614e+03 2.011123495983159444e+02 4.044297962707718574e-01
1.479386542500002633e+03 2.009342746921007290e+02 4.042501376499184618e-01
1.479407375629194576e+03 2.008417379713953039e+02 4.041837451053144070e-01
1.479428208758270557e+03 2.007265960837424927e+02 4.038265644027833612e-01
1.479449041887171461e+03 2.011961704786805853e+02 4.040003993320380182e-01
1.479469875015955949e+03 2.009517160290333777e+02 4.039291515535296528e-01
1.479490708144566497e+03 2.015392983105524536e+02 4.041062610587221049e-01
1.479511541273059493e+03 2.012548275087285958e+02 4.043051308788703224e-01
1.479532374401320340e+03 2.018161229388753668e+02 4.044651657944231538e-01
1.479553207529464999e+03 2.016952031741799374e+02 4.051876115117705734e-01
1.479574040657434580e+03 2.011372479932299200e+02 4.042010907952144350e-01
1.479594873785288655e+03 2.016609086597321152e+02 4.055192133200494209e-01
1.479615706912908536e+03 2.008261893769868038e+02 4.040369681886715192e-01
1.479636540040412910e+03 2.013801992806642431e+02 4.047064250217814463e-01
1.479657373167683545e+03 2.012866112979569380e+02 4.044543894703231390e-01
1.479678206294837537e+03 2.006987780997703510e+02 4.045297440389962751e-01
1.479699039421759608e+03 2.013595454374413976e+02 4.052807726828189239e-01
1.479719872548565490e+03 2.016070898127844373e+02 4.050486113373436003e-01
1.479740705675138543e+03 2.017274421202228609e+02 4.055812723662478581e-01
1.479761538801536517e+03 2.018721422993475869e+02 4.055122131690941933e-01
1.479782371927818531e+03 2.013284164942735401e+02 4.054298742396608701e-01
1.479803205053868169e+03 2.012986805528629759e+02 4.049264732481002715e-01
1.479824038179742956e+03 2.016838596061353428e+02 4.057798048778796240e-01
1.479844871305384459e+03 2.015877734757678184e+02 4.056177170662459419e-01
1.479865704430909545e+03 2.013021391946622316e+02 4.058345908270172275e-01
1.479886537556201347e+03 2.016486686107807600e+02 4.054993149367071559e-01
1.479907370681319662e+03 2.012863244168011931e+02 4.053119687067342491e-01
1.479928203806204465e+03 2.011522203610620352e+02 4.074205444255691311e-01
1.479949036930972397e+03 2.013809439697778885e+02 4.058367938606303182e-01
1.479969870055508636e+03 2.009110907060003512e+02 4.054208326599409995e-01
1.479990703179869342e+03 2.008661636152770313e+02 4.065889631685472017e-01
1.480011536303997445e+03 2.009015563091456897e+02 4.056444423230400886e-01
1.480032369427950471e+03 2.019254298979864757e+02 4.063209508413995197e-01
1.480053202551729555e+03 2.017265036885761162e+02 4.061010711291798136e-01
1.480074035675274899e+03 2.013208064248647133e+02 4.062104205878323548e-01
1.480094868798645621e+03 2.008872148136583462e+02 4.055840462463542462e-01
1.480115701921784421e+03 2.006935796929116123e+02 4.057433563741497107e-01
1.480136535044748598e+03 2.011259441840522300e+02 4.060646881589431434e-01
1.480157368167537470e+03 2.010899206345401637e+02 4.059120202822874557e-01
1.480178201290093966e+03 2.015232220898106732e+02 4.072692446215790962e-01
1.480199034412475612e+03 2.025052160562420340e+02 4.072647991570859660e-01
1.480219867534624427e+03 2.013336942488830630e+02 4.064846094978707414e-01
1.480240700656599529e+03 2.014469012691561431e+02 4.072491207324067664e-01
1.480261533778340436e+03 2.015398039630644860e+02 4.066150748867723430e-01
1.480282366899849421e+03 2.014204597136461814e+02 4.082834995118750920e-01
1.480303200021241992e+03 2.009814881817925709e+02 4.060950350475050485e-01
1.480324033142343524e+03 2.012623924990041075e+02 4.080394434959708216e-01
1.480344866263269978e+03 2.016309429660618946e+02 4.074347533314687242e-01
1.480365699384022491e+03 2.004481939745148225e+02 4.059385059159217879e-01
1.480386532504541492e+03 2.010361329080294297e+02 4.066222942519087113e-01
1.480407365624885642e+03 2.011634263444395287e+02 4.068014546915506013e-01
1.480428198744997644e+03 2.014399384750102229e+02 4.072010572025350217e-01
1.480449031864876360e+03 2.014558937633556184e+02 4.077256069932695404e-01
1.480469864984580909e+03 2.012954629113695830e+02 4.076629057370488862e-01
1.480490698104051944e+03 2.010810581280396434e+02 4.070168190592665658e-01
1.480511531223347902e+03 2.010071763505369802e+02 4.080593275652961704e-01
1.480532364342411938e+03 2.015183090654423097e+02 4.076807430420269496e-01
1.480553197461301352e+03 2.022122525721371176e+02 4.086887810735579940e-01
1.480574030579957935e+03 2.019571653920282301e+02 4.079813012274709494e-01
1.480594863698381459e+03 2.016267949840027995e+02 4.082617466644655746e-01
1.480615696816630589e+03 2.014611609368046743e+02 4.080665761539845060e-01
1.480636529934647569e+03 2.005147817306309435e+02 4.072019537572980075e-01
1.480657363052488563e+03 2.011158574620413901e+02 4.077142407075911024e-01
1.480678196170039882e+03 2.010848677407115019e+02 4.076257299927296129e-01
1.480699029287475469e+03 2.017110078654259837e+02 4.082334041772993083e-01
1.480719862404618652e+03 2.008118868437512106e+02 4.073250374777775407e-01
1.480740695521644966e+03 2.014141195822567170e+02 4.081776077106835099e-01
1.480761528638380469e+03 2.009427093791299228e+02 4.074593114431895313e-01
1.480782361754941576e+03 2.021614015518327108e+02 4.091375688894339224e-01
1.480803194871270534e+03 2.014232767195317706e+02 4.081789036915815516e-01
1.480824027987423506e+03 2.013090380985219667e+02 4.084203224393418985e-01
1.480844861103344556e+03 2.016922866853265930e+02 4.107776657360205919e-01
1.480865694219032548e+03 2.017422070587682015e+02 4.087785561820364566e-01
1.480886527334545917e+03 2.016054133550991025e+02 4.085482913051919907e-01
1.480907360449826456e+03 2.014675361723222693e+02 4.086644973920299240e-01
1.480928193564873482e+03 2.025919570920532351e+02 4.096380502462961815e-01
1.480949026679745657e+03 2.010206310706074930e+02 4.085776148978205180e-01
1.480969859794386593e+03 2.009985555956550911e+02 4.085872430812079181e-01
1.480990692908793562e+03 2.015710322462065562e+02 4.093823352185674835e-01
1.481011526023026363e+03 2.015723462415577956e+02 4.087909135261689753e-01
1.481032359137026560e+03 2.016692245457047079e+02 4.089970511117968499e-01
1.481053192250851453e+03 2.013213866395273612e+02 4.087603475561660815e-01
1.481074025364444424e+03 2.017007544299890185e+02 4.098404713251206366e-01
1.481094858477803427e+03 2.014137451195957738e+02 4.089341439749723528e-01
1.481115691590988945e+03 2.007151679696394808e+02 4.088357103235653600e-01
1.481136524703882969e+03 2.010559504124013586e+02 4.088449497358375151e-01
1.481157357816660351e+03 2.018478441335320781e+02 4.095712031407966469e-01
1.481178190929147604e+03 2.014902216928196879e+02 4.091457635113597280e-01
1.481199024041459552e+03 2.011308588321561786e+02 4.091097423704941338e-01
1.481219857153538442e+03 2.008545136004355811e+02 4.088514190225139844e-01
1.481240690265442481e+03 2.019513072647577587e+02 4.098052930222923496e-01
1.481261523377114372e+03 2.012200614130126439e+02 4.090169614910005302e-01
1.481303189599817415e+03 2.018162304655419916e+02 4.098719928825427239e-01
1.481324022710849476e+03 2.016960828861283801e+02 4.098188193006943036e-01
1.481344855821648025e+03 2.013711724526536955e+02 4.092700102906152715e-01
1.481365688932271496e+03 2.012172824540761269e+02 4.092545179165458791e-01
1.481386522042662364e+03 2.006845276076112441e+02 4.101033857882526723e-01
1.481407355152820401e+03 2.008181496393679595e+02 4.089945918485776155e-01
1.481428188262804497e+03 2.010370146139662211e+02 4.094602765377867715e-01
1.481449021372555535e+03 2.008164317383835566e+02 4.090564879171595392e-01
1.481469854482073515e+03 2.007339638904893775e+02 4.091937806973142133e-01
1.481490687591358437e+03 2.015258165464110220e+02 4.096604575013042537e-01
1.481511520700468509e+03 2.014603427480350035e+02 4.097823482333765588e-01
1.481532353809404412e+03 2.013668968656294851e+02 4.098859168585591295e-01
1.481553186918049505e+03 2.010163585887189583e+02 4.094091059040134706e-01
1.481574020026519520e+03 2.011907043147166974e+02 4.097710208155727063e-01
1.481594853134815367e+03 2.016162001950833371e+02 4.101301639072504890e-01
1.481615686242819947e+03 2.017632008408753279e+02 4.100193340115874108e-01
1.481636519350649905e+03 2.011252276329850588e+02 4.098904793117806311e-01
1.481657352458247487e+03 2.018283975325541348e+02 4.104684640500771975e-01
1.481678185565669537e+03 2.012411509039166901e+02 4.100054145664800420e-01
1.481699018672859438e+03 2.010432741510802259e+02 4.102595971104825989e-01
1.481719851779816508e+03 2.005604887557903453e+02 4.103479391570811208e-01
1.481740684886598501e+03 2.010207365760007292e+02 4.099602185407043575e-01
1.481761517993146981e+03 2.009832978137728503e+02 4.098894068671827262e-01
1.481782351099462630e+03 2.010120147600817120e+02 4.101580120230474136e-01
1.481803184205604339e+03 2.015495430846629290e+02 4.112058198671441067e-01
1.481824017311513444e+03 2.013045010438540601e+02 4.110281079268707227e-01
1.481844850417189946e+03 2.011768373493362105e+02 4.105737287194028973e-01
1.481865683522633390e+03 2.008164231836842930e+02 4.102343348697605752e-01
1.481886516627902893e+03 2.010943942452026079e+02 4.103906234314209089e-01
1.481907349732997545e+03 2.011407648389522649e+02 4.106439143662689584e-01
1.481928182837800932e+03 2.009782840468425889e+02 4.109199135792014901e-01
1.481949015942429469e+03 2.011432493411360554e+02 4.106355863451969235e-01
1.481969849046825402e+03 2.010214087323678882e+02 4.107722062384631667e-01
1.481990682151046485e+03 2.011434279635085431e+02 4.107626655469391319e-01
1.482011515255034510e+03 2.013503373312263705e+02 4.108933138570972643e-01
1.482032348358789932e+03 2.014306886295626100e+02 4.111355308026043431e-01
1.482053181462370503e+03 2.012627524776011683e+02 4.119093169820307598e-01
1.482074014565660491e+03 2.017598139347056474e+02 4.115695581721605101e-01
1.482094847668833609e+03 2.013733048888072119e+02 4.111226821339985515e-01
1.482115680771716598e+03 2.012434569869336372e+02 4.112015075559014021e-01
1.482136513874423599e+03 2.010927747996387893e+02 4.116144507834827437e-01
1.482157346976898452e+03 2.014135471546903204e+02 4.115374967819495078e-01
1.482178180079198455e+03 2.017650467756248531e+02 4.114926682000994429e-01
1.482199013181264945e+03 2.016052147608893108e+02 4.118680744717671538e-01
1.482219846283099514e+03 2.017337008702300238e+02 4.115937971700569520e-01
1.482240679384701480e+03 2.007474207475551395e+02 4.111447547754767395e-01
1.482261512486128595e+03 2.016922465553863901e+02 4.117794252742981165e-01
1.482282345587322652e+03 2.015618316852514624e+02 4.115778129874493318e-01
1.482303178688342541e+03 2.010212764950117901e+02 4.113874756686961565e-01
1.482324011789129599e+03 2.017101170892311188e+02 4.115841669101361622e-01
1.482344844889683372e+03 2.021698883146105175e+02 4.129074288145477278e-01
1.482365677990004542e+03 2.009346650683102666e+02 4.113782390268755917e-01
1.482386511090151544e+03 2.010251586931454995e+02 4.115440866787271057e-01
1.482407344190065942e+03 2.011628258716366418e+02 4.115483772965586873e-01
1.482428177289746600e+03 2.014928565073644222e+02 4.122910844735456770e-01
1.482449010389253544e+03 2.007965104183952860e+02 4.115544239141031846e-01
1.482469843488526521e+03 2.016839213523876140e+02 4.124327019500390601e-01
1.482490676587625558e+03 2.019788436470928445e+02 4.126448925900770837e-01
1.482511509686433556e+03 2.011136664170579138e+02 4.120850578473877479e-01
1.482532342785124456e+03 2.015004577748476038e+02 4.126880794961879650e-01
1.482553175883524545e+03 2.014716554072720101e+02 4.119057898235594095e-01
1.482574008981750467e+03 2.016847379374116827e+02 4.125490238940072163e-01
1.482594842079742648e+03 2.013129291178220797e+02 4.120679174605481609e-01
1.482615675177501998e+03 2.014569753461467201e+02 4.125840946654834029e-01
1.482636508275087635e+03 2.008927563316532598e+02 4.116903769399964386e-01
1.482657341372381552e+03 2.013542204013775745e+02 4.123385908317956372e-01
1.482678174469559508e+03 2.008707430679286858e+02 4.120336707126882048e-01
1.482699007566446653e+03 2.010584361353538725e+02 4.127499090676349236e-01
1.482719840663158948e+03 2.013596120836817249e+02 4.124951116676832674e-01
1.482740673759696620e+03 2.003292867119530172e+02 4.118280761454730099e-01
1.482761506855943480e+03 2.009922181888837542e+02 4.121527445603082040e-01
1.482782339952015491e+03 2.005688556208068007e+02 4.120645001462847623e-01
1.482803173047854443e+03 2.013066815078190075e+02 4.125180500589649135e-01
1.482824006143519910e+03 2.003610544625306318e+02 4.119266267527089687e-01
1.482844839238893655e+03 2.013033877561690588e+02 4.128353359770349784e-01
1.482865672334092551e+03 2.009387138318192854e+02 4.124558605796022070e-01
1.482886505429117506e+03 2.015599060058593750e+02 4.130758009223766680e-01
1.482907338523908493e+03 2.008770891586884204e+02 4.126453439816158975e-01
1.482928171618467559e+03 2.016987577853422806e+02 4.132933039791271135e-01
1.482949004712792430e+03 2.013226775926654284e+02 4.133819709734517511e-01
1.482969837806944497e+03 2.011951449668108012e+02 4.128715373583243253e-01
1.482990670900862369e+03 2.012368754017979597e+02 4.127921464278777597e-01
1.483011503994547638e+03 2.013793446927132322e+02 4.135473393484374038e-01
1.483032337088000077e+03 2.009408541761740992e+02 4.127614254944163008e-01
1.483053170181277437e+03 2.016283198906931489e+02 4.147662893273082463e-01
1.483074003274322422e+03 2.012574442626283542e+02 4.133138906933404022e-01
1.483094836367193466e+03 2.006909855083753769e+02 4.128692996780435887e-01
1.483115669459772562e+03 2.011919675743781681e+02 4.133493291671992420e-01
1.483136502552177490e+03 2.020396884826507176e+02 4.137932603814523658e-01
1.483157335644407340e+03 2.011077012091755023e+02 4.133009655293470863e-01
1.483178168736347516e+03 2.009941119039806665e+02 4.133605585277789762e-01
1.483199001828111477e+03 2.018767909979457329e+02 4.144144721527620590e-01
1.483219834919643517e+03 2.017339319339010331e+02 4.150505692625949816e-01
1.483240668011001617e+03 2.013317970281154885e+02 4.133910006369923562e-01
1.483261501102126658e+03 2.013079308103244784e+02 4.139158421028136248e-01
1.483282334193017959e+03 2.006894264475642444e+02 4.131205659244600037e-01
1.483303167283676430e+03 2.015695123201790864e+02 4.144973810352466370e-01
1.483324000374160505e+03 2.013982417671538769e+02 4.140697694536179529e-01
1.483344833464411977e+03 2.014345720418355370e+02 4.142575614241397197e-01
1.483365666554430391e+03 2.015107651508494087e+02 4.142707624843819381e-01
1.483386499644215974e+03 2.009726931418607876e+02 4.142438743221272812e-01
1.483407332733826934e+03 2.016222697783090609e+02 4.152341855211085786e-01
1.483428165823205518e+03 2.013682180669004822e+02 4.142649713353601104e-01
1.483448998912349452e+03 2.015544773421092941e+02 4.142023606081585152e-01
1.483469832001319446e+03 2.010503190068296817e+02 4.141116742858051425e-01
1.483490665090057519e+03 2.007971297220942972e+02 4.138297200401754306e-01
1.483511498178562533e+03 2.013743883553168530e+02 4.160741308201711952e-01
1.483532331266834490e+03 2.015577247947142610e+02 4.145738395325940795e-01
1.483553164354932505e+03 2.019374414479766529e+02 4.148526479912649223e-01
1.483573997442797463e+03 2.016800731659700148e+02 4.154472408343540257e-01
1.483594830530428908e+03 2.017799327221024726e+02 4.148739295513506620e-01
1.483615663617827977e+03 2.014326595428283895e+02 4.164845326827106287e-01
1.483636496705052650e+03 2.019329334049768079e+02 4.151887870445901130e-01
1.483657329792044948e+03 2.016141655461139806e+02 4.151410145919817163e-01
1.483678162878804415e+03 2.017018116899442362e+02 4.153097190218458246e-01
1.483698995965330596e+03 2.017113800794115832e+02 4.156128092820789433e-01
1.483719829051681472e+03 2.011380427004861247e+02 4.145289618655083053e-01
1.483740662137799973e+03 2.015381327288491207e+02 4.150195666951407847e-01
1.483761495223685415e+03 2.015089949575552453e+02 4.150291710965159364e-01
1.483782328309338482e+03 2.011775489991077848e+02 4.148965748058719982e-01
1.483803161394816470e+03 2.017679654968513319e+02 4.153311924283481504e-01
1.483823994480062538e+03 2.021257993851705237e+02 4.160183113978514480e-01
1.483844827565074411e+03 2.017503453249632912e+02 4.154810627536342227e-01
1.483865660649853453e+03 2.019382992579992333e+02 4.162565438154276487e-01
1.483886493734458554e+03 2.018487784321125105e+02 4.157647464405586080e-01
1.483907326818772617e+03 2.016257243407575004e+02 4.156258059615731693e-01
1.483928159902911375e+03 2.014165414690130547e+02 4.154636500096851037e-01
1.483948992986818439e+03 2.013155802814278559e+02 4.152688321649528058e-01
1.483969826070550425e+03 2.019663701867294208e+02 4.171216169762537729e-01
1.483990659153991601e+03 2.017311523292559059e+02 4.159682161781841359e-01
1.484011492237257471e+03 2.006498846249739643e+02 4.152689218728626286e-01
1.484032325320291875e+03 2.009885825286005172e+02 4.152366796018679973e-01
1.484053158403092993e+03 2.018977346422242931e+02 4.161160844745587228e-01
1.484073991485719489e+03 2.021332216550313490e+02 4.166367957216202123e-01
1.484094824568054491e+03 2.015900180434012157e+02 4.158806559513738565e-01
1.484115657650214416e+03 2.015170793101707147e+02 4.159568243603429805e-01
1.484136490732141965e+03 2.017810764866293027e+02 4.162806888814511441e-01
1.484157323813836456e+03 2.011230438496379520e+02 4.158288599141882202e-01
1.484178156895356551e+03 2.015630622951988471e+02 4.161676836384569644e-01
1.484198989976585381e+03 2.010221241743635119e+02 4.157026662897491120e-01
1.484219823057640497e+03 2.006839739382829180e+02 4.156559746178280501e-01
1.484240656138461418e+03 2.021930445925974595e+02 4.165642572753654460e-01
1.484261489219050418e+03 2.008079400796154630e+02 4.159258893439544691e-01
1.484282322299405905e+03 2.016789237554976069e+02 4.164361574408106947e-01
1.484303155379528562e+03 2.015170490785307038e+02 4.167047085879799773e-01
1.484323988459476368e+03 2.012819370860066783e+02 4.162563111282152062e-01
1.484344821539134500e+03 2.015329098624293351e+02 4.168342094539285170e-01
1.484365654618617555e+03 2.008310237010479682e+02 4.162290321258358405e-01
1.484386487697867551e+03 2.016869475357692068e+02 4.164676449230706456e-01
1.484428153855728397e+03 2.011444209873222349e+02 4.166320210199166985e-01
1.484448986934279446e+03 2.006604920194494639e+02 4.158521877415194967e-01
1.484469820012598575e+03 2.011833028058857167e+02 4.163435955040162839e-01
1.484490653090742398e+03 2.011512715116167556e+02 4.164480191980017287e-01
1.484511486168653391e+03 2.012171525543245707e+02 4.167598997552412476e-01
1.484532319246332463e+03 2.010976489314481057e+02 4.165701237729950712e-01
1.484553152323777340e+03 2.009131806095611807e+02 4.165025109539385317e-01
1.484573985400990523e+03 2.012516612549732429e+02 4.164984860352640705e-01
1.484594818477970421e+03 2.017889453045682728e+02 4.172992692306577434e-01
1.484615651579571932e+03 2.015069964387505479e+02 4.168966036378915496e-01
1.484636484656086395e+03 2.012030267325732780e+02 4.167432198135980204e-01
1.484657317732367574e+03 2.005525371346800512e+02 4.171693947967397564e-01
1.484678150808474584e+03 2.018359633197713663e+02 4.174057207617546394e-01
1.484698983884348536e+03 2.006174386634149016e+02 4.164558910675469350e-01
1.484719816959930540e+03 2.017531074703344132e+02 4.173268710443249763e-01
1.484740650035337922e+03 2.008322763693242905e+02 4.165142992697398738e-01
1.484761483110513836e+03 2.015559604673846081e+02 4.181423183384209707e-01
1.484782316185457603e+03 2.017048628350081287e+02 4.174891777691756012e-01
1.484803149260167629e+03 2.014338249426326115e+02 4.183942108895288836e-01
1.484823982334644370e+03 2.015012050432729893e+02 4.174920688378351841e-01
1.484844815408888508e+03 2.013596663988744240e+02 4.177213275185224228e-01
1.484865648482899360e+03 2.014891306648422358e+02 4.175999699044947722e-01
1.484886481556678518e+03 2.009549589799450473e+02 4.171338164689839534e-01
1.484907314630223482e+03 2.013549017600323623e+02 4.175753836903102201e-01
1.484928147703594504e+03 2.012942624203008961e+02 4.175302933078903767e-01
1.484948980776674489e+03 2.005700690740500818e+02 4.170182910047703917e-01
1.484969813849521415e+03 2.013915422184346937e+02 4.178786314310981576e-01
1.484990646922136420e+03 2.009321947586388717e+02 4.186133111795231065e-01
1.485011479994517458e+03 2.011378684068344569e+02 4.187889073929073613e-01
1.485032313066724555e+03 2.018805591238811417e+02 4.183592531861199948e-01
1.485053146138640386e+03 2.009045006737962922e+02 4.175465670901650772e-01
1.485073979210323614e+03 2.013728154189527686e+02 4.178401000351542049e-01
1.485094812281773557e+03 2.014133732161566002e+02 4.178913615233270096e-01
1.485115645352991578e+03 2.014944169245094656e+02 4.179360029280193567e-01
1.485136478423976087e+03 2.014596473998866486e+02 4.180365712409682133e-01
1.485157311494785517e+03 2.013731640855973808e+02 4.178931087606219674e-01
1.485178144565304592e+03 2.011228704339437172e+02 4.177985156621354390e-01
1.485198977635590381e+03 2.012239942533148280e+02 4.178338947396348368e-01
1.485219810705585587e+03 2.008031621702013467e+02 4.178055774511829079e-01
1.485240643775405488e+03 2.021626702300561362e+02 4.195353125973989017e-01
1.485261476844993467e+03 2.014704869322055742e+02 4.186075267112337461e-01
1.485282309914347479e+03 2.005443974033298673e+02 4.178233205611006640e-01
1.485303142983411362e+03 2.015792192778958736e+02 4.186711336710510212e-01
1.485323976052300623e+03 2.012555241418247078e+02 4.184351306645930357e-01
1.485344809120898390e+03 2.012303151710572138e+02 4.206876470327226558e-01
1.485365642189321534e+03 2.005395005923952851e+02 4.180137574393658073e-01
1.485386475257454549e+03 2.022000515424396951e+02 4.200561131447433927e-01
1.485407308325353370e+03 2.017720555658567037e+02 4.191518776726078088e-01
1.485428141393020496e+03 2.009514425024898401e+02 4.186578933992226026e-01
1.485448974460454792e+03 2.011894594053629248e+02 4.188168024042219773e-01
1.485469807527598505e+03 2.012755605540915269e+02 4.189863207115903654e-01
1.485490640594566457e+03 2.010583854780404067e+02 4.193728028764320270e-01
1.485511473661243599e+03 2.015100217211405322e+02 4.192761268834405697e-01
1.485532306727687910e+03 2.009143745252879114e+02 4.189506832747778020e-01
1.485553139793898936e+03 2.006661448683252615e+02 4.188781720049588597e-01
1.485573972859876449e+03 2.018853603043396276e+02 4.198156000545068545e-01
1.485594805925622495e+03 2.017754465955757439e+02 4.198348908932455492e-01
1.485615638991077503e+03 2.013747705046177714e+02 4.195166828602944209e-01
1.485636472056299453e+03 2.016754803422291786e+02 4.199671166467202621e-01
1.485657305121288573e+03 2.010747003472507686e+02 4.191299422894522730e-01
1.485678138186044634e+03 2.013994263191165999e+02 4.197193633287992776e-01
1.485698971250568547e+03 2.010126649693591219e+02 4.190626180251806332e-01
1.485719804314800513e+03 2.011887068532668650e+02 4.198663896675494112e-01
1.485740637378800557e+03 2.008105703382277625e+02 4.193128560807152794e-01
1.485761470442566406e+03 2.006575493652554201e+02 4.194155101852394818e-01
1.485782303506042808e+03 2.011351313650671671e+02 4.197536930139882938e-01
1.485803136569286380e+03 2.011936198186404852e+02 4.195521834281539797e-01
1.485823969632296439e+03 2.008098085821329164e+02 4.194656022351669900e-01
1.485844802695074577e+03 2.012762564201804025e+02 4.197985800780426047e-01
1.485865635757560540e+03 2.013090607593533150e+02 4.198456628526583412e-01
1.485886468819813444e+03 2.012396438269434498e+02 4.202701809648188847e-01
1.485907301881834428e+03 2.005407493234346248e+02 4.196597323459596574e-01
1.485928134943563464e+03 2.006816870336089096e+02 4.207363657450742811e-01
1.485948968005060578e+03 2.008576120231588504e+02 4.208395401179046424e-01
1.485969801066323498e+03 2.012805165750139622e+02 4.199335318433382591e-01
1.485990634127295380e+03 2.012858967022214927e+02 4.202435348258521941e-01
1.486011467188035567e+03 2.012102313515589742e+02 4.202301136090838551e-01
1.486032300248542469e+03 2.016938278818874153e+02 4.205618129559643426e-01
1.486053133308758561e+03 2.008965280405780334e+02 4.200116616003866099e-01
1.486073966368742504e+03 2.016550018455803581e+02 4.204523329008780230e-01
1.486094799428434499e+03 2.010536761514709951e+02 4.205872697615122835e-01
1.486115632487894345e+03 2.012778914368006724e+02 4.204590665963149898e-01
1.486136465547063381e+03 2.016557270333821918e+02 4.206324752664846178e-01
1.486157298605998903e+03 2.015886037395175094e+02 4.209088990223501803e-01
1.486178131664701596e+03 2.017028741732761432e+02 4.208919940641148161e-01
1.486198964723113477e+03 2.010926132846537655e+02 4.201601461369611767e-01
1.486219797781292527e+03 2.006874089121915290e+02 4.201532835197775428e-01
1.486240630839179630e+03 2.015550878375442778e+02 4.224685978646875451e-01
1.486261463896776604e+03 2.013515981993132868e+02 4.207753224881413678e-01
1.486282296954140520e+03 2.011266403519618962e+02 4.207193298902540679e-01
1.486303130011271605e+03 2.012787159674834925e+02 4.207853975314717054e-01
1.486323963068111425e+03 2.005453672209368676e+02 4.201852726443946473e-01
1.486344796124660661e+03 2.015310719360847713e+02 4.210023331362301446e-01
1.486365629180976612e+03 2.009625891110325426e+02 4.207922852517891332e-01
1.486386462237001979e+03 2.010138723890599692e+02 4.209838745071171062e-01
1.486407295292793606e+03 2.007954678822513586e+02 4.209545478682061859e-01
1.486428128348294649e+03 2.018618816672575917e+02 4.218201071736736307e-01
1.486448961403505109e+03 2.018169400946745782e+02 4.234952014585937619e-01
1.486469794458483648e+03 2.011502026976997684e+02 4.211449664504289259e-01
1.486490627513169557e+03 2.004641302903854410e+02 4.206956875142775498e-01
1.486511460567623544e+03 2.013176532879449496e+02 4.211607821303405830e-01
1.486532293621785357e+03 2.017430092376204414e+02 4.219781784759202847e-01
1.486553126675657495e+03 2.020127301278268988e+02 4.220018019671634146e-01
1.486573959729237458e+03 2.007152745809939631e+02 4.210220297069477979e-01
1.486594792782585500e+03 2.019050973797994288e+02 4.221773477007095821e-01
1.486615625835641367e+03 2.009958652071221081e+02 4.216832148875722108e-01
1.486636458888407560e+03 2.019544277215757404e+02 4.226257214476580315e-01
1.486657291940881350e+03 2.007900028206437071e+02 4.214405189020207221e-01
1.486678124993123447e+03 2.011935733326405682e+02 4.221328547794356845e-01
1.486698958045073596e+03 2.017320339484794545e+02 4.219328699333961818e-01
1.486719791096733388e+03 2.020615567136744062e+02 4.226160605003307369e-01
1.486740624148101915e+03 2.016227390297961222e+02 4.225211493429799070e-01
1.486761457199237611e+03 2.019074034173408165e+02 4.238625086184325541e-01
1.486782290250025198e+03 2.016405283260190799e+02 4.227289810640228462e-01
1.486803123300579500e+03 2.015364882207981623e+02 4.220157494464823467e-01
1.486823956350840945e+03 2.019516579732107857e+02 4.228772514592290532e-01
1.486844789400753598e+03 2.019293821356141621e+02 4.227410187390412410e-01
1.486865622450434557e+03 2.003981204308973645e+02 4.213638387858013035e-01
1.486886455499823569e+03 2.016209672108220445e+02 4.226067695634678767e-01
1.486907288548921997e+03 2.018363080452965050e+02 4.230453364378618519e-01
1.486928121597729387e+03 2.012189470444952235e+02 4.221794831018085836e-01
1.486948954646245511e+03 2.013613051523688569e+02 4.227721952525665960e-01
1.486969787694471506e+03 2.012097991029122852e+02 4.224175214393192102e-01
1.486990620742405554e+03 2.013894820279009821e+02 4.228872059518785642e-01
1.487011453790048563e+03 2.016818431330622161e+02 4.228866421638644568e-01
1.487032286837400534e+03 2.015131926825904145e+02 4.231577726995528477e-01
1.487053119884461921e+03 2.006879220046307637e+02 4.220334038225765916e-01
1.487073952931173608e+03 2.013146749919184799e+02 4.231978093475924907e-01
1.487094785977653828e+03 2.014476226430330996e+02 4.234190518066091036e-01
1.487115619023784348e+03 2.013214712848932777e+02 4.232402363139384227e-01
1.487136452069681582e+03 2.011181525176153002e+02 4.226428567453067164e-01
1.487157285115228660e+03 2.011959700639895345e+02 4.234165531340483568e-01
1.487178118160427402e+03 2.017119993783883842e+02 4.235113339962339740e-01
1.487198951205393541e+03 2.014852277078079226e+02 4.236161717215066180e-01
1.487219784250009525e+03 2.012504102336591529e+02 4.230228279866442564e-01
1.487240617294334470e+03 2.017769610401301748e+02 4.238864137850308911e-01
1.487261450338367922e+03 2.021770920887896921e+02 4.242418967829197363e-01
1.487282283382053492e+03 2.011474169389612143e+02 4.234500552353624436e-01
1.487303116425447570e+03 2.013199910217705906e+02 4.238217788432121491e-01
1.487323949468550381e+03 2.018162839604857766e+02 4.241289222832730910e-01
1.487344782511303947e+03 2.006405959508786907e+02 4.229938364639523884e-01
1.487365615553766474e+03 2.018423678711753837e+02 4.241736273890788222e-01
1.487386448595938418e+03 2.020358984742037478e+02 4.242802506858137090e-01
1.487407281637760661e+03 2.014550455065163135e+02 4.238817910528128174e-01
1.487428114679235023e+03 2.014737276937336503e+02 4.240151972521302715e-01
1.487448947720417436e+03 2.010115649732898078e+02 4.238622801066583290e-01
1.487469780761308357e+03 2.020618896233447686e+02 4.247875517096590392e-01
1.487490613801850486e+03 2.013253256852738389e+02 4.240889911065566786e-01
1.487511446842043370e+03 2.012235608962400590e+02 4.240187115364152382e-01
1.487553112921497359e+03 2.009577417425976762e+02 4.249490426873796523e-01
1.487573945960700485e+03 2.014571836288868383e+02 4.244576099593422858e-01
1.487594778999612572e+03 2.004225645154812128e+02 4.240172531119725807e-01
1.487615612038175641e+03 2.015102315574718546e+02 4.247427358067892844e-01
1.487636445076389464e+03 2.007186825640597760e+02 4.239202654131951076e-01
1.487657278114252449e+03 2.011933035223843547e+02 4.245234117286264541e-01
1.487678111151825533e+03 2.006737497965415571e+02 4.239453623831478946e-01
1.487698944189049598e+03 2.008150476899713510e+02 4.242714878972910220e-01
1.487719777225923963e+03 2.011248953403725466e+02 4.250946283177844398e-01
1.487740610262450446e+03 2.007981635229617154e+02 4.247428761379354323e-01
1.487761443298627455e+03 2.017100253438122479e+02 4.253806232996544257e-01
1.487782276334454536e+03 2.010147597075975625e+02 4.252284424771131666e-01
1.487803109369932372e+03 2.014240836684683700e+02 4.261267773677051562e-01
1.487823942405060961e+03 2.006708856989080232e+02 4.248325207240934431e-01
1.487844775439840532e+03 2.011490272165125077e+02 4.251915584147908378e-01
1.487865608474270630e+03 2.004180195137559792e+02 4.252465942185879033e-01
1.487886441508351481e+03 2.008124530153373257e+02 4.249499193304783762e-01
1.487907274542024425e+03 2.009211928847721822e+02 4.254819535508763684e-01
1.487928107575406557e+03 2.014959226846549996e+02 4.258225797140193780e-01
1.487948940608381463e+03 2.007866998499860074e+02 4.253018506389476538e-01
1.487969773641007578e+03 2.013113626679675008e+02 4.259653655779617187e-01
1.487990606673283537e+03 2.013592029364590132e+02 4.258915469597025494e-01
1.488011439705152497e+03 2.016013809469161515e+02 4.259617274244696938e-01
1.488032272736672439e+03 2.016294427269591552e+02 4.263857828262525573e-01
1.488053105767784473e+03 2.006679588009107249e+02 4.257557012609690106e-01
1.488073938798547488e+03 2.018057212053944056e+02 4.264651239777262903e-01
1.488094771828961484e+03 2.009254459421250658e+02 4.265635591710393304e-01
1.488115604858967345e+03 2.013729933300582218e+02 4.260815077933503559e-01
1.488136437888566434e+03 2.014174952659127769e+02 4.260783427648943689e-01
1.488157270917816504e+03 2.009351014171986378e+02 4.258840594278418545e-01
1.488178103946658439e+03 2.011043825167332386e+02 4.258603713689277925e-01
1.488198936975093602e+03 2.017579691378133191e+02 4.268228756258907741e-01
1.488219770003178382e+03 2.010449717333705166e+02 4.261656959148674706e-01
1.488240603030856619e+03 2.008880958937313608e+02 4.275042990697004441e-01
1.488261436058127401e+03 2.015305596274182562e+02 4.273693844152099408e-01
1.488282269084990503e+03 2.013375059207597815e+02 4.271777289053748095e-01
1.488303102111445924e+03 2.017971364981015654e+02 4.270638736695503423e-01
1.488323935137494573e+03 2.012176011010619163e+02 4.265078897417256543e-01
1.488344768163134631e+03 2.011831547804799527e+02 4.268957129126697558e-01
1.488365601188368601e+03 2.008328234090134572e+02 4.265717334237039138e-01
1.488386434213195116e+03 2.014297303535781793e+02 4.268870736253624343e-01
1.488407267237613496e+03 2.017413168435172963e+02 4.271016427123950354e-01
1.488428100261566442e+03 2.018965766671732354e+02 4.277009994514780478e-01
1.488448933285111480e+03 2.011268666989127496e+02 4.271042593814833865e-01
1.488469766308249518e+03 2.009456384001078959e+02 4.268677873127771916e-01
1.488490599330979421e+03 2.007540673923941199e+02 4.267767371688847011e-01
1.488511432353243890e+03 2.014221833043714582e+02 4.273588369659778174e-01
1.488532265375042471e+03 2.003439799676779955e+02 4.264109967765359333e-01
1.488553098396433597e+03 2.005510086145208106e+02 4.266539562959708043e-01
1.488573931417359518e+03 2.006993491553757281e+02 4.268755019423743913e-01
1.488594764437878439e+03 2.009324260525977479e+02 4.270652867978131373e-01
1.488615597457931472e+03 2.009372852244768808e+02 4.271670546309760397e-01
1.488636430477518388e+03 2.013656210223500125e+02 4.277070093327967615e-01
1.488657263496639644e+03 2.009138895025355680e+02 4.275579219194392544e-01
1.488678096515295465e+03 2.008670038933261139e+02 4.272756860566486181e-01
1.488698929533485625e+03 2.015973273642923687e+02 4.280677959066082616e-01
1.488719762551210806e+03 2.004285217300894431e+02 4.268895170778883585e-01
1.488740595568470553e+03 2.014462474697930929e+02 4.279972296462463688e-01
1.488761428585263502e+03 2.013410390436379487e+02 4.281004989184488685e-01
1.488782261601561913e+03 2.012643249944664205e+02 4.280698323033302888e-01
1.488803094617365559e+03 2.014199069560297062e+02 4.281494356407608004e-01
1.488823927632674440e+03 2.015361274624681869e+02 4.283679641677909933e-01
1.488844760647517433e+03 2.009733692039295079e+02 4.281082783517255463e-01
1.488865593661837465e+03 2.015384637268212771e+02 4.283027008652391943e-01
1.488886426675661369e+03 2.012669501011532702e+02 4.279776451854917507e-01
1.488907259688962540e+03 2.009979161394978746e+02 4.278785950155568063e-01
1.488928092701767582e+03 2.017808773994633782e+02 4.289228919019508757e-01
1.488948925714048983e+03 2.005495214669851691e+02 4.277689497399389529e-01
1.488969758725807424e+03 2.011193091170278819e+02 4.283412651646176794e-01
1.488990591737041541e+03 2.016194300110636277e+02 4.290731025602726456e-01
1.489011424747752471e+03 2.016927391074816569e+02 4.287104682659109711e-01
1.489032257757909520e+03 2.016089218790956181e+02 4.288195426861868831e-01
1.489053090767515187e+03 2.023039862952848011e+02 4.295179552759336716e-01
1.489073923776596530e+03 2.015288214844658512e+02 4.285614517730937933e-01
1.489094756785094432e+03 2.016420046321458130e+02 4.290950331887868341e-01
1.489115589793069375e+03 2.011302938049624345e+02 4.287994571443046743e-01
1.489136422800462469e+03 2.021108457905456817e+02 4.295299414555449613e-01
1.489157255807272577e+03 2.021732127203181335e+02 4.298258472016043275e-01
1.489178088813530394e+03 2.016064331107679664e+02 4.293315106374441803e-01
1.489198921819176576e+03 2.017106345150849052e+02 4.295812822318236246e-01
1.489219754824270467e+03 2.015613049427731198e+02 4.296522819651552583e-01
1.489240587828723619e+03 2.022048154067087751e+02 4.304439475223436617e-01
1.489261420832623571e+03 2.017843128147036964e+02 4.298399914737006666e-01
1.489282253835883466e+03 2.016022759250270724e+02 4.297561417285580276e-01
1.489303086838531954e+03 2.013250585817628746e+02 4.297195596005579099e-01
1.489323919840569488e+03 2.017460144738281826e+02 4.305093015758035269e-01
1.489344752841966056e+03 2.018816018566562320e+02 4.301377278534225246e-01
1.489365585842751443e+03 2.014602209783431590e+02 4.298694052158830159e-01
1.489386418842897911e+03 2.016093260235343507e+02 4.307816360078949303e-01
1.489407251842374990e+03 2.012436413283221839e+02 4.301143953168469203e-01
1.489428084841211557e+03 2.009524368635465805e+02 4.299211733668662494e-01
1.489448917839377373e+03 2.013264387075105901e+02 4.300607447356239454e-01
1.489469750836875392e+03 2.016428277241193143e+02 4.306144080222787385e-01
1.489490583833674464e+03 2.017251953908238136e+02 4.306353950906796069e-01
1.489511416829803466e+03 2.018120348444604986e+02 4.308199265267586009e-01
1.489532249825263534e+03 2.015494962121909168e+02 4.305020847325460864e-01
1.489553082819996462e+03 2.015060691297646542e+02 4.307683701608125415e-01
1.489573915814029988e+03 2.015913880549158819e+02 4.312780765018386364e-01
1.489594748807336600e+03 2.014847469920628953e+02 4.308603751896362133e-01
1.489615581799944493e+03 2.016457887997277680e+02 4.310959015447248244e-01
1.489636414791795460e+03 2.016568536455678782e+02 4.311091573131968779e-01
1.489657247782919512e+03 2.016103832615893339e+02 4.314109743682365550e-01
1.489678080773285956e+03 2.003183070222943343e+02 4.301481032370828572e-01
1.489698913762925486e+03 2.010939526864614777e+02 4.311344406540972840e-01
1.489719746751779439e+03 2.013106954408818581e+02 4.311886488079045288e-01
1.489740579739847362e+03 2.010192071705857870e+02 4.311186452205357234e-01
1.489761412727157904e+03 2.010028710425722522e+02 4.311436687905770837e-01
1.489782245713682642e+03 2.017432375524567476e+02 4.320060081075178249e-01
1.489803078699392927e+03 2.014688998681646979e+02 4.317373624773307994e-01
1.489823911684317409e+03 2.012026161630017214e+02 4.317605555392093342e-01
1.489844744668426983e+03 2.014469815133720374e+02 4.315191589955545970e-01
1.489865577651721651e+03 2.011345048750157503e+02 4.331339898765930729e-01
1.489886410634201638e+03 2.013089627870924971e+02 4.314715887299436781e-01
1.489907243615837615e+03 2.013302757442886275e+02 4.321776626581682601e-01
1.489928076596658457e+03 2.013670237385436792e+02 4.321299235014068318e-01
1.489948909576634378e+03 2.007982846062632518e+02 4.316151469034288923e-01
1.489969742555738549e+03 2.004283300738192963e+02 4.319749115948288698e-01
1.489990575534027357e+03 2.013545068197892363e+02 4.330127535113528214e-01
1.490011408511472382e+03 2.014142295164938332e+02 4.341327307221751197e-01
1.490032241488072941e+03 2.011430901474612085e+02 4.323171604253285838e-01
