1.653947598901452011e+03 2.404952783295053393e+02 4.145530817442057980e-01
1.653968432391795886e+03 2.408802639043351519e+02 4.151154750717938602e-01
1.653989265884874385e+03 2.408294182372373768e+02 4.151748973490496653e-01
1.654010099380631800e+03 2.402493198150666274e+02 4.147257441268022427e-01
1.654030932878892600e+03 2.408402609278629711e+02 4.159954764631432211e-01
1.654051766379538549e+03 2.409465412198379966e+02 4.181207398338709913e-01
1.654072599882571467e+03 2.409204027169437268e+02 4.233409701181670703e-01
1.654093433387758523e+03 2.414291890016147875e+02 4.324108346358461197e-01
1.654114266894981483e+03 2.404680206730212149e+02 4.457185633908439804e-01
1.654135100404243076e+03 2.404124158981054507e+02 4.675713821473089782e-01
1.654155933915366404e+03 2.407321551793086201e+02 4.953427675548021103e-01
1.654176767428236872e+03 2.403438806002006913e+02 5.297717395964586240e-01
1.654197600942794452e+03 2.402248726649188484e+02 5.718418413982271353e-01
1.654218434458923639e+03 2.406066476293990490e+02 6.196025725556316699e-01
1.654239267976567589e+03 2.410374248162855793e+02 6.700189814796744248e-01
1.654260101495549407e+03 2.410968574812892484e+02 7.145040152952797374e-01
1.654280935015869545e+03 2.411772053247769918e+02 7.500601585420931805e-01
1.654301768537412954e+03 2.415588232114020002e+02 7.775727514592770673e-01
1.654322602060120516e+03 2.410518842273758082e+02 8.019949298707892416e-01
1.654343435583874907e+03 2.407668521882395680e+02 8.255212264355867857e-01
1.654364269108618373e+03 2.400512566098454954e+02 8.501592851502935977e-01
1.654385102634352506e+03 2.414675255768157740e+02 8.780511044399461618e-01
1.654405936161018417e+03 2.421029522618024430e+02 9.036966725467040495e-01
1.654426769688439890e+03 2.402530561831775913e+02 9.271381590558539498e-01
1.654447603216676498e+03 2.394154656979891342e+02 9.493481583156553327e-01
1.654468436745670033e+03 2.410554827121089829e+02 9.711284051237141224e-01
1.654489270275304079e+03 2.411652338884359779e+02 9.931213909873420898e-01
1.654530937336434363e+03 2.421845263238565167e+02 1.039663556863484439e+00
1.654551770867873074e+03 2.416483679095067600e+02 1.060123928311065722e+00
1.654572604399776992e+03 2.419398314009790738e+02 1.078175198035974169e+00
1.654593437932204552e+03 2.420306521420552599e+02 1.091655251149679984e+00
1.654614271465098000e+03 2.399678406437028571e+02 1.099641897692890335e+00
1.654635104998398447e+03 2.423902087113615380e+02 1.104334218730009365e+00
1.654655938532048367e+03 2.409697217329035084e+02 1.104291902793374636e+00
1.654676772066105968e+03 2.407859034518596673e+02 1.104367951574106943e+00
1.654697605600513498e+03 2.390174000258202796e+02 1.103750342329065104e+00
1.654718439135211611e+03 2.409828822933054653e+02 1.105003124077294618e+00
1.654739272670199625e+03 2.409792407366185216e+02 1.105786820338763077e+00
1.654760106205420925e+03 2.415751661362728555e+02 1.105832798192791344e+00
1.654780939740935082e+03 2.418234732130099474e+02 1.103537662252302765e+00
1.654801773276680478e+03 2.417606580847968871e+02 1.100151781967835696e+00
1.654822606812658478e+03 2.409916339091023474e+02 1.094839588765483818e+00
1.654843440348811328e+03 2.425527275887234282e+02 1.088063854622719262e+00
1.654864273885139482e+03 2.402229675375569968e+02 1.078094813712089595e+00
1.654885107421642033e+03 2.411230783464206979e+02 1.066302563443859430e+00
1.654905940958318524e+03 2.419207900697388141e+02 1.053965455605688994e+00
1.654926774495112113e+03 2.413324108644151238e+02 1.041464817835555001e+00
1.654947608032080552e+03 2.405919403258194507e+02 1.030418291801490360e+00
1.654968441569106517e+03 2.407808066574743862e+02 1.021969681766006888e+00
1.654989275106247987e+03 2.405699927490654773e+02 1.016358858685253219e+00
1.655010108643507465e+03 2.413669155358370517e+02 1.016525632164518189e+00
1.655030942180882903e+03 2.393192281195229043e+02 1.013413295215659149e+00
1.655051775718259023e+03 2.401799240395180277e+02 1.016281971821496821e+00
1.655072609255749967e+03 2.406178424795139108e+02 1.019571997752674264e+00
1.655093442793299801e+03 2.408427345577265442e+02 1.020729559210449944e+00
1.655114276330908979e+03 2.401718770106240299e+02 1.021909140386932702e+00
1.655135109868575455e+03 2.402603361653523280e+02 1.022814145877958047e+00
1.655155943406299002e+03 2.428436080976312041e+02 1.022489326906344864e+00
1.655176776944023914e+03 2.423157410421604254e+02 1.016818416453739271e+00
1.655197610481749052e+03 2.407941516864893856e+02 1.008637083557264669e+00
1.655218444019531944e+03 2.405255099506834995e+02 1.003678826722016248e+00
1.655239277557372588e+03 2.404724010247205115e+02 9.965326277333859117e-01
1.655260111095155935e+03 2.415726660137202089e+02 9.872085418825462533e-01
1.655280944632997034e+03 2.406746624182611640e+02 9.784836145217158387e-01
1.655301778170837679e+03 2.402633870865528252e+02 9.702212329149214609e-01
1.655322611708620570e+03 2.390199852625661379e+02 9.624354155038733483e-01
1.655343445246462124e+03 2.416962522498528187e+02 9.574876280998751987e-01
1.655364278784245016e+03 2.406957651826386382e+02 9.525238392567489942e-01
1.655385112322086115e+03 2.406425129488569610e+02 9.487889262520520228e-01
1.655405945859810572e+03 2.398034834133922004e+02 9.468206245244512598e-01
1.655426779397592782e+03 2.406893619080398139e+02 9.449129127055341248e-01
1.655447612935318375e+03 2.407597391559855851e+02 9.437571253728616050e-01
1.655468446473041922e+03 2.403699706396170086e+02 9.437988394927149249e-01
1.655489280010767061e+03 2.395507534780430206e+02 9.444437054244746443e-01
1.655510113548433992e+03 2.408267803181030331e+02 9.464024337079445237e-01
1.655530947086042033e+03 2.427858614219461515e+02 9.489390271118073317e-01
1.655551780623649393e+03 2.418375523697997096e+02 9.504105421206491267e-01
1.655572614161198999e+03 2.399772210868555931e+02 9.504664505681937881e-01
1.655593447698692216e+03 2.405106474764842233e+02 9.493376731943021785e-01
1.655614281236184524e+03 2.426624069919279236e+02 9.461353283415540050e-01
1.655635114773617033e+03 2.417524784551859511e+02 9.401618996149760932e-01
1.655655948311050906e+03 2.398406429558903028e+02 9.335542295382901479e-01
1.655676781848368591e+03 2.409110429612102280e+02 9.271367768445779589e-01
1.655697615385686049e+03 2.414354140189353757e+02 9.203345148792118069e-01
1.655718448922944390e+03 2.403854024996502403e+02 9.136056981252257403e-01
1.655739282460144523e+03 2.400609510000532509e+02 9.077796851315401705e-01
1.655760115997287812e+03 2.399335695584796895e+02 9.030078574374198475e-01
1.655780949534372439e+03 2.403501191736673945e+02 8.993948107055873553e-01
1.655801783071456612e+03 2.404131505254005106e+02 8.934288061305390993e-01
1.655822616608423459e+03 2.412512772195301523e+02 8.873234506076292938e-01
1.655843450145390989e+03 2.414337139235019549e+02 8.801195035875784001e-01
1.655864283682244150e+03 2.406045366981092002e+02 8.712716027951615816e-01
1.655885117219095491e+03 2.405622307434563254e+02 8.623916046472639430e-01
1.655905950755887943e+03 2.415721224157916822e+02 8.522359652249024142e-01
1.655926784292565571e+03 2.405303957560738581e+02 8.413305916237731052e-01
1.655947617829242517e+03 2.404897927305786425e+02 8.316230309785748176e-01
1.655968451365861483e+03 2.419258819341656590e+02 8.211003108175346510e-01
1.655989284902363579e+03 2.413412932191978371e+02 8.125330844892332260e-01
1.656010118438864993e+03 2.418298409195996328e+02 8.047092397771590244e-01
1.656030951975251810e+03 2.396304055392294003e+02 7.968973642838679261e-01
1.656051785511637490e+03 2.413415407713356444e+02 7.922528422416917904e-01
1.656072619047906983e+03 2.406376561083775414e+02 7.880339008532837308e-01
1.656093452584117586e+03 2.403852674093451469e+02 7.867326237081216922e-01
1.656114286120328870e+03 2.402056010541720070e+02 7.857536586272131363e-01
1.656135119656424649e+03 2.415054680957115352e+02 7.859218148397365544e-01
1.656155953192460402e+03 2.415919724699625704e+02 7.866586004937426990e-01
1.656176786728438401e+03 2.401339364785482076e+02 7.836744835473319348e-01
1.656197620264359557e+03 2.409568735253875502e+02 7.819502172112079430e-01
1.656218453800163388e+03 2.410558381549990372e+02 7.793820365704360320e-01
1.656239287335966992e+03 2.400294426209559333e+02 7.751842771913890484e-01
1.656260120871711933e+03 2.415902195054296726e+02 7.709625410784195498e-01
1.656280954407340914e+03 2.386611661345704078e+02 7.620051310233830755e-01
1.656301787942912597e+03 2.411100725325649137e+02 7.553460006639303170e-01
1.656322621478483597e+03 2.402599191515474786e+02 7.473192386168650003e-01
1.656343455013937955e+03 2.412914311942273571e+02 7.411499802524111891e-01
1.656364288549333423e+03 2.398026288039653764e+02 7.347570196739906523e-01
1.656385122084671821e+03 2.414576262256491646e+02 7.316302688281171029e-01
1.656405955619894485e+03 2.398183057944869461e+02 7.283038938742727453e-01
1.656426789155115557e+03 2.416094502008190830e+02 7.277767740328453527e-01
1.656447622690220669e+03 2.409793570768584914e+02 7.270112651387679037e-01
1.656468456225326918e+03 2.405842782641636859e+02 7.273114763714728648e-01
1.656489289760315387e+03 2.400651179535014990e+02 7.283148194789001995e-01
1.656510123295246103e+03 2.398342515287437209e+02 7.313568509930123973e-01
1.656530956830117930e+03 2.397694169165548601e+02 7.347377124860898778e-01
1.656551790364932003e+03 2.399189343436015633e+02 7.382906151233065151e-01
1.656572623899688551e+03 2.415087159837881927e+02 7.428282531685532764e-01
1.656593457434328457e+03 2.404722905683149747e+02 7.445153121603333979e-01
1.656614290968967907e+03 2.402193095899609716e+02 7.461606939350973189e-01
1.656635124503490488e+03 2.420875210423342878e+02 7.468469622468816294e-01
1.656655958038013978e+03 2.400143362391537494e+02 7.442119894575606187e-01
1.656676791572421507e+03 2.408508273337082528e+02 7.425177792947568189e-01
1.656697625106769465e+03 2.408671794294227766e+02 7.400067465062230010e-01
1.656718458641058987e+03 2.420432530074222086e+02 7.381447156167495471e-01
1.656739292175292121e+03 2.402821626421049359e+02 7.350610004465216729e-01
1.656760125709407930e+03 2.415255598689894896e+02 7.341919528822574703e-01
1.656780959243523967e+03 2.412259085233525866e+02 7.329273158332241245e-01
1.656801792777522451e+03 2.405682064931672812e+02 7.312912415832196755e-01
1.656822626311521617e+03 2.415014543968220551e+02 7.300570138457842528e-01
1.656843459845405050e+03 2.415765308195062744e+02 7.281431416883291652e-01
1.656864293379230503e+03 2.399586481621123539e+02 7.241309712534345078e-01
1.656885126912995929e+03 2.404483229318906297e+02 7.196785692132090517e-01
1.656905960446703830e+03 2.413463181189770239e+02 7.148485027217773569e-01
1.656926793980353523e+03 2.411991255923788913e+02 7.089120286752667033e-01
1.656947627513946372e+03 2.406577162908904484e+02 7.018894572140538246e-01
1.656968461047480560e+03 2.409197956140785664e+02 6.952521694455391366e-01
1.656989294580896967e+03 2.398554322346450363e+02 6.877958788113531785e-01
1.657010128114314512e+03 2.407657614168484770e+02 6.831963610218856342e-01
1.657030961647615641e+03 2.403018724974782572e+02 6.772267752094399684e-01
1.657051795180916542e+03 2.407841394765479208e+02 6.734161886927815255e-01
1.657072628714100574e+03 2.400045207781932959e+02 6.706437428424770752e-01
1.657093462247225943e+03 2.414270802567160672e+02 6.699604879656565481e-01
1.657114295780294469e+03 2.408334149917670857e+02 6.688071003717210861e-01
1.657135129313304333e+03 2.405367728868380937e+02 6.701049776891181420e-01
1.657155962846255989e+03 2.417833130958701986e+02 6.692316041326922260e-01
1.657176796379149437e+03 2.412153211231235446e+02 6.687663709116246080e-01
1.657197629911983995e+03 2.404294934863537492e+02 6.672240450496514930e-01
1.657218463444762165e+03 2.407315545095727884e+02 6.657365007095517040e-01
1.657239296977480535e+03 2.391755885284441092e+02 6.618577822354009266e-01
1.657260130510140925e+03 2.421515654583264450e+02 6.601808757816205464e-01
1.657280964042684900e+03 2.416220857676348714e+02 6.550924218834948132e-01
1.657301797575228420e+03 2.408322441500055220e+02 6.477095412910447436e-01
1.657322631107715097e+03 2.409244473021677777e+02 6.410428289560569093e-01
1.657364298172454028e+03 2.410739839826912316e+02 6.282970961341981520e-01
1.657385131704706964e+03 2.407499872012853075e+02 6.232342094596948767e-01
1.657468465833253504e+03 2.406141978001110147e+02 6.138072097126184845e-01
1.657510132897177527e+03 2.405815389094310603e+02 6.167600092823689595e-01
1.657530966429023010e+03 2.411115077296095137e+02 6.191710214945191915e-01
1.657551799960869630e+03 2.411697581253117733e+02 6.216326361086879082e-01
1.657593467024327083e+03 2.410912562377216659e+02 6.253206145957742601e-01
1.657614300555939963e+03 2.408741675866596097e+02 6.247587692115462721e-01
1.657676801150487563e+03 2.415808082331273567e+02 6.220081963060425378e-01
1.657718468213246979e+03 2.417459635343703894e+02 6.178581601810978485e-01
1.657739301744511067e+03 2.418098182100849272e+02 6.155417022894429380e-01
1.657760135275774928e+03 2.412161225949784011e+02 6.136730424759393454e-01
1.657780968806921464e+03 2.412170767488589718e+02 6.118392270300607727e-01
1.657801802338068001e+03 2.411085776858212171e+02 6.108717265906854488e-01
1.657822635869099940e+03 2.413240556259604546e+02 6.098555846144761983e-01
1.657843469400130516e+03 2.414748471182870162e+02 6.085393996448421605e-01
1.657864302931102884e+03 2.415740195541322350e+02 6.067630592688610935e-01
1.657885136461958609e+03 2.411329728341137297e+02 6.041620490018272394e-01
1.657905969992813880e+03 2.418263340762214284e+02 6.017081839783587904e-01
1.657926803523613216e+03 2.407926710960218202e+02 5.975126704863706895e-01
1.657947637054294546e+03 2.395960212608516144e+02 5.934460765586475617e-01
1.657968470584975421e+03 2.419350113915193106e+02 5.907623262560235400e-01
1.657989304115598543e+03 2.409182544936555814e+02 5.869301589053400603e-01
1.658010137646163003e+03 2.405102535775954493e+02 5.832214986228140274e-01
1.658030971176670846e+03 2.410917894351279074e+02 5.810815628632395313e-01
1.658051804707119572e+03 2.406052226693365128e+02 5.793590520003288891e-01
1.658072638237509636e+03 2.418806400045551186e+02 5.797463698197411475e-01
1.658093471767841947e+03 2.410226766759581096e+02 5.778957634161446810e-01
1.658114305298174031e+03 2.402131419727181196e+02 5.769270005765173570e-01
1.658135138828390154e+03 2.419082236696926884e+02 5.785320498590210692e-01
1.658155972358547388e+03 2.407970373850484407e+02 5.786052461862981611e-01
1.658176805888705076e+03 2.405058516840559832e+02 5.795149204383884811e-01
1.658197639418746348e+03 2.411784290768148367e+02 5.810815115755622040e-01
1.658218472948787621e+03 2.410454471434326820e+02 5.828271582756944236e-01
1.658239306478769777e+03 2.410825560359041901e+02 5.810406851483801427e-01
1.658260140008637563e+03 2.408677964272664553e+02 5.798869733188970477e-01
1.658280973538503076e+03 2.417092886931931162e+02 5.785828143762196119e-01
1.658301807068311973e+03 2.406644680387399831e+02 5.756012758218332914e-01
1.658322640598061525e+03 2.407432773656174163e+02 5.716432435331680884e-01
1.658343474127753325e+03 2.414329401474194583e+02 5.679912095699299890e-01
1.658364307657388508e+03 2.406991601576842754e+02 5.639748576542635838e-01
1.658385141187021418e+03 2.406082094840492687e+02 5.604402394164507140e-01
1.658405974716538367e+03 2.414013765140929877e+02 5.589637064761423524e-01
1.658426808245997563e+03 2.416776510068120842e+02 5.581254930483358079e-01
1.658447641775456532e+03 2.413723700885408903e+02 5.574319401495944071e-01
1.658468475304857975e+03 2.411471661702938718e+02 5.579203301077523269e-01
1.658489308834142548e+03 2.403169322192871391e+02 5.570024351823538167e-01
1.658510142363426439e+03 2.404474872236059468e+02 5.584008210469224576e-01
1.658530975892652577e+03 2.402849054783748102e+02 5.602316950557191255e-01
1.658551809421820508e+03 2.410946306878874452e+02 5.629753382601955236e-01
1.658572642950989575e+03 2.404736685408010430e+02 5.645728594757422059e-01
1.658593476480040408e+03 2.408426859768102304e+02 5.665546617423369291e-01
1.658614310009033943e+03 2.402292761804243355e+02 5.671332593471547501e-01
1.658635143538027478e+03 2.415307226381766554e+02 5.675884406037777774e-01
1.658655977066963032e+03 2.407375995982762333e+02 5.669795850614057775e-01
1.658676810595781944e+03 2.399436476922115276e+02 5.657087569634026147e-01
1.658697644124600629e+03 2.415196166441823493e+02 5.649617421439158127e-01
1.658718477653360424e+03 2.410585445428526441e+02 5.634630224759685779e-01
1.658739311182062920e+03 2.409976497504330268e+02 5.626929270181667553e-01
1.658760144710765417e+03 2.406611703583909048e+02 5.617548192186333500e-01
1.658780978239351043e+03 2.413038983168298159e+02 5.612527211299597196e-01
1.658801811767879371e+03 2.403776356710530422e+02 5.603094628289494450e-01
1.658822645296407018e+03 2.413145447277773883e+02 5.612702437405355793e-01
1.658843478824876456e+03 2.411564243305208493e+02 5.607275854300193263e-01
1.658864312353287460e+03 2.418417905758808502e+02 5.602093255131301852e-01
1.658885145881641165e+03 2.407276853225901050e+02 5.583962311355856745e-01
1.658905979409937117e+03 2.412330334712233366e+02 5.573887933485991431e-01
1.658926812938173498e+03 2.416416813388982519e+02 5.557687992549151801e-01
1.658947646466408969e+03 2.406730772398833551e+02 5.531383157194137423e-01
1.658968479994529389e+03 2.413710567747953064e+02 5.510958321047745301e-01
1.658989313522649809e+03 2.405917377344662782e+02 5.479539037846489213e-01
1.659010147050712931e+03 2.406282690308834162e+02 5.455507047830971956e-01
1.659030980578716481e+03 2.416696365746771562e+02 5.442729079892956179e-01
1.659051814106661368e+03 2.410729586521320016e+02 5.427243073565989340e-01
1.659072647634548503e+03 2.407772620043732559e+02 5.414243455645358916e-01
1.659093481162377429e+03 2.410554065155433818e+02 5.411092078181760634e-01
1.659114314690207493e+03 2.403740778403378044e+02 5.400476989607364553e-01
1.659135148217978440e+03 2.409376534279648467e+02 5.406562630759380594e-01
1.659155981745632971e+03 2.411379941099885400e+02 5.409263509640495071e-01
1.659176815273287957e+03 2.410279707936348359e+02 5.414589673202852005e-01
1.659197648800884508e+03 2.415656109830316609e+02 5.426834234963002768e-01
1.659218482328481059e+03 2.421401866273429846e+02 5.429958638618543887e-01
1.659239315855961422e+03 2.419995961621600600e+02 5.429000262122886111e-01
1.659260149383440421e+03 2.407296486094054444e+02 5.414094283545972663e-01
1.659280982910804596e+03 2.414028368752872211e+02 5.408045773681362522e-01
1.659301816438167407e+03 2.400968099641021354e+02 5.382926530003919741e-01
1.659322649965472920e+03 2.411834594250007626e+02 5.370734462858860470e-01
1.659343483492719997e+03 2.407222087214943258e+02 5.346265524234490307e-01
1.659364317019967984e+03 2.411085649941819611e+02 5.328082903922237712e-01
1.659385150547098419e+03 2.408410258780102140e+02 5.306482272686521284e-01
1.659405984074228854e+03 2.408812072101550257e+02 5.295315887188947190e-01
1.659426817601242874e+03 2.412317651759524324e+02 5.286356325214554008e-01
1.659447651128257803e+03 2.410332900638256319e+02 5.279726305229410777e-01
1.659468484655214525e+03 2.405957841930209611e+02 5.277082808090808319e-01
1.659489318182112129e+03 2.413146131632830134e+02 5.280777238531141338e-01
1.659510151709009506e+03 2.410048746366917953e+02 5.281126562628487564e-01
1.659530985235790922e+03 2.412862491943873238e+02 5.290482560035565385e-01
1.659551818762572566e+03 2.405411658382959104e+02 5.290821104251349771e-01
1.659572652289296002e+03 2.408720605531710817e+02 5.297224579024706337e-01
1.659593485815903477e+03 2.406155139934065801e+02 5.302112184557207231e-01
1.659614319342568479e+03 2.403844462179013703e+02 5.301507066638686538e-01
1.659635152869116610e+03 2.409782603129556833e+02 5.302555650259861419e-01
1.659655986395606988e+03 2.413080469190118151e+02 5.300921275932546362e-01
1.659676819922097366e+03 2.412448633021300566e+02 5.292873311326052876e-01
1.659697653448471556e+03 2.409374993269800598e+02 5.268299566814594881e-01
1.659718486974847110e+03 2.415769156709929462e+02 5.255503642087031579e-01
1.659739320501161956e+03 2.408940476580047516e+02 5.231533133115193746e-01
1.659760154027419503e+03 2.401854044494045866e+02 5.213033526260281159e-01
1.659780987553676368e+03 2.415069731386553826e+02 5.203240447725349105e-01
1.659801821079818183e+03 2.406234477247290329e+02 5.179560882723874826e-01
1.659822654605959997e+03 2.415560838801914088e+02 5.171691718412194660e-01
1.659843488131984486e+03 2.409221004538715079e+02 5.149012890906837780e-01
1.659864321658008976e+03 2.401620339867226903e+02 5.123379288249925168e-01
1.659885155183975485e+03 2.408244067164751527e+02 5.104920338112807210e-01
1.659905988709882877e+03 2.413413801830247394e+02 5.076081671799488326e-01
1.659926822235792542e+03 2.409901740026110133e+02 5.037537869010554337e-01
1.659947655761584429e+03 2.409198003718457812e+02 4.998151914469950441e-01
1.659968489287376542e+03 2.413766881658391412e+02 4.958526746466369595e-01
1.659989322813052013e+03 2.421094138644402847e+02 4.916307388395536049e-01
1.660010156338727484e+03 2.414137987950169872e+02 4.861502417830482203e-01
1.660030989864344519e+03 2.414183043000452926e+02 4.813725414564993255e-01
1.660051823389962010e+03 2.409100662848193224e+02 4.769023090257457076e-01
1.660072656915463085e+03 2.404327644908666457e+02 4.727619305209200817e-01
1.660093490440905953e+03 2.408594481977320356e+02 4.697773483643172820e-01
1.660114323966348366e+03 2.412575591680523530e+02 4.669890706378301837e-01
1.660135157491733025e+03 2.408821781722256219e+02 4.644185052518502443e-01
1.660155991017058568e+03 2.413153573344538927e+02 4.633545301354853874e-01
1.660176824542326813e+03 2.410857133312652536e+02 4.617376333335176386e-01
1.660197658067537986e+03 2.410903686335386453e+02 4.611203913811237620e-01
1.660218491592689588e+03 2.406744530490701663e+02 4.604323253586773967e-01
1.660239325117782073e+03 2.410802221982390279e+02 4.607186363575592192e-01
1.660260158642875922e+03 2.413349220592928361e+02 4.606000829088266468e-01
1.660280992167910426e+03 2.420386484129772384e+02 4.618703164158703411e-01
1.660301825692829880e+03 2.418122808357603333e+02 4.603429451201846434e-01
1.660322659217749560e+03 2.410489317984750528e+02 4.588886729359343275e-01
1.660343492742609669e+03 2.413954956235467364e+02 4.593066281410374541e-01
1.660364326267470005e+03 2.408676505772436371e+02 4.575134244366738101e-01
1.660385159792214381e+03 2.409170259642403948e+02 4.564900087044506671e-01
1.660405993316900094e+03 2.412229392431798942e+02 4.564110713287485299e-01
1.660426826841586035e+03 2.417565858519280084e+02 4.561395341580945506e-01
1.660447660366213995e+03 2.407056281218719391e+02 4.550835768737355735e-01
1.660468493890725995e+03 2.419374394030066640e+02 4.554875868865658761e-01
1.660489327415236858e+03 2.409378734756041354e+02 4.551820431703937353e-01
1.660510160939689968e+03 2.408329628276939900e+02 4.552007845493470928e-01
1.660530994464143532e+03 2.406761786188820338e+02 4.556352209716054702e-01
1.660551827988479999e+03 2.414560112572483774e+02 4.582028980043179045e-01
1.660572661512758941e+03 2.412379211728343762e+02 4.570516109006658168e-01
1.660593495037037428e+03 2.412123758098286714e+02 4.578019027004223696e-01
1.660614328561199045e+03 2.411493277121706171e+02 4.581978084584230060e-01
1.660635162085361571e+03 2.403492017017759963e+02 4.582044752642548957e-01
1.660655995609465435e+03 2.402467587008882504e+02 4.581719858657072875e-01
1.660676829133511092e+03 2.407051877447115942e+02 4.587722775249888363e-01
1.660697662657499450e+03 2.408142709936077495e+02 4.588053252617005917e-01
1.660739329705299497e+03 2.415730292231533838e+02 4.579567626612897624e-01
1.660822663800318423e+03 2.412264926279677297e+02 4.572957080700135735e-01
1.660843497323897964e+03 2.413551699927045888e+02 4.575933276805402294e-01
1.660864330847477959e+03 2.408369885125018186e+02 4.564047211409535398e-01
1.660885164370999519e+03 2.402010953065241949e+02 4.556198988211611622e-01
1.660905997894463326e+03 2.410821543000854490e+02 4.560019321683053128e-01
1.660926831417868925e+03 2.418473038433460260e+02 4.558779355596065952e-01
1.660947664941216999e+03 2.413704382681948175e+02 4.547137983654330196e-01
1.660968498464505501e+03 2.403906464950560462e+02 4.527248062294312314e-01
1.660989331987736023e+03 2.407901994354334647e+02 4.518562015142491006e-01
1.661010165510966999e+03 2.406706594094324316e+02 4.519874170691342563e-01
1.661030999034080423e+03 2.409746338708430642e+02 4.498298800292195310e-01
1.661051832574191394e+03 2.409874587233177579e+02 4.485930189753216113e-01
1.661072666097249112e+03 2.412908248534211850e+02 4.481037898610615300e-01
1.661093499620188595e+03 2.411943969901197704e+02 4.472447352965751022e-01
1.661114333143128533e+03 2.408543476435019102e+02 4.470873148273657449e-01
1.661135166665951601e+03 2.409429754172785465e+02 4.459758469120702062e-01
1.661156000188773987e+03 2.403918873316226268e+02 4.452964043636345459e-01
1.661176833711539985e+03 2.404913179284808677e+02 4.449768641972633998e-01
1.661197667234247092e+03 2.407688998057909657e+02 4.451440860777498010e-01
1.661218500756838012e+03 2.405716408543319744e+02 4.451211719075163775e-01
1.661239334279428476e+03 2.406017303275719428e+02 4.449207858506855073e-01
1.661260167801960051e+03 2.415798120915739560e+02 4.448265469235775926e-01
1.661281001324434328e+03 2.404076904814920397e+02 4.444229879100791702e-01
1.661301834846849488e+03 2.407050335319686383e+02 4.440013422183206049e-01
1.661322668369207804e+03 2.402969543663529919e+02 4.426214656500199185e-01
1.661343501891508367e+03 2.401816655677410211e+02 4.422298107865258454e-01
1.661364335413749586e+03 2.410739036956006487e+02 4.420737056091287309e-01
1.661385168935931915e+03 2.401751216164663845e+02 4.406798132492622533e-01
1.661406002458056491e+03 2.407920100444106879e+02 4.410651078689666327e-01
1.661426835980123087e+03 2.402010539910863542e+02 4.400776642563837826e-01
1.661447669502131475e+03 2.407677619920308416e+02 4.403449947693413580e-01
1.661468503024082111e+03 2.410056775109319744e+02 4.412559489694770076e-01
1.661489336545974538e+03 2.414094177327201294e+02 4.413473039276138987e-01
1.661510170067807394e+03 2.416815254340843353e+02 4.429084905041392739e-01
1.661531003589582951e+03 2.408814104367314997e+02 4.421458504408443679e-01
1.661551837111300983e+03 2.410309233167920695e+02 4.428219163333627084e-01
1.661572670632959444e+03 2.410174648962728838e+02 4.435894742936328794e-01
1.661593504154560833e+03 2.407458341626206959e+02 4.434376618087290667e-01
1.661614337676104924e+03 2.410995369620517863e+02 4.443987959111946329e-01
1.661635171197530553e+03 2.402032966146379636e+02 4.449872117133789606e-01
1.661656004718956865e+03 2.411110130979818962e+02 4.460207510309664447e-01
1.661676838240324514e+03 2.413219396641258925e+02 4.464581626212962284e-01
1.661697671761633956e+03 2.411796488890422268e+02 4.456664569291216016e-01
1.661718505282885872e+03 2.407870012136766320e+02 4.459151657114638345e-01
1.661739338804022054e+03 2.411637825419751664e+02 4.456331203090004300e-01
1.661760172325157328e+03 2.403725687914682396e+02 4.452962872414872875e-01
1.661781005846234621e+03 2.407374992393623927e+02 4.451823462632859552e-01
1.661801839367194589e+03 2.411040984407531198e+02 4.452411527531113244e-01
1.661822672888155921e+03 2.414288650249869477e+02 4.456849966282470099e-01
1.661843506408999474e+03 2.405718410857247989e+02 4.453522513867495536e-01
1.661864339929785501e+03 2.405519583110161363e+02 4.452716741753701690e-01
1.661885173450513776e+03 2.406425418043126001e+02 4.456558576924123383e-01
1.661906006971242505e+03 2.412181590453255069e+02 4.457631424289157374e-01
1.661926840491853454e+03 2.409996617940115300e+02 4.452893100522797298e-01
1.661947674012406424e+03 2.410192251176029288e+02 4.451183096456003963e-01
1.661968507532900958e+03 2.415434484130196040e+02 4.447120499954929640e-01
1.661989341053279986e+03 2.408429325916044093e+02 4.434782532614616191e-01
1.662010174573658560e+03 2.403043062370137477e+02 4.422778748266438797e-01
1.662031008093978926e+03 2.405376089567812130e+02 4.414357538406119552e-01
1.662051841614183559e+03 2.407484107339748221e+02 4.417063275409736645e-01
1.662072675134329074e+03 2.403715085603766681e+02 4.397899777759317619e-01
1.662093508654475045e+03 2.396453784417844872e+02 4.386541266175601472e-01
1.662114342174503463e+03 2.406187420408296873e+02 4.388994586184211677e-01
1.662135175694475038e+03 2.412255536634248472e+02 4.386543644087805283e-01
1.662156009214329970e+03 2.402499832143045637e+02 4.374940054346571072e-01
1.662176842734184902e+03 2.402172401009715372e+02 4.387629366051598034e-01
1.662197676253923419e+03 2.415491303822509224e+02 4.384360007915028556e-01
1.662218509773661481e+03 2.413591987530126914e+02 4.380178452192147742e-01
1.662239343293283127e+03 2.410355769200856457e+02 4.377673047772122072e-01
1.662260176812847021e+03 2.413143731803684204e+02 4.375377366276028690e-01
1.662281010332352480e+03 2.408626551822098918e+02 4.369257155029528938e-01
1.662301843851741978e+03 2.407423424799211205e+02 4.379862909686437211e-01
1.662322677371131476e+03 2.408142580729528959e+02 4.359503959471082157e-01
1.662343510890403650e+03 2.407962499866808059e+02 4.354889151151161708e-01
1.662364344409618525e+03 2.412203794704673214e+02 4.354028677541031400e-01
1.662385177928774510e+03 2.411193668032228743e+02 4.349360780502209978e-01
1.662406011447872061e+03 2.410168476928035375e+02 4.338685616818089841e-01
1.662426844966853878e+03 2.415074687272953895e+02 4.338515778090716313e-01
1.662447678485835922e+03 2.412339574397926469e+02 4.330261914831203263e-01
1.662468512004701552e+03 2.406764463960295473e+02 4.324220342041384391e-01
1.662489345523449629e+03 2.414607391868894695e+02 4.352799012191111983e-01
1.662510179042197933e+03 2.406912045195390419e+02 4.327099702767693290e-01
1.662531012560830959e+03 2.411484262234841367e+02 4.338412051270140180e-01
1.662551846079404413e+03 2.406495306298207595e+02 4.342165246215327623e-01
1.662572679597920342e+03 2.406874167644004388e+02 4.344618243982711348e-01
1.662593513116377380e+03 2.409265691322845271e+02 4.351255662876598596e-01
1.662614346634719368e+03 2.411092401866570754e+02 4.357439630148230991e-01
1.662635180153003603e+03 2.414825442303592808e+02 4.366166358810621428e-01
1.662656013671170513e+03 2.404722389483416976e+02 4.359548907075529445e-01
1.662676847189336513e+03 2.412049357970870460e+02 4.370471279354535832e-01
1.662697680707387008e+03 2.418166955167091317e+02 4.367500757982683002e-01
1.662718514225378385e+03 2.410466016738281496e+02 4.360270739721527899e-01
1.662739347743254029e+03 2.405195748413196952e+02 4.355513397124812225e-01
1.662760181261071921e+03 2.415589868271168257e+02 4.357704307331918825e-01
1.662781014778831377e+03 2.408359690972150418e+02 4.367805764751995778e-01
1.662801848296533080e+03 2.406515733770689849e+02 4.342186694507174094e-01
1.662822681814117459e+03 2.409765195058124334e+02 4.339918422657429442e-01
1.662843515331642948e+03 2.403730188268160930e+02 4.331663620040035467e-01
1.662864348849052931e+03 2.416901881999303043e+02 4.343525201483073861e-01
1.662885182366404479e+03 2.415301203294928314e+02 4.338803246417834991e-01
1.662906015883699183e+03 2.417920359736963860e+02 4.334142158596457350e-01
1.662926849400876563e+03 2.410437630525715349e+02 4.333860054313157795e-01
1.662947682917995508e+03 2.404407541199582852e+02 4.315400157377677903e-01
1.662968516435056017e+03 2.412637664922437466e+02 4.316080176003400659e-01
1.662989349952000566e+03 2.409117295275386823e+02 4.303599038258815734e-01
1.663010183468885998e+03 2.412737656986914203e+02 4.298304580081017123e-01
1.663031016985655469e+03 2.403039787579660640e+02 4.281109236749045532e-01
1.663051850502367415e+03 2.404414249633914267e+02 4.276523946993193159e-01
1.663072684019022063e+03 2.414218743595780268e+02 4.280201205689186383e-01
1.663093517535558476e+03 2.410622425181302049e+02 4.270235539289638504e-01
1.663114351051978474e+03 2.407952911209737579e+02 4.263321174041780903e-01
1.663135184568398472e+03 2.403156309378515232e+02 4.252573867786469952e-01
1.663156018084644074e+03 2.405450428186299234e+02 4.255749964084523107e-01
1.663176851600831924e+03 2.407619497220439655e+02 4.250653398999739707e-01
1.663197685116961566e+03 2.403327904199317686e+02 4.248087038749159827e-01
1.663218518632974337e+03 2.404177378764815103e+02 4.247231240731086932e-01
1.663239352148930493e+03 2.411787314836714415e+02 4.251423162709679904e-01
1.663260185664768414e+03 2.400105342807921716e+02 4.250774165776664004e-01
1.663281019180548356e+03 2.410192129187606724e+02 4.245727432017142311e-01
1.663301852696211427e+03 2.411757648945680330e+02 4.246500720442775156e-01
1.663322686211816972e+03 2.410964438527013556e+02 4.239592810705340997e-01
1.663343519727306557e+03 2.407763616299797889e+02 4.233495937751396987e-01
1.663364353242679954e+03 2.410947014786567593e+02 4.237242364787753846e-01
1.663385186757994916e+03 2.409108204299678277e+02 4.224104309225066300e-01
1.663406020273250533e+03 2.401980482018481666e+02 4.213205862476062658e-01
1.663426853788331982e+03 2.402903318563283221e+02 4.206005555825366726e-01
1.663447687303355906e+03 2.403691729957169230e+02 4.220361048769792900e-01
1.663468520818320485e+03 2.410255580989068847e+02 4.207246603098322990e-01
1.663489354333169103e+03 2.418989754102852601e+02 4.212014331327276762e-01
1.663510187847901989e+03 2.412122433382817519e+02 4.207516655506480796e-01
1.663531021362577121e+03 2.410410627818908722e+02 4.209771492061896159e-01
1.663551854877134929e+03 2.401700739002930334e+02 4.204382981153420573e-01
1.663572688391575412e+03 2.406794225573015069e+02 4.211201979730508360e-01
1.663593521905959051e+03 2.410942259867818507e+02 4.217517460807830854e-01
1.663614355420226047e+03 2.405072209076856780e+02 4.219954283453104527e-01
1.663635188934375947e+03 2.412545653606307781e+02 4.232855457300560564e-01
1.663656022448467866e+03 2.404655312311889190e+02 4.221078089025386282e-01
1.663676855962444051e+03 2.409595141317857951e+02 4.227254913079061538e-01
1.663697689476303367e+03 2.411986502844423512e+02 4.229273210633535673e-01
1.663718522990046949e+03 2.410757162772254958e+02 4.227722833683403847e-01
1.663739356503731415e+03 2.414842046549173062e+02 4.232547590908616875e-01
1.663760190017299010e+03 2.409705009207873445e+02 4.225323465481321539e-01
1.663781023530751554e+03 2.404821200506193861e+02 4.223809211002083619e-01
1.663801857044144981e+03 2.410169189058455856e+02 4.223447762553412255e-01
1.663822690557363330e+03 2.411794690400645038e+02 4.234899235047945298e-01
1.663843524070525064e+03 2.410901600801552718e+02 4.220636793583610880e-01
1.663864357583569472e+03 2.415784647164814203e+02 4.220875451887339813e-01
1.663885191096497920e+03 2.403742480018831316e+02 4.210386286170876846e-01
1.663906024609309497e+03 2.412760569240980431e+02 4.233864799251838562e-01
1.663926858122003978e+03 2.416436526356573609e+02 4.218836359623631682e-01
1.663947691634640478e+03 2.418324646237711306e+02 4.217074556029052901e-01
1.663968525147161017e+03 2.408783917201155873e+02 4.203210751818056701e-01
1.663989358659506934e+03 2.412800412928526157e+02 4.202069578997762456e-01
1.664010192171795552e+03 2.417439015677614691e+02 4.202982258411404048e-01
1.664031025683967073e+03 2.410421695876741239e+02 4.195340516975379352e-01
1.664051859196021951e+03 2.417088528070350435e+02 4.194502910447938104e-01
1.664072692707960414e+03 2.415400288835280094e+02 4.190186834221219514e-01
1.664114359731487411e+03 2.404933742594760986e+02 4.172042914736746599e-01
1.664176860265906498e+03 2.411772565633857255e+02 4.173794451280064544e-01
1.664197693777146924e+03 2.404797962540825154e+02 4.157961951734012729e-01
1.664218527288269570e+03 2.405228255339546308e+02 4.160762080105751548e-01
1.664239360799276938e+03 2.413663938420488932e+02 4.167578259724707967e-01
1.664260194310168117e+03 2.405076871425309548e+02 4.161487778172345831e-01
1.664281027820883537e+03 2.402033752032954226e+02 4.167316525167154007e-01
1.664301861331540977e+03 2.412427827055051637e+02 4.161331655446571798e-01
1.664322694842024930e+03 2.405986591448343290e+02 4.157312881114832437e-01
1.664343528352449994e+03 2.409501643885968747e+02 4.166042479809900501e-01
1.664364361862701116e+03 2.401847741916457721e+02 4.151398839226421167e-01
1.664385195372834460e+03 2.411312517355467833e+02 4.150991418774492292e-01
1.664406028882794089e+03 2.408643679786225960e+02 4.143357544865585718e-01
1.664426862392695512e+03 2.409944554721332679e+02 4.141601051594981930e-01
1.664447695902421401e+03 2.407330227429359866e+02 4.134178541594842882e-01
1.664468529412031330e+03 2.411442203960689312e+02 4.137431658730705286e-01
1.664489362921524844e+03 2.405637573440253618e+02 4.124380310790481952e-01
1.664510196430844644e+03 2.404390351588581893e+02 4.121695741192769602e-01
1.664551863449192524e+03 2.410759802317557501e+02 4.128511631927883618e-01
1.664572696958103961e+03 2.412897797410506371e+02 4.122051290483106367e-01
1.664593530466899665e+03 2.410366810995989226e+02 4.123910601131623999e-01
1.664614363975578044e+03 2.406653697679718960e+02 4.115522876941014596e-01
1.664635197484140008e+03 2.409471319757590777e+02 4.129293880113326098e-01
1.664656030992527576e+03 2.402634349063092998e+02 4.104576093645184165e-01
1.664676864500740976e+03 2.410038191995535897e+02 4.113983601510093346e-01
1.664697698008838870e+03 2.406350414133839593e+02 4.111678047420851967e-01
1.664718531516819439e+03 2.410458783515405798e+02 4.113956073640530620e-01
1.664739365024624476e+03 2.408446406263685446e+02 4.108216474133623008e-01
1.664760198532313552e+03 2.412165224292254777e+02 4.108746730801982050e-01
1.664781032039828006e+03 2.409849360269794261e+02 4.114951125337921733e-01
1.664801865547226498e+03 2.408704948254839167e+02 4.105632942030587595e-01
1.664822699054449458e+03 2.406196991250205599e+02 4.104519822406337282e-01
1.664843532561499160e+03 2.404155309886398584e+02 4.093602585504355629e-01
1.664864366068432901e+03 2.410218489585591612e+02 4.098674302235388311e-01
1.664885199575190427e+03 2.410469739954039596e+02 4.101086543487403868e-01
1.664906033081831993e+03 2.414108017668936554e+02 4.099475511289096263e-01
1.664926866588298481e+03 2.408259465514157114e+02 4.090955916411279092e-01
1.664947700094590346e+03 2.410242310946375994e+02 4.088424166633075618e-01
1.664968533600708497e+03 2.410585280787071270e+02 4.086215416408044976e-01
1.664989367106709551e+03 2.404710142316930330e+02 4.081507379965633175e-01
1.665010200612535982e+03 2.409667489358347439e+02 4.084407169708606511e-01
1.665031034118188018e+03 2.402357367642400447e+02 4.076284716825908649e-01
1.665051867623723865e+03 2.413069151938441621e+02 4.079946323163233801e-01
1.665072701129027337e+03 2.408635445153253158e+02 4.077737000522376754e-01
1.665093534634213484e+03 2.408693302708234398e+02 4.076923661117761166e-01
1.665114368139225007e+03 2.403154146343119351e+02 4.072702507899359503e-01
1.665135201644003928e+03 2.411936818197691821e+02 4.075311486795687443e-01
1.665156035148666433e+03 2.412142516576678020e+02 4.073897841955528287e-01
1.665176868653154088e+03 2.405249024471540054e+02 4.070011310819425798e-01
1.665197702157467575e+03 2.405136109327274596e+02 4.067881394472726564e-01
1.665218535661606438e+03 2.407114574169287380e+02 4.065911437902408609e-01
1.665239369165571134e+03 2.409350674499505374e+02 4.075525383342441521e-01
1.665260202669359842e+03 2.411004783442177200e+02 4.069135455435579640e-01
1.665281036172974382e+03 2.398690975721761731e+02 4.053699975859309523e-01
1.665364370185570579e+03 2.412286167044643435e+02 4.074922239404171198e-01
1.665385203688254023e+03 2.412966954397648749e+02 4.085605461969061825e-01
1.665406037190706002e+03 2.408795638020585557e+02 4.066460769390446983e-01
1.665426870693039518e+03 2.409928931581804648e+02 4.067030178138661967e-01
1.665447704195140886e+03 2.414671852468384259e+02 4.069808108658876655e-01
1.665468537697008969e+03 2.413866174254502539e+02 4.070890821202615140e-01
1.665489371198761091e+03 2.400329251694248569e+02 4.062548050229471408e-01
1.665510204700280610e+03 2.406903721386266284e+02 4.065667164940889866e-01
1.665531038201566389e+03 2.399993940237711456e+02 4.073234461153065200e-01
1.665551871702678909e+03 2.405900551480875436e+02 4.063245631529235902e-01
1.665572705203616579e+03 2.410321454280888815e+02 4.064988877761001596e-01
1.665593538704320508e+03 2.405718605697192629e+02 4.062890070748398919e-01
1.665614372204792517e+03 2.408805420493846157e+02 4.065309433415056906e-01
1.665635205705089447e+03 2.409099273821053089e+02 4.066730827108123170e-01
1.665656039205152865e+03 2.397546309589044995e+02 4.056876949356261752e-01
1.665676872705043024e+03 2.413174768947883990e+02 4.069266003528897446e-01
1.665697706204699443e+03 2.407643035663613205e+02 4.063911376220070149e-01
1.665718539704122577e+03 2.413100267398628205e+02 4.075048579763092538e-01
1.665739373203314017e+03 2.403950846335862650e+02 4.059826080949769933e-01
1.665760206702330379e+03 2.403489714257120511e+02 4.061510258933220818e-01
1.665781040201056385e+03 2.407838415932885709e+02 4.065339306668129815e-01
1.665801873699606404e+03 2.409176295858997889e+02 4.065101230904567542e-01
1.665822707197924501e+03 2.404396828222990337e+02 4.074970508831471383e-01
1.665843540696008859e+03 2.407394970058390697e+02 4.072019720543134658e-01
1.665864374193861067e+03 2.412195855226532899e+02 4.068437602096405259e-01
1.665885207691480900e+03 2.409030043380936945e+02 4.064012759328509139e-01
1.665906041188866993e+03 2.405047113585135037e+02 4.064431281629138359e-01
1.665926874686021165e+03 2.404967561101215381e+02 4.061215821284087646e-01
1.665947708182884980e+03 2.416006066322848937e+02 4.077740654792996744e-01
1.665968541679572581e+03 2.406535317725494849e+02 4.077352370227268485e-01
1.665989375175968917e+03 2.409840069379294221e+02 4.070920104439634257e-01
1.666010208672133558e+03 2.411001510470290441e+02 4.068122787299164878e-01
1.666031042168064005e+03 2.403987288454052873e+02 4.064078391167629256e-01
1.666051875663762985e+03 2.406594448610536574e+02 4.065720125591159584e-01
1.666072709159170472e+03 2.410097729783615534e+02 4.069539536723830175e-01
1.666093542654286011e+03 2.407690093146688071e+02 4.065254084844562299e-01
1.666114376149170539e+03 2.403696636037389567e+02 4.062975892290009994e-01
1.666135209643821327e+03 2.401065061176500421e+02 4.059717435834332977e-01
1.666156043138181531e+03 2.406274050021494020e+02 4.066720017815398380e-01
1.666176876632308449e+03 2.407198656692464453e+02 4.066318038291464876e-01
1.666197710126144102e+03 2.414653943473955735e+02 4.076579528223268634e-01
1.666218543619688944e+03 2.402992428784335743e+02 4.062304125245240205e-01
1.666239377113000501e+03 2.406964168709482692e+02 4.069079792702844922e-01
1.666260210606021019e+03 2.405970388023246755e+02 4.064384170233271143e-01
1.666281044098751408e+03 2.401079213804508754e+02 4.061572812718800551e-01
1.666301877591190987e+03 2.413039855295234020e+02 4.070830972931775427e-01
1.666322711083397508e+03 2.406443890607009166e+02 4.067723693851216238e-01
1.666343544575253418e+03 2.408469279848215479e+02 4.076913975352867148e-01
1.666364378066877634e+03 2.412711254762277235e+02 4.081290876058252248e-01
1.666385211558210585e+03 2.411851629299315505e+02 4.070646847045880090e-01
1.666406045049193381e+03 2.404234673091024490e+02 4.063215192783370400e-01
1.666426878539944937e+03 2.410190997642916102e+02 4.069426573770897337e-01
1.666447712030346565e+03 2.412904340860193315e+02 4.071131303548508051e-01
1.666468545520457155e+03 2.411304118616052961e+02 4.068595458170651824e-01
1.666489379010278071e+03 2.409438424151837808e+02 4.071291434218021754e-01
1.666510212499806130e+03 2.406034773735794943e+02 4.064759029845058103e-01
1.666531045989042923e+03 2.404864373107290021e+02 4.064210568274943536e-01
1.666551879477930925e+03 2.406550431031821233e+02 4.066304479492615642e-01
1.666572712966527888e+03 2.415159628291244189e+02 4.073935699139914490e-01
1.666593546454834495e+03 2.406410341128611492e+02 4.065885600271212375e-01
1.666614379942791402e+03 2.411355243507984767e+02 4.070004537577525117e-01
1.666635213430398380e+03 2.412080501074895551e+02 4.067987440581706249e-01
1.666656046917773892e+03 2.406548797871944316e+02 4.067555729555172306e-01
1.666676880404741496e+03 2.409746881348313536e+02 4.083112546083431105e-01
1.666697713891476496e+03 2.413237985183690739e+02 4.072949285774963291e-01
1.666718547377803588e+03 2.409238879167402558e+02 4.078263729848943253e-01
1.666739380863838960e+03 2.411116219605877689e+02 4.073377864446471874e-01
1.666760214349583975e+03 2.406767999526741733e+02 4.086501853873839019e-01
1.666781047834921537e+03 2.405538669705818791e+02 4.064933341536669520e-01
1.666801881320026041e+03 2.416087505403839941e+02 4.074063533119491320e-01
1.666822714804722409e+03 2.407599119213364531e+02 4.067830110388577780e-01
1.666843548289129103e+03 2.406833196913777044e+02 4.066341491242198569e-01
1.666864381773244986e+03 2.409360278079024056e+02 4.068823990683775871e-01
1.666885215256953416e+03 2.409386776224667415e+02 4.067032010084478122e-01
1.666906048740369897e+03 2.415465016219543202e+02 4.075890992471133956e-01
1.666926882223494431e+03 2.413906645326401588e+02 4.073569731620134693e-01
1.666947715706271083e+03 2.416777965929064464e+02 4.075257736667678987e-01
1.666968549188698944e+03 2.406794891170173685e+02 4.068626406033248877e-01
1.666989382670834402e+03 2.411458511503851412e+02 4.073564427501334406e-01
1.667010216152621069e+03 2.411980666746579516e+02 4.073822126531359000e-01
1.667031049634116926e+03 2.408114692355589170e+02 4.070118948934571268e-01
1.667051883115263990e+03 2.409449817969972116e+02 4.071105499045651333e-01
1.667072716596120017e+03 2.417195358173237025e+02 4.076670727183226983e-01
1.667093550076742531e+03 2.409522606762474766e+02 4.071139172974280185e-01
1.667114383557016026e+03 2.409923798581932317e+02 4.070329457428912834e-01
1.667135217036998938e+03 2.402450999348343714e+02 4.062397845524426399e-01
1.667156050516689447e+03 2.413445068455689579e+02 4.074138695432341639e-01
1.667176883996090055e+03 2.415679817598457362e+02 4.091810895581681207e-01
1.667197717475256923e+03 2.409617548851994400e+02 4.069586405359267856e-01
1.667218550954191414e+03 2.406486537998056008e+02 4.067296900763505696e-01
1.667239384432835777e+03 2.404090579588900027e+02 4.070860805666060012e-01
1.667260217911305517e+03 2.407057697005818682e+02 4.067012408221422626e-01
1.667281051389541517e+03 2.410908283897849174e+02 4.081538595011732218e-01
1.667301884867603349e+03 2.409518824115614279e+02 4.071237081999717899e-01
1.667322718345490557e+03 2.416354609171732477e+02 4.076342291712766186e-01
1.667343551823202006e+03 2.411243080826507992e+02 4.074924616321172754e-01
1.667364385300797494e+03 2.408782314232483941e+02 4.073487608454717246e-01
1.667385218778335002e+03 2.407376768290525035e+02 4.070885147551082661e-01
1.667406052255757004e+03 2.402405320697932041e+02 4.076193509229524281e-01
1.667426885733120344e+03 2.409764794283419462e+02 4.072494134506488561e-01
1.667447719210484138e+03 2.412368562401093754e+02 4.072665188075417775e-01
1.667468552687905458e+03 2.408502404555304679e+02 4.070344650229444361e-01
1.667489386165384076e+03 2.409180125763780040e+02 4.069853509661391922e-01
1.667510219642980474e+03 2.413758759994919671e+02 4.078960450051060671e-01
1.667531053120750585e+03 2.415931683712659606e+02 4.076495455230402798e-01
1.667551886598696001e+03 2.407832093349367995e+02 4.070829142695560066e-01
1.667572720076932001e+03 2.412188809057033438e+02 4.073314028654902996e-01
1.667593553555517474e+03 2.412809447629270210e+02 4.081985071824535405e-01
1.667614387034509946e+03 2.410421385991616603e+02 4.074622919621307959e-01
1.667635220514026969e+03 2.412727883042296639e+02 4.073179586108263694e-01
1.667656053994010108e+03 2.407816883163075090e+02 4.070332020073942347e-01
1.667676887474691512e+03 2.403528813537024860e+02 4.064648500262593722e-01
1.668635229822933979e+03 2.414476548491092558e+02 5.522283927313476060e-01
1.668656063404373981e+03 2.403917214069040824e+02 5.819859583084961985e-01
1.668676896987034524e+03 2.413387959781787231e+02 6.120610337926862821e-01
1.668697730570742351e+03 2.412461484148208228e+02 6.373266582811156766e-01
1.668718564155498370e+03 2.404017212140463471e+02 6.605255628832691350e-01
1.668739397741243920e+03 2.411203805794443724e+02 6.867999500791190925e-01
1.668760231327921019e+03 2.406449324258144316e+02 7.156762450414816401e-01
1.668781064915471461e+03 2.410571820996093493e+02 7.469065368250867865e-01
1.668801898503777920e+03 2.403888939946618848e+02 7.777629086420398963e-01
1.668822732092841989e+03 2.415012476662358267e+02 8.055039495256469673e-01
1.668843565682604094e+03 2.404370238392367582e+02 8.283557210566604434e-01
1.668864399273006939e+03 2.393667057501711497e+02 8.470064828302567017e-01
1.668885232864049613e+03 2.416393538755531836e+02 8.610371900605623408e-01
1.668906066455615928e+03 2.402100359373906713e+02 8.669609942478266884e-01
1.668926900047706567e+03 2.417720278040984567e+02 8.696366512718346486e-01
1.668968567233399881e+03 2.401684402984254803e+02 8.711468120202868759e-01
1.668989400826828387e+03 2.407888298214314773e+02 8.731004668648179035e-01
1.669010234420723009e+03 2.397892110368410385e+02 8.777813982452969954e-01
1.669031068014968469e+03 2.422360024377284162e+02 8.867341767032070887e-01
1.669051901609504512e+03 2.417314486659296335e+02 8.951672953881206762e-01
1.669072735204387982e+03 2.404271487492861752e+02 9.019109175013989566e-01
1.669093568799563400e+03 2.410173713712227936e+02 9.065406925033532293e-01
1.669135235990670935e+03 2.422481712060526888e+02 9.149205020076315309e-01
1.669156069586544618e+03 2.422715271149689897e+02 9.168772600038183063e-01
1.669197736778932949e+03 2.423687071820883148e+02 9.251270155434364595e-01
1.669218570375388481e+03 2.414063326476340308e+02 9.267409295975214123e-01
1.669239403972018863e+03 2.409207865648123743e+02 9.272909289182632575e-01
1.669260237568766570e+03 2.423841934827493105e+02 9.273081553311688374e-01
1.669281071165630010e+03 2.407063394881475915e+02 9.261121842461328413e-01
1.669301904762668528e+03 2.428126171366533299e+02 9.252097703876314139e-01
1.669322738359764571e+03 2.404481066998756660e+02 9.207075129433947014e-01
1.669343571956976575e+03 2.393208639529622133e+02 9.180967850371531958e-01
1.669364405554247469e+03 2.411008397284457487e+02 9.206015956931131727e-01
1.669385239151576116e+03 2.408649343105286107e+02 9.224205019535092198e-01
1.669406072749022087e+03 2.417819042561303604e+02 9.242474368521346184e-01
1.669426906346467149e+03 2.402807075806910007e+02 9.255498604989154110e-01
1.669447739943971101e+03 2.414066276820818757e+02 9.285086522785394036e-01
1.669468573541533942e+03 2.407547374247773178e+02 9.335674776985390944e-01
1.669489407139095420e+03 2.415619766331986966e+02 9.392920215173213849e-01
1.669531074334277491e+03 2.408151994986138789e+02 9.471083992324732526e-01
1.669551907931896949e+03 2.388773456402519741e+02 9.488034693913448558e-01
1.669572741529517543e+03 2.421396776723596531e+02 9.502427029528973668e-01
1.669593575127137456e+03 2.395210484167595268e+02 9.459432909120025768e-01
1.669614408724756913e+03 2.401023954273524623e+02 9.414296127522794322e-01
1.669635242322319527e+03 2.414527927747618605e+02 9.357176368023135682e-01
1.669656075919940122e+03 2.409279666117323586e+02 9.270414635850943164e-01
1.669676909517444074e+03 2.419061842035372365e+02 9.174256361674982818e-01
1.669697743115005551e+03 2.402455726066124271e+02 9.068391792063599244e-01
1.669718576712509048e+03 2.398814277872585308e+02 8.980222986549558639e-01
1.669739410309955019e+03 2.406130876214261889e+02 8.922673525374756887e-01
1.669760243907400536e+03 2.411252077875682289e+02 8.884155239053386222e-01
1.669781077504786936e+03 2.413656869928919377e+02 8.858530465160798784e-01
1.669801911102116492e+03 2.415995037846588502e+02 8.851261036142343830e-01
1.669822744699444911e+03 2.407030615599971952e+02 8.848614840757119682e-01
1.669843578296658507e+03 2.407164118003289559e+02 8.852554548516170518e-01
1.669864411893871420e+03 2.409917533309871942e+02 8.840117958930271413e-01
1.669885245491026126e+03 2.402390846920415015e+02 8.790230906494769236e-01
1.669906079088121487e+03 2.413261318744529262e+02 8.708483431555309462e-01
1.669926912685101343e+03 2.392780552753353049e+02 8.583853137995292037e-01
1.669947746282081425e+03 2.412642403032937182e+02 8.456116377965293696e-01
1.669968579879002391e+03 2.400828023837245837e+02 8.311890472207246194e-01
1.669989413475808078e+03 2.408743947044953302e+02 8.184969474581759163e-01
1.670010247072613538e+03 2.404019531751970362e+02 8.066904639117736808e-01
1.670031080669301446e+03 2.411017542273508525e+02 7.981154940284764798e-01
1.670051914265933192e+03 2.408734677882367805e+02 7.913822031086462649e-01
1.670072747862505366e+03 2.416486814982765736e+02 7.868178895157725838e-01
1.670093581459019333e+03 2.409809156430951589e+02 7.831394616791165220e-01
1.670114415055418021e+03 2.403007296451636421e+02 7.800306723139281972e-01
1.670135248651757138e+03 2.405048217406996400e+02 7.789240353925021010e-01
1.670156082248038047e+03 2.410492213274288815e+02 7.779682277257069511e-01
1.670176915844202540e+03 2.400893894922597838e+02 7.756599323727354500e-01
1.670197749440367488e+03 2.412017378552703804e+02 7.724911458393798336e-01
1.670218583036358041e+03 2.414895590781632109e+02 7.686202955537816406e-01
1.670239416632347911e+03 2.409398944841301500e+02 7.635339480673923873e-01
1.670260250228222048e+03 2.417038020125867206e+02 7.575617503186171664e-01
1.670281083824038888e+03 2.405131383221861370e+02 7.505065081833275364e-01
1.670301917419738402e+03 2.401572937827755823e+02 7.440450611978797202e-01
1.670322751015379026e+03 2.424626001182308528e+02 7.401416488988596942e-01
1.670343584610903463e+03 2.411461504225779890e+02 7.345384862202932741e-01
1.670364418206369010e+03 2.406287947177271462e+02 7.300912218057037384e-01
1.670385251801777940e+03 2.410626020585681317e+02 7.283180521170131705e-01
1.670406085397069546e+03 2.407937249229306644e+02 7.258449005040316093e-01
1.670426918992302944e+03 2.402487300031206132e+02 7.233757767186165255e-01
1.670447752587419473e+03 2.404808390695808384e+02 7.224299308432479139e-01
1.670468586182479157e+03 2.404948041130024876e+02 7.229385237087554428e-01
1.670489419777422881e+03 2.408111720908819962e+02 7.254244186919110993e-01
1.670510253372306579e+03 2.419089857209352203e+02 7.302420769339680318e-01
1.670531086967074543e+03 2.419857721860254287e+02 7.349048083158570277e-01
1.670551920561784982e+03 2.410476231018251383e+02 7.368673277917383579e-01
1.670572754156435622e+03 2.411704784377099031e+02 7.392526119961356779e-01
1.670593587750970983e+03 2.404344086613515401e+02 7.409221101511629382e-01
1.670614421345389474e+03 2.405037115810670230e+02 7.413855787959010568e-01
1.670635254939749530e+03 2.400550749540927882e+02 7.401197037664382083e-01
1.670656088534052060e+03 2.415846282040373580e+02 7.379549304412077460e-01
1.670676922128179967e+03 2.393606705201563045e+02 7.335765231286317523e-01
1.670697755722308102e+03 2.422425821271755240e+02 7.317650863765703395e-01
1.670718589316319139e+03 2.394758368466619913e+02 7.272248889079919731e-01
1.670739422910213534e+03 2.410315204616418896e+02 7.260640393116288838e-01
1.670760256504050631e+03 2.406963631980084983e+02 7.243040937817571967e-01
1.670781090097828383e+03 2.408194299207058293e+02 7.238554206720537731e-01
1.670801923691490629e+03 2.409091345753373616e+02 7.237019576629857287e-01
1.670822757285036460e+03 2.414495926536307024e+02 7.247813141615175869e-01
1.670843590878523628e+03 2.406653551342412811e+02 7.243507931526219634e-01
1.670864424471953043e+03 2.413959783238832415e+02 7.238452512029462937e-01
1.670885258065266498e+03 2.403516736571862111e+02 7.213302819513004449e-01
1.670906091658461946e+03 2.405994521560425028e+02 7.178475062761210390e-01
1.670926925251601006e+03 2.411872320414869364e+02 7.132423682755535399e-01
1.670947758844622513e+03 2.407344439908583809e+02 7.072273951801832936e-01
1.670968592437585357e+03 2.403107663091352606e+02 7.002025907130230431e-01
1.670989426030490449e+03 2.403364327093132715e+02 6.933121786038575207e-01
1.671010259623279126e+03 2.390376417556242359e+02 6.864595993987367972e-01
1.671031093215952069e+03 2.412266544234915955e+02 6.826196323945844524e-01
1.671051926808565440e+03 2.406404932010191260e+02 6.788531037874921958e-01
1.671072760401122650e+03 2.408896317999258372e+02 6.778286695156537922e-01
1.671093593993562990e+03 2.418709664497669110e+02 6.782047717027520628e-01
1.671114427585944441e+03 2.410340174904457626e+02 6.784940304391655630e-01
1.671135261178209021e+03 2.404378010323441686e+02 6.789193690956240035e-01
1.671156094770357413e+03 2.406023891337400755e+02 6.797365631285061660e-01
1.671176928362446915e+03 2.404013785440913580e+02 6.796955458943115813e-01
1.671197761954480029e+03 2.402757425517104366e+02 6.787458671528304732e-01
1.671218595546395591e+03 2.402855836829354530e+02 6.763184016779010266e-01
1.671239429138252945e+03 2.411394595628725028e+02 6.736159944411914680e-01
1.671260262729993428e+03 2.405670385666111315e+02 6.691461860171791232e-01
1.671281096321677069e+03 2.391644282378531443e+02 6.626142754153714343e-01
1.671301929913302956e+03 2.403681421355803423e+02 6.580933838773586064e-01
1.671322763504752402e+03 2.413637937327994223e+02 6.532785262585043551e-01
1.671343597096202529e+03 2.410893356040933213e+02 6.485766066286889897e-01
1.671364430687536014e+03 2.410164104856036147e+02 6.436504703726554366e-01
1.671385264278811519e+03 2.404351667347765442e+02 6.400500019850967615e-01
1.671406097869970381e+03 2.413888723671943808e+02 6.379794412278124716e-01
1.671426931461071035e+03 2.416825164206168211e+02 6.361099562317509282e-01
1.671447765052055047e+03 2.409674027587698788e+02 6.332805692084112481e-01
1.671468598642981988e+03 2.402612077961753698e+02 6.313713759637570311e-01
1.671489432233792058e+03 2.416072673427345876e+02 6.310299149765818960e-01
1.671510265824543922e+03 2.411145047463397759e+02 6.313242896904920354e-01
1.671531099415236895e+03 2.398651891336675135e+02 6.317329381745396821e-01
1.671551933005814135e+03 2.412340907408662360e+02 6.344447102321588705e-01
1.671572766596332940e+03 2.402408116303983547e+02 6.323732099370132920e-01
1.671593600186734875e+03 2.411823435909066120e+02 6.320934920436570570e-01
1.671614433777079057e+03 2.422710671018564312e+02 6.317271591483556437e-01
1.671635267367365486e+03 2.407981702920100133e+02 6.287007914373586859e-01
1.671656100957534591e+03 2.406353926123578049e+02 6.261315830758159562e-01
1.671676934547645942e+03 2.399652935190110270e+02 6.228817807723595612e-01
1.671697768137641560e+03 2.407431671245871030e+02 6.213773403871855061e-01
1.671718601727578061e+03 2.408844191781746531e+02 6.183261990157022936e-01
1.671739435317457037e+03 2.407127969962046450e+02 6.174670443447342061e-01
1.671760268907218460e+03 2.408054529644184072e+02 6.171813674815236350e-01
1.671781102496921903e+03 2.415597960969574274e+02 6.183369712602613255e-01
1.671801936086567366e+03 2.404151968336692562e+02 6.197962132989720541e-01
1.671822769676096414e+03 2.408406625783924255e+02 6.192806338301256597e-01
1.671843603265509955e+03 2.410398657808270855e+02 6.197286274584328236e-01
1.671864436854922587e+03 2.410316121493193009e+02 6.192744979771356295e-01
1.671885270444218804e+03 2.407634154172370700e+02 6.181794898351384848e-01
1.671906104033458632e+03 2.422172154116886418e+02 6.172208173426630973e-01
1.671926937622580454e+03 2.404942454981940045e+02 6.134983334569206193e-01
1.671947771211642930e+03 2.415492147577276683e+02 6.111232670263764266e-01
1.671968604800648563e+03 2.425559447626941392e+02 6.057587944081940234e-01
1.671989438389537099e+03 2.415611315596987652e+02 5.999118154014938531e-01
1.672010271978368110e+03 2.407074020953935474e+02 5.946990760001289456e-01
1.672031105567140457e+03 2.414161194810348547e+02 5.905150830961296560e-01
1.672093606332934996e+03 2.415117296917107410e+02 5.815354610185898832e-01
1.672114439921358553e+03 2.410508300878944397e+02 5.796106426360381203e-01
1.672156107098030134e+03 2.408175085314634316e+02 5.777330358565816448e-01
1.672218607862426325e+03 2.415867647552778408e+02 5.756245227691627608e-01
1.672239441450383993e+03 2.408457923011470712e+02 5.734142714532958207e-01
1.672260275038340978e+03 2.409292981088714782e+02 5.711283139729425029e-01
1.672281108626184050e+03 2.415467146847795448e+02 5.684579717840982926e-01
1.672301942213908433e+03 2.405936964729229430e+02 5.660273369735109306e-01
1.672322775801575062e+03 2.402245680071550851e+02 5.610290739495014112e-01
1.672343609389183484e+03 2.402740611616948172e+02 5.585557884708606258e-01
1.672364442976733017e+03 2.400468224114990221e+02 5.560888667801952012e-01
1.672385276564225478e+03 2.414709820611039390e+02 5.549159049854626158e-01
1.672406110151600387e+03 2.403964412353829516e+02 5.532684980558801868e-01
1.672447777326118967e+03 2.404499399874314349e+02 5.528225238725792412e-01
1.672510278087373536e+03 2.416405128775335243e+02 5.556444053994368248e-01
1.672531111674340991e+03 2.414855402296469151e+02 5.575040578908310174e-01
1.672551945261192941e+03 2.404174884040210145e+02 5.582956172056384725e-01
1.672572778847986456e+03 2.416282507548399394e+02 5.607322359813081691e-01
1.672593612434721535e+03 2.409350291555663830e+02 5.613199943532340974e-01
1.672614446021398408e+03 2.408824113106734330e+02 5.610923107174435875e-01
1.672635279607958637e+03 2.400764827467432383e+02 5.609547530047270802e-01
1.672656113194461341e+03 2.411952471083204728e+02 5.607756304093969302e-01
1.672676946780906064e+03 2.412122874150261396e+02 5.596291343036940980e-01
1.672697780367234373e+03 2.415031972705971270e+02 5.595344412125954348e-01
1.672718613953504018e+03 2.410006019985618195e+02 5.582872630323186813e-01
1.672739447539715457e+03 2.418699369430282786e+02 5.586314688799035588e-01
1.672760281125868005e+03 2.412619315073260395e+02 5.589775420916892612e-01
1.672781114711963482e+03 2.405385137745408883e+02 5.590576433084886165e-01
1.672801948297941635e+03 2.409928869299574785e+02 5.601897215053811552e-01
1.672822781883862035e+03 2.407142885482131192e+02 5.610200167772099178e-01
1.672843615469724455e+03 2.416163296512211218e+02 5.630922378679783513e-01
1.672864449055528439e+03 2.415042440174419767e+02 5.636942424817148467e-01
1.672885282641216463e+03 2.405360933011418183e+02 5.630060409828221424e-01
1.672906116226903578e+03 2.408586852258284807e+02 5.626693311768684591e-01
1.672926949812474959e+03 2.415594912824393532e+02 5.619884124881493470e-01
1.672947783397929470e+03 2.405855516367800533e+02 5.594207670359947482e-01
1.672968616983383981e+03 2.407767826887533715e+02 5.566628702637663739e-01
1.672989450568722987e+03 2.411733230456322872e+02 5.537553396032119934e-01
1.673010284154002420e+03 2.412556339839313750e+02 5.511788630701529579e-01
1.673031117739224101e+03 2.405728926248881407e+02 5.478701664830861739e-01
1.673051951324388483e+03 2.403247640408091570e+02 5.451319299916491667e-01
1.673072784909435995e+03 2.405527255777057576e+02 5.432215863506946185e-01
1.673093618494483508e+03 2.399449698454416193e+02 5.407717874840431982e-01
1.673114452079414150e+03 2.402879456282355477e+02 5.400517550144404710e-01
1.673135285664286585e+03 2.410095383158007962e+02 5.414119329333156871e-01
1.673156119249042604e+03 2.417704026901095062e+02 5.395038843271390272e-01
1.673176952833797941e+03 2.407363643785874388e+02 5.408839537212464244e-01
1.673197786418438682e+03 2.405030162952406272e+02 5.388636567849400816e-01
1.673218620003019623e+03 2.408157270006334443e+02 5.393097904608955551e-01
1.673239453587543039e+03 2.406065846065292249e+02 5.388934658234144637e-01
1.673260287172009157e+03 2.407370697798947958e+02 5.382177118857172093e-01
1.673281120756358632e+03 2.405292759695512927e+02 5.364342347692043766e-01
1.673301954340706970e+03 2.408453752023934840e+02 5.351889106084161130e-01
1.673322787924938439e+03 2.402462159156480084e+02 5.317757193116418035e-01
1.673343621509113063e+03 2.414121993541240272e+02 5.302488205396168608e-01
1.673364455093229026e+03 2.407781544333511192e+02 5.277786157277911672e-01
1.673385288677228573e+03 2.412257765847116389e+02 5.263120661308947623e-01
1.673406122261228120e+03 2.415587386286737797e+02 5.247544759020622562e-01
1.673426955845110569e+03 2.414049970860883718e+02 5.239104511332598468e-01
1.673447789428936176e+03 2.400816273919434138e+02 5.231238606940730174e-01
1.673468623012703574e+03 2.407549859087920368e+02 5.238599069214716630e-01
1.673489456596353421e+03 2.411234784066402312e+02 5.247445086554883842e-01
1.673510290180003494e+03 2.410376178436553118e+02 5.264079515175453805e-01
1.673531123763538062e+03 2.410878402234667419e+02 5.281627088548732640e-01
1.673551957347013513e+03 2.407656441228479025e+02 5.304186992601324091e-01
1.673572790930430529e+03 2.408338065617354573e+02 5.321799441577922396e-01
1.673593624513789564e+03 2.400284716649235861e+02 5.338917850793374331e-01
1.673614458097089937e+03 2.409734587601103613e+02 5.358234617837784874e-01
1.673635291680276168e+03 2.417052286053365151e+02 5.378538486205778346e-01
1.673656125263460581e+03 2.407241575763969195e+02 5.376058330139262820e-01
1.673676958846528578e+03 2.412739983943765765e+02 5.388592599504791192e-01
1.673697792429538367e+03 2.416021398341205781e+02 5.394334208034018419e-01
1.673718626012431514e+03 2.401437725881895631e+02 5.386507424351119067e-01
1.673739459595325570e+03 2.414979572114224311e+02 5.394402161972793319e-01
1.673760293178102529e+03 2.406853071062589606e+02 5.388736117492647359e-01
1.673781126760879488e+03 2.419967661879592242e+02 5.396163969575781261e-01
1.673801960343540486e+03 2.416635679811323598e+02 5.402323702804650019e-01
1.673822793926143504e+03 2.415943404132550540e+02 5.394579777371567575e-01
1.673843627508630107e+03 2.400775987274093382e+02 5.385778432189776144e-01
1.673864461091115572e+03 2.411173173307344655e+02 5.401650087034319814e-01
1.673885294673485078e+03 2.408513162774818852e+02 5.375214261952048211e-01
1.673906128255855492e+03 2.414689145341627068e+02 5.370696729378356959e-01
1.673926961838108582e+03 2.404457929244922525e+02 5.341333233171183803e-01
1.673947795420303009e+03 2.408305998770182441e+02 5.321021538315720001e-01
1.673968629002381476e+03 2.405926506257843016e+02 5.289214375736865925e-01
1.673989462584459943e+03 2.410498272837310196e+02 5.264209443846952219e-01
1.674010296166422904e+03 2.415187394656614970e+02 5.237318890701886387e-01
1.674031129748385410e+03 2.403537177539347454e+02 5.209644311580932108e-01
1.674051963330231501e+03 2.406944638794053617e+02 5.183540717675096943e-01
1.674072796912019385e+03 2.415820985438388107e+02 5.167816944156158332e-01
1.674093630493690398e+03 2.407468971216744649e+02 5.145097288652124012e-01
1.674114464075360956e+03 2.404724128243806831e+02 5.121201258737704265e-01
1.674135297656915554e+03 2.417269487971507260e+02 5.121273418798478749e-01
1.674156131238470607e+03 2.415059317308239883e+02 5.111673019136988572e-01
1.674176964819909017e+03 2.405633600153965972e+02 5.097665896351775139e-01
1.674197798401290129e+03 2.416068336340577503e+02 5.097293767793650288e-01
1.674218631982553916e+03 2.410502642059099685e+02 5.080748247286425157e-01
1.674239465563817475e+03 2.413407474484537261e+02 5.071652615902020322e-01
1.674260299144964392e+03 2.419703914043813029e+02 5.062805543321057256e-01
1.674281132726111991e+03 2.418276147202818152e+02 5.037082312615874802e-01
1.674301966307142493e+03 2.412949936605349421e+02 4.995204145433448928e-01
1.674322799888115014e+03 2.416614930283788567e+02 4.960942906654595697e-01
1.674343633469030010e+03 2.413659735726351983e+02 4.917458869129841537e-01
1.674364467049828363e+03 2.408945259380877815e+02 4.875878407739355214e-01
1.674385300630626944e+03 2.399121497183364227e+02 4.833560655307012066e-01
1.674406134211308427e+03 2.408879037074044618e+02 4.817205729343346232e-01
1.674426967791931929e+03 2.414565328356819691e+02 4.785703355302915463e-01
1.674447801372497452e+03 2.417891429649041584e+02 4.760854866454998779e-01
1.674468634953004539e+03 2.420715709254963031e+02 4.743523235203421229e-01
1.674489468533394529e+03 2.409067855590399176e+02 4.718000049237731641e-01
1.674510302113785428e+03 2.400217772077842255e+02 4.692774665976201520e-01
1.674531135694059003e+03 2.408317923641036487e+02 4.691815614905062160e-01
1.674551969274275962e+03 2.417525704635345392e+02 4.685308102895907045e-01
1.674572802854434485e+03 2.406453571325377538e+02 4.669898683625202662e-01
1.674593636434533892e+03 2.413712174619093389e+02 4.673145089651559170e-01
1.674614470014516883e+03 2.410517059697951936e+02 4.669861190446280008e-01
1.674635303594441439e+03 2.408889272690090593e+02 4.664558697349071026e-01
1.674656137174366904e+03 2.409412014652249354e+02 4.664052174107863880e-01
1.674676970754174590e+03 2.407186694747375100e+02 4.659472118724081735e-01
1.674697804333866998e+03 2.411340592505146105e+02 4.661760870920806377e-01
1.674718637913558950e+03 2.408564352667182220e+02 4.655899661920654409e-01
1.674739471493135625e+03 2.404428530880567223e+02 4.649723740544209338e-01
1.674760305072711617e+03 2.400143333114689312e+02 4.643813325596504726e-01
1.674781138652170512e+03 2.405243018201081213e+02 4.641586191323268662e-01
1.674801972231571654e+03 2.404050670998902319e+02 4.639303385261351331e-01
1.674822805810856607e+03 2.407059408357132497e+02 4.647127014848020932e-01
1.674843639390140424e+03 2.402822160391641546e+02 4.646219958766795166e-01
1.674864472969308963e+03 2.405619743511590514e+02 4.653217838916279825e-01
1.674885306548419521e+03 2.401769369811459001e+02 4.635854407511789677e-01
1.674906140127471645e+03 2.413474482847068430e+02 4.637490212360756980e-01
1.674926973706466015e+03 2.409664173545861274e+02 4.624810801322011833e-01
1.674947807285342606e+03 2.411271225374724736e+02 4.613444746125847096e-01
1.674968640864219651e+03 2.410949318901397760e+02 4.599935758961036791e-01
1.674989474442980963e+03 2.406892965042436003e+02 4.586593288602373586e-01
1.675010308021683613e+03 2.403421245587988153e+02 4.569419056217324249e-01
1.675031141600327373e+03 2.409065075976724870e+02 4.565553388092711828e-01
1.675051975178855628e+03 2.410345257564844985e+02 4.552253845070763361e-01
1.675072808757324538e+03 2.401359880520154206e+02 4.541243352614771078e-01
1.675093642335795494e+03 2.414363766138733638e+02 4.538622810222668336e-01
1.675114475914091145e+03 2.411345477020165049e+02 4.527587067826917000e-01
1.675135309492386114e+03 2.409014178931880110e+02 4.522986440619690129e-01
1.675156143070623330e+03 2.413399921618157578e+02 4.526688483068135871e-01
1.675176976648743448e+03 2.410041548395203392e+02 4.516134041998211557e-01
1.675197810226805359e+03 2.415680226841571709e+02 4.519341539837525845e-01
1.675218643804809517e+03 2.411553333375219950e+02 4.514436439984383376e-01
1.675239477382697032e+03 2.412582022708606644e+02 4.509812319692652616e-01
1.675260310978746475e+03 2.407907424838306554e+02 4.506891153148185336e-01
1.675281144556518484e+03 2.413739239010249094e+02 4.502427247871896854e-01
1.675301978134230922e+03 2.402817849444545004e+02 4.487091823173938732e-01
1.675322811711885606e+03 2.415326797845631575e+02 4.489593586242486278e-01
1.675343645289423876e+03 2.423480907962121478e+02 4.486730163123964776e-01
1.675364478866904392e+03 2.406568191257634624e+02 4.474066466185643853e-01
1.675385312444326473e+03 2.407425216883963515e+02 4.460084061899563523e-01
1.675406146021689892e+03 2.407968851910439696e+02 4.456060512788883043e-01
1.675447813176186628e+03 2.410622473969930866e+02 4.447688079725449772e-01
1.675468646753316989e+03 2.413946010550645553e+02 4.456581480851026233e-01
1.675489480330389597e+03 2.406295271179317581e+02 4.452697331823021187e-01
1.675510313907345335e+03 2.412189192315105402e+02 4.474846083109211836e-01
1.675531147484244002e+03 2.409001893456119490e+02 4.472626431961280180e-01
1.675551981061083552e+03 2.408757213939492772e+02 4.484488316343689940e-01
1.675572814637865577e+03 2.414704930722039364e+02 4.497847598618810450e-01
1.675593648214588939e+03 2.409245910644531250e+02 4.499874338408799690e-01
1.675614481791197022e+03 2.408635875451833215e+02 4.506374678560186031e-01
1.675635315367745989e+03 2.412559250161882289e+02 4.516453756027451472e-01
1.675656148944236520e+03 2.407293484353383519e+02 4.520829979357668948e-01
1.675676982520610636e+03 2.406696251910209412e+02 4.513861902677938076e-01
1.675697816096926999e+03 2.406731950996162084e+02 4.513487861213406616e-01
1.675718649673184473e+03 2.409969628748896753e+02 4.513112302962243860e-01
1.675739483249325986e+03 2.407134659730070894e+02 4.507266568557100617e-01
1.675760316825467498e+03 2.410632752160686039e+02 4.510588896666249403e-01
1.675781150401493051e+03 2.408453866221776991e+02 4.511857959531772044e-01
1.675801983977402415e+03 2.404756839820943526e+02 4.508721152610705163e-01
1.675822817553310415e+03 2.409172582287855846e+02 4.518060067243591105e-01
1.675843651129102909e+03 2.404851588876529718e+02 4.516763055337120192e-01
1.675864484704836514e+03 2.402891590336361105e+02 4.516999758101569173e-01
1.675885318280453930e+03 2.404699694452687595e+02 4.519085340337300472e-01
1.675906151856013366e+03 2.415895550038493127e+02 4.526224802816735115e-01
1.675926985431514368e+03 2.409133599416521179e+02 4.510697088121419229e-01
1.675947819006958071e+03 2.411376535512245312e+02 4.514636462816864482e-01
1.675968652582285358e+03 2.404772909168966919e+02 4.489898927959218300e-01
1.675989486157553529e+03 2.404300044132376399e+02 4.481475996227048397e-01
1.676010319732763946e+03 2.407211172650288233e+02 4.471190933005889101e-01
1.676031153307857494e+03 2.405612465829471489e+02 4.461728869256200158e-01
1.676051986882891924e+03 2.403683359255938683e+02 4.450718246048847027e-01
1.676072820457869966e+03 2.415229075682546238e+02 4.456888415549520310e-01
1.676093654032730456e+03 2.408078166220919343e+02 4.434592684832374121e-01
1.676114487607534102e+03 2.411770884873299678e+02 4.432199569833105701e-01
1.676135321182220423e+03 2.404804585508487662e+02 4.422179161097881117e-01
1.676156154756848537e+03 2.411829891153595611e+02 4.429112661157448838e-01
1.676176988331419125e+03 2.413069524797076042e+02 4.423907449781612211e-01
1.676197821905929459e+03 2.412825138851068232e+02 4.419128076978436903e-01
1.676218655480324969e+03 2.402529026914626797e+02 4.413422057015315980e-01
1.676239489054662499e+03 2.407614281163816088e+02 4.417669459829068890e-01
1.676260322628883387e+03 2.409888142460700067e+02 4.421181971560754209e-01
1.676281156203046521e+03 2.404715476087562536e+02 4.419720155004207562e-01
1.676301989777150538e+03 2.407320576013684388e+02 4.411081303229673067e-01
1.676322823351137913e+03 2.412112816198520306e+02 4.404995814179630265e-01
1.676343656925067990e+03 2.406497171595569569e+02 4.391404629109654789e-01
1.676364490498880514e+03 2.404267041527779725e+02 4.384694088222732544e-01
1.676385324072635512e+03 2.407742217072775190e+02 4.388115671493205694e-01
1.676406157646331394e+03 2.408963533232771113e+02 4.381783879793182401e-01
1.676426991219912452e+03 2.415794826885775990e+02 4.381876888130552539e-01
1.676447824793435984e+03 2.409943128171084368e+02 4.374910251514319004e-01
1.676468658366899490e+03 2.408577449559934962e+02 4.378236186802798025e-01
1.676489491940246353e+03 2.401534967476041800e+02 4.374606932285055039e-01
1.676510325513477937e+03 2.402893931351381980e+02 4.378768285777956404e-01
1.676531159086650405e+03 2.406222054336481619e+02 4.401329715790158192e-01
1.676551992659764892e+03 2.409592558750978526e+02 4.402370835282712891e-01
1.676572826232763418e+03 2.411003951321527552e+02 4.410338392120193851e-01
1.676593659805703510e+03 2.407124660236335956e+02 4.421229999530432164e-01
1.676614493378528550e+03 2.408568768013337262e+02 4.424912612396978417e-01
1.676635326951293564e+03 2.405431663209511441e+02 4.426114499911422695e-01
1.676656160524000370e+03 2.410431311187813037e+02 4.441435344939607122e-01
1.676676994096591443e+03 2.414567866570999968e+02 4.447010426660696347e-01
1.676697827669064964e+03 2.415885829032481240e+02 4.444767823061103740e-01
1.676718661241481641e+03 2.407223834531095008e+02 4.431282819187888355e-01
1.676739494813839883e+03 2.411695769106999876e+02 4.435955544462249489e-01
1.676760328386081937e+03 2.406746208150226778e+02 4.429870588229318229e-01
1.676781161958207576e+03 2.407367705784560599e+02 4.424931975827829933e-01
1.676801995530274553e+03 2.409687446397165900e+02 4.427531126226331160e-01
1.676822829102282867e+03 2.408355987148607653e+02 4.429087260112538615e-01
1.676843662674174539e+03 2.405776610277838756e+02 4.438894355003615844e-01
1.676864496245950477e+03 2.402133836607896740e+02 4.428617398621126355e-01
1.676885329817669117e+03 2.414667691147309085e+02 4.439294989304037875e-01
1.676906163389328412e+03 2.413192536887937081e+02 4.437729675098143201e-01
1.676926996960871975e+03 2.409896181839322082e+02 4.432199065529481286e-01
1.676947830532298440e+03 2.408820905188547385e+02 4.424834821064250745e-01
1.676968664103666470e+03 2.416384227793978141e+02 4.421542926895719039e-01
1.676989497674918994e+03 2.408746911651887501e+02 4.409121558396584817e-01
1.677010331246112401e+03 2.405981967021090213e+02 4.399804405991013523e-01
1.677031164817189619e+03 2.410504602054975578e+02 4.393946460385106390e-01
1.677051998388209995e+03 2.411840635897086713e+02 4.387115494543207261e-01
1.677072831959113500e+03 2.408901999294878351e+02 4.394777079170190670e-01
1.677093665529898999e+03 2.402966946316634278e+02 4.368447096533235596e-01
1.677114499100627427e+03 2.406152099302364888e+02 4.365465981571228227e-01
1.677135332671238530e+03 2.399865888293170713e+02 4.355535292865505559e-01
1.677156166241792562e+03 2.408103362256843241e+02 4.362316137554581030e-01
1.677176999812229496e+03 2.408823073133886226e+02 4.358766957745878190e-01
1.677197833382550016e+03 2.415031811390701364e+02 4.375790967285176913e-01
1.677218666952813010e+03 2.405136043293626358e+02 4.348772486600883114e-01
1.677239500522959133e+03 2.404849107763427298e+02 4.348120713423063166e-01
1.677260334092989524e+03 2.404298979913751282e+02 4.341751016021994647e-01
1.677281167662960570e+03 2.411451563392401169e+02 4.341501841128559969e-01
1.677302001232814973e+03 2.412571779675676282e+02 4.336133900911122163e-01
1.677322834802612533e+03 2.409868314817753401e+02 4.323673258682420029e-01
1.677343668372292541e+03 2.410453665757115687e+02 4.329550050600143307e-01
1.677364501941856815e+03 2.416939385477554936e+02 4.311170552761283692e-01
1.677385335511305584e+03 2.410780704101041465e+02 4.312899964900062111e-01
1.677406169080693871e+03 2.407311465652807385e+02 4.289741837529830737e-01
1.677427002649967562e+03 2.414815047293843691e+02 4.288391234463757584e-01
1.677447836219123474e+03 2.415290198024806330e+02 4.286515492382239612e-01
1.677468669788222087e+03 2.411600650068867537e+02 4.280870281560290591e-01
1.677489503357203375e+03 2.417044373456826065e+02 4.296430911610619185e-01
1.677510336926070067e+03 2.405522418654524870e+02 4.283724341314280593e-01
1.677531170494819889e+03 2.407898165187945665e+02 4.281950955890020394e-01
1.677552004063510594e+03 2.413277718849888345e+02 4.292863013203657707e-01
1.677572837632084884e+03 2.420004471325031545e+02 4.301574218157608320e-01
1.677593671200542985e+03 2.414292506954117528e+02 4.306136121199173883e-01
1.677614504768942425e+03 2.414047541336037455e+02 4.303324800450123999e-01
1.677635338337167923e+03 2.413669410022431236e+02 4.305398809577524744e-01
1.677656171905334986e+03 2.408820849241486997e+02 4.301681777680489427e-01
1.677677005473386089e+03 2.417926336720110498e+02 4.307187277079747023e-01
1.677697839041321004e+03 2.410633363914833183e+02 4.312012451365334065e-01
1.677718672609138594e+03 2.416415082003771602e+02 4.303488410336655523e-01
1.677739506176897521e+03 2.421074835457881704e+02 4.303052103482023494e-01
1.677760339744540488e+03 2.407711734956633052e+02 4.290242711961890221e-01
1.677781173312067040e+03 2.411902433707944908e+02 4.287376656162192878e-01
1.677802006879478085e+03 2.415909424892535924e+02 4.289082657396653953e-01
1.677822840446772489e+03 2.412438477635777190e+02 4.290119409188670740e-01
1.677843674013950022e+03 2.405986852223576022e+02 4.282103724876393236e-01
1.677864507581011367e+03 2.412222158446286642e+02 4.281025873707937635e-01
1.677885341148014049e+03 2.412866565343178706e+02 4.280253078474068884e-01
1.677906174714842109e+03 2.419256697539634331e+02 4.282623237845323838e-01
1.677927008281611506e+03 2.404981339509707539e+02 4.268078458249879858e-01
1.677947841848265853e+03 2.413694108628496338e+02 4.268117560680283473e-01
1.677968675414746031e+03 2.413181458284958580e+02 4.267975463526733626e-01
1.677989508981166409e+03 2.406628636948748579e+02 4.258671945047501350e-01
1.678010342547470373e+03 2.413224904844693128e+02 4.255296506244448662e-01
1.678031176113658603e+03 2.406349810848978166e+02 4.244169548487338739e-01
1.678052009679729508e+03 2.406286552781786554e+02 4.241744353751460972e-01
1.678072843245684908e+03 2.410590350828275916e+02 4.240706492619958912e-01
1.678093676811523892e+03 2.411320617637987880e+02 4.239388949587655775e-01
1.678114510377246916e+03 2.405190035420633023e+02 4.231871051090703717e-01
1.678135343942853069e+03 2.407483052405265198e+02 4.231937776842753518e-01
1.678156177508342580e+03 2.406645597981887477e+02 4.227380754445984601e-01
1.678177011073657013e+03 2.407481039697082110e+02 4.232634901205341582e-01
1.678197844638913466e+03 2.411093249893633299e+02 4.231735131528835958e-01
1.678218678204053504e+03 2.407307643998233573e+02 4.225186100929766431e-01
1.678239511769078035e+03 2.405100282240334195e+02 4.218686244624136883e-01
1.678260345333927489e+03 2.409244419091501754e+02 4.221251593756946696e-01
1.678281178898718508e+03 2.410294235273261734e+02 4.240166556836441614e-01
1.678302012463334449e+03 2.409449484375321049e+02 4.215058901919394585e-01
1.678322846027833975e+03 2.408053958745974512e+02 4.210415484003388054e-01
1.678343679592217995e+03 2.408779003680697883e+02 4.206259037648619192e-01
1.678364513156484918e+03 2.405830718523935445e+02 4.195491289701434034e-01
1.678385346720635880e+03 2.417227327880140422e+02 4.201167164706360868e-01
1.678406180284613583e+03 2.410240438502761435e+02 4.192255145709751218e-01
1.678427013848531033e+03 2.409090914770665108e+02 4.190243733106590041e-01
1.678447847412274086e+03 2.409527773817106038e+02 4.189369005190136663e-01
1.678468680975900497e+03 2.418525852426173799e+02 4.200185620088975336e-01
1.678489514539410493e+03 2.405302939915515026e+02 4.184385849794048928e-01
1.678510348102747457e+03 2.407624141866965601e+02 4.190168164106103377e-01
1.678531181665967551e+03 2.415779497516995207e+02 4.199415157958988898e-01
1.678552015229070093e+03 2.405060918647845654e+02 4.192746341920038922e-01
1.678572848792056448e+03 2.410540308389954589e+02 4.203698718257004030e-01
1.678593682354867951e+03 2.409558019304242293e+02 4.200916922763699990e-01
1.678614515917563949e+03 2.406988517346030676e+02 4.203256307202975495e-01
1.678635349480142395e+03 2.409261883894184848e+02 4.206163031655333340e-01
1.678656183042547582e+03 2.404782736197438453e+02 4.202737442924570077e-01
1.678677016604836354e+03 2.406446086117283301e+02 4.203819593306663549e-01
1.678697850167008482e+03 2.413119181515935168e+02 4.210379207877956720e-01
1.678718683729005079e+03 2.407794544963892918e+02 4.202429143034840942e-01
1.678739517290885487e+03 2.403520635655336832e+02 4.199420835378557260e-01
1.678760350852649026e+03 2.409072132357173643e+02 4.199053384053160198e-01
1.678781184414239533e+03 2.406607650783467420e+02 4.196680765777206501e-01
1.678822851536953522e+03 2.405720722154009650e+02 4.186655813499726708e-01
1.678843685098135438e+03 2.409240654989214363e+02 4.187357985522393022e-01
1.678864518659142504e+03 2.407657442156539673e+02 4.189405107556445351e-01
1.678885352220034065e+03 2.411368073201185780e+02 4.185146439017238817e-01
1.678906185780749411e+03 2.411380187092744336e+02 4.197294637190149835e-01
1.678927019341292180e+03 2.406848239635575055e+02 4.180433794936611047e-01
1.678947852901718989e+03 2.410491401371728841e+02 4.177831790424991754e-01
1.678968686461969583e+03 2.407091433963631459e+02 4.172742010598364248e-01
1.678989520022103534e+03 2.402439373141729391e+02 4.163476219200495376e-01
1.679010353582062407e+03 2.406034524583975269e+02 4.162299271345944462e-01
1.679031187141906003e+03 2.417037208015561305e+02 4.167551085863240856e-01
1.679052020701576112e+03 2.410241785161367147e+02 4.159403988158958398e-01
1.679072854261070461e+03 2.413325606135059616e+02 4.157143159853681214e-01
1.679093687820389505e+03 2.413120787875893996e+02 4.157290837456603105e-01
1.679114521379592588e+03 2.401665192110567943e+02 4.141555717518548563e-01
1.679135354938619912e+03 2.411504730189680004e+02 4.144484143074821936e-01
1.679156188497474432e+03 2.409645087515986290e+02 4.141876463434350231e-01
1.679177022056211626e+03 2.413594245964752076e+02 4.141864770946014351e-01
1.679197855614716445e+03 2.413154808002619518e+02 4.138167209649073475e-01
1.679218689173105986e+03 2.407173859751604539e+02 4.129633620188862819e-01
1.679239522731319084e+03 2.409723394939770174e+02 4.141320044284694246e-01
1.679260356289415995e+03 2.408583721284460353e+02 4.123646275596772326e-01
1.679281189847279620e+03 2.404864032541387928e+02 4.117454802433556660e-01
1.679302023404969077e+03 2.405474879916517068e+02 4.118218345365743938e-01
1.679322856962543483e+03 2.409610793893444622e+02 4.113871496731036359e-01
1.679343690519942584e+03 2.404437650093457535e+02 4.110741109010068728e-01
1.679364524077107944e+03 2.408869770931045764e+02 4.102787924675578290e-01
1.679385357634157572e+03 2.409340950458629038e+02 4.103720869099790058e-01
1.679406191191032121e+03 2.416586186856414713e+02 4.102897971584485437e-01
1.679427024747674068e+03 2.408301684466532038e+02 4.093034871079353487e-01
1.679447858304200054e+03 2.411524902132682939e+02 4.095919769334881444e-01
1.679468691860492982e+03 2.410186448667149648e+02 4.091343820476927018e-01
1.679489525416669949e+03 2.407697182693100899e+02 4.086391912395865300e-01
1.679510358972612494e+03 2.408795056780480763e+02 4.091548866640256077e-01
1.679531192528381325e+03 2.412130794030879883e+02 4.085965975193558974e-01
1.679552026083975534e+03 2.406510920056808800e+02 4.082731342056506452e-01
1.679572859639395119e+03 2.405323768253689707e+02 4.078953874328619111e-01
1.679593693194640991e+03 2.412371089648589191e+02 4.082975324032970255e-01
1.679614526749653123e+03 2.415054806221458250e+02 4.081180611644163458e-01
1.679635360304489950e+03 2.408391170799796157e+02 4.075835604796045897e-01
1.679656193859152609e+03 2.410681433345210678e+02 4.075448784074526265e-01
1.679677027413582437e+03 2.404341325200712163e+02 4.069519031526088737e-01
1.679697860967897213e+03 2.406927348490787040e+02 4.070284061735242598e-01
1.679718694521920497e+03 2.411277969156587062e+02 4.079196073109842002e-01
1.679739528075826001e+03 2.408951360343557440e+02 4.065109112003633118e-01
1.679760361629500039e+03 2.408883223377774243e+02 4.061476505170728557e-01
1.679781195182939882e+03 2.407942972639609991e+02 4.055583090539907065e-01
1.679802028736205557e+03 2.413525272700773030e+02 4.061283699769367428e-01
1.679822862289297518e+03 2.408526346686214765e+02 4.055321476642662071e-01
1.679843695842155967e+03 2.411593143620514184e+02 4.056435606931692583e-01
1.679864529394782039e+03 2.406618578141951161e+02 4.053890752698411371e-01
1.679885362947232579e+03 2.412320679739908940e+02 4.054859201842013205e-01
1.679906196499450971e+03 2.404177518616520786e+02 4.046180481394525685e-01
1.679927030051435395e+03 2.406497555173374678e+02 4.049187636435291893e-01
1.679947863603246788e+03 2.410205013650456749e+02 4.058300562118552501e-01
1.679968697154826032e+03 2.410828698033745354e+02 4.048741223313092608e-01
1.679989530706170626e+03 2.410646174921468798e+02 4.050922954144472454e-01
1.680010364257340370e+03 2.408553813294605845e+02 4.048744351688413068e-01
1.680031197808278648e+03 2.410401535234406083e+02 4.050548285587939334e-01
1.680052031358982958e+03 2.412513140383960604e+02 4.051771118407008765e-01
1.680072864909455348e+03 2.408076607239838154e+02 4.048475670643770230e-01
1.680093698459694451e+03 2.410281084483609959e+02 4.049455166302994291e-01
1.680114532009700952e+03 2.409973928243221053e+02 4.049367034275458965e-01
1.680135365559474394e+03 2.405475024418263672e+02 4.044995928445188627e-01
1.680156199109014551e+03 2.411763540217935997e+02 4.049045952523692704e-01
1.680177032658322332e+03 2.410779858591434106e+02 4.070803885351761409e-01
1.680197866207397965e+03 2.407478785619794053e+02 4.047304675588804801e-01
1.680218699756240085e+03 2.406768875385672857e+02 4.043813607955235589e-01
1.680239533304850056e+03 2.408735489925010711e+02 4.048541554358219274e-01
1.680260366853167397e+03 2.411210232027287361e+02 4.050743073418730522e-01
1.680281200401311025e+03 2.405428644368909943e+02 4.043314085139106395e-01
1.680302033949164070e+03 2.406459543165677246e+02 4.044901068176658399e-01
1.680322867496726076e+03 2.408225006859341590e+02 4.045563570013218646e-01
1.680343701044055024e+03 2.415645952282216911e+02 4.051667406200298305e-01
1.680364534591150459e+03 2.407930787555496295e+02 4.047278166906965735e-01
1.680385368138013519e+03 2.406628190382457717e+02 4.043483977728409839e-01
1.680406201684585994e+03 2.413089125205660821e+02 4.047848617497420975e-01
1.680427035230866977e+03 2.408149164591227702e+02 4.048301018402316043e-01
1.680447868776915584e+03 2.413345754450481309e+02 4.052786585460002589e-01
1.680468702322730451e+03 2.404467294189240079e+02 4.055151712528756724e-01
1.680489535868196526e+03 2.402766299912977388e+02 4.045527657348892414e-01
1.680510369413487979e+03 2.406030736392646361e+02 4.042402587169889316e-01
1.680531202958430413e+03 2.409458320616538742e+02 4.044571526577208642e-01
1.680552036503082036e+03 2.410561787747835183e+02 4.057287209654854565e-01
1.680572870047501056e+03 2.410843775988433038e+02 4.046381924022081633e-01
1.680593703591628582e+03 2.414871534908233173e+02 4.050401498767267072e-01
1.680614537135463934e+03 2.400779937249646991e+02 4.038737935172466709e-01
1.680635370679008929e+03 2.410142558037409799e+02 4.054433994784301665e-01
1.680656204222263113e+03 2.402907404623692287e+02 4.038129665594648587e-01
1.680677037765226942e+03 2.408794884335913480e+02 4.043591032190536061e-01
1.680697871307899504e+03 2.399357078711007318e+02 4.034952518604472682e-01
1.680718704850280574e+03 2.407682078560970353e+02 4.042289787446312066e-01
1.680739538392369923e+03 2.405615190174465283e+02 4.040549102448022234e-01
1.680760371934139584e+03 2.407965313167376564e+02 4.042708531358152890e-01
1.680781205475590468e+03 2.412432021347538011e+02 4.046235354328960865e-01
1.680802039016749404e+03 2.405929287427994154e+02 4.042916044177323753e-01
1.680822872557587971e+03 2.406742365809057844e+02 4.040235249544056328e-01
1.680843706098135954e+03 2.402132861396410419e+02 4.035861453153255507e-01
1.680864539638333554e+03 2.405727716659697819e+02 4.038866145306642119e-01
1.680885373178240570e+03 2.407492586101333529e+02 4.046665473433218585e-01
1.680906206717799023e+03 2.409657791449503463e+02 4.040687027740557102e-01
1.680927040257065983e+03 2.406872558884772957e+02 4.039738235172742331e-01
1.680947873795984378e+03 2.401187159626236394e+02 4.034481261705885058e-01
1.680968707334552619e+03 2.405320907161920445e+02 4.039035671595120336e-01
1.680989540872829366e+03 2.407191170917740237e+02 4.038750479652992720e-01
1.681010374410758004e+03 2.412296404025910590e+02 4.042138829950175372e-01
1.681031207948337396e+03 2.412272795577305260e+02 4.040978536163680745e-01
1.681052041485567543e+03 2.407233875194472716e+02 4.037869873170686352e-01
1.681072875022476410e+03 2.413223891155409433e+02 4.041209183524272497e-01
1.681093708559036941e+03 2.412018339539245346e+02 4.040733493490124006e-01
1.681114542095247998e+03 2.403965892468586105e+02 4.031217146155565145e-01
1.681135375631110492e+03 2.405955988585693888e+02 4.035883237006541169e-01
1.681156209166623512e+03 2.410951853317048119e+02 4.038437224933248970e-01
1.681177042701786377e+03 2.408534308764556044e+02 4.038970739624616613e-01
1.681197876236571119e+03 2.406096298540854832e+02 4.035833761644599949e-01
1.681218709771007070e+03 2.416117279656305925e+02 4.044353966514565024e-01
1.681239543305094003e+03 2.415014628771920115e+02 4.040697169120371357e-01
1.681260376838831917e+03 2.403359629664430202e+02 4.032019933467743122e-01
1.681281210372190571e+03 2.410070844300136059e+02 4.034831570379906474e-01
1.681302043905199525e+03 2.408051771128445750e+02 4.040431087764907447e-01
1.681322877437831039e+03 2.401656867110032181e+02 4.026338771929824367e-01
1.681343710970113534e+03 2.403434360191117491e+02 4.025879461451504215e-01
1.681364544502017907e+03 2.413659471697521042e+02 4.021547669945013670e-01
1.681385378033572579e+03 2.400590229929772477e+02 4.012436873988158847e-01
1.681406211564748446e+03 2.413255745221793234e+02 4.020245406135442567e-01
1.681427045095575068e+03 2.410696025237362790e+02 4.018786251029200507e-01
1.681447878626052443e+03 2.406212115341717492e+02 4.017132197933797610e-01
1.681468712156151923e+03 2.410783966104201852e+02 4.030325650541755622e-01
1.681489545685903067e+03 2.407277711788622128e+02 4.040881184645810920e-01
1.681510379215274497e+03 2.406981056128406067e+02 4.036979108461076216e-01
1.681531212744325330e+03 2.406525602695617465e+02 4.046115295800624123e-01
1.681552046273027372e+03 2.414834274266310956e+02 4.036237300440519982e-01
1.681572879801381077e+03 2.406806470726489522e+02 4.029235181091157525e-01
1.681593713329414641e+03 2.403032482505356882e+02 4.025037317813817683e-01
1.681614546857098048e+03 2.414573533560386522e+02 4.035453261073451148e-01
1.681635380384489963e+03 2.411450132836932596e+02 4.034746627474823932e-01
1.681656213911563100e+03 2.407285808778842693e+02 4.032292667363498451e-01
1.681677047438316094e+03 2.404274098802172261e+02 4.034024725259971467e-01
1.681697880964806473e+03 2.405728558211231700e+02 4.028133688562935411e-01
1.681718714491005585e+03 2.407265232729257605e+02 4.030807929233331532e-01
1.681739548016972094e+03 2.409918629170063298e+02 4.033480581572332357e-01
1.681760381542676896e+03 2.413075538446652502e+02 4.040995867437974232e-01
1.681781215068148867e+03 2.416094253185392233e+02 4.048848690821690854e-01
1.681802048593445988e+03 2.412228681184591608e+02 4.036466742065858981e-01
1.681822882118568486e+03 2.414734629525122500e+02 4.033545232492486421e-01
1.681843715643545011e+03 2.413461585430734715e+02 4.033939580667731395e-01
1.681864549168376925e+03 2.409891448084302965e+02 4.029483511629130543e-01
1.681885382693150405e+03 2.408380751651947946e+02 4.026719578679283096e-01
1.681906216217866131e+03 2.405299005975541036e+02 4.024417720756913730e-01
1.681927049742552526e+03 2.415673511766044612e+02 4.036900116729678079e-01
1.681947883267325551e+03 2.403523882273766787e+02 4.020760395528301112e-01
1.681968716792156556e+03 2.412268867987656336e+02 4.029803193862132593e-01
1.681989550317133990e+03 2.414215498697782891e+02 4.033296413127859248e-01
1.682010383842314923e+03 2.402998118628600821e+02 4.022439443998987452e-01
1.682031217367758018e+03 2.410433096606955985e+02 4.026334515868573716e-01
1.682052050893549449e+03 2.414233572965730161e+02 4.031998498314623425e-01
1.682072884419748334e+03 2.405220062679859439e+02 4.021309039613643055e-01
1.682093717946471997e+03 2.410198112996503141e+02 4.028876988643292356e-01
1.682114551473777965e+03 2.410658755767481978e+02 4.055360242126512804e-01
1.682135385001811073e+03 2.414638199775392309e+02 4.075119884459322273e-01
1.682156218530629531e+03 2.416944646125634222e+02 4.082652870558454161e-01
1.682197885591177965e+03 2.406519839350240773e+02 4.064747115523815735e-01
1.682218719123140545e+03 2.407971103024104593e+02 4.066169255484282652e-01
1.682239552656469641e+03 2.410425522240483645e+02 4.072539139671357278e-01
1.682260386191254383e+03 2.412552382023991981e+02 4.085344311632554404e-01
1.682281219727640064e+03 2.402877254585312699e+02 4.066257389799498578e-01
1.682302053265860195e+03 2.406229438212020000e+02 4.074898652998784065e-01
1.682322886806000497e+03 2.414481749760650189e+02 4.081582040117135435e-01
1.682343720348264924e+03 2.405874259920752820e+02 4.072917090250889327e-01
