1.468282498297434358e+03 1.174304809570312500e+02 4.040772616863250732e-01
1.468303331461671860e+03 1.173190917968750000e+02 4.045636653900146484e-01
1.468324164625675166e+03 1.163380737304687500e+02 4.028985202312469482e-01
1.468344997789386980e+03 1.172614440917968750e+02 4.038007259368896484e-01
1.468365830952982833e+03 1.175358428955078125e+02 4.038617014884948730e-01
1.468407497279360086e+03 1.182919006347656250e+02 4.043995141983032227e-01
1.468428330442200149e+03 1.181983032226562500e+02 4.047802686691284180e-01
1.468449163604805562e+03 1.179184875488281250e+02 4.043295681476593018e-01
1.468469996767179055e+03 1.177257385253906250e+02 4.039131999015808105e-01
1.468490829929377924e+03 1.182387542724609375e+02 4.043555557727813721e-01
1.468511663091287119e+03 1.182306365966796875e+02 4.046311974525451660e-01
1.468532496252961437e+03 1.182697143554687500e+02 4.044693112373352051e-01
1.468553329414461132e+03 1.184457092285156250e+02 4.046405553817749023e-01
1.468574162575671380e+03 1.175571899414062500e+02 4.038557410240173340e-01
1.468594995736706551e+03 1.182647552490234375e+02 4.044107496738433838e-01
1.468615828897450001e+03 1.182784881591796875e+02 4.062928855419158936e-01
1.468636662058019510e+03 1.178916168212890625e+02 4.041428565979003906e-01
1.468657495218296390e+03 1.178839721679687500e+02 4.043729901313781738e-01
1.468678328378400010e+03 1.184286956787109375e+02 4.046801328659057617e-01
1.468699161538272165e+03 1.182551727294921875e+02 4.045124351978302002e-01
1.468719994697851689e+03 1.175763397216796875e+02 4.046731889247894287e-01
1.468740827857256136e+03 1.185836944580078125e+02 4.054732024669647217e-01
1.468761661016427979e+03 1.177917022705078125e+02 4.044229090213775635e-01
1.468782494175367447e+03 1.181585388183593750e+02 4.045565128326416016e-01
1.468803327334016103e+03 1.177670135498046875e+02 4.040462672710418701e-01
1.468824160492490137e+03 1.177964630126953125e+02 4.038828909397125244e-01
1.468844993650730430e+03 1.177078399658203125e+02 4.036311507225036621e-01
1.468865826808737893e+03 1.177694091796875000e+02 4.038622975349426270e-01
1.468886659966513889e+03 1.174182891845703125e+02 4.036086797714233398e-01
1.468907493124056145e+03 1.176540374755859375e+02 4.048202931880950928e-01
1.468928326281365116e+03 1.181781921386718750e+02 4.044595956802368164e-01
1.468949159438442166e+03 1.175826110839843750e+02 4.040775597095489502e-01
1.468969992595227495e+03 1.175957641601562500e+02 4.035800397396087646e-01
1.468990825751838656e+03 1.171966552734375000e+02 4.031819403171539307e-01
1.469011658908216987e+03 1.171191711425781250e+02 4.034082591533660889e-01
1.469032492064362486e+03 1.171636962890625000e+02 4.032374024391174316e-01
1.469053325220274019e+03 1.174635314941406250e+02 4.036099016666412354e-01
1.469074158375954539e+03 1.173830871582031250e+02 4.035530090332031250e-01
1.469094991531402002e+03 1.177643585205078125e+02 4.038792848587036133e-01
1.469115824686674387e+03 1.176645965576171875e+02 4.037899971008300781e-01
1.469136657841655961e+03 1.176733398437500000e+02 4.040156006813049316e-01
1.469157490996404022e+03 1.169472503662109375e+02 4.031074643135070801e-01
1.469178324150919025e+03 1.174416046142578125e+02 4.036101400852203369e-01
1.469199157305201879e+03 1.169733734130859375e+02 4.031535089015960693e-01
1.469219990459252585e+03 1.175031280517578125e+02 4.036121964454650879e-01
1.469240823613069551e+03 1.179623260498046875e+02 4.040885269641876221e-01
1.469261656766653005e+03 1.173363952636718750e+02 4.043563306331634521e-01
1.469282489920004537e+03 1.181972961425781250e+02 4.044833481311798096e-01
1.469303323073123011e+03 1.173852539062500000e+02 4.034408330917358398e-01
1.469324156226009109e+03 1.171099700927734375e+02 4.031426906585693359e-01
1.469344989378662831e+03 1.170396728515625000e+02 4.032741189002990723e-01
1.469365822531081903e+03 1.177806396484375000e+02 4.040574133396148682e-01
1.469386655683269055e+03 1.174340057373046875e+02 4.034353196620941162e-01
1.469407488835223830e+03 1.172817230224609375e+02 4.034845829010009766e-01
1.469428321986945321e+03 1.176618194580078125e+02 4.039185047149658203e-01
1.469449155138433980e+03 1.170396118164062500e+02 4.032933115959167480e-01
1.469469988289748471e+03 1.172693634033203125e+02 4.035450816154479980e-01
1.469490821440771015e+03 1.171198425292968750e+02 4.033360481262207031e-01
1.469511654591561182e+03 1.177165222167968750e+02 4.039339125156402588e-01
1.469532487742118974e+03 1.177644805908203125e+02 4.038009047508239746e-01
1.469553320892385955e+03 1.179380340576171875e+02 4.043338596820831299e-01
1.469574154042477858e+03 1.170763244628906250e+02 4.034041166305541992e-01
1.469594987192336703e+03 1.171310119628906250e+02 4.034615159034729004e-01
1.469615820341962035e+03 1.166943969726562500e+02 4.029678404331207275e-01
1.469636653491355446e+03 1.178683929443359375e+02 4.041657745838165283e-01
1.469657486640517163e+03 1.191337280273437500e+02 4.050788879394531250e-01
1.469678319789445140e+03 1.167123870849609375e+02 4.029525816440582275e-01
1.469699152938139378e+03 1.165412902832031250e+02 4.027494490146636963e-01
1.469719986086542121e+03 1.173784942626953125e+02 4.035578966140747070e-01
1.469740819234772061e+03 1.168809509277343750e+02 4.034505486488342285e-01
1.469761652382768489e+03 1.175202789306640625e+02 4.036928713321685791e-01
1.469782485530532085e+03 1.178820953369140625e+02 4.039643704891204834e-01
1.469803318678004871e+03 1.172877197265625000e+02 4.032371342182159424e-01
1.469824151825302579e+03 1.172278900146484375e+02 4.031742811203002930e-01
1.469844984972308339e+03 1.178597259521484375e+02 4.037925004959106445e-01
1.469865818119140840e+03 1.174613800048828125e+02 4.035562276840209961e-01
1.469886651265682303e+03 1.170178985595703125e+02 4.034309983253479004e-01
1.469907484412049143e+03 1.167037658691406250e+02 4.028107523918151855e-01
1.469928317558124490e+03 1.168940277099609375e+02 4.032587110996246338e-01
1.469949150704024305e+03 1.173799591064453125e+02 4.033995270729064941e-01
1.469969983849634900e+03 1.164306182861328125e+02 4.025117754936218262e-01
1.469990816995011983e+03 1.169273529052734375e+02 4.030103385448455811e-01
1.470011650140156689e+03 1.171572418212890625e+02 4.031764268875122070e-01
1.470032483285126091e+03 1.168714294433593750e+02 4.027703404426574707e-01
1.470053316429804454e+03 1.180983123779296875e+02 4.038276970386505127e-01
1.470074149574249532e+03 1.171646118164062500e+02 4.032045006752014160e-01
1.470094982718462006e+03 1.174164733886718750e+02 4.034346640110015869e-01
1.470115815862384807e+03 1.179346008300781250e+02 4.037838280200958252e-01
1.470136649006131847e+03 1.181670379638671875e+02 4.044159948825836182e-01
1.470157482149646057e+03 1.179160461425781250e+02 4.036121070384979248e-01
1.470178315292927891e+03 1.173851776123046875e+02 4.032617807388305664e-01
1.470199148435917323e+03 1.174179229736328125e+02 4.033052027225494385e-01
1.470219981578733496e+03 1.179042053222656250e+02 4.036401808261871338e-01
1.470240814721259085e+03 1.177363739013671875e+02 4.038151204586029053e-01
1.470261647863610051e+03 1.175197448730468750e+02 4.034830629825592041e-01
1.470282481005669069e+03 1.177290649414062500e+02 4.035391807556152344e-01
1.470303314147494348e+03 1.176941223144531250e+02 4.041136205196380615e-01
1.470324147289088160e+03 1.181237945556640625e+02 4.039990901947021484e-01
1.470344980430449141e+03 1.174102325439453125e+02 4.033683538436889648e-01
1.470365813571576837e+03 1.177513885498046875e+02 4.035327732563018799e-01
1.470386646712473066e+03 1.176613006591796875e+02 4.032781124114990234e-01
1.470407479853135101e+03 1.177915191650390625e+02 4.036887288093566895e-01
1.470428312993504960e+03 1.177791290283203125e+02 4.038416147232055664e-01
1.470449146133701561e+03 1.178517913818359375e+02 4.039206206798553467e-01
1.470469979273606896e+03 1.171768646240234375e+02 4.029319286346435547e-01
1.470490812413338062e+03 1.185620269775390625e+02 4.042651355266571045e-01
1.470511645552778646e+03 1.183505401611328125e+02 4.039989113807678223e-01
1.470532478691985489e+03 1.180342864990234375e+02 4.037689566612243652e-01
1.470553311830959046e+03 1.187474822998046875e+02 4.043217003345489502e-01
1.470574144969700001e+03 1.187872009277343750e+02 4.044995903968811035e-01
1.470594978108150372e+03 1.176236114501953125e+02 4.033347964286804199e-01
1.470615811246425892e+03 1.188521728515625000e+02 4.044277369976043701e-01
1.470636644384411511e+03 1.182337188720703125e+02 4.038476049900054932e-01
1.470657477522221598e+03 1.181824188232421875e+02 4.039067924022674561e-01
1.470678310659740873e+03 1.180908508300781250e+02 4.037596285343170166e-01
1.470699143797026863e+03 1.195980682373046875e+02 4.051078855991363525e-01
1.470719976934079568e+03 1.181372528076171875e+02 4.038056433200836182e-01
1.470740810070842144e+03 1.191973724365234375e+02 4.048535227775573730e-01
1.470761643207430097e+03 1.190395202636718750e+02 4.046064317226409912e-01
1.470782476343726557e+03 1.191886291503906250e+02 4.051879346370697021e-01
1.470803309479848849e+03 1.197175445556640625e+02 4.051471948623657227e-01
1.470824142615679648e+03 1.187162322998046875e+02 4.044135808944702148e-01
1.470844975751277161e+03 1.200917358398437500e+02 4.054749310016632080e-01
1.470865808886584091e+03 1.190397949218750000e+02 4.046913087368011475e-01
1.470886642021716852e+03 1.189187622070312500e+02 4.044738411903381348e-01
1.470907475156559030e+03 1.191972656250000000e+02 4.048388898372650146e-01
1.470928308291226131e+03 1.191877899169921875e+02 4.047874212265014648e-01
1.470949141425602193e+03 1.196753692626953125e+02 4.057082831859588623e-01
1.470969974559744514e+03 1.186356658935546875e+02 4.040838479995727539e-01
1.470990807693596025e+03 1.185326690673828125e+02 4.043555259704589844e-01
1.471011640827272913e+03 1.201479492187500000e+02 4.054953455924987793e-01
1.471032473960659900e+03 1.193487243652343750e+02 4.047175347805023193e-01
1.471053307093813601e+03 1.186155242919921875e+02 4.043571054935455322e-01
1.471074140226734016e+03 1.194059143066406250e+02 4.050616025924682617e-01
1.471094973359363848e+03 1.193148498535156250e+02 4.046582579612731934e-01
1.471115806491818603e+03 1.194866027832031250e+02 4.049432277679443359e-01
1.471136639623981864e+03 1.204479675292968750e+02 4.056602120399475098e-01
1.471157472755912977e+03 1.196587066650390625e+02 4.063895046710968018e-01
1.471178305887611714e+03 1.200186920166015625e+02 4.055016040802001953e-01
1.471199139019019185e+03 1.194910888671875000e+02 4.050121605396270752e-01
1.471219972150193826e+03 1.201121673583984375e+02 4.053620696067810059e-01
1.471240805281134953e+03 1.198473510742187500e+02 4.051592051982879639e-01
1.471261638411843023e+03 1.200486907958984375e+02 4.054441452026367188e-01
1.471282471542318945e+03 1.204858551025390625e+02 4.058247208595275879e-01
1.471303304672503600e+03 1.205082397460937500e+02 4.057040214538574219e-01
1.471324137802455880e+03 1.202611083984375000e+02 4.056081473827362061e-01
1.471344970932175329e+03 1.209293975830078125e+02 4.062298834323883057e-01
1.471365804061603285e+03 1.204709014892578125e+02 4.057891368865966797e-01
1.471386637190798865e+03 1.205957183837890625e+02 4.062269926071166992e-01
1.471407470319761615e+03 1.206640625000000000e+02 4.061060845851898193e-01
1.471428303448490624e+03 1.200993041992187500e+02 4.056638181209564209e-01
1.471449136576929050e+03 1.203264007568359375e+02 4.057034552097320557e-01
1.471469969705135554e+03 1.202880859375000000e+02 4.057507216930389404e-01
1.471490802833109001e+03 1.201166687011718750e+02 4.055375456809997559e-01
1.471553302215456824e+03 1.213435974121093750e+02 4.067958593368530273e-01
1.471574135342381396e+03 1.210647277832031250e+02 4.067089259624481201e-01
1.471594968469073137e+03 1.210896759033203125e+02 4.069096446037292480e-01
1.471615801595532957e+03 1.221082305908203125e+02 4.073916375637054443e-01
1.471636634721701284e+03 1.224157409667968750e+02 4.076327681541442871e-01
1.471657467847637008e+03 1.211634216308593750e+02 4.066132605075836182e-01
1.471699134098752438e+03 1.220730895996093750e+02 4.073320329189300537e-01
1.471719967223930325e+03 1.219365692138671875e+02 4.070787131786346436e-01
1.471740800348876974e+03 1.216383666992187500e+02 4.069494605064392090e-01
1.471782466597953999e+03 1.217845611572265625e+02 4.072724878787994385e-01
1.471803299722085967e+03 1.224283599853515625e+02 4.075798392295837402e-01
1.471824132845984423e+03 1.226819305419921875e+02 4.080691337585449219e-01
1.471844965969649820e+03 1.218945007324218750e+02 4.071965813636779785e-01
1.471865799093025089e+03 1.222499847412109375e+02 4.074108600616455078e-01
1.471886632216166618e+03 1.222042846679687500e+02 4.074904024600982666e-01
1.471907465339015971e+03 1.216027984619140625e+02 4.069576561450958252e-01
1.471928298461634995e+03 1.223346710205078125e+02 4.076028466224670410e-01
1.471949131583961389e+03 1.213921051025390625e+02 4.067556858062744141e-01
1.471969964706055180e+03 1.225176696777343750e+02 4.078278243541717529e-01
1.471990797827917049e+03 1.226082611083984375e+02 4.079948961734771729e-01
1.472011630949486971e+03 1.217872467041015625e+02 4.070184826850891113e-01
1.472032464070824062e+03 1.229117279052734375e+02 4.079844057559967041e-01
1.472053297191870570e+03 1.222924194335937500e+02 4.074856936931610107e-01
1.472074130312626039e+03 1.219914245605468750e+02 4.073688089847564697e-01
1.472094963433206431e+03 1.229243164062500000e+02 4.080736339092254639e-01
1.472115796553437576e+03 1.226728820800781250e+02 4.078570604324340820e-01
1.472136629673437028e+03 1.226187438964843750e+02 4.077734053134918213e-01
1.472157462793202285e+03 1.233347167968750000e+02 4.085169434547424316e-01
1.472178295912677186e+03 1.236702270507812500e+02 4.087401032447814941e-01
1.472199129031919028e+03 1.233337402343750000e+02 4.084264636039733887e-01
1.472219962150870288e+03 1.224247436523437500e+02 4.076920747756958008e-01
1.472240795269528917e+03 1.233359832763671875e+02 4.083867967128753662e-01
1.472261628387956080e+03 1.237949523925781250e+02 4.091668128967285156e-01
1.472282461506149957e+03 1.228880004882812500e+02 4.079420864582061768e-01
1.472303294623995043e+03 1.228986511230468750e+02 4.084263145923614502e-01
1.472324127741665961e+03 1.234815521240234375e+02 4.088969230651855469e-01
1.472344960858986497e+03 1.235594329833984375e+02 4.085534811019897461e-01
1.472365793976075111e+03 1.233692321777343750e+02 4.085414111614227295e-01
1.472386627092931121e+03 1.232035522460937500e+02 4.086431264877319336e-01
1.472407460209494957e+03 1.229093627929687500e+02 4.079208672046661377e-01
1.472428293325767299e+03 1.233979644775390625e+02 4.086805582046508789e-01
1.472449126441748831e+03 1.236306610107421875e+02 4.086000621318817139e-01
1.472469959557498896e+03 1.235048370361328125e+02 4.086602628231048584e-01
1.472490792672957014e+03 1.234870605468750000e+02 4.084824025630950928e-01
1.472511625788182982e+03 1.240550384521484375e+02 4.089640676975250244e-01
1.472532458903117458e+03 1.237126464843750000e+02 4.086847901344299316e-01
1.472553292017761123e+03 1.238031768798828125e+02 4.088788926601409912e-01
1.472574125132171957e+03 1.234507598876953125e+02 4.086042642593383789e-01
1.472594958246291299e+03 1.245839843750000000e+02 4.094262719154357910e-01
1.472615791360119601e+03 1.237091827392578125e+02 4.087411165237426758e-01
1.472636624473656866e+03 1.233829956054687500e+02 4.084953367710113525e-01
1.472657457586961982e+03 1.250578460693359375e+02 4.100540578365325928e-01
1.472678290699975605e+03 1.240762329101562500e+02 4.091164469718933105e-01
1.472699123812697962e+03 1.243504791259765625e+02 4.093565344810485840e-01
1.472719956925130191e+03 1.239565124511718750e+02 4.088232517242431641e-01
1.472740790037329134e+03 1.246768798828125000e+02 4.097283184528350830e-01
1.472761623149236584e+03 1.242198791503906250e+02 4.092570841312408447e-01
1.472782456260853905e+03 1.233079376220703125e+02 4.083389341831207275e-01
1.472803289372178597e+03 1.244665985107421875e+02 4.095515906810760498e-01
1.472824122483270457e+03 1.250348205566406250e+02 4.099197089672088623e-01
1.472844955594015119e+03 1.234344177246093750e+02 4.084356129169464111e-01
1.472865788704525585e+03 1.251065368652343750e+02 4.097963571548461914e-01
1.472886621814745013e+03 1.249738616943359375e+02 4.100756347179412842e-01
1.472907454924673857e+03 1.243398895263671875e+02 4.095153808593750000e-01
1.472928288034311663e+03 1.243308410644531250e+02 4.091788530349731445e-01
1.472949121143716184e+03 1.245788269042968750e+02 4.095819890499114990e-01
1.472969954252771913e+03 1.246157836914062500e+02 4.094860851764678955e-01
1.472990787361536604e+03 1.247202453613281250e+02 4.095307886600494385e-01
1.473011620470067555e+03 1.246016235351562500e+02 4.096574783325195312e-01
1.473032453578307923e+03 1.250844879150390625e+02 4.101409316062927246e-01
1.473053286686199499e+03 1.251198730468750000e+02 4.101696610450744629e-01
1.473074119793858017e+03 1.252711181640625000e+02 4.100733101367950439e-01
1.473094952901225952e+03 1.248784942626953125e+02 4.097332954406738281e-01
1.473115786008243958e+03 1.252859191894531250e+02 4.104576110839843750e-01
1.473136619115029589e+03 1.254888916015625000e+02 4.104265272617340088e-01
1.473157452221524181e+03 1.255529937744140625e+02 4.103778004646301270e-01
1.473178285327669528e+03 1.256786804199218750e+02 4.105437695980072021e-01
1.473199118433581589e+03 1.255480957031250000e+02 4.103985726833343506e-01
1.473219951539203066e+03 1.256152038574218750e+02 4.104740917682647705e-01
1.473240784644474388e+03 1.258261871337890625e+02 4.107817113399505615e-01
1.473261617749455127e+03 1.256328430175781250e+02 4.108014106750488281e-01
1.473282450854203944e+03 1.255553283691406250e+02 4.108241796493530273e-01
1.473303283958603060e+03 1.254541625976562500e+02 4.102435410022735596e-01
1.473324117062711139e+03 1.255297698974609375e+02 4.115618169307708740e-01
1.473344950166528179e+03 1.259573822021484375e+02 4.107986688613891602e-01
1.473365783270054180e+03 1.258753662109375000e+02 4.106010794639587402e-01
1.473386616373230481e+03 1.258719329833984375e+02 4.106738269329071045e-01
1.473407449476173952e+03 1.253151092529296875e+02 4.103214144706726074e-01
1.473428282578769085e+03 1.259220733642578125e+02 4.107836484909057617e-01
1.473449115681072499e+03 1.259220123291015625e+02 4.117490053176879883e-01
1.473469948783025984e+03 1.256813812255859375e+02 4.104866385459899902e-01
1.473490781884746866e+03 1.262217254638671875e+02 4.111606180667877197e-01
1.473511614986118957e+03 1.261020812988281250e+02 4.111776053905487061e-01
1.473532448087200009e+03 1.264391174316406250e+02 4.114283323287963867e-01
1.473553281187932498e+03 1.268404846191406250e+02 4.118226468563079834e-01
1.473574114288373039e+03 1.273414459228515625e+02 4.122235178947448730e-01
1.473594947388522996e+03 1.262978057861328125e+02 4.110918045043945312e-01
1.473615780488381915e+03 1.268481140136718750e+02 4.120172858238220215e-01
1.473636613587891588e+03 1.257135009765625000e+02 4.105386137962341309e-01
1.473657446687109996e+03 1.270182800292968750e+02 4.117396771907806396e-01
1.473678279785980067e+03 1.269250793457031250e+02 4.116751551628112793e-01
1.473699112884557053e+03 1.270098419189453125e+02 4.116187095642089844e-01
1.473719945982785021e+03 1.264873809814453125e+02 4.111532866954803467e-01
1.473740779108895822e+03 1.273292388916015625e+02 4.120097756385803223e-01
1.473761612206484642e+03 1.275147552490234375e+02 4.120278358459472656e-01
1.473782445303781969e+03 1.267218322753906250e+02 4.119501113891601562e-01
1.473803278400730960e+03 1.272012939453125000e+02 4.117991924285888672e-01
1.473824111497388003e+03 1.271488037109375000e+02 4.122242331504821777e-01
1.473844944593754008e+03 1.270805816650390625e+02 4.117871224880218506e-01
1.473865777689713923e+03 1.264837188720703125e+02 4.113453030586242676e-01
1.473886610785381890e+03 1.270658264160156250e+02 4.118620753288269043e-01
1.473907443880758365e+03 1.274855194091796875e+02 4.121360480785369873e-01
1.473928276975786048e+03 1.272135467529296875e+02 4.118393957614898682e-01
1.473949110070464940e+03 1.273270416259765625e+02 4.121264517307281494e-01
1.473969943164793449e+03 1.269677734375000000e+02 4.116614162921905518e-01
1.473990776258830010e+03 1.274735870361328125e+02 4.124811887741088867e-01
1.474011609352519827e+03 1.278721160888671875e+02 4.124460816383361816e-01
1.474032442445859033e+03 1.285025939941406250e+02 4.128835201263427734e-01
1.474053275538848993e+03 1.271254425048828125e+02 4.122141003608703613e-01
1.474074108631548825e+03 1.276958160400390625e+02 4.122982323169708252e-01
1.474094941723840293e+03 1.278589477539062500e+02 4.123327136039733887e-01
1.474115774815841178e+03 1.279712524414062500e+02 4.124550521373748779e-01
1.474136607907492817e+03 1.278124694824218750e+02 4.125782251358032227e-01
1.474157440998794982e+03 1.277255401611328125e+02 4.123325049877166748e-01
1.474178274089747902e+03 1.279901885986328125e+02 4.127384722232818604e-01
1.474199107180352030e+03 1.286738433837890625e+02 4.132211804389953613e-01
1.474219940270606457e+03 1.284933624267578125e+02 4.133694171905517578e-01
1.474240773360510957e+03 1.288229064941406250e+02 4.134790897369384766e-01
1.474261606450067120e+03 1.285728607177734375e+02 4.130069613456726074e-01
1.474282439539273582e+03 1.284500427246093750e+02 4.131972491741180420e-01
1.474303272628131026e+03 1.278252258300781250e+02 4.126538634300231934e-01
1.474324105716639679e+03 1.288215789794921875e+02 4.132759571075439453e-01
1.474344938804739968e+03 1.283565673828125000e+02 4.130613803863525391e-01
1.474365771892550129e+03 1.289694519042968750e+02 4.135020971298217773e-01
1.474386604979953063e+03 1.286451416015625000e+02 4.129193723201751709e-01
1.474407438067005387e+03 1.286274414062500000e+02 4.134098887443542480e-01
1.474428271153651167e+03 1.284534912109375000e+02 4.129792153835296631e-01
1.474449104240005909e+03 1.302053833007812500e+02 4.145808815956115723e-01
1.474469937325954106e+03 1.293216400146484375e+02 4.138461351394653320e-01
1.474490770411493486e+03 1.293949432373046875e+02 4.139818251132965088e-01
1.474511603496741827e+03 1.287546234130859375e+02 4.130230844020843506e-01
1.474532436581524962e+03 1.291053161621093750e+02 4.135783910751342773e-01
1.474553269666016604e+03 1.299824523925781250e+02 4.145257174968719482e-01
1.474574102750099883e+03 1.301583099365234375e+02 4.146912097930908203e-01
1.474594935833777981e+03 1.291867370605468750e+02 4.148247838020324707e-01
1.474615768917105470e+03 1.292693939208984375e+02 4.138320684432983398e-01
1.474678268164702331e+03 1.307344360351562500e+02 4.150197207927703857e-01
1.474719934327808005e+03 1.306287384033203125e+02 4.150076508522033691e-01
1.474740767408806960e+03 1.303123931884765625e+02 4.146328866481781006e-01
1.474761600489398916e+03 1.299789276123046875e+02 4.143635630607604980e-01
1.474782433569584100e+03 1.306745147705078125e+02 4.155697822570800781e-01
1.474803266649360921e+03 1.301374359130859375e+02 4.144744277000427246e-01
1.474824099728729834e+03 1.308713836669921875e+02 4.158448874950408936e-01
1.474844932807693112e+03 1.302393798828125000e+02 4.150879085063934326e-01
1.474865765886248028e+03 1.299355621337890625e+02 4.151643216609954834e-01
1.474886598964394580e+03 1.309799346923828125e+02 4.154646694660186768e-01
1.474907432042134133e+03 1.305798339843750000e+02 4.151356816291809082e-01
1.474928265119408024e+03 1.312137298583984375e+02 4.155802726745605469e-01
1.474949098196333125e+03 1.322242279052734375e+02 4.165785014629364014e-01
1.474969931272793019e+03 1.312006378173828125e+02 4.155972599983215332e-01
1.474990764348844550e+03 1.307313690185546875e+02 4.151002764701843262e-01
1.475011597424489082e+03 1.309838562011718750e+02 4.155389666557312012e-01
1.475032430499667953e+03 1.309418945312500000e+02 4.153734743595123291e-01
1.475053263574439370e+03 1.318063659667968750e+02 4.161318838596343994e-01
1.475074096648803334e+03 1.309804840087890625e+02 4.155941009521484375e-01
1.475094929722701181e+03 1.308054809570312500e+02 4.153696596622467041e-01
1.475115762796133822e+03 1.317380676269531250e+02 4.160935282707214355e-01
1.475136595869159009e+03 1.315055541992187500e+02 4.161187708377838135e-01
1.475157428941718535e+03 1.312458648681640625e+02 4.157506227493286133e-01
1.475178262013812855e+03 1.320109252929687500e+02 4.170612692832946777e-01
1.475199095085498357e+03 1.322175903320312500e+02 4.166291058063507080e-01
1.475219928156660899e+03 1.316494750976562500e+02 4.163321256637573242e-01
1.475240761227416442e+03 1.317144012451171875e+02 4.164454042911529541e-01
1.475261594297704505e+03 1.321019134521484375e+02 4.166350364685058594e-01
1.475282427367527816e+03 1.325055694580078125e+02 4.173055291175842285e-01
1.475303260436885921e+03 1.319969940185546875e+02 4.166753888130187988e-01
1.475324093505778364e+03 1.329829101562500000e+02 4.177078902721405029e-01
1.475344926574146484e+03 1.318534088134765625e+02 4.167251586914062500e-01
1.475365759642108060e+03 1.324899444580078125e+02 4.174101352691650391e-01
1.475386592709544857e+03 1.317076416015625000e+02 4.165188670158386230e-01
1.475407425776515993e+03 1.323769989013671875e+02 4.171535968780517578e-01
1.475428258842964169e+03 1.330595550537109375e+02 4.186458885669708252e-01
1.475449091908946002e+03 1.318955535888671875e+02 4.174377322196960449e-01
1.475469924974403966e+03 1.328221435546875000e+02 4.179287850856781006e-01
1.475490758039396951e+03 1.324741058349609375e+02 4.176680743694305420e-01
1.475511591103865612e+03 1.324519348144531250e+02 4.174822270870208740e-01
1.475532424167809950e+03 1.332164306640625000e+02 4.186635017395019531e-01
1.475553257231230873e+03 1.336688537597656250e+02 4.188627898693084717e-01
1.475574090294186135e+03 1.335444488525390625e+02 4.186776280403137207e-01
1.475594923356558866e+03 1.336913604736328125e+02 4.188347458839416504e-01
1.475615756418466844e+03 1.328166656494140625e+02 4.179898798465728760e-01
1.475636589479791837e+03 1.323945922851562500e+02 4.176040291786193848e-01
1.475657422540592961e+03 1.335160217285156250e+02 4.187643527984619141e-01
1.475678255600871125e+03 1.335796661376953125e+02 4.200849235057830811e-01
1.475699088660624966e+03 1.337255401611328125e+02 4.188920855522155762e-01
1.475719921719795366e+03 1.331104431152343750e+02 4.183890223503112793e-01
1.475740754778385053e+03 1.337361145019531250e+02 4.191029667854309082e-01
1.475761587836450872e+03 1.329415740966796875e+02 4.194685220718383789e-01
1.475782420893934614e+03 1.338156738281250000e+02 4.192811250686645508e-01
1.475803253950894032e+03 1.342242584228515625e+02 4.196184873580932617e-01
1.475824087007271828e+03 1.337613525390625000e+02 4.192533493041992188e-01
1.475844920063009340e+03 1.336687164306640625e+02 4.193697869777679443e-01
1.475865753118222983e+03 1.336474304199218750e+02 4.192197620868682861e-01
1.475886586172797024e+03 1.339174652099609375e+02 4.207422733306884766e-01
1.475907419226845832e+03 1.341787567138671875e+02 4.205688238143920898e-01
1.475928252280255037e+03 1.340741577148437500e+02 4.197840690612792969e-01
1.475949085333023959e+03 1.344071502685546875e+02 4.201849699020385742e-01
1.475969918385210349e+03 1.347945251464843750e+02 4.203776121139526367e-01
1.475990751436815117e+03 1.339038238525390625e+02 4.197909533977508545e-01
1.476011584487721848e+03 1.349651031494140625e+02 4.206382632255554199e-01
1.476032417538045593e+03 1.341941375732421875e+02 4.200712144374847412e-01
1.476053250587729053e+03 1.342482452392578125e+02 4.201841652393341064e-01
1.476074083636773139e+03 1.347099761962890625e+02 4.208583831787109375e-01
1.476094916685176031e+03 1.345751342773437500e+02 4.206091761589050293e-01
1.476115749732880886e+03 1.350965270996093750e+02 4.212692677974700928e-01
1.476136582780004119e+03 1.345260620117187500e+02 4.207313060760498047e-01
1.476157415826369288e+03 1.346721801757812500e+02 4.209555983543395996e-01
1.476178248872095082e+03 1.357938842773437500e+02 4.219942390918731689e-01
1.476199081917181047e+03 1.351365356445312500e+02 4.211866855621337891e-01
1.476219914961509403e+03 1.358251800537109375e+02 4.222775697708129883e-01
1.476240748005197020e+03 1.354330749511718750e+02 4.218448996543884277e-01
1.476261581048187054e+03 1.352563629150390625e+02 4.217054545879364014e-01
1.476282414090420843e+03 1.360458831787109375e+02 4.224593639373779297e-01
1.476303247132013439e+03 1.353605957031250000e+02 4.218091964721679688e-01
1.476324080172849335e+03 1.359823303222656250e+02 4.225566685199737549e-01
1.476344913212928986e+03 1.359826202392578125e+02 4.236400127410888672e-01
1.476365746252310601e+03 1.353317108154296875e+02 4.219985008239746094e-01
1.476386579290934606e+03 1.356241302490234375e+02 4.223825335502624512e-01
1.476407412328802366e+03 1.358949584960937500e+02 4.236319065093994141e-01
1.476428245365971634e+03 1.360383300781250000e+02 4.242420792579650879e-01
1.476449078402325540e+03 1.367368927001953125e+02 4.236670136451721191e-01
1.476469911437924111e+03 1.364842529296875000e+02 4.232493638992309570e-01
1.476490744472764618e+03 1.368553924560546875e+02 4.235900342464447021e-01
1.476511577506847971e+03 1.366300354003906250e+02 4.235332906246185303e-01
1.476532410540118008e+03 1.367220306396484375e+02 4.235456585884094238e-01
1.476553243572572001e+03 1.370007171630859375e+02 4.238821864128112793e-01
1.476574076604269067e+03 1.364830627441406250e+02 4.235015213489532471e-01
1.476594909635152817e+03 1.372147521972656250e+02 4.244232475757598877e-01
1.476615742665278503e+03 1.365027618408203125e+02 4.236807525157928467e-01
1.476636575694531075e+03 1.372981414794921875e+02 4.247304499149322510e-01
1.476657408723027856e+03 1.363171844482421875e+02 4.236834943294525146e-01
1.476678241750709049e+03 1.377190704345703125e+02 4.247207343578338623e-01
1.476699074777517126e+03 1.366498260498046875e+02 4.238164722919464111e-01
1.476719907803569185e+03 1.378461151123046875e+02 4.251865744590759277e-01
1.476740740828805428e+03 1.374471740722656250e+02 4.251336753368377686e-01
1.476761573853226992e+03 1.373579406738281250e+02 4.254001080989837646e-01
1.478761548583436479e+03 1.164195556640625000e+02 4.031458497047424316e-01
1.478782381714316443e+03 1.164105224609375000e+02 4.043891727924346924e-01
1.478803214845312596e+03 1.171421966552734375e+02 4.038459062576293945e-01
1.478824047976366501e+03 1.167784423828125000e+02 4.032751917839050293e-01
1.478844881107479523e+03 1.168795166015625000e+02 4.033713638782501221e-01
1.478865714238592545e+03 1.177595520019531250e+02 4.054230153560638428e-01
1.478886547369764457e+03 1.177370300292968750e+02 4.040657579898834229e-01
1.478907380500935460e+03 1.168011322021484375e+02 4.032349586486816406e-01
1.478928213632106463e+03 1.175940246582031250e+02 4.055484235286712646e-01
1.478949046763277465e+03 1.171034851074218750e+02 4.035302698612213135e-01
1.478969879894448923e+03 1.156964416503906250e+02 4.022609293460845947e-01
1.478990713025561945e+03 1.167798004150390625e+02 4.033952057361602783e-01
1.479011546156674967e+03 1.175025024414062500e+02 4.036321043968200684e-01
1.479032379287729555e+03 1.176531219482421875e+02 4.036398828029632568e-01
1.479053212418726616e+03 1.183649597167968750e+02 4.043292999267578125e-01
1.479074045549664561e+03 1.166952667236328125e+02 4.028589725494384766e-01
1.479094878680486545e+03 1.179363708496093750e+02 4.052436947822570801e-01
1.479115711811308529e+03 1.178549804687500000e+02 4.041451215744018555e-01
1.479136544942014552e+03 1.173260345458984375e+02 4.033245742321014404e-01
1.479157378072661459e+03 1.176902618408203125e+02 4.037800431251525879e-01
1.479178211200806345e+03 1.181801910400390625e+02 4.041578471660614014e-01
1.479199044331220648e+03 1.176623840332031250e+02 4.035066366195678711e-01
1.479219877461576971e+03 1.183959960937500000e+02 4.043183624744415283e-01
1.479240710591815969e+03 1.179551544189453125e+02 4.036965966224670410e-01
1.479261543721939461e+03 1.176994628906250000e+02 4.034003913402557373e-01
1.479282376851887420e+03 1.214085083007812500e+02 4.069976210594177246e-01
1.479303209981778537e+03 1.185259399414062500e+02 4.040463566780090332e-01
1.479324043111552555e+03 1.181255493164062500e+02 4.036948084831237793e-01
1.479344876241152633e+03 1.184288787841796875e+02 4.041247069835662842e-01
1.479365709370635614e+03 1.185405731201171875e+02 4.044297933578491211e-01
1.479386542500002633e+03 1.180680389404296875e+02 4.042501449584960938e-01
1.479407375629194576e+03 1.182065429687500000e+02 4.041837453842163086e-01
1.479428208758270557e+03 1.177142791748046875e+02 4.038265645503997803e-01
1.479449041887171461e+03 1.185364990234375000e+02 4.040004014968872070e-01
1.479469875015955949e+03 1.185140533447265625e+02 4.039291441440582275e-01
1.479490708144566497e+03 1.188354187011718750e+02 4.041062593460083008e-01
1.479511541273059493e+03 1.188488006591796875e+02 4.043051302433013916e-01
1.479532374401320340e+03 1.190609893798828125e+02 4.044651687145233154e-01
1.479553207529464999e+03 1.196472320556640625e+02 4.051876068115234375e-01
1.479574040657434580e+03 1.185851287841796875e+02 4.042010903358459473e-01
1.479594873785288655e+03 1.200608978271484375e+02 4.055192172527313232e-01
1.479615706912908536e+03 1.186303253173828125e+02 4.040369689464569092e-01
1.479636540040412910e+03 1.192838745117187500e+02 4.047064185142517090e-01
1.479657373167683545e+03 1.189910583496093750e+02 4.044543802738189697e-01
1.479678206294837537e+03 1.188692016601562500e+02 4.045297503471374512e-01
1.479699039421759608e+03 1.195713653564453125e+02 4.052807688713073730e-01
1.479719872548565490e+03 1.195109863281250000e+02 4.050486087799072266e-01
1.479740705675138543e+03 1.202087707519531250e+02 4.055812656879425049e-01
1.479761538801536517e+03 1.201420288085937500e+02 4.055122137069702148e-01
1.479782371927818531e+03 1.200603790283203125e+02 4.054298698902130127e-01
1.479803205053868169e+03 1.196171569824218750e+02 4.049264788627624512e-01
1.479824038179742956e+03 1.202771148681640625e+02 4.057798087596893311e-01
1.479844871305384459e+03 1.202751770019531250e+02 4.056177139282226562e-01
1.479865704430909545e+03 1.200920257568359375e+02 4.058345854282379150e-01
1.479886537556201347e+03 1.201766662597656250e+02 4.054993093013763428e-01
1.479907370681319662e+03 1.198749847412109375e+02 4.053119719028472900e-01
1.479928203806204465e+03 1.202101593017578125e+02 4.074205458164215088e-01
1.479949036930972397e+03 1.203051147460937500e+02 4.058367908000946045e-01
1.479969870055508636e+03 1.199521789550781250e+02 4.054208397865295410e-01
1.479990703179869342e+03 1.197984619140625000e+02 4.065889716148376465e-01
1.480011536303997445e+03 1.202770233154296875e+02 4.056444466114044189e-01
1.480032369427950471e+03 1.211030426025390625e+02 4.063209593296051025e-01
1.480053202551729555e+03 1.209372406005859375e+02 4.061010777950286865e-01
1.480074035675274899e+03 1.208310241699218750e+02 4.062104225158691406e-01
1.480094868798645621e+03 1.203066406250000000e+02 4.055840373039245605e-01
1.480115701921784421e+03 1.203754577636718750e+02 4.057433605194091797e-01
1.480136535044748598e+03 1.206721191406250000e+02 4.060646891593933105e-01
1.480157368167537470e+03 1.207355804443359375e+02 4.059120118618011475e-01
1.480178201290093966e+03 1.215256347656250000e+02 4.072692394256591797e-01
1.480199034412475612e+03 1.221992797851562500e+02 4.072647988796234131e-01
1.480219867534624427e+03 1.211444702148437500e+02 4.064846038818359375e-01
1.480240700656599529e+03 1.212526245117187500e+02 4.072491228580474854e-01
1.480261533778340436e+03 1.214541168212890625e+02 4.066150784492492676e-01
1.480282366899849421e+03 1.215903015136718750e+02 4.082835018634796143e-01
1.480303200021241992e+03 1.209550170898437500e+02 4.060950279235839844e-01
1.480324033142343524e+03 1.214476470947265625e+02 4.080394506454467773e-01
1.480344866263269978e+03 1.218771972656250000e+02 4.074347615242004395e-01
1.480365699384022491e+03 1.206244812011718750e+02 4.059385061264038086e-01
1.480386532504541492e+03 1.213776550292968750e+02 4.066222906112670898e-01
1.480407365624885642e+03 1.214912261962890625e+02 4.068014621734619141e-01
1.480428198744997644e+03 1.219513244628906250e+02 4.072010517120361328e-01
1.480449031864876360e+03 1.219900970458984375e+02 4.077256023883819580e-01
1.480469864984580909e+03 1.218989715576171875e+02 4.076628983020782471e-01
1.480490698104051944e+03 1.217357330322265625e+02 4.070168137550354004e-01
1.480511531223347902e+03 1.216577301025390625e+02 4.080593287944793701e-01
1.480532364342411938e+03 1.222192993164062500e+02 4.076807498931884766e-01
1.480553197461301352e+03 1.232067413330078125e+02 4.086887836456298828e-01
1.480574030579957935e+03 1.228121643066406250e+02 4.079813063144683838e-01
1.480594863698381459e+03 1.225184173583984375e+02 4.082617461681365967e-01
1.480615696816630589e+03 1.227944488525390625e+02 4.080665707588195801e-01
1.480636529934647569e+03 1.216417388916015625e+02 4.072019457817077637e-01
1.480657363052488563e+03 1.225437011718750000e+02 4.077142477035522461e-01
1.480678196170039882e+03 1.225169067382812500e+02 4.076257348060607910e-01
1.480699029287475469e+03 1.229936065673828125e+02 4.082334041595458984e-01
1.480719862404618652e+03 1.220812683105468750e+02 4.073250293731689453e-01
1.480740695521644966e+03 1.229064636230468750e+02 4.081776142120361328e-01
1.480761528638380469e+03 1.223232269287109375e+02 4.074593186378479004e-01
1.480782361754941576e+03 1.238857879638671875e+02 4.091375768184661865e-01
1.480803194871270534e+03 1.229644317626953125e+02 4.081788957118988037e-01
1.480824027987423506e+03 1.231712493896484375e+02 4.084203243255615234e-01
1.480844861103344556e+03 1.234507141113281250e+02 4.107776582241058350e-01
1.480865694219032548e+03 1.235939941406250000e+02 4.087785482406616211e-01
1.480886527334545917e+03 1.233070068359375000e+02 4.085482954978942871e-01
1.480907360449826456e+03 1.234770812988281250e+02 4.086644947528839111e-01
1.480928193564873482e+03 1.245630645751953125e+02 4.096380472183227539e-01
1.480949026679745657e+03 1.230960845947265625e+02 4.085776209831237793e-01
1.480969859794386593e+03 1.233900756835937500e+02 4.085872471332550049e-01
1.480990692908793562e+03 1.239695281982421875e+02 4.093823432922363281e-01
1.481011526023026363e+03 1.238418273925781250e+02 4.087909162044525146e-01
1.481032359137026560e+03 1.240524291992187500e+02 4.089970588684082031e-01
1.481053192250851453e+03 1.238616180419921875e+02 4.087603390216827393e-01
1.481074025364444424e+03 1.242234039306640625e+02 4.098404645919799805e-01
1.481094858477803427e+03 1.241021270751953125e+02 4.089341461658477783e-01
1.481115691590988945e+03 1.236141510009765625e+02 4.088357090950012207e-01
1.481136524703882969e+03 1.236042022705078125e+02 4.088449478149414062e-01
1.481157357816660351e+03 1.248547363281250000e+02 4.095712006092071533e-01
1.481178190929147604e+03 1.243914794921875000e+02 4.091457724571228027e-01
1.481199024041459552e+03 1.240714569091796875e+02 4.091097414493560791e-01
1.481219857153538442e+03 1.237595214843750000e+02 4.088514149188995361e-01
1.481240690265442481e+03 1.250709228515625000e+02 4.098052978515625000e-01
1.481261523377114372e+03 1.240998535156250000e+02 4.090169668197631836e-01
1.481303189599817415e+03 1.252387695312500000e+02 4.098719954490661621e-01
1.481324022710849476e+03 1.249892578125000000e+02 4.098188281059265137e-01
1.481344855821648025e+03 1.245250244140625000e+02 4.092700183391571045e-01
1.481365688932271496e+03 1.245764312744140625e+02 4.092545211315155029e-01
1.481386522042662364e+03 1.242676849365234375e+02 4.101033806800842285e-01
1.481407355152820401e+03 1.242160949707031250e+02 4.089945852756500244e-01
1.481428188262804497e+03 1.247429656982421875e+02 4.094602763652801514e-01
1.481449021372555535e+03 1.244020843505859375e+02 4.090564846992492676e-01
1.481469854482073515e+03 1.244650878906250000e+02 4.091937839984893799e-01
1.481490687591358437e+03 1.251254577636718750e+02 4.096604585647583008e-01
1.481511520700468509e+03 1.251544189453125000e+02 4.097823500633239746e-01
1.481532353809404412e+03 1.253036193847656250e+02 4.098859131336212158e-01
1.481553186918049505e+03 1.248691101074218750e+02 4.094091057777404785e-01
1.481574020026519520e+03 1.251243743896484375e+02 4.097710251808166504e-01
1.481594853134815367e+03 1.254833831787109375e+02 4.101301729679107666e-01
1.481615686242819947e+03 1.256924591064453125e+02 4.100193381309509277e-01
1.481636519350649905e+03 1.251618041992187500e+02 4.098904728889465332e-01
1.481657352458247487e+03 1.259995117187500000e+02 4.104684591293334961e-01
1.481678185565669537e+03 1.255181121826171875e+02 4.100054204463958740e-01
1.481699018672859438e+03 1.256137847900390625e+02 4.102596044540405273e-01
1.481719851779816508e+03 1.250218353271484375e+02 4.103479385375976562e-01
1.481740684886598501e+03 1.254040527343750000e+02 4.099602103233337402e-01
1.481761517993146981e+03 1.252508850097656250e+02 4.098894000053405762e-01
1.481782351099462630e+03 1.256165161132812500e+02 4.101580083370208740e-01
1.481803184205604339e+03 1.260549468994140625e+02 4.112058281898498535e-01
1.481824017311513444e+03 1.259445190429687500e+02 4.110281169414520264e-01
1.481844850417189946e+03 1.260008544921875000e+02 4.105737209320068359e-01
1.481865683522633390e+03 1.255866241455078125e+02 4.102343320846557617e-01
1.481886516627902893e+03 1.258743896484375000e+02 4.103906154632568359e-01
1.481907349732997545e+03 1.258577423095703125e+02 4.106439054012298584e-01
1.481928182837800932e+03 1.259155273437500000e+02 4.109199047088623047e-01
1.481949015942429469e+03 1.263315582275390625e+02 4.106355905532836914e-01
1.481969849046825402e+03 1.264507141113281250e+02 4.107722043991088867e-01
1.481990682151046485e+03 1.265117645263671875e+02 4.107626676559448242e-01
1.482011515255034510e+03 1.263858184814453125e+02 4.108933210372924805e-01
1.482032348358789932e+03 1.268765716552734375e+02 4.111355245113372803e-01
1.482053181462370503e+03 1.266807556152343750e+02 4.119093120098114014e-01
1.482074014565660491e+03 1.273217010498046875e+02 4.115695655345916748e-01
1.482094847668833609e+03 1.267132263183593750e+02 4.111226797103881836e-01
1.482115680771716598e+03 1.266693725585937500e+02 4.112015068531036377e-01
1.482136513874423599e+03 1.270672302246093750e+02 4.116144478321075439e-01
1.482157346976898452e+03 1.271230621337890625e+02 4.115374982357025146e-01
1.482178180079198455e+03 1.271522674560546875e+02 4.114926755428314209e-01
1.482199013181264945e+03 1.274895782470703125e+02 4.118680655956268311e-01
1.482219846283099514e+03 1.272754211425781250e+02 4.115937948226928711e-01
1.482240679384701480e+03 1.267126617431640625e+02 4.111447632312774658e-01
1.482261512486128595e+03 1.275127105712890625e+02 4.117794334888458252e-01
1.482282345587322652e+03 1.271774597167968750e+02 4.115778207778930664e-01
1.482303178688342541e+03 1.271476593017578125e+02 4.113874733448028564e-01
1.482324011789129599e+03 1.274767761230468750e+02 4.115841686725616455e-01
1.482344844889683372e+03 1.286864624023437500e+02 4.129074215888977051e-01
1.482365677990004542e+03 1.272305908203125000e+02 4.113782346248626709e-01
1.482386511090151544e+03 1.273311614990234375e+02 4.115440845489501953e-01
1.482407344190065942e+03 1.273385314941406250e+02 4.115483760833740234e-01
1.482428177289746600e+03 1.279425354003906250e+02 4.122910797595977783e-01
1.482449010389253544e+03 1.272598114013671875e+02 4.115544259548187256e-01
1.482469843488526521e+03 1.283214416503906250e+02 4.124327003955841064e-01
1.482490676587625558e+03 1.285820465087890625e+02 4.126448929309844971e-01
1.482511509686433556e+03 1.278447570800781250e+02 4.120850563049316406e-01
1.482532342785124456e+03 1.281873474121093750e+02 4.126880764961242676e-01
1.482553175883524545e+03 1.278074493408203125e+02 4.119057953357696533e-01
1.482574008981750467e+03 1.285869293212890625e+02 4.125490188598632812e-01
1.482594842079742648e+03 1.279453430175781250e+02 4.120679199695587158e-01
1.482615675177501998e+03 1.284657745361328125e+02 4.125840961933135986e-01
1.482636508275087635e+03 1.276545867919921875e+02 4.116903841495513916e-01
1.482657341372381552e+03 1.282230987548828125e+02 4.123385846614837646e-01
1.482678174469559508e+03 1.275475769042968750e+02 4.120336771011352539e-01
1.482699007566446653e+03 1.281873321533203125e+02 4.127499163150787354e-01
1.482719840663158948e+03 1.284176025390625000e+02 4.124951064586639404e-01
1.482740673759696620e+03 1.276595764160156250e+02 4.118280708789825439e-01
1.482761506855943480e+03 1.281477050781250000e+02 4.121527373790740967e-01
1.482782339952015491e+03 1.278211212158203125e+02 4.120644927024841309e-01
1.482803173047854443e+03 1.284288024902343750e+02 4.125180542469024658e-01
1.482824006143519910e+03 1.278162841796875000e+02 4.119266271591186523e-01
1.482844839238893655e+03 1.288429412841796875e+02 4.128353297710418701e-01
1.482865672334092551e+03 1.284132995605468750e+02 4.124558568000793457e-01
1.482886505429117506e+03 1.290579528808593750e+02 4.130758047103881836e-01
1.482907338523908493e+03 1.285325317382812500e+02 4.126453399658203125e-01
1.482928171618467559e+03 1.291995544433593750e+02 4.132933020591735840e-01
1.482949004712792430e+03 1.290653533935546875e+02 4.133819639682769775e-01
1.482969837806944497e+03 1.288244323730468750e+02 4.128715395927429199e-01
1.482990670900862369e+03 1.289453887939453125e+02 4.127921462059020996e-01
1.483011503994547638e+03 1.290411224365234375e+02 4.135473370552062988e-01
1.483032337088000077e+03 1.288625488281250000e+02 4.127614200115203857e-01
1.483053170181277437e+03 1.296503753662109375e+02 4.147662818431854248e-01
1.483074003274322422e+03 1.292639923095703125e+02 4.133138954639434814e-01
1.483094836367193466e+03 1.287504425048828125e+02 4.128693044185638428e-01
1.483115669459772562e+03 1.294216003417968750e+02 4.133493304252624512e-01
1.483136502552177490e+03 1.300083160400390625e+02 4.137932658195495605e-01
1.483157335644407340e+03 1.293915252685546875e+02 4.133009612560272217e-01
1.483178168736347516e+03 1.294839477539062500e+02 4.133605659008026123e-01
1.483199001828111477e+03 1.302263488769531250e+02 4.144144654273986816e-01
1.483219834919643517e+03 1.301384277343750000e+02 4.150505661964416504e-01
1.483240668011001617e+03 1.293679962158203125e+02 4.133909940719604492e-01
1.483261501102126658e+03 1.300439605712890625e+02 4.139158427715301514e-01
1.483282334193017959e+03 1.289992065429687500e+02 4.131205677986145020e-01
1.483303167283676430e+03 1.302780303955078125e+02 4.144973754882812500e-01
1.483324000374160505e+03 1.300900726318359375e+02 4.140697717666625977e-01
1.483344833464411977e+03 1.303848876953125000e+02 4.142575562000274658e-01
1.483365666554430391e+03 1.304357604980468750e+02 4.142707586288452148e-01
1.483386499644215974e+03 1.301027069091796875e+02 4.142438769340515137e-01
1.483407332733826934e+03 1.308786010742187500e+02 4.152341783046722412e-01
1.483428165823205518e+03 1.303928985595703125e+02 4.142649769783020020e-01
1.483448998912349452e+03 1.305875701904296875e+02 4.142023622989654541e-01
1.483469832001319446e+03 1.302927551269531250e+02 4.141116738319396973e-01
1.483490665090057519e+03 1.301074829101562500e+02 4.138297140598297119e-01
1.483511498178562533e+03 1.303431854248046875e+02 4.160741269588470459e-01
1.483532331266834490e+03 1.310185852050781250e+02 4.145738482475280762e-01
1.483553164354932505e+03 1.312555847167968750e+02 4.148526489734649658e-01
1.483573997442797463e+03 1.310207977294921875e+02 4.154472351074218750e-01
1.483594830530428908e+03 1.309724121093750000e+02 4.148739278316497803e-01
1.483615663617827977e+03 1.311441040039062500e+02 4.164845347404479980e-01
1.483636496705052650e+03 1.313763427734375000e+02 4.151887893676757812e-01
1.483657329792044948e+03 1.315344085693359375e+02 4.151410162448883057e-01
1.483678162878804415e+03 1.314406433105468750e+02 4.153097271919250488e-01
1.483698995965330596e+03 1.317502593994140625e+02 4.156128168106079102e-01
1.483719829051681472e+03 1.308603515625000000e+02 4.145289659500122070e-01
1.483740662137799973e+03 1.313532867431640625e+02 4.150195717811584473e-01
1.483761495223685415e+03 1.313862457275390625e+02 4.150291681289672852e-01
1.483782328309338482e+03 1.312812957763671875e+02 4.148965775966644287e-01
1.483803161394816470e+03 1.317569580078125000e+02 4.153311848640441895e-01
1.483823994480062538e+03 1.322311706542968750e+02 4.160183072090148926e-01
1.483844827565074411e+03 1.318446350097656250e+02 4.154810607433319092e-01
1.483865660649853453e+03 1.323009948730468750e+02 4.162565469741821289e-01
1.483886493734458554e+03 1.319612579345703125e+02 4.157647490501403809e-01
1.483907326818772617e+03 1.319518127441406250e+02 4.156258106231689453e-01
1.483928159902911375e+03 1.317804565429687500e+02 4.154636561870574951e-01
1.483948992986818439e+03 1.316307373046875000e+02 4.152688384056091309e-01
1.483969826070550425e+03 1.323124847412109375e+02 4.171216189861297607e-01
1.483990659153991601e+03 1.321638488769531250e+02 4.159682095050811768e-01
1.484011492237257471e+03 1.312171325683593750e+02 4.152689278125762939e-01
1.484032325320291875e+03 1.314554443359375000e+02 4.152366816997528076e-01
1.484053158403092993e+03 1.324759216308593750e+02 4.161160886287689209e-01
1.484073991485719489e+03 1.329397125244140625e+02 4.166367948055267334e-01
1.484094824568054491e+03 1.322922515869140625e+02 4.158806502819061279e-01
1.484115657650214416e+03 1.324877319335937500e+02 4.159568250179290771e-01
1.484136490732141965e+03 1.328058013916015625e+02 4.162806868553161621e-01
1.484157323813836456e+03 1.322304840087890625e+02 4.158288538455963135e-01
1.484178156895356551e+03 1.325348358154296875e+02 4.161676764488220215e-01
1.484198989976585381e+03 1.320602264404296875e+02 4.157026708126068115e-01
1.484219823057640497e+03 1.317804565429687500e+02 4.156559705734252930e-01
1.484240656138461418e+03 1.333455810546875000e+02 4.165642559528350830e-01
1.484261489219050418e+03 1.322837677001953125e+02 4.159258902072906494e-01
1.484282322299405905e+03 1.328744506835937500e+02 4.164361655712127686e-01
1.484303155379528562e+03 1.332371520996093750e+02 4.167047142982482910e-01
1.484323988459476368e+03 1.326249389648437500e+02 4.162563085556030273e-01
1.484344821539134500e+03 1.329959716796875000e+02 4.168342053890228271e-01
1.484365654618617555e+03 1.327910919189453125e+02 4.162290394306182861e-01
1.484386487697867551e+03 1.330545501708984375e+02 4.164676368236541748e-01
1.484428153855728397e+03 1.331175079345703125e+02 4.166320264339447021e-01
1.484448986934279446e+03 1.322697753906250000e+02 4.158521890640258789e-01
1.484469820012598575e+03 1.330297241210937500e+02 4.163435995578765869e-01
1.484490653090742398e+03 1.331687469482421875e+02 4.164480268955230713e-01
1.484511486168653391e+03 1.333654174804687500e+02 4.167599081993103027e-01
1.484532319246332463e+03 1.332104492187500000e+02 4.165701270103454590e-01
1.484553152323777340e+03 1.330506286621093750e+02 4.165025055408477783e-01
1.484573985400990523e+03 1.332413024902343750e+02 4.164984822273254395e-01
1.484594818477970421e+03 1.340008697509765625e+02 4.172992706298828125e-01
1.484615651579571932e+03 1.337459411621093750e+02 4.168966114521026611e-01
1.484636484656086395e+03 1.335845184326171875e+02 4.167432188987731934e-01
1.484657317732367574e+03 1.330680847167968750e+02 4.171693921089172363e-01
1.484678150808474584e+03 1.341230010986328125e+02 4.174057245254516602e-01
1.484698983884348536e+03 1.331205902099609375e+02 4.164558947086334229e-01
1.484719816959930540e+03 1.341360778808593750e+02 4.173268675804138184e-01
1.484740650035337922e+03 1.332981567382812500e+02 4.165143072605133057e-01
1.484761483110513836e+03 1.341537322998046875e+02 4.181423187255859375e-01
1.484782316185457603e+03 1.343573608398437500e+02 4.174891710281372070e-01
1.484803149260167629e+03 1.341431579589843750e+02 4.183942079544067383e-01
1.484823982334644370e+03 1.343609771728515625e+02 4.174920618534088135e-01
1.484844815408888508e+03 1.343614654541015625e+02 4.177213311195373535e-01
1.484865648482899360e+03 1.345908966064453125e+02 4.175999760627746582e-01
1.484886481556678518e+03 1.339661560058593750e+02 4.171338081359863281e-01
1.484907314630223482e+03 1.345121154785156250e+02 4.175753891468048096e-01
1.484928147703594504e+03 1.344816589355468750e+02 4.175302982330322266e-01
1.484948980776674489e+03 1.337501983642578125e+02 4.170182943344116211e-01
1.484969813849521415e+03 1.345433654785156250e+02 4.178786277770996094e-01
1.484990646922136420e+03 1.343081512451171875e+02 4.186133146286010742e-01
1.485011479994517458e+03 1.343729248046875000e+02 4.187889099121093750e-01
1.485032313066724555e+03 1.352978515625000000e+02 4.183592498302459717e-01
1.485053146138640386e+03 1.342161407470703125e+02 4.175465703010559082e-01
1.485073979210323614e+03 1.347832336425781250e+02 4.178400933742523193e-01
1.485094812281773557e+03 1.349738464355468750e+02 4.178913533687591553e-01
1.485115645352991578e+03 1.350365295410156250e+02 4.179359972476959229e-01
1.485136478423976087e+03 1.351318511962890625e+02 4.180365800857543945e-01
1.485157311494785517e+03 1.348995666503906250e+02 4.178931117057800293e-01
1.485178144565304592e+03 1.349018096923828125e+02 4.177985191345214844e-01
1.485198977635590381e+03 1.349319305419921875e+02 4.178338944911956787e-01
1.485219810705585587e+03 1.347496185302734375e+02 4.178055822849273682e-01
1.485240643775405488e+03 1.359551544189453125e+02 4.195353090763092041e-01
1.485261476844993467e+03 1.354799041748046875e+02 4.186075329780578613e-01
1.485282309914347479e+03 1.348029785156250000e+02 4.178233146667480469e-01
1.485303142983411362e+03 1.359047546386718750e+02 4.186711311340332031e-01
1.485323976052300623e+03 1.354720153808593750e+02 4.184351265430450439e-01
1.485344809120898390e+03 1.356083221435546875e+02 4.206876456737518311e-01
1.485365642189321534e+03 1.350946044921875000e+02 4.180137515068054199e-01
1.485386475257454549e+03 1.370872497558593750e+02 4.200561046600341797e-01
1.485407308325353370e+03 1.361443176269531250e+02 4.191518723964691162e-01
1.485428141393020496e+03 1.355437011718750000e+02 4.186578989028930664e-01
1.485448974460454792e+03 1.356434936523437500e+02 4.188168048858642578e-01
1.485469807527598505e+03 1.358647613525390625e+02 4.189863204956054688e-01
1.485490640594566457e+03 1.362669372558593750e+02 4.193727970123291016e-01
1.485511473661243599e+03 1.364231872558593750e+02 4.192761182785034180e-01
1.485532306727687910e+03 1.358362121582031250e+02 4.189506769180297852e-01
1.485553139793898936e+03 1.354767913818359375e+02 4.188781678676605225e-01
1.485573972859876449e+03 1.370397338867187500e+02 4.198155999183654785e-01
1.485594805925622495e+03 1.367896728515625000e+02 4.198348820209503174e-01
1.485615638991077503e+03 1.363859252929687500e+02 4.195166826248168945e-01
1.485636472056299453e+03 1.369931640625000000e+02 4.199671149253845215e-01
1.485657305121288573e+03 1.361469268798828125e+02 4.191299378871917725e-01
1.485678138186044634e+03 1.367893371582031250e+02 4.197193682193756104e-01
1.485698971250568547e+03 1.360581512451171875e+02 4.190626144409179688e-01
1.485719804314800513e+03 1.368645324707031250e+02 4.198663830757141113e-01
1.485740637378800557e+03 1.360186157226562500e+02 4.193128645420074463e-01
1.485761470442566406e+03 1.361605072021484375e+02 4.194155037403106689e-01
1.485782303506042808e+03 1.367223358154296875e+02 4.197537004947662354e-01
1.485803136569286380e+03 1.365939178466796875e+02 4.195521771907806396e-01
1.485823969632296439e+03 1.364700164794921875e+02 4.194656014442443848e-01
1.485844802695074577e+03 1.368356781005859375e+02 4.197985827922821045e-01
1.485865635757560540e+03 1.369110412597656250e+02 4.198456704616546631e-01
1.485886468819813444e+03 1.372909545898437500e+02 4.202701747417449951e-01
1.485907301881834428e+03 1.362636871337890625e+02 4.196597337722778320e-01
1.485928134943563464e+03 1.366070861816406250e+02 4.207363724708557129e-01
1.485948968005060578e+03 1.368056335449218750e+02 4.208395481109619141e-01
1.485969801066323498e+03 1.370455780029296875e+02 4.199335277080535889e-01
1.485990634127295380e+03 1.373919067382812500e+02 4.202435314655303955e-01
1.486011467188035567e+03 1.373126831054687500e+02 4.202301204204559326e-01
1.486032300248542469e+03 1.378190460205078125e+02 4.205618202686309814e-01
1.486053133308758561e+03 1.370134277343750000e+02 4.200116693973541260e-01
1.486073966368742504e+03 1.377340240478515625e+02 4.204523265361785889e-01
1.486094799428434499e+03 1.372289733886718750e+02 4.205872714519500732e-01
1.486115632487894345e+03 1.377492523193359375e+02 4.204590618610382080e-01
1.486136465547063381e+03 1.379672241210937500e+02 4.206324815750122070e-01
1.486157298605998903e+03 1.382561798095703125e+02 4.209088981151580811e-01
1.486178131664701596e+03 1.381256103515625000e+02 4.208920001983642578e-01
1.486198964723113477e+03 1.374639282226562500e+02 4.201601445674896240e-01
1.486219797781292527e+03 1.373102874755859375e+02 4.201532900333404541e-01
1.486240630839179630e+03 1.384371643066406250e+02 4.224686026573181152e-01
1.486261463896776604e+03 1.382078552246093750e+02 4.207753241062164307e-01
1.486282296954140520e+03 1.379003601074218750e+02 4.207193255424499512e-01
1.486303130011271605e+03 1.381058807373046875e+02 4.207853972911834717e-01
1.486323963068111425e+03 1.374547576904296875e+02 4.201852679252624512e-01
1.486344796124660661e+03 1.384806060791015625e+02 4.210023283958435059e-01
1.486365629180976612e+03 1.380926666259765625e+02 4.207922816276550293e-01
1.486386462237001979e+03 1.383014831542968750e+02 4.209838807582855225e-01
1.486407295292793606e+03 1.381180419921875000e+02 4.209545552730560303e-01
1.486428128348294649e+03 1.391434478759765625e+02 4.218201041221618652e-01
1.486448961403505109e+03 1.395765991210937500e+02 4.234952032566070557e-01
1.486469794458483648e+03 1.386028594970703125e+02 4.211449623107910156e-01
1.486490627513169557e+03 1.379655456542968750e+02 4.206956923007965088e-01
1.486511460567623544e+03 1.386204833984375000e+02 4.211607873439788818e-01
1.486532293621785357e+03 1.391546478271484375e+02 4.219781756401062012e-01
1.486553126675657495e+03 1.395853881835937500e+02 4.220018088817596436e-01
1.486573959729237458e+03 1.383428192138671875e+02 4.210220277309417725e-01
1.486594792782585500e+03 1.396514434814453125e+02 4.221773445606231689e-01
1.486615625835641367e+03 1.389734344482421875e+02 4.216832220554351807e-01
1.486636458888407560e+03 1.398873138427734375e+02 4.226257205009460449e-01
1.486657291940881350e+03 1.389728240966796875e+02 4.214405119419097900e-01
1.486678124993123447e+03 1.391585540771484375e+02 4.221328496932983398e-01
1.486698958045073596e+03 1.395427246093750000e+02 4.219328761100769043e-01
1.486719791096733388e+03 1.402234039306640625e+02 4.226160645484924316e-01
1.486740624148101915e+03 1.396598205566406250e+02 4.225211441516876221e-01
1.486761457199237611e+03 1.401067657470703125e+02 4.238625168800354004e-01
1.486782290250025198e+03 1.402154998779296875e+02 4.227289855480194092e-01
1.486803123300579500e+03 1.397021026611328125e+02 4.220157563686370850e-01
1.486823956350840945e+03 1.403349761962890625e+02 4.228772521018981934e-01
1.486844789400753598e+03 1.403746337890625000e+02 4.227410256862640381e-01
1.486865622450434557e+03 1.388070983886718750e+02 4.213638305664062500e-01
1.486886455499823569e+03 1.402197723388671875e+02 4.226067662239074707e-01
1.486907288548921997e+03 1.403355102539062500e+02 4.230453372001647949e-01
1.486928121597729387e+03 1.395176849365234375e+02 4.221794903278350830e-01
1.486948954646245511e+03 1.403200683593750000e+02 4.227721989154815674e-01
1.486969787694471506e+03 1.397241973876953125e+02 4.224175214767456055e-01
1.486990620742405554e+03 1.404455108642578125e+02 4.228872060775756836e-01
1.487011453790048563e+03 1.406130218505859375e+02 4.228866398334503174e-01
1.487032286837400534e+03 1.407024230957031250e+02 4.231577813625335693e-01
1.487053119884461921e+03 1.396042633056640625e+02 4.220333993434906006e-01
1.487073952931173608e+03 1.405042572021484375e+02 4.231978058815002441e-01
1.487094785977653828e+03 1.407289581298828125e+02 4.234190583229064941e-01
1.487115619023784348e+03 1.404644165039062500e+02 4.232402443885803223e-01
1.487136452069681582e+03 1.402622070312500000e+02 4.226428568363189697e-01
1.487157285115228660e+03 1.406457366943359375e+02 4.234165549278259277e-01
1.487178118160427402e+03 1.412384643554687500e+02 4.235113263130187988e-01
1.487198951205393541e+03 1.412336273193359375e+02 4.236161708831787109e-01
1.487219784250009525e+03 1.405624084472656250e+02 4.230228364467620850e-01
1.487240617294334470e+03 1.410515899658203125e+02 4.238864183425903320e-01
1.487261450338367922e+03 1.420683593750000000e+02 4.242419004440307617e-01
1.487282283382053492e+03 1.408259277343750000e+02 4.234500527381896973e-01
1.487303116425447570e+03 1.412976531982421875e+02 4.238217771053314209e-01
1.487323949468550381e+03 1.418842315673828125e+02 4.241289198398590088e-01
1.487344782511303947e+03 1.405391845703125000e+02 4.229938387870788574e-01
1.487365615553766474e+03 1.419578094482421875e+02 4.241736233234405518e-01
1.487386448595938418e+03 1.419158935546875000e+02 4.242802560329437256e-01
1.487407281637760661e+03 1.415833892822265625e+02 4.238817989826202393e-01
1.487428114679235023e+03 1.416568298339843750e+02 4.240151941776275635e-01
1.487448947720417436e+03 1.414327087402343750e+02 4.238622784614562988e-01
1.487469780761308357e+03 1.421567840576171875e+02 4.247875511646270752e-01
1.487490613801850486e+03 1.417703399658203125e+02 4.240889847278594971e-01
1.487511446842043370e+03 1.414847869873046875e+02 4.240187108516693115e-01
1.487553112921497359e+03 1.416669921875000000e+02 4.249490499496459961e-01
1.487573945960700485e+03 1.420967864990234375e+02 4.244576096534729004e-01
1.487594778999612572e+03 1.413763885498046875e+02 4.240172505378723145e-01
1.487615612038175641e+03 1.424298095703125000e+02 4.247427284717559814e-01
1.487636445076389464e+03 1.415455474853515625e+02 4.239202737808227539e-01
1.487657278114252449e+03 1.423960723876953125e+02 4.245234131813049316e-01
1.487678111151825533e+03 1.414124755859375000e+02 4.239453673362731934e-01
1.487698944189049598e+03 1.419702911376953125e+02 4.242714941501617432e-01
1.487719777225923963e+03 1.423337402343750000e+02 4.250946342945098877e-01
1.487740610262450446e+03 1.422389831542968750e+02 4.247428774833679199e-01
1.487761443298627455e+03 1.428129882812500000e+02 4.253806173801422119e-01
1.487782276334454536e+03 1.422364654541015625e+02 4.252284467220306396e-01
1.487803109369932372e+03 1.429300384521484375e+02 4.261267781257629395e-01
1.487823942405060961e+03 1.420514373779296875e+02 4.248325228691101074e-01
1.487844775439840532e+03 1.425952453613281250e+02 4.251915514469146729e-01
1.487865608474270630e+03 1.421146392822265625e+02 4.252465963363647461e-01
1.487886441508351481e+03 1.423577117919921875e+02 4.249499142169952393e-01
1.487907274542024425e+03 1.428964691162109375e+02 4.254819452762603760e-01
1.487928107575406557e+03 1.432318725585937500e+02 4.258225858211517334e-01
1.487948940608381463e+03 1.426605682373046875e+02 4.253018498420715332e-01
1.487969773641007578e+03 1.434911193847656250e+02 4.259653687477111816e-01
1.487990606673283537e+03 1.433103637695312500e+02 4.258915483951568604e-01
1.488011439705152497e+03 1.435056152343750000e+02 4.259617328643798828e-01
1.488032272736672439e+03 1.440457916259765625e+02 4.263857901096343994e-01
1.488053105767784473e+03 1.429535064697265625e+02 4.257557094097137451e-01
1.488073938798547488e+03 1.441630401611328125e+02 4.264651238918304443e-01
1.488094771828961484e+03 1.431371002197265625e+02 4.265635609626770020e-01
1.488115604858967345e+03 1.437768707275390625e+02 4.260815083980560303e-01
1.488136437888566434e+03 1.438280487060546875e+02 4.260783493518829346e-01
1.488157270917816504e+03 1.435055236816406250e+02 4.258840680122375488e-01
1.488178103946658439e+03 1.435911407470703125e+02 4.258603751659393311e-01
1.488198936975093602e+03 1.445644378662109375e+02 4.268228709697723389e-01
1.488219770003178382e+03 1.437232666015625000e+02 4.261656999588012695e-01
1.488240603030856619e+03 1.439390563964843750e+02 4.275043010711669922e-01
1.488261436058127401e+03 1.443365478515625000e+02 4.273693859577178955e-01
1.488282269084990503e+03 1.442639312744140625e+02 4.271777272224426270e-01
1.488303102111445924e+03 1.448455200195312500e+02 4.270638823509216309e-01
1.488323935137494573e+03 1.440496978759765625e+02 4.265078902244567871e-01
1.488344768163134631e+03 1.446634826660156250e+02 4.268957078456878662e-01
1.488365601188368601e+03 1.440784149169921875e+02 4.265717267990112305e-01
1.488386434213195116e+03 1.447290802001953125e+02 4.268870651721954346e-01
1.488407267237613496e+03 1.450428009033203125e+02 4.271016418933868408e-01
1.488428100261566442e+03 1.454991912841796875e+02 4.277009963989257812e-01
1.488448933285111480e+03 1.447306976318359375e+02 4.271042644977569580e-01
1.488469766308249518e+03 1.446842193603515625e+02 4.268677830696105957e-01
1.488490599330979421e+03 1.444404907226562500e+02 4.267767369747161865e-01
1.488511432353243890e+03 1.452708129882812500e+02 4.273588359355926514e-01
1.488532265375042471e+03 1.442071228027343750e+02 4.264110028743743896e-01
1.488553098396433597e+03 1.445604553222656250e+02 4.266539514064788818e-01
1.488573931417359518e+03 1.445058593750000000e+02 4.268755018711090088e-01
1.488594764437878439e+03 1.450401916503906250e+02 4.270652830600738525e-01
1.488615597457931472e+03 1.451296234130859375e+02 4.271670579910278320e-01
1.488636430477518388e+03 1.453477783203125000e+02 4.277070164680480957e-01
1.488657263496639644e+03 1.452091827392578125e+02 4.275579154491424561e-01
1.488678096515295465e+03 1.451748046875000000e+02 4.272756874561309814e-01
1.488698929533485625e+03 1.460726318359375000e+02 4.280678033828735352e-01
1.488719762551210806e+03 1.447696990966796875e+02 4.268895089626312256e-01
1.488740595568470553e+03 1.460824127197265625e+02 4.279972314834594727e-01
1.488761428585263502e+03 1.461635284423828125e+02 4.281004965305328369e-01
1.488782261601561913e+03 1.461746063232421875e+02 4.280698299407958984e-01
1.488803094617365559e+03 1.462871093750000000e+02 4.281494319438934326e-01
1.488823927632674440e+03 1.463719635009765625e+02 4.283679723739624023e-01
1.488844760647517433e+03 1.461121673583984375e+02 4.281082749366760254e-01
1.488865593661837465e+03 1.465464172363281250e+02 4.283027052879333496e-01
1.488886426675661369e+03 1.461827392578125000e+02 4.279776513576507568e-01
1.488907259688962540e+03 1.460570068359375000e+02 4.278785884380340576e-01
1.488928092701767582e+03 1.471130828857421875e+02 4.289228916168212891e-01
1.488948925714048983e+03 1.459306488037109375e+02 4.277689456939697266e-01
1.488969758725807424e+03 1.462436828613281250e+02 4.283412694931030273e-01
1.488990591737041541e+03 1.475625000000000000e+02 4.290730953216552734e-01
1.489011424747752471e+03 1.471694335937500000e+02 4.287104606628417969e-01
1.489032257757909520e+03 1.474066314697265625e+02 4.288195371627807617e-01
1.489053090767515187e+03 1.480805358886718750e+02 4.295179545879364014e-01
1.489073923776596530e+03 1.469619140625000000e+02 4.285614490509033203e-01
1.489094756785094432e+03 1.476270446777343750e+02 4.290950298309326172e-01
1.489115589793069375e+03 1.471040802001953125e+02 4.287994503974914551e-01
1.489136422800462469e+03 1.480721588134765625e+02 4.295299351215362549e-01
1.489157255807272577e+03 1.484551849365234375e+02 4.298258423805236816e-01
1.489178088813530394e+03 1.477496795654296875e+02 4.293315112590789795e-01
1.489198921819176576e+03 1.478963775634765625e+02 4.295812845230102539e-01
1.489219754824270467e+03 1.481791534423828125e+02 4.296522736549377441e-01
1.489240587828723619e+03 1.487909851074218750e+02 4.304439425468444824e-01
1.489261420832623571e+03 1.484975280761718750e+02 4.298399984836578369e-01
1.489282253835883466e+03 1.483044586181640625e+02 4.297561347484588623e-01
1.489303086838531954e+03 1.482805175781250000e+02 4.297195672988891602e-01
1.489323919840569488e+03 1.487090454101562500e+02 4.305092990398406982e-01
1.489344752841966056e+03 1.486433563232421875e+02 4.301377236843109131e-01
1.489365585842751443e+03 1.483840484619140625e+02 4.298694133758544922e-01
1.489386418842897911e+03 1.485836029052734375e+02 4.307816326618194580e-01
1.489407251842374990e+03 1.484941711425781250e+02 4.301143884658813477e-01
1.489428084841211557e+03 1.484158325195312500e+02 4.299211800098419189e-01
1.489448917839377373e+03 1.484253997802734375e+02 4.300607442855834961e-01
1.489469750836875392e+03 1.490666809082031250e+02 4.306144118309020996e-01
1.489490583833674464e+03 1.491802215576171875e+02 4.306353926658630371e-01
1.489511416829803466e+03 1.493175354003906250e+02 4.308199286460876465e-01
1.489532249825263534e+03 1.489638824462890625e+02 4.305020868778228760e-01
1.489553082819996462e+03 1.491435852050781250e+02 4.307683706283569336e-01
1.489573915814029988e+03 1.494145965576171875e+02 4.312780797481536865e-01
1.489594748807336600e+03 1.492852478027343750e+02 4.308603703975677490e-01
1.489615581799944493e+03 1.496402587890625000e+02 4.310958981513977051e-01
1.489636414791795460e+03 1.495149230957031250e+02 4.311091601848602295e-01
1.489657247782919512e+03 1.500744476318359375e+02 4.314109683036804199e-01
1.489678080773285956e+03 1.483749847412109375e+02 4.301480948925018311e-01
1.489698913762925486e+03 1.495798492431640625e+02 4.311344325542449951e-01
1.489719746751779439e+03 1.495849304199218750e+02 4.311886429786682129e-01
1.489740579739847362e+03 1.495399169921875000e+02 4.311186373233795166e-01
1.489761412727157904e+03 1.495833282470703125e+02 4.311436712741851807e-01
1.489782245713682642e+03 1.505810394287109375e+02 4.320060014724731445e-01
1.489803078699392927e+03 1.502686767578125000e+02 4.317373633384704590e-01
1.489823911684317409e+03 1.501498870849609375e+02 4.317605495452880859e-01
1.489844744668426983e+03 1.502054138183593750e+02 4.315191507339477539e-01
1.489865577651721651e+03 1.500228424072265625e+02 4.331339895725250244e-01
1.489886410634201638e+03 1.501089324951171875e+02 4.314715862274169922e-01
1.489907243615837615e+03 1.507147369384765625e+02 4.321776628494262695e-01
1.489928076596658457e+03 1.506077117919921875e+02 4.321299195289611816e-01
1.489948909576634378e+03 1.503056030273437500e+02 4.316151440143585205e-01
1.489969742555738549e+03 1.498462982177734375e+02 4.319749176502227783e-01
1.489990575534027357e+03 1.508220825195312500e+02 4.330127537250518799e-01
1.490011408511472382e+03 1.511657257080078125e+02 4.341327250003814697e-01
1.490032241488072941e+03 1.512429504394531250e+02 4.323171675205230713e-01
