1.545572917289529869e+03 3.255301637972927864e+01 3.200535425267220235e-01
1.545593750380774964e+03 3.204328997080975228e+01 3.193782813319821501e-01
1.545614583471961396e+03 3.263772614046350640e+01 3.196170631030438858e-01
1.545635416563090530e+03 3.279374754044055607e+01 3.200722351537897969e-01
1.545656249654045041e+03 3.209596370269273535e+01 3.191667160892365240e-01
1.545677082744940435e+03 3.315021388602071539e+01 3.204194913676792766e-01
1.545697915835778531e+03 3.202385242047970593e+01 3.191957428493241711e-01
1.545718748926442458e+03 3.271284021151728183e+01 3.198426335981048863e-01
1.545739582017047496e+03 3.267742762185591232e+01 3.206036105466658070e-01
1.545760415107595009e+03 3.275306265243061432e+01 3.200541710636755632e-01
1.545781248197966988e+03 3.238979711826079466e+01 3.195477754194934739e-01
1.545802081288338513e+03 3.252706027033298852e+01 3.199011673705673409e-01
1.545822914378536098e+03 3.271915319865069449e+01 3.200761341631751522e-01
1.545843747468675701e+03 3.238651772253299299e+01 3.195461083201009411e-01
1.545864580558698435e+03 3.163142221331632697e+01 3.189730667774424155e-01
1.545885413648662961e+03 3.273311334904850156e+01 3.199323747935670648e-01
1.545906246738511527e+03 3.282748202580440733e+01 3.201777942533454713e-01
1.545927079828244587e+03 3.215144291044774150e+01 3.204780825181821613e-01
1.545947912917918075e+03 3.285083934828902130e+01 3.199664316601000813e-01
1.545968746007475147e+03 3.198546289325939540e+01 3.192386654034365945e-01
1.545989579096916486e+03 3.276106151722935067e+01 3.212729105034493604e-01
1.546010412186298481e+03 3.256296626389716664e+01 3.197234249718391430e-01
1.546031245275564515e+03 3.267481844993238838e+01 3.201654608440843153e-01
1.546052078364772115e+03 3.293130630161291350e+01 3.204816278690759135e-01
1.546072911453863526e+03 3.281561747537199381e+01 3.202573333313052939e-01
1.546093744542839886e+03 3.291490873763273584e+01 3.203201874531553250e-01
1.546114577631757129e+03 3.307260161094973228e+01 3.203272234626425297e-01
1.546135410720557502e+03 3.272883812878157528e+01 3.203517843207782101e-01
1.546156243809299440e+03 3.286392426788859211e+01 3.200607939058080498e-01
1.546177076897925417e+03 3.238632848082720272e+01 3.196903793190379872e-01
1.546197909986435661e+03 3.257500927288494097e+01 3.197925115112344452e-01
1.546218743074885879e+03 3.257747871429257458e+01 3.200704427574201927e-01
1.546239576163221045e+03 3.297639886242018292e+01 3.204779314039939431e-01
1.546260409251497094e+03 3.258724004608189517e+01 3.200998879972331568e-01
1.546281242339657638e+03 3.240389014521671385e+01 3.198161699286878878e-01
1.546302075427701993e+03 3.151938111813711885e+01 3.192867042782785436e-01
1.546322908515688141e+03 3.340337167276390318e+01 3.207806097508287824e-01
1.546343741603615399e+03 3.282364236756521336e+01 3.207361048701347639e-01
1.546364574691426014e+03 3.254033060743420691e+01 3.197761441273009320e-01
1.546406240866757344e+03 3.247686840798719032e+01 3.198973593907841750e-01
1.546427073954277148e+03 3.260672625341804576e+01 3.198996535002407993e-01
1.546447907041680537e+03 3.246935832788331311e+01 3.199386857754701330e-01
1.546468740129083471e+03 3.259100000548313147e+01 3.201138066223247480e-01
1.546489573216313147e+03 3.265278773252339306e+01 3.203003462369752308e-01
1.546510406303484615e+03 3.244356663624257209e+01 3.210352326878257445e-01
1.546531239390596966e+03 3.245019678976889566e+01 3.203459117490107255e-01
1.546552072477592446e+03 3.263076781911273372e+01 3.207969955615790347e-01
1.546572905564471966e+03 3.266130106142998102e+01 3.200714320683458736e-01
1.546593738651293506e+03 3.332748830114549321e+01 3.209508025431371259e-01
1.546614571737999086e+03 3.269831354841329585e+01 3.216907923159189053e-01
1.546635404824646002e+03 3.285424649394346375e+01 3.215645881229143854e-01
1.546656237911233347e+03 3.300152143465165011e+01 3.204037489827390450e-01
1.546677070997648570e+03 3.260877714858094123e+01 3.213038455611603728e-01
1.546697904084062884e+03 3.289738921893273726e+01 3.204795471596993961e-01
1.546718737170359873e+03 3.268514312378374598e+01 3.197901234397970693e-01
1.546739570256541356e+03 3.293118803256181337e+01 3.207480330626192866e-01
1.546760403342664631e+03 3.261862970019318198e+01 3.202829928879702415e-01
1.546781236428671036e+03 3.237729200933294038e+01 3.198333622448046309e-01
1.546802069514618324e+03 3.282514382072662329e+01 3.204060510932217887e-01
1.546822902600451016e+03 3.291775150617731782e+01 3.202527502203901255e-01
1.546843735686224591e+03 3.297569922061162373e+01 3.204039931467562163e-01
1.546864568771940412e+03 3.245635385415576479e+01 3.215807949752513828e-01
1.546885401857481611e+03 3.277039767441404905e+01 3.203751107408062127e-01
1.546906234943021900e+03 3.251043126498503710e+01 3.205420322968191571e-01
1.546927068028446683e+03 3.330773550537302441e+01 3.220868395005467844e-01
1.546947901113755051e+03 3.273304116327587110e+01 3.232295561105928972e-01
1.546968734199004530e+03 3.225173440858251439e+01 3.199724276219826358e-01
1.546989567284195346e+03 3.305807491474436688e+01 3.212747889539639967e-01
1.547010400369270883e+03 3.283395652335816095e+01 3.203019163662727542e-01
1.547031233454287303e+03 3.277873624853599921e+01 3.207520283852690612e-01
1.547052066539187990e+03 3.315830772260012083e+01 3.210271562077435248e-01
1.547072899624030470e+03 3.286569162496426344e+01 3.225501220773262512e-01
1.547093732708756988e+03 3.283655832029680255e+01 3.207897840499056019e-01
1.547114565793424390e+03 3.280874980669903351e+01 3.201673574275525347e-01
1.547135398877976058e+03 3.309208588130218942e+01 3.210237677389271571e-01
1.547156231962468610e+03 3.309604534989899349e+01 3.208425369841674812e-01
1.547177065046846110e+03 3.281167327816513080e+01 3.205085363850622149e-01
1.547197898131164038e+03 3.292567424875778670e+01 3.210826198941391652e-01
1.547218731215424668e+03 3.274242051613150295e+01 3.204675857247527571e-01
1.547239564299567974e+03 3.268214607321706211e+01 3.201728725818993038e-01
1.547260397383653981e+03 3.337705993223864454e+01 3.212898045679120629e-01
1.547281230467624027e+03 3.293738839673289220e+01 3.205787552281987307e-01
1.547302063551534502e+03 3.294003505014418920e+01 3.204630288701924012e-01
1.547322896635387451e+03 3.282131614715963508e+01 3.206670589820506678e-01
1.547343729719123530e+03 3.266259165558334843e+01 3.205569427790964654e-01
1.547364562802743421e+03 3.333953828953675469e+01 3.213521785252101970e-01
1.547385395886305105e+03 3.259169349390431591e+01 3.203569707005805567e-01
1.547406228969808126e+03 3.284944795700485543e+01 3.203857500942106640e-01
1.547427062053253394e+03 3.240097180922217035e+01 3.201751065414357722e-01
1.547447895136524494e+03 3.280578626290110122e+01 3.215556097080207176e-01
1.547468728219796049e+03 3.244810793322363196e+01 3.200458021093345318e-01
1.547489561302950051e+03 3.275726589131854638e+01 3.207486253955729172e-01
1.547510394386045846e+03 3.320623452904295902e+01 3.210749042855690072e-01
1.547531227469025453e+03 3.211403859125484672e+01 3.196258279038539096e-01
1.547552060551946852e+03 3.268902692209064753e+01 3.203524704161989645e-01
1.547572893634752063e+03 3.311275990085580645e+01 3.205406609159976994e-01
1.547593726717556365e+03 3.262190660743637238e+01 3.205968478598171800e-01
1.547614559800186953e+03 3.372593947753045995e+01 3.217135121501346062e-01
1.547635392882817541e+03 3.303924616062207775e+01 3.203332475595296325e-01
1.547656225965273961e+03 3.320841377426036445e+01 3.208993327801057394e-01
1.547677059047729472e+03 3.318235210528393964e+01 3.230720141222593877e-01
1.547697892130069022e+03 3.303928637991990058e+01 3.211661918395279924e-01
1.547718725212350364e+03 3.369859369475077671e+01 3.218261612255642889e-01
1.547739558294515064e+03 3.300927928870438421e+01 3.213308475303923162e-01
1.547760391376621556e+03 3.299943820997079058e+01 3.210202747935665402e-01
1.547781224458668930e+03 3.344080034546643532e+01 3.224179688076787009e-01
1.547802057540600799e+03 3.255984602955845730e+01 3.201802725131652760e-01
1.547822890622474461e+03 3.309089902983610187e+01 3.214909461312799310e-01
1.547843723704232616e+03 3.332922258789849224e+01 3.213103151104288457e-01
1.547864556785932109e+03 3.352103570415660272e+01 3.213249696650379850e-01
1.547885389867572485e+03 3.308375475398199939e+01 3.240224749715809871e-01
1.547906222949096900e+03 3.303319730476709282e+01 3.205608707564331916e-01
1.547927056030563563e+03 3.321527539024076248e+01 3.214355065433964209e-01
1.547947889111912900e+03 3.349450547379176868e+01 3.212044555203021345e-01
1.547968722193204485e+03 3.345592655061451381e+01 3.213805558278220453e-01
1.547989555274437862e+03 3.370148971008488559e+01 3.218891024972249104e-01
1.548010388355554369e+03 3.336291939282214258e+01 3.214181681209649089e-01
1.548031221436613578e+03 3.312127540709323625e+01 3.219662055635439946e-01
1.548052054517615034e+03 3.359636311707750167e+01 3.220165330391948633e-01
1.548072887598498937e+03 3.340802372288322886e+01 3.214374188121357223e-01
1.548093720679325088e+03 3.329522859754744957e+01 3.214713278216813630e-01
1.548114553760092576e+03 3.324126258988817995e+01 3.216321788510015378e-01
1.548135386840742967e+03 3.350095981057710759e+01 3.214105648813760929e-01
1.548156219921335833e+03 3.340764497151540979e+01 3.217509118484404573e-01
1.548177053001812965e+03 3.230077849610285767e+01 3.200774493407030907e-01
1.548197886082230980e+03 3.269931116193394871e+01 3.207409365964912218e-01
1.548218719162591697e+03 3.291865220853964757e+01 3.221158691166103871e-01
1.548239552242836453e+03 3.347098944454490521e+01 3.215972442689182809e-01
1.548260385323022092e+03 3.282080847573922000e+01 3.208260257722681530e-01
1.548281218403090861e+03 3.343790391511885929e+01 3.215370728325769312e-01
1.548302051483160085e+03 3.377163318403113124e+01 3.219971665693094898e-01
1.548322884563054686e+03 3.328352655288133377e+01 3.213149063244334358e-01
1.548343717642949059e+03 3.355964322898925190e+01 3.222624691895376037e-01
1.548364550722726563e+03 3.338935212743141534e+01 3.211975431102454537e-01
1.548385383802446540e+03 3.331809614283056931e+01 3.216523548551175615e-01
1.548406216882050103e+03 3.322826094875697578e+01 3.211832654970416812e-01
1.548427049961595458e+03 3.351156890840967151e+01 3.218727375617650988e-01
1.548447883041024852e+03 3.301236012307533940e+01 3.217985062304311583e-01
1.548468716120454701e+03 3.289937669395551012e+01 3.210435758497210967e-01
1.548489549199766998e+03 3.317090986417504439e+01 3.220059244302432289e-01
1.548510382278962425e+03 3.326252795654269079e+01 3.212834041758111381e-01
1.548531215358099871e+03 3.307904584584818508e+01 3.217058232523285488e-01
1.548552048437179110e+03 3.310577529739769886e+01 3.211916976004161040e-01
1.548572881516142388e+03 3.359847834087442209e+01 3.218144813605512411e-01
1.548593714595047459e+03 3.291556382708461115e+01 3.211434796845418216e-01
1.548614547673895004e+03 3.369491208668711124e+01 3.217355356566479196e-01
1.548635380752626133e+03 3.271881402778462444e+01 3.212520496881903775e-01
1.548656213831298373e+03 3.341922722177555727e+01 3.219622021668067102e-01
1.548677046909911951e+03 3.360701240189610672e+01 3.216870171013574975e-01
1.548697879988409113e+03 3.388742725854611848e+01 3.223657048043873097e-01
1.548718713066848068e+03 3.363856107773778348e+01 3.223198353803876648e-01
1.548739546145171062e+03 3.294012630922276941e+01 3.213844041906172011e-01
1.548760379223435393e+03 3.319595664463086138e+01 3.214667388417012384e-01
1.548781212301641972e+03 3.325302122008653782e+01 3.230263026558783945e-01
1.548802045379732590e+03 3.336309917935762570e+01 3.216406455143052678e-01
1.548822878457764546e+03 3.352928371371517358e+01 3.215809455711927667e-01
1.548843711535680086e+03 3.351690530127036283e+01 3.220426423798409821e-01
1.548864544613595626e+03 3.295808890103476330e+01 3.210202747935665402e-01
1.548885377691336998e+03 3.373211203709902151e+01 3.222404701356763601e-01
1.548906210769077006e+03 3.374842646726902018e+01 3.234873760854192759e-01
1.548927043846701054e+03 3.421554448384150504e+01 3.221583679193246730e-01
1.548947876924209140e+03 3.382617635575687132e+01 3.222949852718108854e-01
1.548968710001717000e+03 3.371886552134565562e+01 3.217095750868659843e-01
1.548989543079109353e+03 3.375771784180184198e+01 3.215383241053021979e-01
1.549010376156384609e+03 3.356456690794114905e+01 3.214658465324311543e-01
1.549031209233601658e+03 3.313271151042757623e+01 3.209577202672020957e-01
1.549052042310760044e+03 3.299402953804038674e+01 3.211583158451282727e-01
1.549072875387802469e+03 3.373217837099370087e+01 3.220077407599531982e-01
1.549093708464786459e+03 3.338023616259584259e+01 3.211455328922720454e-01
1.549114541541654035e+03 3.348223519806202120e+01 3.215749216785289688e-01
1.549135374618521382e+03 3.337395942057430887e+01 3.219077579717382620e-01
1.549156207695214562e+03 3.363433683713063260e+01 3.218772744589137869e-01
1.549177040771907514e+03 3.372808453705022913e+01 3.218790336467251545e-01
1.549197873848484505e+03 3.339381192040067958e+01 3.213556099008623712e-01
1.549218706924944854e+03 3.265643192553417151e+01 3.207499029727292617e-01
1.549239540001347450e+03 3.342035643844914716e+01 3.214870642807973744e-01
1.549260373077690929e+03 3.314426949128523603e+01 3.216949148922564894e-01
1.549281206153917992e+03 3.350894959948394813e+01 3.218494618108355687e-01
1.549302039230086848e+03 3.365044281535550397e+01 3.217291557107643807e-01
1.549322872306197951e+03 3.266865834067131402e+01 3.207426323293515180e-01
1.549343705382192638e+03 3.343705469101519157e+01 3.216824543595964703e-01
1.549364538458070911e+03 3.361867376681932740e+01 3.220696171093171967e-01
1.549385371533890520e+03 3.364942127523134729e+01 3.222014623404551026e-01
1.549406204609653514e+03 3.279481522960978168e+01 3.211595453945320089e-01
1.549427037685356936e+03 3.377457856298092764e+01 3.220197838079682517e-01
1.549447870760885053e+03 3.381824969782239521e+01 3.225290204638142644e-01
1.549468703836414079e+03 3.307706442028599270e+01 3.215485194793651358e-01
1.549489536911826463e+03 3.379868892552863002e+01 3.224011685243732828e-01
1.549531203062418172e+03 3.401051324535601594e+01 3.219486180161035271e-01
1.549552036168214954e+03 3.345388868652248249e+01 3.219449268233132710e-01
1.549572869243279001e+03 3.363930621136743326e+01 3.215760337902831556e-01
1.549593702318284613e+03 3.328272980755847499e+01 3.212731192207156083e-01
1.549614535393231108e+03 3.423759515535764564e+01 3.225322314168824755e-01
1.549635368468002525e+03 3.403771821191624269e+01 3.240514346507857857e-01
1.549656201542774852e+03 3.296136010497499313e+01 3.208855991500255689e-01
1.549677034617429854e+03 3.397805394927840439e+01 3.223640869463374470e-01
1.549697867692027557e+03 3.383192134670036211e+01 3.217899742599774071e-01
1.549718700766508846e+03 3.392484860152199388e+01 3.220436603351829463e-01
1.549739533840873037e+03 3.381999634453977421e+01 3.216232602368538362e-01
1.549760366915238137e+03 3.361275101031047541e+01 3.243191575068910537e-01
1.549781199989428387e+03 3.419734367858902147e+01 3.223420139290031905e-01
1.549802033063619092e+03 3.367440773835824785e+01 3.216567327187604408e-01
1.549822866137634492e+03 3.313274653496681310e+01 3.213584384397287219e-01
1.549843699211649891e+03 3.435450809666407679e+01 3.224621375908981458e-01
1.549864532285489986e+03 3.383714768119527605e+01 3.216350049576511272e-01
1.549885365359331445e+03 3.338082455314400221e+01 3.223936231328894397e-01
1.549906198432996916e+03 3.426726424566797391e+01 3.236232942644521327e-01
1.549927031506662843e+03 3.345753303504563547e+01 3.218387319446047723e-01
1.549947864580154601e+03 3.365625319080377409e+01 3.215828569750895927e-01
1.549968697653646814e+03 3.371317130481773461e+01 3.219262619308429496e-01
1.549989530727022156e+03 3.443005484329608379e+01 3.229894658546940689e-01
1.550010363800281084e+03 3.339411941675624007e+01 3.217211082301663638e-01
1.550031196873423596e+03 3.381638579090032692e+01 3.219960674814320023e-01
1.550052029946564971e+03 3.379495429388203576e+01 3.219330314062458509e-01
1.550072863019531951e+03 3.376559991558023199e+01 3.218192505935071335e-01
1.550093696092500068e+03 3.389258699921503393e+01 3.223497223219896624e-01
1.550114529165292879e+03 3.466053092659573309e+01 3.236755738816993189e-01
1.550135362238086145e+03 3.382120450026498304e+01 3.222280191385579196e-01
1.550156195310705016e+03 3.426506484513867434e+01 3.221198937333690782e-01
1.550177028383266133e+03 3.421675382404770005e+01 3.226690252883047116e-01
1.550197861455767452e+03 3.376939211095965021e+01 3.220274999141979899e-01
1.550218694528153492e+03 3.374569451661737673e+01 3.224466797826465725e-01
1.550239527600422434e+03 3.365067846222425629e+01 3.217312399175260573e-01
1.550260360672632942e+03 3.390685065102091045e+01 3.219946907239557010e-01
1.550281193744727489e+03 3.357207162880381901e+01 3.242078112859624328e-01
1.550302026816706075e+03 3.389122440859601681e+01 3.225578370462215960e-01
1.550322859888624862e+03 3.320364145123866706e+01 3.215224395317501926e-01
1.550343692960486806e+03 3.426328448073559230e+01 3.223256142008243397e-01
1.550364526032174581e+03 3.425001752390562615e+01 3.223822989367849390e-01
1.550385359103861902e+03 3.395502918847424922e+01 3.225646625609656093e-01
1.550406192175374144e+03 3.377384993164386628e+01 3.223457005747340509e-01
1.550427025246828634e+03 3.408948369144846424e+01 3.226577684860890138e-01
1.550447858318224917e+03 3.402282313151487614e+01 3.227539639609973698e-01
1.550468691389445439e+03 3.369782631367582582e+01 3.217187228950833533e-01
1.550489524460666416e+03 3.423210516443626261e+01 3.227947399723014588e-01
1.550510357531713453e+03 3.388040748578886507e+01 3.220075672257101673e-01
1.550531190602702054e+03 3.391636440635805627e+01 3.220843065135279848e-01
1.550552023673574695e+03 3.389390173105589099e+01 3.221195583505597759e-01
1.550572856744388446e+03 3.396562418987336684e+01 3.227330488197562297e-01
1.550593689815086691e+03 3.400744897431248859e+01 3.221519269646705985e-01
1.550614522885667611e+03 3.419695108248078697e+01 3.228053803595845594e-01
1.550635355956132116e+03 3.424332439119691429e+01 3.228010180740302770e-01
1.550656189026538414e+03 3.446698350312540526e+01 3.226787462312434851e-01
1.550677022096828978e+03 3.455267801523178406e+01 3.226610474310652177e-01
1.550697855167059970e+03 3.477040624534214430e+01 3.253259024300690361e-01
1.550718688237175002e+03 3.432980495188051151e+01 3.225092920361953830e-01
1.550739521307174527e+03 3.436632782000754815e+01 3.227805791732106244e-01
1.550760354377057865e+03 3.466290752639161354e+01 3.244131838093615716e-01
1.550781187446882086e+03 3.396785774868451568e+01 3.231483738227794444e-01
1.550802020516589437e+03 3.411643661393095783e+01 3.223801842724166589e-01
1.550822853586181509e+03 3.415761923996070237e+01 3.225123299230355789e-01
1.550843686655714919e+03 3.447815219102354689e+01 3.247790608071224883e-01
1.550864519725073023e+03 3.444676514791232336e+01 3.243373286325271776e-01
1.550885352794372920e+03 3.408341010583178132e+01 3.225110477765664174e-01
1.550906185863615519e+03 3.420712414615046981e+01 3.224578168730726779e-01
1.550927018932684405e+03 3.375835388582035534e+01 3.218727144141667051e-01
1.550947852001693946e+03 3.461773112050457968e+01 3.236229143948500808e-01
1.550968685070585934e+03 3.439262599417809696e+01 3.226903370915939484e-01
1.550989518139363554e+03 3.420822848305430597e+01 3.250594442363647363e-01
1.551010351208024076e+03 3.411470500310785070e+01 3.223178936734663047e-01
1.551031184276625027e+03 3.471520522632322070e+01 3.237843188208600065e-01
1.551052017345110471e+03 3.472329242743850131e+01 3.229224130160225914e-01
1.551072850413421520e+03 3.392254231725975444e+01 3.223234991645651526e-01
1.551093683481674589e+03 3.435437174218902356e+01 3.222904542547960771e-01
1.551114516549869677e+03 3.433587658709639356e+01 3.235927190906969786e-01
1.551135349617889460e+03 3.429788815551842873e+01 3.226157396207596784e-01
1.551156182685851036e+03 3.414775643107669367e+01 3.233386584380881223e-01
1.551177015753637988e+03 3.433717015864434785e+01 3.224364203797123185e-01
1.551197848821366961e+03 3.462141634597686846e+01 3.234362639067244749e-01
1.551218681888979063e+03 3.369628990756820741e+01 3.224023586695402011e-01
1.551239514956474977e+03 3.454095145432931702e+01 3.226557364471264733e-01
1.551260348023854476e+03 3.407119496057659092e+01 3.232728880164486562e-01
1.551281181091118015e+03 3.464284307435591614e+01 3.228621770148899506e-01
1.551302014158264001e+03 3.447676113585613678e+01 3.227480312164738296e-01
1.551322847225353598e+03 3.457337340219334010e+01 3.230062470725126866e-01
1.551343680292266981e+03 3.465036745248392691e+01 3.234245154865837968e-01
1.551364513359123521e+03 3.499165199889021949e+01 3.235377317649053563e-01
1.551385346425804983e+03 3.505942637576576004e+01 3.238591877542045250e-01
1.551406179492426872e+03 3.447024463560298102e+01 3.229965244525487278e-01
1.551427012558875049e+03 3.438859113251025690e+01 3.228138970329136881e-01
1.551447845625265472e+03 3.472295620522917403e+01 3.229127801640749862e-01
1.551468678691481045e+03 3.481522021212365559e+01 3.234894835120281087e-01
1.551489511757637956e+03 3.459239789423082811e+01 3.228454575420090511e-01
1.551510344823620471e+03 3.422020290296696743e+01 3.228532346854086077e-01
1.551531177889545461e+03 3.453900199850095021e+01 3.231964424702041261e-01
1.551552010955295373e+03 3.482088122402884522e+01 3.237714784633479170e-01
1.551572844020986850e+03 3.422870702086794381e+01 3.227085422140044124e-01
1.551593677086503931e+03 3.485153525987995948e+01 3.239012047889505141e-01
1.551614510151904142e+03 3.472924877607947991e+01 3.234611760563723126e-01
1.551635343217245918e+03 3.433618643103942958e+01 3.229201403810438853e-01
1.551656176282413071e+03 3.451917716936782909e+01 3.227739313466461701e-01
1.551677009347464491e+03 3.437665674489200285e+01 3.225501451763109761e-01
1.551697842412342652e+03 3.468046577261983288e+01 3.255243326634828516e-01
1.551718675477161014e+03 3.445362906056892172e+01 3.228000948314338481e-01
1.551739508541862961e+03 3.478313587137668605e+01 3.232687740398417220e-01
1.551760341606389602e+03 3.452161259635603585e+01 3.235262058078175462e-01
1.551781174670800510e+03 3.427946991527581133e+01 3.255351241471629020e-01
1.551802007735095458e+03 3.442387169126111246e+01 3.229531900711359316e-01
1.551822840799272853e+03 3.450361273905967607e+01 3.229568928100078340e-01
1.551843673863334971e+03 3.450023774172161950e+01 3.239306813221056736e-01
1.551864506927221555e+03 3.439525387890883934e+01 3.228394687831390164e-01
1.551885339990991952e+03 3.419288329192196585e+01 3.228008795878091752e-01
1.551906173054646843e+03 3.394084800874492203e+01 3.222016357702683353e-01
1.551927006118186000e+03 3.478671545961411482e+01 3.237781863480462818e-01
1.551947839181548488e+03 3.476889212827548192e+01 3.234694336132232784e-01
1.551968672244852996e+03 3.441674502147522219e+01 3.230170650174213898e-01
1.551989505307924901e+03 3.434777338975631267e+01 3.229966743884117308e-01
1.552010338370939053e+03 3.465709046630858126e+01 3.232615830978524674e-01
1.552031171433778582e+03 3.406713739048619516e+01 3.224256638308229395e-01
1.552052004496501468e+03 3.473757215697607137e+01 3.256504207799891248e-01
1.552072837559049958e+03 3.442525852406965470e+01 3.233977804811993817e-01
1.552093670621481579e+03 3.453962331230252403e+01 3.246261151676170242e-01
1.552114503683797466e+03 3.435530646594308024e+01 3.227937820894264953e-01
1.552135336745938048e+03 3.541928032952055361e+01 3.239967781307010464e-01
1.552156169807962669e+03 3.503534729498850453e+01 3.237323444478972800e-01
1.552177002869812895e+03 3.454520355461951908e+01 3.231890770190021800e-01
1.552197835931546024e+03 3.451919636913850553e+01 3.230728212797466803e-01
1.552218668993162964e+03 3.446291634800972759e+01 3.228881026011881650e-01
1.552239502054545937e+03 3.522290741088909982e+01 3.240425596291506283e-01
1.552260335115872067e+03 3.506939672853722811e+01 3.235368681959369108e-01
1.552281168177023574e+03 3.506135122628472800e+01 3.241434354515455030e-01
1.552302001238001594e+03 3.510860507213850923e+01 3.239762766837571695e-01
1.552322834298862062e+03 3.513861608602245923e+01 3.239927538323438827e-01
1.552343667359546998e+03 3.479808744792271824e+01 3.230624779804360247e-01
1.552364500420115974e+03 3.466055174992973775e+01 3.232805165964235949e-01
1.552385333480509871e+03 3.496842867165522506e+01 3.240459280273809695e-01
1.552406166540730055e+03 3.499380213023256658e+01 3.239649503140462072e-01
1.552426999600832914e+03 3.476008823932004077e+01 3.235509958946618525e-01
1.552447832660762060e+03 3.503886060042717787e+01 3.237599378150475271e-01
1.552468665720575018e+03 3.498571933398202560e+01 3.244522242231607234e-01
1.552489498780156055e+03 3.514160804702207486e+01 3.239537500423185779e-01
1.552510331839619084e+03 3.513097725617670619e+01 3.237528498351107120e-01
1.552531164898965017e+03 3.485916368398039822e+01 3.238815944505274436e-01
1.552551997958079028e+03 3.463565631122316546e+01 3.233453983439253943e-01
1.552572831017075941e+03 3.417685890025030204e+01 3.224389852610491380e-01
1.552593664075899142e+03 3.480017046426888072e+01 3.233283466863187683e-01
1.552614497134547037e+03 3.509305216907924319e+01 3.238460972932880599e-01
1.552656163251319413e+03 3.471309418909662270e+01 3.235951366606675261e-01
1.552676996309503465e+03 3.506589431600977491e+01 3.238487890481505094e-01
1.552697829367511986e+03 3.499071495875850246e+01 3.241000820060350729e-01
1.552718662425286993e+03 3.526952071157704438e+01 3.242970107888580866e-01
1.552739495482945131e+03 3.516556238088801223e+01 3.237351522207584931e-01
1.552760328540428873e+03 3.462152985958442031e+01 3.238372166442161637e-01
1.552781161597680011e+03 3.495332399683668712e+01 3.245268816738883788e-01
1.552801994654814962e+03 3.516087230132649211e+01 3.238568871842835151e-01
1.552822827711775062e+03 3.467746453242968130e+01 3.237627798673141100e-01
1.552843660768502559e+03 3.518106480108767897e+01 3.240653904755599335e-01
1.552864493825114550e+03 3.511399674001071247e+01 3.239805426553759027e-01
1.552885326881493484e+03 3.479116010848595408e+01 3.234838867095370940e-01
1.552906159937755092e+03 3.553743277735971162e+01 3.239725855956006595e-01
1.552926992993784097e+03 3.504428585354632730e+01 3.236539356104374265e-01
1.552947826049638024e+03 3.499000808494090364e+01 3.235546917922828003e-01
1.552968659105259121e+03 3.585452049708622013e+01 3.247642179912438309e-01
1.552989492160764030e+03 3.529686718113543975e+01 3.239870622393281607e-01
1.553010325216036108e+03 3.515162797033073616e+01 3.240452382558502431e-01
1.553031158271132881e+03 3.483044067671890076e+01 3.235208053929489735e-01
1.553051991325998642e+03 3.544662971824316600e+01 3.249213751724628896e-01
1.553072824380747079e+03 3.546126535903845678e+01 3.244010458762975335e-01
1.553093657435263140e+03 3.530208782010814161e+01 3.236881533393519694e-01
1.553114490489545915e+03 3.540790012002728560e+01 3.240975762478771616e-01
1.553135323543654067e+03 3.488763821262651987e+01 3.235056399932715321e-01
1.553156156597587142e+03 3.523415789886772131e+01 3.238981339228651501e-01
1.553176989651287386e+03 3.582963441898201040e+01 3.265452959922457432e-01
1.553197822704755026e+03 3.537632610769666286e+01 3.248274959738127743e-01
1.553218655758048044e+03 3.529398978221901473e+01 3.241878173044069888e-01
1.553239488811167121e+03 3.589155932644076330e+01 3.244990665197538537e-01
1.553260321864052912e+03 3.508242037859100293e+01 3.239937771586653414e-01
1.553281154916705873e+03 3.519541067293829428e+01 3.239520826176218171e-01
1.553301987969126003e+03 3.521950360802509294e+01 3.239337518796442938e-01
1.553322821021371055e+03 3.506791878790051697e+01 3.239086920595096730e-01
1.553343654073383050e+03 3.578448649483104305e+01 3.244454269359375309e-01
1.553364487125162441e+03 3.501564723742556851e+01 3.242127636276392888e-01
1.553385320176767436e+03 3.571609107580538023e+01 3.242510009719292707e-01
1.553406153228139601e+03 3.573332050747087862e+01 3.246043566374413047e-01
1.553426986279278935e+03 3.568505683436559650e+01 3.253830719949321604e-01
1.553447819330128368e+03 3.507504718683485123e+01 3.240253032242014219e-01
1.553468652380802951e+03 3.577786472521631822e+01 3.254157914118570027e-01
1.553489485431244020e+03 3.513931806199092023e+01 3.238979268971377001e-01
1.553510318481452032e+03 3.550535383382744925e+01 3.245343545095750737e-01
1.553531151531426985e+03 3.563550810520808909e+01 3.242457849652128909e-01
1.553551984581169108e+03 3.557220161408392300e+01 3.245765022131122390e-01
1.553572817630678855e+03 3.559605961443791955e+01 3.244821443722161747e-01
1.553593650679954862e+03 3.525188628087028064e+01 3.239282317553325852e-01
1.553614483728940968e+03 3.561734084775923037e+01 3.244637287665823044e-01
1.553635316777752450e+03 3.613826276036061103e+01 3.246992870353822558e-01
1.553656149826214914e+03 3.611505151573987860e+01 3.247787969917415030e-01
1.553676982874501846e+03 3.613871498332286336e+01 3.252108687612135784e-01
1.553697815922555947e+03 3.608408269812887426e+01 3.249473542892710176e-01
1.553718648970261029e+03 3.554609553704052161e+01 3.244915354694480336e-01
1.553739482017791488e+03 3.561216374769521309e+01 3.245295333449574327e-01
1.553760315065031136e+03 3.583711815045670335e+01 3.248282643636747347e-01
1.553781148112037044e+03 3.537684258369826296e+01 3.247282207716954971e-01
1.553801981158753051e+03 3.566813289887353733e+01 3.244234610797450680e-01
1.553822814205177565e+03 3.590659493240320188e+01 3.246288348813463620e-01
1.553843647251369930e+03 3.570597395006494423e+01 3.247164732055023983e-01
1.553864480297270575e+03 3.579749559709080842e+01 3.262854852232541791e-01
1.553885313342937934e+03 3.561560444591517438e+01 3.245478304326919194e-01
1.553906146388256957e+03 3.555976339249338736e+01 3.242607089548508181e-01
1.553926979433342467e+03 3.589099284827268121e+01 3.246320824421538576e-01
1.553947812478136939e+03 3.555553985228933556e+01 3.244118976922698572e-01
1.553968645522640600e+03 3.538463892268042343e+01 3.242477151272578073e-01
1.553989478566910975e+03 3.558604576020707100e+01 3.246219494859555743e-01
1.554010311610833014e+03 3.545837494690611180e+01 3.243315856560774479e-01
1.554031144654463333e+03 3.592638897735163539e+01 3.248140201844987862e-01
1.554051977697803977e+03 3.584075312277595771e+01 3.245827802833738951e-01
1.554072810740910427e+03 3.534282444434908399e+01 3.243388217897474335e-01
1.554093643783609878e+03 3.572697921445372060e+01 3.243667540485203338e-01
1.554114476826076043e+03 3.605605461908794496e+01 3.248814623411229729e-01
1.554135309868250943e+03 3.571743196156357669e+01 3.246389905729881731e-01
1.554156142910077051e+03 3.651149241549848057e+01 3.250644523644121708e-01
1.554176975951611894e+03 3.599642459955426688e+01 3.251060500798809150e-01
1.554197808992797945e+03 3.548559188872638970e+01 3.242019970713508337e-01
1.554218642033693413e+03 3.599274489082417716e+01 3.249608818684202594e-01
1.554239475074297388e+03 3.605238988165883995e+01 3.246190001969214145e-01
1.554260308114552117e+03 3.599810429805192769e+01 3.251115387473166307e-01
1.554281141154514899e+03 3.637774521552083939e+01 3.253516889451214533e-01
1.554301974194128888e+03 3.639271045757001843e+01 3.253492729774220549e-01
1.554322807233394087e+03 3.609295680428563458e+01 3.250569687944643849e-01
1.554343640272368020e+03 3.590352001991647768e+01 3.256855611441467069e-01
1.554364473310934954e+03 3.618789674969404757e+01 3.268381611686955179e-01
1.554385306349267921e+03 3.576951626417137220e+01 3.250013007541449062e-01
1.554406139387194344e+03 3.567941102091470640e+01 3.246086487836552514e-01
1.554426972424772430e+03 3.603317267387610912e+01 3.250709502096021386e-01
1.554447805462058113e+03 3.601760166720581680e+01 3.248653169475406166e-01
1.554468638498995006e+03 3.585543601996748464e+01 3.246176575156056177e-01
1.554489471535523990e+03 3.701405934652511576e+01 3.255414409472290882e-01
1.554510304571761935e+03 3.657709960732627508e+01 3.254229690944379083e-01
1.554531137607651090e+03 3.686226421351535265e+01 3.263121891308852218e-01
1.554551970643131881e+03 3.591252063284672147e+01 3.248074369147870288e-01
1.554572803678322543e+03 3.604872244757961397e+01 3.248035602928508458e-01
1.554593636713105980e+03 3.674644075378308372e+01 3.257743445929277559e-01
1.554614469747597923e+03 3.567871816399460272e+01 3.243983127691227875e-01
1.554635302781681958e+03 3.623318855956124196e+01 3.247448547820527831e-01
1.554656135815416974e+03 3.626192583514535528e+01 3.251495099961649315e-01
1.554676968848802971e+03 3.631187758780661312e+01 3.250014497651262935e-01
1.554697801881839041e+03 3.626915181664811172e+01 3.249971513439926518e-01
1.554718634914468112e+03 3.718962384136548849e+01 3.258170522140931835e-01
1.554739467946806599e+03 3.596067217382928050e+01 3.250393536473205613e-01
1.554760300978736950e+03 3.590142711339340309e+01 3.247155898264106888e-01
1.554781134010318965e+03 3.616471793545806435e+01 3.247511066552997150e-01
1.554801967041551507e+03 3.603632594712701120e+01 3.251588932756646066e-01
1.554822800072435030e+03 3.606302180522885692e+01 3.249069401582441730e-01
1.554843633102968852e+03 3.625531739830925204e+01 3.256948603521446772e-01
1.554864466133211863e+03 3.673185532899853456e+01 3.253827972203277019e-01
1.554885299163046966e+03 3.600494367889060499e+01 3.254154937692882998e-01
1.554906132192533050e+03 3.629208154519670870e+01 3.250611174410459880e-01
1.554926965221728096e+03 3.699884809899567983e+01 3.254635366241124816e-01
1.554947798250573442e+03 3.661679561918039383e+01 3.256505466148806316e-01
1.554968631279127521e+03 3.668575795350073321e+01 3.253151498113149298e-01
1.554989464307332582e+03 3.665086341177180174e+01 3.253348454982727400e-01
1.555010297335305950e+03 3.621336169692741436e+01 3.251462905179735019e-01
1.555031130362929389e+03 3.688007946885394261e+01 3.254609154551715289e-01
1.555051963390262017e+03 3.663395033821141311e+01 3.251241428520874610e-01
1.555072796417361133e+03 3.669957927070316117e+01 3.249759105777902946e-01
1.555093629444228100e+03 3.712372493854179112e+01 3.258304636532952103e-01
1.555114462470803574e+03 3.706453737163698747e+01 3.258349911756527884e-01
1.555135295497204424e+03 3.727650795770465919e+01 3.256124850630340295e-01
1.555156128523431107e+03 3.726988159802116485e+01 3.271185448497600512e-01
1.555176961549424959e+03 3.722945621220024037e+01 3.255167337795240035e-01
1.555197794575301941e+03 3.666732734032959229e+01 3.250592952519686940e-01
1.555218627601062053e+03 3.741022152329314565e+01 3.265102481562709436e-01
1.555239460626706432e+03 3.690800684661883224e+01 3.269790438606944849e-01
1.555260293652292603e+03 3.643114492464291487e+01 3.250916576433672267e-01
1.555281126677879001e+03 3.776843621908135162e+01 3.263998320054926072e-01
1.555301959703464490e+03 3.665990648335766622e+01 3.251320144405571155e-01
1.558947755192114982e+03 3.334427988806775289e+01 3.491355732936223255e-01
1.558968588331612864e+03 3.305756153451810064e+01 3.496680823108961889e-01
1.558989421471110973e+03 3.305065001455360374e+01 3.509924717833485808e-01
1.559010254610434004e+03 3.285379510397658009e+01 3.516728863667049065e-01
1.559031087749757489e+03 3.281733353237832063e+01 3.527356072760229333e-01
1.559051920888964560e+03 3.242142717251485351e+01 3.527503925628153736e-01
1.559072754028115014e+03 3.229801350295629447e+01 3.538240804712716736e-01
1.559093587167204987e+03 3.217187413858783174e+01 3.547522691582871146e-01
1.559114420306236980e+03 3.216076276153029312e+01 3.554276033837819315e-01
1.559135253445153012e+03 3.227736543985086826e+01 3.557762450886857719e-01
1.559156086584010154e+03 3.254634879868682162e+01 3.573724264323757671e-01
1.559176919722751563e+03 3.228648454453431782e+01 3.571051147647458235e-01
1.559197752861433855e+03 3.243573478786327513e+01 3.583902467212675691e-01
1.559218586000059986e+03 3.252644206801593896e+01 3.586856200771650349e-01
1.559239419138626999e+03 3.284726640710372436e+01 3.596211295451618994e-01
1.559260252277136033e+03 3.252671232141672419e+01 3.605192047776005770e-01
1.559281085415527514e+03 3.296150747531252279e+01 3.606448543577092103e-01
1.559301918553861015e+03 3.220113617697910513e+01 3.601183045892657475e-01
1.559322751692078555e+03 3.258208475685206906e+01 3.613202068389161914e-01
1.559343584830295413e+03 3.187287860494289049e+01 3.605974593794507022e-01
1.559364417968396992e+03 3.221046940702200345e+01 3.615343278741836031e-01
1.559385251106381475e+03 3.324651262710425215e+01 3.628018199718863190e-01
1.559406084244365957e+03 3.295118335773339169e+01 3.628409804436506514e-01
1.559426917382234478e+03 3.241356712047576849e+01 3.624000937809096490e-01
1.559447750520045020e+03 3.307416168817196223e+01 3.628410420456777419e-01
1.559468583657796444e+03 3.326824133622184121e+01 3.635554970494224158e-01
1.559489416795431453e+03 3.298043904247709435e+01 3.631959630465604327e-01
1.559510249933066461e+03 3.278465308524646815e+01 3.633437154246085821e-01
1.559531083070585055e+03 3.198257616874575149e+01 3.627340440914987307e-01
1.559551916207988143e+03 3.222689728297435607e+01 3.631742996786774258e-01
1.559572749345390548e+03 3.241009735631551081e+01 3.632479621648893597e-01
1.559593582482676538e+03 3.205958429978044677e+01 3.629563837658463243e-01
1.559614415619903866e+03 3.292589133602302809e+01 3.637971803539115090e-01
1.559635248757074351e+03 3.265747824956873302e+01 3.634066826636313530e-01
1.559656081894127965e+03 3.224944020732851158e+01 3.634514768738652535e-01
1.559676915031181125e+03 3.177392631078363650e+01 3.624796072386830548e-01
1.559697748168117869e+03 3.306536783293931592e+01 3.639506458801856636e-01
1.559718581304937970e+03 3.200312551809618355e+01 3.625984132298037954e-01
1.559739414441758072e+03 3.265054105003397922e+01 3.631339646248897268e-01
1.559760247578461986e+03 3.318960726480517565e+01 3.632365373557014943e-01
1.559781080715166581e+03 3.225722873989442974e+01 3.627134007394454129e-01
1.559801913851695417e+03 3.248791408922861024e+01 3.634146168688971446e-01
1.559822746988225390e+03 3.233870819789382978e+01 3.638787022569047180e-01
1.559843580124696928e+03 3.227520142536609882e+01 3.625459099340678781e-01
1.559864413261052050e+03 3.233796229988990234e+01 3.623682053814882287e-01
1.559885246397348055e+03 3.326256333977119795e+01 3.625407311148644007e-01
1.559926912669708145e+03 3.267512340651385472e+01 3.600471058133631885e-01
1.559947745805829982e+03 3.206326361747378684e+01 3.586487480655987103e-01
1.559968578941834949e+03 3.270690395624155400e+01 3.582187586776624522e-01
1.559989412077781935e+03 3.282238642935276118e+01 3.596689017597311522e-01
1.560010245213672079e+03 3.276728924258527087e+01 3.574111811804762118e-01
1.560031078349445124e+03 3.243936754699510061e+01 3.564335651290878593e-01
1.560051911485217488e+03 3.331489232404540957e+01 3.565652723814748404e-01
1.560072744620873436e+03 3.347256713881947832e+01 3.565009922800258524e-01
1.560093577756471404e+03 3.282469825210311853e+01 3.549576323036184866e-01
1.560114410892010937e+03 3.221046692780753062e+01 3.543756887304754799e-01
1.560135244027492490e+03 3.257104313549987751e+01 3.541919287853507736e-01
1.560156077162856946e+03 3.282797633948439397e+01 3.540173968671370686e-01
1.560176910298222538e+03 3.277004877561689256e+01 3.532432012301934265e-01
1.560197743433471487e+03 3.243319843380074019e+01 3.519999114173268384e-01
1.560218576568663138e+03 3.267901944855442053e+01 3.521623262786193198e-01
1.560239409703737010e+03 3.309410483908660439e+01 3.521436761839921714e-01
1.560260242838810882e+03 3.325106838013473975e+01 3.513290902010616779e-01
1.560281075973827001e+03 3.315619434439548741e+01 3.505086255699155773e-01
1.560301909108726022e+03 3.265394818643586916e+01 3.500085501818564482e-01
1.560322742243567063e+03 3.293164345510410840e+01 3.498573276394619236e-01
1.560343575378350124e+03 3.321673657879300379e+01 3.501599414704051338e-01
1.560364408513074977e+03 3.351144990509503430e+01 3.493858240699403983e-01
1.560385241647682960e+03 3.348860837636043897e+01 3.493572796676396308e-01
1.560406074782291853e+03 3.361511310745020609e+01 3.481464359183193968e-01
1.560426907916785012e+03 3.303293917684655412e+01 3.467571440657292170e-01
1.560447741051277035e+03 3.312222303703638460e+01 3.471173599633211593e-01
1.560468574185651960e+03 3.378058816297878053e+01 3.472048904808729408e-01
1.560489407319968905e+03 3.351814465158795286e+01 3.465877142316922677e-01
1.560510240454169889e+03 3.352573299496451398e+01 3.454583912766827636e-01
1.560531073588370418e+03 3.339362796448953219e+01 3.446908883717641481e-01
1.560551906722454987e+03 3.384825355389047985e+01 3.448842150130050910e-01
1.560572739856539556e+03 3.405445456139486282e+01 3.444196291007812771e-01
1.560593572990508619e+03 3.385787592073126007e+01 3.438750169740850682e-01
1.560614406124418565e+03 3.372078826559125275e+01 3.434403498690156153e-01
1.560635239258269849e+03 3.427048824977061514e+01 3.434962072690556090e-01
1.560656072392063606e+03 3.257499099470422266e+01 3.438000100777409695e-01
1.560676905525740949e+03 3.389351641833985695e+01 3.426926129029449486e-01
1.560697738659417610e+03 3.333842419076709263e+01 3.418526958114899150e-01
1.560718571792977855e+03 3.381256103515625000e+01 3.424911532164421901e-01
1.560739404926539009e+03 3.398607809432326832e+01 3.430055337875155819e-01
1.560760238059983067e+03 3.378938729546825925e+01 3.416481348377321536e-01
1.560781071193370053e+03 3.363256431636327903e+01 3.411869055894271030e-01
1.560801904326697468e+03 3.413677823252754706e+01 3.410277077193688555e-01
1.560822737459966902e+03 3.370427935190649293e+01 3.426394730621238893e-01
1.560843570593120148e+03 3.349836479926479171e+01 3.399671571660766722e-01
1.560864403726272940e+03 3.388812205851545656e+01 3.398226808177394198e-01
1.560885236859309998e+03 3.343650418421892567e+01 3.391019134642708766e-01
1.560906069992347057e+03 3.396031795514564777e+01 3.397944294010084576e-01
1.560926903125267017e+03 3.352112720445943950e+01 3.389455391396308248e-01
1.560947736258128543e+03 3.421952089368739536e+01 3.392412940414312739e-01
1.560968569390931862e+03 3.349030410070024288e+01 3.384986764559374528e-01
1.560989402523679018e+03 3.433923611239766416e+01 3.385936611546856434e-01
1.561010235656367058e+03 3.359940499712931228e+01 3.375257605858651422e-01
1.561031068788938001e+03 3.381843479247724815e+01 3.369741413895398496e-01
1.561051901921508943e+03 3.350462618566272255e+01 3.359906686802659470e-01
1.561072735053963470e+03 3.350763598022439282e+01 3.355785048546106597e-01
1.561093568186417542e+03 3.422595026092925252e+01 3.358698488471520416e-01
1.561114401318755881e+03 3.351550305024512255e+01 3.353018180020266303e-01
1.561135234451036013e+03 3.385552590858830513e+01 3.349726149411406118e-01
1.561156067583257482e+03 3.398388419651202952e+01 3.346680453333504279e-01
1.561176900715422107e+03 3.396207385794996014e+01 3.339398449218027864e-01
1.561197733847528070e+03 3.403634758682577655e+01 3.335563862086453613e-01
1.561218566979574916e+03 3.391359380469943829e+01 3.354583694564755025e-01
1.561239400111504892e+03 3.412372754413868847e+01 3.329187089398270016e-01
1.561260233243436005e+03 3.330023080197112506e+01 3.315372719366569965e-01
1.561281066375250475e+03 3.426646843027580047e+01 3.326096825640585397e-01
1.561301899507064945e+03 3.375933401854917548e+01 3.313108932558342379e-01
1.561322732638763000e+03 3.381572221863695660e+01 3.312339747349233310e-01
1.561343565770401483e+03 3.388519498567073640e+01 3.317316723362591646e-01
1.561364398901983350e+03 3.378146440141591711e+01 3.306773012398567246e-01
1.561385232033508146e+03 3.358825159359427204e+01 3.303062057256312412e-01
1.561406065164972915e+03 3.377192879334976539e+01 3.305654483482647898e-01
1.561426898296321497e+03 3.333611519253580013e+01 3.298230737650583166e-01
1.561447731427670078e+03 3.375315726529300520e+01 3.301762316570126532e-01
1.561468564558959997e+03 3.406647617329886657e+01 3.295990780137242893e-01
1.561489397690134410e+03 3.421872614702282078e+01 3.308010986780662854e-01
1.561510230821308141e+03 3.440844976163738522e+01 3.295036259662959544e-01
1.561531063952365912e+03 3.371628471101627156e+01 3.287162222751911500e-01
1.561551897083365475e+03 3.421853201482007023e+01 3.292352535020101056e-01
1.561572730214307512e+03 3.430012175677901354e+01 3.282636054524915581e-01
1.561593563345190432e+03 3.423143911418824104e+01 3.288058981857182594e-01
1.561614396476014463e+03 3.413842657251076673e+01 3.303224686243486641e-01
1.561635229606780968e+03 3.478477330560261294e+01 3.286493176770784452e-01
1.561656062737431512e+03 3.348722379074738598e+01 3.268824164750867012e-01
1.561676895868082056e+03 3.411545542384103413e+01 3.273511571660644437e-01
1.561697728998673483e+03 3.441358541109814695e+01 3.292682123889454915e-01
1.561718562129148495e+03 3.380721028513162452e+01 3.269844327314013199e-01
1.561739395259565981e+03 3.375305706205716660e+01 3.268493081895049168e-01
1.561760228389925942e+03 3.426519736925394000e+01 3.268754189964511725e-01
1.561781061520284993e+03 3.417206334465807060e+01 3.260251588979128923e-01
1.561801894650528084e+03 3.432121440422250913e+01 3.261896916623007181e-01
1.561822727780654077e+03 3.373818968537459995e+01 3.251505755103958895e-01
1.561843560910779388e+03 3.382987114004225759e+01 3.251081126380107045e-01
1.561864394040847856e+03 3.383120706012005741e+01 3.256751864376165595e-01
1.561885227170857434e+03 3.406055558376871772e+01 3.250472845929358034e-01
1.561906060300751051e+03 3.431369580602805769e+01 3.257307964931141497e-01
1.561926893430644441e+03 3.373580257016041628e+01 3.238754523173640321e-01
1.561947726560421870e+03 3.395682554899167371e+01 3.244748655108640190e-01
1.561968559690140864e+03 3.489313718896288918e+01 3.254643950809669728e-01
1.561989392819802106e+03 3.376263947865225390e+01 3.240027110051129089e-01
1.562010225949404003e+03 3.388244184620894828e+01 3.235372021095446748e-01
1.562031059078948147e+03 3.420429887181475692e+01 3.235954014410430957e-01
1.562051892208433856e+03 3.425071444889240269e+01 3.252044882639703038e-01
1.562072725337803149e+03 3.410075746061390589e+01 3.232346732657806476e-01
1.562093558467172898e+03 3.398988079786195726e+01 3.227694070530468529e-01
1.562114391596426003e+03 3.420681704193905404e+01 3.230334181098845070e-01
1.562135224725679109e+03 3.415914790119030187e+01 3.227922933260630733e-01
1.562156057854816481e+03 3.474936709604180862e+01 3.231431284897378076e-01
1.562176891010379450e+03 3.455749920726962898e+01 3.232703182276749909e-01
1.562197724139399497e+03 3.440212414389964835e+01 3.234689268794039840e-01
1.562218557268362019e+03 3.408726173326888897e+01 3.237357390882386055e-01
1.562239390397207444e+03 3.406721283339857820e+01 3.228524615949698862e-01
1.562260223526052414e+03 3.475411297626543927e+01 3.230901631478014235e-01
1.562281056654781878e+03 3.400911304414364622e+01 3.229480338500242964e-01
1.562301889783510887e+03 3.441890154718752370e+01 3.239951109274461505e-01
1.562322722912123936e+03 3.433291508931807101e+01 3.230633774109133993e-01
1.562343556040679459e+03 3.369535425648874849e+01 3.223694605149864389e-01
1.562364389169175865e+03 3.493361974543823578e+01 3.235026920426217756e-01
1.562385222297555401e+03 3.471615367874975533e+01 3.229951519594913001e-01
1.562406055425935392e+03 3.439479427283902879e+01 3.228810993213648839e-01
1.562426888554257403e+03 3.413293935398605328e+01 3.243776529493974659e-01
1.562447721682462088e+03 3.429020971563730313e+01 3.226006933416790123e-01
1.562468554810609021e+03 3.422514316390181222e+01 3.226157973564728887e-01
1.562489387938697973e+03 3.415792165002258685e+01 3.227607276184117358e-01
1.562510221066728491e+03 3.400139663829232717e+01 3.223237072015339155e-01
1.562531054194701483e+03 3.464508243862752579e+01 3.239332113716266170e-01
1.562551887322616949e+03 3.408473056406959500e+01 3.226526075439276053e-01
1.562572720450414408e+03 3.430952345718230134e+01 3.225982798670620211e-01
1.562593553578153433e+03 3.466834658694486393e+01 3.236075695923703033e-01
1.562614386705893594e+03 3.418185344354899513e+01 3.229284579164918845e-01
1.562635219833517112e+03 3.450669349407532138e+01 3.233089781384441141e-01
1.562656052961022851e+03 3.480229149539648148e+01 3.235505813988378554e-01
1.562676886088529500e+03 3.502617098204584778e+01 3.248705230072698180e-01
1.562697719215977941e+03 3.428358957163793264e+01 3.230851590074880764e-01
1.562718552343310876e+03 3.482979310655597516e+01 3.233498339317984471e-01
1.562739385470585603e+03 3.432328676784204191e+01 3.229399359943229131e-01
1.562760218597801440e+03 3.456234446262393334e+01 3.233557095519206115e-01
1.562781051724959070e+03 3.413933439306928364e+01 3.240831160356207330e-01
1.562801884852000057e+03 3.455802296156358722e+01 3.235103842949436648e-01
1.562822717979040590e+03 3.436324744511190232e+01 3.229356101334963647e-01
1.562843551105964934e+03 3.403186951464314092e+01 3.225686584805723678e-01
1.562864384232831981e+03 3.450767715729242013e+01 3.237930513537333188e-01
1.562885217359640137e+03 3.469861188555068310e+01 3.233228623134222768e-01
1.562906050486390086e+03 3.416677385297107605e+01 3.227208592381112240e-01
1.562926883613024984e+03 3.474455714404180640e+01 3.234066616781513526e-01
1.562947716739600537e+03 3.431220254888322074e+01 3.234878482423009793e-01
1.562968549866117428e+03 3.404615008318655356e+01 3.225029967043138157e-01
1.562989382992576566e+03 3.445880736399557520e+01 3.234986040197260215e-01
1.563010216118977496e+03 3.468651448927270309e+01 3.233840147198879245e-01
1.563051882371487409e+03 3.533632794102873476e+01 3.242487606269014999e-01
1.563072715497655508e+03 3.402040142879977935e+01 3.227815601776904963e-01
1.563093548623765400e+03 3.426748032382952402e+01 3.227659791659247546e-01
1.563114381749759104e+03 3.462570507118441299e+01 3.235029568986613202e-01
1.563135214875694601e+03 3.465242461733670609e+01 3.234268997593042760e-01
1.563156048001571435e+03 3.407109034745639775e+01 3.233635781073275761e-01
1.563176881127390516e+03 3.479598051965751182e+01 3.234793262803548064e-01
1.563197714253092499e+03 3.515374731964870136e+01 3.241302990044404586e-01
1.563218547378794483e+03 3.481804923670102170e+01 3.234025494032679027e-01
1.563239380504380506e+03 3.477105507760387582e+01 3.252105709310934567e-01
1.563260213629850114e+03 3.465759674205907714e+01 3.237116651410624768e-01
1.563281046755319039e+03 3.380898772966277477e+01 3.229645519232896000e-01
1.563301879880672459e+03 3.482732927621751884e+01 3.244089809435431460e-01
1.563322713005968126e+03 3.504853899621638647e+01 3.239789328613641439e-01
1.563343546131146923e+03 3.481767935935093305e+01 3.238041651458764547e-01
1.563364379256267057e+03 3.446985616472425562e+01 3.237913255753956387e-01
1.563385212381328529e+03 3.450940313646719204e+01 3.235937091453449099e-01
1.563406045506332021e+03 3.505570124486447980e+01 3.240343971537402168e-01
1.563426878631219097e+03 3.404910594093447429e+01 3.228623270131433243e-01
1.563447711756049102e+03 3.430581194361738540e+01 3.242121661333523530e-01
1.563468544880819536e+03 3.456027311286295856e+01 3.230280555861640424e-01
1.563489378005532444e+03 3.448020213349230545e+01 3.253225129315247544e-01
1.563510211130129846e+03 3.423492499088803953e+01 3.250144478447547502e-01
1.563531044254667904e+03 3.481009755246983417e+01 3.230760152974536670e-01
1.563551877379089547e+03 3.507421420204546081e+01 3.241127139505556309e-01
1.563572710503452527e+03 3.514338180083223051e+01 3.238025889894585729e-01
1.563593543627757526e+03 3.490347267943798215e+01 3.239017108464849470e-01
1.563614376751946565e+03 3.415894480293502511e+01 3.225915128036654367e-01
1.563635209876077397e+03 3.464134303871448850e+01 3.235414968986745632e-01
1.563656043000149566e+03 3.493243393540980435e+01 3.235299019886321292e-01
1.563676876124106002e+03 3.430132289463478656e+01 3.229476531861421029e-01
1.563697709248004003e+03 3.485746306565021513e+01 3.234175123037225652e-01
1.563718542371844023e+03 3.410006408635322117e+01 3.231331102434358282e-01
1.563739375495566946e+03 3.456820531267803887e+01 3.234813761781943353e-01
1.563760208619231889e+03 3.473300720104639794e+01 3.241714534961793182e-01
1.563781041742779962e+03 3.475929751835256809e+01 3.235535289131596381e-01
1.563801874866270055e+03 3.496385526888553130e+01 3.236929755269797870e-01
1.563822707989644414e+03 3.512179274867391854e+01 3.237063023449515686e-01
1.563843541113018546e+03 3.519385934403396021e+01 3.244288579516955151e-01
1.563864374236217600e+03 3.466940024659928810e+01 3.237070158551374477e-01
1.563885207359417109e+03 3.465220538308248166e+01 3.231915552411957493e-01
1.563906040482441995e+03 3.473231754123730042e+01 3.234941704717129163e-01
1.563926873605466881e+03 3.461976353029342590e+01 3.234196892962167280e-01
1.563947706728376033e+03 3.483386159954361716e+01 3.240754028922545049e-01
1.563968539851167407e+03 3.527910891559021422e+01 3.238042916982488140e-01
1.563989372973900572e+03 3.523058711766791617e+01 3.238245854569686277e-01
1.564010206096575530e+03 3.428336918149780388e+01 3.228323144361625041e-01
1.564031039219134072e+03 3.468464446519418232e+01 3.234879403703926903e-01
1.564051872341577109e+03 3.503587952800334193e+01 3.234327739794151668e-01
1.564072705463962393e+03 3.499755938606465122e+01 3.236427936384608794e-01
1.564093538586289014e+03 3.527421482703459077e+01 3.240122769614129372e-01
1.564114371708498538e+03 3.464393557490807751e+01 3.229551625634823897e-01
1.564135204830591420e+03 3.463328135858392898e+01 3.233171358836205433e-01
1.564156037952625866e+03 3.478925664529463546e+01 3.237233801248328713e-01
1.564176871074603469e+03 3.499236931809480922e+01 3.233115130530557768e-01
1.564197704196464429e+03 3.417931953103477127e+01 3.228351531153881848e-01
1.564218537318208064e+03 3.465349462782769052e+01 3.229302459855935559e-01
1.564239370439893491e+03 3.547557884174015896e+01 3.243094627604254931e-01
1.564260203561463413e+03 3.505682071538664957e+01 3.238584745792768560e-01
1.564281036682974900e+03 3.525046104182762718e+01 3.250096452638916444e-01
1.564301869804369971e+03 3.514102821940199561e+01 3.240813918019176398e-01
1.564322702925649082e+03 3.462949462499804554e+01 3.240743913188521841e-01
1.564343536046868849e+03 3.545837049042768996e+01 3.245849609375000000e-01
1.564364369167972427e+03 3.522834745853550942e+01 3.241641216905484790e-01
1.564385202289017570e+03 3.464733390143773306e+01 3.237081436583526539e-01
1.564406035409946526e+03 3.476219474503457718e+01 3.231868408394109049e-01
1.564426868530759066e+03 3.525400793998711180e+01 3.241155184283225910e-01
1.564447701651513853e+03 3.497483913870674144e+01 3.240935187176655630e-01
1.564468534772152907e+03 3.501098235121704505e+01 3.241495150443172157e-01
1.564489367892675091e+03 3.441755249205947109e+01 3.229195174224698817e-01
1.564510201013138158e+03 3.515716289844843345e+01 3.239491617288472458e-01
1.564531034133485036e+03 3.541792196848419394e+01 3.241576516365588523e-01
1.564551867253715500e+03 3.487042928339060666e+01 3.240489974928882910e-01
1.564572700373887528e+03 3.525274750214214237e+01 3.244716508197998950e-01
1.564593533493944051e+03 3.496524193920607360e+01 3.235524926807164525e-01
1.564614366613884158e+03 3.488983087752849599e+01 3.233036086627656958e-01
1.564635199733706486e+03 3.512906640300867167e+01 3.239666866664727696e-01
1.564656032853471970e+03 3.475045160268329880e+01 3.236677934783809829e-01
1.564676865973121039e+03 3.499454258537151929e+01 3.239423653857118612e-01
1.564697699092653011e+03 3.515342760775078546e+01 3.264389657716748050e-01
1.564718532212068112e+03 3.478471624412278373e+01 3.241979523388173190e-01
1.564739365331425461e+03 3.460276272746591530e+01 3.238991805509063293e-01
1.564760198450607959e+03 3.566612045923537266e+01 3.244480218630677593e-01
1.564781031569732932e+03 3.504497984536183708e+01 3.238613847832234605e-01
1.564801864688741944e+03 3.511387714350784961e+01 3.241040130187881618e-01
1.564822697807691611e+03 3.475111200859357297e+01 3.236254698726739321e-01
1.564843530926467565e+03 3.537148857183296258e+01 3.243081532582364201e-01
1.564864364045185084e+03 3.599765102771937819e+01 3.247143049070781440e-01
1.564885197163727526e+03 3.500862051576102374e+01 3.238120688218524279e-01
1.564906030282211532e+03 3.539637135336814566e+01 3.241552957233712617e-01
1.564926863400578895e+03 3.526594733360544609e+01 3.239117513245560742e-01
1.564947696518830526e+03 3.467374903900072525e+01 3.234296986657225759e-01
1.564968529636965968e+03 3.519015459903271648e+01 3.237761268236176160e-01
1.564989362754985450e+03 3.522699178569389034e+01 3.237126778479518796e-01
1.565010195872886925e+03 3.510976276720467837e+01 3.251862510358032865e-01
1.565031028990674031e+03 3.484904243552923475e+01 3.246781185729710195e-01
1.565051862108343585e+03 3.517482085127073077e+01 3.242373173923802643e-01
1.565072695225896496e+03 3.572417896032469287e+01 3.247669594897652501e-01
1.565093528343390972e+03 3.491502630257410544e+01 3.238568871842835151e-01
1.565114361460711052e+03 3.527651930301148298e+01 3.240608612210397199e-01
1.565135194577914490e+03 3.539842746583369149e+01 3.239638464030286102e-01
1.565156027695001512e+03 3.579851502645930594e+01 3.253634250258545801e-01
1.565176860811971892e+03 3.577327357500557525e+01 3.246281119216923861e-01
1.565197693928826538e+03 3.545235133935061356e+01 3.242742766665087095e-01
1.565218527045564997e+03 3.590137635094416879e+01 3.248733553439316357e-01
1.565239360162129969e+03 3.531206953307609098e+01 3.239052877306043410e-01
1.565260193278635597e+03 3.538611967633161015e+01 3.244819032768995748e-01
1.565281026394965920e+03 3.554491529733557087e+01 3.245671939183539245e-01
1.565301859511238035e+03 3.555908253633149485e+01 3.244229558360730570e-01
1.565322692627335982e+03 3.500536820758331658e+01 3.241292876023631475e-01
1.565343525743317059e+03 3.534932131798872490e+01 3.244114268802739121e-01
1.565364358859181493e+03 3.586170796722002052e+01 3.244779653613700798e-01
1.565385191974871987e+03 3.504088345516047553e+01 3.239823594132960616e-01
1.565406025090445610e+03 3.573705603495334771e+01 3.247835341657414610e-01
1.565426858205961935e+03 3.509195138764196997e+01 3.237237598765446145e-01
1.565447691321245429e+03 3.551556242684235087e+01 3.245216586220500132e-01
1.565468524436470034e+03 3.528772225773872151e+01 3.245127849808154274e-01
1.565489357551519561e+03 3.547310189992034424e+01 3.241620990942952196e-01
1.565510190666453127e+03 3.541370082884704118e+01 3.242781136640380812e-01
1.565531023781211843e+03 3.534937747544142184e+01 3.245437785316745982e-01
1.565551856895912579e+03 3.527496491013376811e+01 3.241833472168849095e-01
1.565572690010380938e+03 3.551154440533726131e+01 3.245134048808418492e-01
1.565593523124790863e+03 3.552356285180158579e+01 3.240429734956664087e-01
1.565614356239027074e+03 3.547762870653506440e+01 3.243111628080109221e-01
1.565635189353145961e+03 3.578581769591019679e+01 3.259429356605454409e-01
1.565656022467089997e+03 3.591842157610514619e+01 3.255445649715277279e-01
1.565676855580859410e+03 3.611992536352484251e+01 3.250170955379865778e-01
1.565697688694569933e+03 3.507239266904134212e+01 3.236591266254891242e-01
1.565718521808048536e+03 3.529937110758117313e+01 3.241760386633838475e-01
1.565739354921410495e+03 3.576387190946127959e+01 3.245775122216432718e-01
1.565760188034656039e+03 3.583044106979389198e+01 3.246520490632517353e-01
1.565781021147726960e+03 3.548413531423526734e+01 3.242451300861942665e-01
1.565801854260681921e+03 3.565310263168043292e+01 3.249584400673942164e-01
1.565822687373404051e+03 3.612604529773325623e+01 3.249384464148143969e-01
1.565843520486067519e+03 3.571587972483985851e+01 3.250983955830961669e-01
1.565864353598497928e+03 3.572571381003329805e+01 3.244894689921578590e-01
1.565885186710811922e+03 3.553510620011551424e+01 3.245050935301401207e-01
1.565906019822951521e+03 3.600250232157591768e+01 3.245395429210073401e-01
1.565926852934974477e+03 3.616458871376796225e+01 3.256235710778981329e-01
1.565947686046823037e+03 3.596569547029185543e+01 3.247533435348406994e-01
1.565968519158496974e+03 3.571549065637863407e+01 3.245322079522692804e-01
1.565989352269996061e+03 3.603048350390456989e+01 3.260433720532911472e-01
1.566010185381320980e+03 3.545706239816070138e+01 3.251555020361770465e-01
1.566031018492529938e+03 3.600959311969882748e+01 3.251991271748917445e-01
1.566051851603563591e+03 3.580060880838045989e+01 3.248360399080774119e-01
1.566072684714364414e+03 3.614014973598323621e+01 3.256967704886904458e-01
1.566093517825048593e+03 3.582712372456380479e+01 3.244831317130724146e-01
1.566114350935557923e+03 3.588168548224120968e+01 3.243462989582741596e-01
1.566135184045892856e+03 3.577452414254482704e+01 3.247819283517877631e-01
1.566176850266097972e+03 3.540399727465766233e+01 3.251430939226787054e-01
1.566197683375909492e+03 3.630085618819903459e+01 3.251372276875508227e-01
1.566218516485546843e+03 3.564895500483979163e+01 3.246468050753544832e-01
1.566239349595008434e+03 3.614936451507728066e+01 3.248112446759063854e-01
1.566260182704238105e+03 3.580071688227109661e+01 3.247483420803222720e-01
1.566281015813350450e+03 3.637834458820134387e+01 3.269270304267131166e-01
1.566301848922230420e+03 3.577459647761158124e+01 3.252120944438369743e-01
1.566322682030993974e+03 3.506414200486462818e+01 3.240098625038966285e-01
1.566343515139524470e+03 3.606569860893194601e+01 3.249370477302340188e-01
1.566364348247880571e+03 3.597749545561129736e+01 3.245509295862954446e-01
1.566385181356004068e+03 3.568204816224898934e+01 3.246799658487729001e-01
1.566406014463953397e+03 3.579180933621056226e+01 3.245142658511362410e-01
1.566426847571727421e+03 3.608952472240210341e+01 3.249715888919813001e-01
1.566447680679326595e+03 3.603115749449668215e+01 3.271387241117172384e-01
1.566468513786692938e+03 3.532523590635182842e+01 3.243506289755196392e-01
1.566489346893884886e+03 3.575398577661437116e+01 3.256395187179760842e-01
1.566510180000844002e+03 3.610548295741178038e+01 3.249330809362965256e-01
1.566531013107570061e+03 3.581148603238710137e+01 3.252598008373204230e-01
1.566551846214179932e+03 3.597190211228671330e+01 3.250904658843907225e-01
1.566572679320498537e+03 3.634076481608133946e+01 3.252501799431199991e-01
1.566593512426643429e+03 3.590316784623246349e+01 3.247619008907657867e-01
1.566614345532613470e+03 3.592911277109727308e+01 3.248945225518681812e-01
1.566635178638349316e+03 3.612665857260807911e+01 3.244950484506392008e-01
1.566656011743852559e+03 3.617292918923043032e+01 3.250191815841295129e-01
1.566676844849123427e+03 3.613306189032933702e+01 3.257993409510469007e-01
1.566697677954220126e+03 3.651436956331912853e+01 3.250351818005716154e-01
1.566718511059024877e+03 3.597561672809119671e+01 3.246036795289788390e-01
1.566739344163655915e+03 3.605045315273423512e+01 3.247732568192376879e-01
1.566760177268053440e+03 3.572062606218234038e+01 3.257085055727822476e-01
1.566781010372277478e+03 3.544754662092771014e+01 3.246248987481947790e-01
1.566801843476210479e+03 3.644772340722499848e+01 3.253594290810188916e-01
1.566822676579909967e+03 3.572375204115976999e+01 3.246729323760365604e-01
1.566843509683376396e+03 3.651793506588446547e+01 3.255342887640642613e-01
1.566864342786668431e+03 3.651260087585852432e+01 3.257544581971113518e-01
1.566885175889669426e+03 3.592390841543839031e+01 3.248138481495316809e-01
1.566906008992436909e+03 3.694703396551982166e+01 3.257767574082865436e-01
1.566926842094972471e+03 3.644203626032025767e+01 3.250642460814853196e-01
1.566947675197216995e+03 3.578498867856528420e+01 3.250492558384093233e-01
1.566968508299286896e+03 3.601311279112692887e+01 3.249905947094601788e-01
1.566989341401065303e+03 3.545406580727281920e+01 3.244703764155980608e-01
1.567010174502552445e+03 3.630490259016013255e+01 3.251679784152621822e-01
1.567031007603864964e+03 3.568074253484288505e+01 3.251837536473037860e-01
1.567051840704887127e+03 3.567363174065992837e+01 3.248456730677868887e-01
1.567072673805676004e+03 3.615153388126770295e+01 3.249904227679635271e-01
1.567093506906173843e+03 3.662962289272510930e+01 3.257707996659101601e-01
1.567114340006380417e+03 3.576218417175932984e+01 3.267520609894995487e-01
1.567135173106355069e+03 3.653507126884891676e+01 3.262581853826309608e-01
1.567156006206097118e+03 3.622550743605911094e+01 3.255159899033390203e-01
1.567176839305547446e+03 3.611008676406902396e+01 3.250643606831274957e-01
1.567197672404706964e+03 3.547778561368161121e+01 3.246592551053841258e-01
1.567218505503574306e+03 3.610114547939922147e+01 3.255677481858277877e-01
1.567239338602209045e+03 3.696290946000944899e+01 3.264432566195618612e-01
1.567260171700552974e+03 3.655603554079267070e+01 3.257093176341099294e-01
1.567281004798606546e+03 3.693733295113909776e+01 3.266245162520857725e-01
1.567301837896368397e+03 3.616781089316141617e+01 3.257962193697673259e-01
1.567322670993839438e+03 3.647434091745401474e+01 3.260191028554814130e-01
1.567343504091019895e+03 3.666490931838758627e+01 3.263518242498778532e-01
1.567364337187909996e+03 3.640139429089032319e+01 3.263903246108508238e-01
1.567385170284508149e+03 3.596021327870121098e+01 3.259495759996341446e-01
1.567406003380815491e+03 3.669358992997106839e+01 3.262070391310916140e-01
1.567426836476830431e+03 3.733429524441979197e+01 3.284655234543392699e-01
1.567447669572555014e+03 3.659248103486617509e+01 3.288920270331820439e-01
1.567468502667989014e+03 3.618677112220331082e+01 3.255716843623166490e-01
1.567489335763073086e+03 3.706973883615173548e+01 3.266502914877898456e-01
1.567510168857867029e+03 3.685733627170374405e+01 3.258709347269781453e-01
1.567531001952369479e+03 3.661890181127537147e+01 3.258818061843620772e-01
1.567551835046523138e+03 3.699129437571263423e+01 3.262177166732850297e-01
1.567572668140386440e+03 3.697541711256450014e+01 3.292418387544940872e-01
1.567593501233956886e+03 3.669222608183491730e+01 3.263132622649081438e-01
1.567614334327177858e+03 3.682326801606206601e+01 3.260365736607254705e-01
1.567635167420109156e+03 3.646466059234676038e+01 3.257573857703404130e-01
1.567656000512690980e+03 3.726013490654141691e+01 3.265157930839482914e-01
1.567676833604981539e+03 3.710214264193245981e+01 3.262942079028533504e-01
1.567697666696923079e+03 3.712986006557325425e+01 3.264686467858946561e-01
1.567718499788573581e+03 3.714277507220320729e+01 3.262591102577758195e-01
1.567739332879875064e+03 3.673628992406359117e+01 3.257554759892252183e-01
1.567760165970885510e+03 3.695844635158939440e+01 3.260095729307271872e-01
1.567780999061545572e+03 3.696453377870538048e+01 3.263259569442653607e-01
1.567801832151857070e+03 3.718072708446292296e+01 3.273143518398039520e-01
1.567822665241877985e+03 3.700751145917154616e+01 3.260096872000601831e-01
1.567843498331607407e+03 3.694735801253369800e+01 3.257425417877001794e-01
1.567864331420928920e+03 3.649208954469846589e+01 3.253763056027996203e-01
1.567885164510018512e+03 3.678772650671314182e+01 3.255705515722158161e-01
1.567905997598757494e+03 3.685628028332926931e+01 3.253428608434535962e-01
1.567926830687148595e+03 3.722844808220737889e+01 3.258556729209076686e-01
1.567947663775249111e+03 3.718480534245845348e+01 3.267422902125068362e-01
1.567968496862999473e+03 3.682668617843585679e+01 3.254356412671486898e-01
1.567989329950517003e+03 3.697177701288244123e+01 3.258801714878595823e-01
1.568010163037685516e+03 3.676306114112775703e+01 3.256731961033214051e-01
1.568030996124562535e+03 3.647059677692730872e+01 3.260021453381666268e-01
1.568051829211089398e+03 3.703104879642540226e+01 3.260285296652509768e-01
1.568072662297385023e+03 3.739650143986033015e+01 3.267309343099296104e-01
1.568093495383388927e+03 3.761196437255194525e+01 3.261868364934391584e-01
1.568114328469160455e+03 3.702493005369297663e+01 3.256755181588165127e-01
1.568135161554641400e+03 3.735638753080178986e+01 3.261781337845667816e-01
1.568155994639830624e+03 3.762597489460208777e+01 3.270957221076243870e-01
1.568176827724787017e+03 3.722161061433170914e+01 3.260267357357855000e-01
1.568197660809568561e+03 3.757996492853295933e+01 3.263338794525091346e-01
1.568218493894059520e+03 3.774497797524040266e+01 3.265457180949483673e-01
1.568239326978375402e+03 3.737698792521016600e+01 3.259224309025440247e-01
1.568260160062516661e+03 3.685233735803966226e+01 3.256452043089714810e-01
1.568280993146483070e+03 3.738578448183950087e+01 3.272688686695476856e-01
1.568301826230333518e+03 3.714707814532455643e+01 3.260337971335803275e-01
1.568322659314010025e+03 3.747082484133685654e+01 3.262663493134006498e-01
1.568343492397628552e+03 3.785511415258714152e+01 3.274925358118239704e-01
1.568364325481187961e+03 3.733790179887864014e+01 3.257219214813386610e-01
1.568385158564630501e+03 3.780122794460281455e+01 3.264474561182010293e-01
1.568405991648131021e+03 3.757494442629379705e+01 3.262762371014642504e-01
1.568426824731632450e+03 3.786498185763266378e+01 3.264511192237152803e-01
1.568447657815192088e+03 3.751160590055359734e+01 3.258159202770822827e-01
