1.325323974336617994e+03 1.930571450964866926e+02 3.925843499292696048e-01
1.325344807926582007e+03 1.930079843968599391e+02 3.986021524438675412e-01
1.325365641517709491e+03 1.927857861293805684e+02 4.066298249759067174e-01
1.325386475109913135e+03 1.918818445848804686e+02 4.144281176645698284e-01
1.325407308703136096e+03 1.927497447689994772e+02 4.259752653960113267e-01
1.325428142297405884e+03 1.922010770613374007e+02 4.328295012347142534e-01
1.325448975892637463e+03 1.927773081094281906e+02 4.429033429602105554e-01
1.325469809488800820e+03 1.924208057510748517e+02 4.536048715918518104e-01
1.325490643085894135e+03 1.933138967447568746e+02 4.682480986108989995e-01
1.325511476683831916e+03 1.938799474502443729e+02 4.837309955343459533e-01
1.325532310282641902e+03 1.927932938617212528e+02 5.014253208888002078e-01
1.325553143882239056e+03 1.927029204234955557e+02 5.185587967244641439e-01
1.325573977482622013e+03 1.915164729390300806e+02 5.352978205853298199e-01
1.325594811083760987e+03 1.938669553813435584e+02 5.515339895341725418e-01
1.325615644685598909e+03 1.927106895974572183e+02 5.620480152012617969e-01
1.325636478288134640e+03 1.929619042328948524e+02 5.685775967132966624e-01
1.325657311891339987e+03 1.935264062392984954e+02 5.723779197113553208e-01
1.325678145495186072e+03 1.926314298449356954e+02 5.745458644308119034e-01
1.325698979099614007e+03 1.926933542567749953e+02 5.781340727223058806e-01
1.325719812704652895e+03 1.927302381660921071e+02 5.826882616017859950e-01
1.325740646310244983e+03 1.930692553521158459e+02 5.882872450726984725e-01
1.325761479916390044e+03 1.929554174028927207e+02 5.946503388364989817e-01
1.325782313523029643e+03 1.932616900977552632e+02 6.013584781820136005e-01
1.325803147130164007e+03 1.932975126963908679e+02 6.067781379707525291e-01
1.325823980737794045e+03 1.923380168017949927e+02 6.100484110429847950e-01
1.325844814345859504e+03 1.921986975506340514e+02 6.108248897097274810e-01
1.325865647954361975e+03 1.935191962907206289e+02 6.088685351901570453e-01
1.325886481563271900e+03 1.928874249344175951e+02 6.015045088522117389e-01
1.325907315172588369e+03 1.920479401518723250e+02 5.959773698741162029e-01
1.325928148782284552e+03 1.938988770751321624e+02 5.928883072037077762e-01
1.325948982392359540e+03 1.938032981715053040e+02 5.901707885745115512e-01
1.325969816002753532e+03 1.932753911944989511e+02 5.885716039644766084e-01
1.325990649613496998e+03 1.939153917694221434e+02 5.893370618371408520e-01
1.326011483224530366e+03 1.943467520434903406e+02 5.930809970205983550e-01
1.326032316835885467e+03 1.938370037797602379e+02 5.973662127662507926e-01
1.326053150447532062e+03 1.935997617965834650e+02 5.964758442066968591e-01
1.326073984059439454e+03 1.924849428975781223e+02 5.967717825434304402e-01
1.326094817671609007e+03 1.925376050085344275e+02 5.969946945967470331e-01
1.326115651284039359e+03 1.935992290782812404e+02 5.975168851038752393e-01
1.326136484896674574e+03 1.918496162290391851e+02 5.962980457757519615e-01
1.326157318509571951e+03 1.925520063948497693e+02 5.955635282451757773e-01
1.326178152122673964e+03 1.929596439620722492e+02 5.937352178640860068e-01
1.326198985735949009e+03 1.928193112280498269e+02 5.923044778639451335e-01
1.326219819349428008e+03 1.932103464776989483e+02 5.908447512781943578e-01
1.326240652963111188e+03 1.920376494032669541e+02 5.889677401550350577e-01
1.326261486576938523e+03 1.916167797562169710e+02 5.874400138667257298e-01
1.326282320190942528e+03 1.927598518632292723e+02 5.860612865662031545e-01
1.326303153805091370e+03 1.936619707890209554e+02 5.857493289157280625e-01
1.326323987419385503e+03 1.927209439855371045e+02 5.850977411291409247e-01
1.326344821033825156e+03 1.929997760644825746e+02 5.860884662696116409e-01
1.326365654648379859e+03 1.925755083122353142e+02 5.875563066973976678e-01
1.326386488263053479e+03 1.930470098406221098e+02 5.890134057347410357e-01
1.326407321877842605e+03 1.925040818622095173e+02 5.903356156031329682e-01
1.326428155492747919e+03 1.931963377699348428e+02 5.917697560357018105e-01
1.326448989107740090e+03 1.928256396537969124e+02 5.927630051224312968e-01
1.326469822722790923e+03 1.932959802388059813e+02 5.938098525949991879e-01
1.326490656337958171e+03 1.919563145420547414e+02 5.939846578986445191e-01
1.326511489953212958e+03 1.942009843692422635e+02 5.966870796007941458e-01
1.326532323568525953e+03 1.934284797558648279e+02 5.985245225546516057e-01
1.326553157183896474e+03 1.934879140173320593e+02 6.016660824065748203e-01
1.326573990799326111e+03 1.936204254127599143e+02 6.022334629922198035e-01
1.326594824414813047e+03 1.916527729321144307e+02 6.021149068251356873e-01
1.326615658030329087e+03 1.938787351625277324e+02 6.041797329596866328e-01
1.326636491645904925e+03 1.932616440256665555e+02 6.036400774685997117e-01
1.326657325261537608e+03 1.926996765302726544e+02 6.018644541116572322e-01
1.326678158877170063e+03 1.931733779212996751e+02 5.986274358062988465e-01
1.326698992492832076e+03 1.929678956041574622e+02 5.955231191357612808e-01
1.326719826108522966e+03 1.924632567794883187e+02 5.920558652293634871e-01
1.326740659724242960e+03 1.933977795514462912e+02 5.894314670312653659e-01
1.326761493339963636e+03 1.922214776249149111e+02 5.865731161434174501e-01
1.326782326955713415e+03 1.934649325551933714e+02 5.859400685571957146e-01
1.326803160571433182e+03 1.930722709154517531e+02 5.855747371506061505e-01
1.326823994187152948e+03 1.932725501565049910e+02 5.857744880259528886e-01
1.326844827802931377e+03 1.928306170087488169e+02 5.849713052330778318e-01
1.326865661418652508e+03 1.926889376066925195e+02 5.822407646200201681e-01
1.326886495034373183e+03 1.928121823676865176e+02 5.777689894390929393e-01
1.326907328650092950e+03 1.929160253257826696e+02 5.712028242702544834e-01
1.326928162265754963e+03 1.933102896036054688e+02 5.644033601464159000e-01
1.326948995881416067e+03 1.923661531404227105e+02 5.570458794126654789e-01
1.326969829497078081e+03 1.929362371618279610e+02 5.518404198307416131e-01
1.326990663112681887e+03 1.925864422950505457e+02 5.473059454910188526e-01
1.327011496728287057e+03 1.926030651131695492e+02 5.451847385825040471e-01
1.327032330343832200e+03 1.925039149718620877e+02 5.441731877931770267e-01
1.327053163959378026e+03 1.930433811261551398e+02 5.449953747474318710e-01
1.327073997574865189e+03 1.928720730389011635e+02 5.451995798277268213e-01
1.327094831190293917e+03 1.927920653144468304e+02 5.456106010538379625e-01
1.327115664805665347e+03 1.929067975095115060e+02 5.459182817540709776e-01
1.327136498421035867e+03 1.931916717860236474e+02 5.462933307981492348e-01
1.327157332036349089e+03 1.929772017792265899e+02 5.451350188337290570e-01
1.327178165651603649e+03 1.921211816511139716e+02 5.422586696647494486e-01
1.327198999266800001e+03 1.935250365386211513e+02 5.395039948076015834e-01
1.327219832881937919e+03 1.914757793036190776e+02 5.350189868285176731e-01
1.327240666497018992e+03 1.934090129403533354e+02 5.333537353646595758e-01
1.327261500112040494e+03 1.924039400365692529e+02 5.289787096343571138e-01
1.327282333727002879e+03 1.929519838198675359e+02 5.254503521064946003e-01
1.327303167341849985e+03 1.926820383949263658e+02 5.221985630527714584e-01
1.327324000956697091e+03 1.928966281859539151e+02 5.204800997400994556e-01
1.327344834571486444e+03 1.931468860888465713e+02 5.185776470151894912e-01
1.327365668186159382e+03 1.932883489447254135e+02 5.173762377576452964e-01
1.327386501800773658e+03 1.929851001736962814e+02 5.162039887288587536e-01
1.327407335415329499e+03 1.931067079773150397e+02 5.155679497802464484e-01
1.327428169029768924e+03 1.927796809625520780e+02 5.142904987661391925e-01
1.327449002644150369e+03 1.922099404723669238e+02 5.141568233602952231e-01
1.327469836258474061e+03 1.926772162154444175e+02 5.149145723061485658e-01
1.327490669872681565e+03 1.933001505984697985e+02 5.166910306764459504e-01
1.327511503486829497e+03 1.930272287586065829e+02 5.183334884561550115e-01
1.327532337100919449e+03 1.922225486784670636e+02 5.198406072853517523e-01
1.327553170714893440e+03 1.925150455636018307e+02 5.224153302688206990e-01
1.327574004328751471e+03 1.926748881108419198e+02 5.249911636789653668e-01
1.327594837942551521e+03 1.927006205123178972e+02 5.263791056400181079e-01
1.327615671556292909e+03 1.923642893683692421e+02 5.247671689591064670e-01
1.327636505169917200e+03 1.932727300129847379e+02 5.240584718279858167e-01
1.327657338783425075e+03 1.934610428357645162e+02 5.220525268310857170e-01
1.327678172396875652e+03 1.930216631470323989e+02 5.204867131463928320e-01
1.327699006010209359e+03 1.919579724539050005e+02 5.179739536121831245e-01
1.327719839623427561e+03 1.931420397508769327e+02 5.174371491380430621e-01
1.327740673236585508e+03 1.920464437889740736e+02 5.158288437160578610e-01
1.327761506849627949e+03 1.936212806462696960e+02 5.157504073717854576e-01
1.327782340462554657e+03 1.931508568374282220e+02 5.137021596125408429e-01
1.327803174075422021e+03 1.926425619644245160e+02 5.119474642443697654e-01
1.327824007688115898e+03 1.924961013518996822e+02 5.100050616013168669e-01
1.327865674913328803e+03 1.933367718116652156e+02 5.062200961287884882e-01
1.327886508525730960e+03 1.931789751953661209e+02 5.032801027708292407e-01
1.327907342138074910e+03 1.933070202518111671e+02 5.000958350844354472e-01
1.327928175750245373e+03 1.931299747869943246e+02 4.964409761947071731e-01
1.327949009362357174e+03 1.935521036126594083e+02 4.929720816522332183e-01
1.327969842974352105e+03 1.933254344557900311e+02 4.899704211172669077e-01
1.327990676586230620e+03 1.932661939542664129e+02 4.866794098803442492e-01
1.328011510198050473e+03 1.930087779535270727e+02 4.839942727912612819e-01
1.328032343809696158e+03 1.933598239939821326e+02 4.835025097339035183e-01
1.328053177421224973e+03 1.934663193545750630e+02 4.834876084204320357e-01
1.328074011032696944e+03 1.928884386190098041e+02 4.832299911937132930e-01
1.328094844643992928e+03 1.931749939620034695e+02 4.836784861683839365e-01
1.328115678255172952e+03 1.926859683396090475e+02 4.834609020218285091e-01
1.328136511866294541e+03 1.927697641164258755e+02 4.830689203006197086e-01
1.328157345477241961e+03 1.936417339466620149e+02 4.830957409041427009e-01
1.328178179088072966e+03 1.939427135529269606e+02 4.830130379745469771e-01
1.328199012698845991e+03 1.934162529638344097e+02 4.812585185894742157e-01
1.328219846309444165e+03 1.924667564811489626e+02 4.789102445252248486e-01
1.328240679919925014e+03 1.931167454241002872e+02 4.782712195465305127e-01
1.328261513530289903e+03 1.937130429847966582e+02 4.774971535982305837e-01
1.328282347140539514e+03 1.936780878352590491e+02 4.753872497488925153e-01
1.328303180750672482e+03 1.937443184444454403e+02 4.732823126986572815e-01
1.328324014360687897e+03 1.940483937951069890e+02 4.724658708760314241e-01
1.328344847970587580e+03 1.939367126563904833e+02 4.712360262127053834e-01
1.328365681580311957e+03 1.936719372244113231e+02 4.701269905516787251e-01
1.328386515189978581e+03 1.931519618326502439e+02 4.698303012933875977e-01
1.328407348799471038e+03 1.927974177506340823e+02 4.690261821931802078e-01
1.328428182408847078e+03 1.930325550949056321e+02 4.696315899361954704e-01
1.328449016018105567e+03 1.930392776877530139e+02 4.701332821723773203e-01
1.328469849627248095e+03 1.928681733553210336e+02 4.705405211649084096e-01
1.328490683236216000e+03 1.934829828484877510e+02 4.720934362275993612e-01
1.328511516845125925e+03 1.941607145666403937e+02 4.742130304334134516e-01
1.328532350453861909e+03 1.927651736363424959e+02 4.755849505341802619e-01
1.328553184062481023e+03 1.930859684202631286e+02 4.782512167841841411e-01
1.328574017670925514e+03 1.925178618866017075e+02 4.794223058553350181e-01
1.328594851279310888e+03 1.923342937795357841e+02 4.805154235003866736e-01
1.328615684887522548e+03 1.932931602930059682e+02 4.824520981931491037e-01
1.328636518495618475e+03 1.927991459052267658e+02 4.812613981309090683e-01
1.328657352103538869e+03 1.925729538859862657e+02 4.807873111772981156e-01
1.328678185711401056e+03 1.926698292696622445e+02 4.805528830703238441e-01
1.328699019319088620e+03 1.935497683490893621e+02 4.807498233802776633e-01
1.328719852926601106e+03 1.928255115042766477e+02 4.799154709108168215e-01
1.328740686534055840e+03 1.933711393945301609e+02 4.807393312326753154e-01
1.328761520141336405e+03 1.931722405740780744e+02 4.803005792581741540e-01
1.328782353748501009e+03 1.931613918254401767e+02 4.818034203995432696e-01
1.328803187355490081e+03 1.930933950413143805e+02 4.804053070857132735e-01
1.328824020962362511e+03 1.926526333344119450e+02 4.793962277731888544e-01
1.328844854569118525e+03 1.927334048308508443e+02 4.782310418111800354e-01
1.328865688175700143e+03 1.939490669948048946e+02 4.781297178596651820e-01
1.328886521782224008e+03 1.925441806116641317e+02 4.754030945395527064e-01
1.328907355388515043e+03 1.928672032909941834e+02 4.738720948148609224e-01
1.328928188994746961e+03 1.939598398290638386e+02 4.722815202510183830e-01
1.328949022600746503e+03 1.940720891545617235e+02 4.700798403363268263e-01
1.328969856206688064e+03 1.925570466740786344e+02 4.670632851092644811e-01
1.328990689812455003e+03 1.933424205905169231e+02 4.659194041165861666e-01
1.329011523418105980e+03 1.929959068417678907e+02 4.640463232181433195e-01
1.329032357023581426e+03 1.922079524638160422e+02 4.626069628258716593e-01
1.329053190628940911e+03 1.924206879240365140e+02 4.629110661753581546e-01
1.329074024234124863e+03 1.934344387015877089e+02 4.639952793949980170e-01
1.329094857839251517e+03 1.933405672858670812e+02 4.647512424005048604e-01
1.329115691444145341e+03 1.932186529970094568e+02 4.657250072942236696e-01
1.329136525048922977e+03 1.933581391072899862e+02 4.663125242696750106e-01
1.329157358653584197e+03 1.943964403191189092e+02 4.671318257052371470e-01
1.329178192258070112e+03 1.929782119778781464e+02 4.665322930585418804e-01
1.329199025862439612e+03 1.927635675738076486e+02 4.664410947119092543e-01
1.329219859466634489e+03 1.924608905064947919e+02 4.659295104049852587e-01
1.329240693070714087e+03 1.933267189126034111e+02 4.662411466223281842e-01
1.329261526674676588e+03 1.930175787181094904e+02 4.652376989955328557e-01
1.329282360278406031e+03 1.937404067030298904e+02 4.641903364023722833e-01
1.329303193882077039e+03 1.925565918125620328e+02 4.615967933193419470e-01
1.329324027485573424e+03 1.923328861773087510e+02 4.597875183130354926e-01
1.329344861088895868e+03 1.931520677271869886e+02 4.593941827259174771e-01
1.329365694692101897e+03 1.940978650450436476e+02 4.589506096290290604e-01
1.329386528295133076e+03 1.929810895066833325e+02 4.577263331125968615e-01
1.329407361898047384e+03 1.925672654099070655e+02 4.571911621729310427e-01
1.329428195500787069e+03 1.925156148854453306e+02 4.570068450671776472e-01
1.329449029103410567e+03 1.931355560742833575e+02 4.575054610296452329e-01
1.329469862705859441e+03 1.932191195053138699e+02 4.576799239797834096e-01
1.329490696308193037e+03 1.939903769778540834e+02 4.590256855006906722e-01
1.329511529910350419e+03 1.934380622944050572e+02 4.597412362189086110e-01
1.329532363512391839e+03 1.930098576927203169e+02 4.612655603683941674e-01
1.329553197114257955e+03 1.917777163045475675e+02 4.623940617142909826e-01
1.329574030715951039e+03 1.936519444948672515e+02 4.662233923921202394e-01
1.329594864317527936e+03 1.926124933390080116e+02 4.658739550911188410e-01
1.329615697918987507e+03 1.926532313323709502e+02 4.674022213022027694e-01
1.329636531520214021e+03 1.928052027504424188e+02 4.676692265202364585e-01
1.329657365121323892e+03 1.933912100824172455e+02 4.679747846975320091e-01
1.329678198722317120e+03 1.931029027812299717e+02 4.674766730032310358e-01
1.329699032323137089e+03 1.931078863705167521e+02 4.675356712603963572e-01
1.329719865923781981e+03 1.933517832630896862e+02 4.672794321759928815e-01
1.329740699524310003e+03 1.932938246199713319e+02 4.671768493458963167e-01
1.329761533124662947e+03 1.937801589704571654e+02 4.670753446446522239e-01
1.329782366724899930e+03 1.934614725365684365e+02 4.665192612518019311e-01
1.329803200324961836e+03 1.932463235897107268e+02 4.663802166802689109e-01
1.329824033924850482e+03 1.928298354969452078e+02 4.662476824378128382e-01
1.329844867524621804e+03 1.932904593034430434e+02 4.649365596923262789e-01
1.329865701124218958e+03 1.938002958757877252e+02 4.643526127323283625e-01
1.329886534723641034e+03 1.931114460718157773e+02 4.625292788078820272e-01
1.329907368322946013e+03 1.933212040497926125e+02 4.608137320177751461e-01
1.329928201922076823e+03 1.940265083122554586e+02 4.595272830349605431e-01
1.329949035521034602e+03 1.934043082777394318e+02 4.575996125282134619e-01
1.329969869119875511e+03 1.932612183853899523e+02 4.553547456421782602e-01
1.329990702718540433e+03 1.932869218653492851e+02 4.538683056359997248e-01
1.330011536317088940e+03 1.933713372926501677e+02 4.534078898840933625e-01
1.330032369915463505e+03 1.928947088551619515e+02 4.521346944940807799e-01
1.330053203513663902e+03 1.930171716722600479e+02 4.517643164048191773e-01
1.330074037111689449e+03 1.932739164824809848e+02 4.516341413274373995e-01
1.330094870709597899e+03 1.926395893005679056e+02 4.513175200830414902e-01
1.330115704307332180e+03 1.930206327936196260e+02 4.522439513858998450e-01
1.330136537904890929e+03 1.929947354947416613e+02 4.526313526284026501e-01
1.330157371502334172e+03 1.930268153010148922e+02 4.530566920390877161e-01
1.330178205099603019e+03 1.931382907931755994e+02 4.533067371681100410e-01
1.330199038696697471e+03 1.927976768102851963e+02 4.532649547563138426e-01
1.330219872293675053e+03 1.933406022461010991e+02 4.534984562373355899e-01
1.330240705890478011e+03 1.932559575696800778e+02 4.525121128452699870e-01
1.330261539487105892e+03 1.934749926953860779e+02 4.513322124193763774e-01
1.330282373083558923e+03 1.929582215535756973e+02 4.494280451953919231e-01
1.330303206679896903e+03 1.930482055543910178e+02 4.479185943414178972e-01
1.330324040276060032e+03 1.928832349691855086e+02 4.454944807614095170e-01
1.330365707467861057e+03 1.933026100461993337e+02 4.430162555713099137e-01
1.330386541063557615e+03 1.929118227531691048e+02 4.414050346965432414e-01
1.330407374659079096e+03 1.937628486483344261e+02 4.417531498622369601e-01
1.330428208254427091e+03 1.926202618269423112e+02 4.403997440689930154e-01
1.330449041849600917e+03 1.937690687787979869e+02 4.409579304342415851e-01
1.330469875444658101e+03 1.932900530683983789e+02 4.406629228167171508e-01
1.330490709039539524e+03 1.929598678469041317e+02 4.405570681265918997e-01
1.330511542634247007e+03 1.931659343623783229e+02 4.413148397133250800e-01
1.330532376228780095e+03 1.932012373903447724e+02 4.424129753692903622e-01
1.330553209823196994e+03 1.926714671976235991e+02 4.430339307782631963e-01
1.330574043417438588e+03 1.934967113352217893e+02 4.450477013577768814e-01
1.330594877011505105e+03 1.938681004387604503e+02 4.466334043342512494e-01
1.330615710605396998e+03 1.938506056786664260e+02 4.473325687600654410e-01
1.330636544199114951e+03 1.937172335677334161e+02 4.479936396826391665e-01
1.330657377792716943e+03 1.930334434912556674e+02 4.479960844324354374e-01
1.330678211386144085e+03 1.928333072835084181e+02 4.467402041481458030e-01
1.330699044979396604e+03 1.934027225269415169e+02 4.463651496251140882e-01
1.330719878572474045e+03 1.933112706374427034e+02 4.456962972748232388e-01
1.330740712165375953e+03 1.933984160024889150e+02 4.457654991268729106e-01
1.330761545758162811e+03 1.934999832916897162e+02 4.444226358530101728e-01
1.330782379350716838e+03 1.936963754538582521e+02 4.432492560538015547e-01
1.330803212943154449e+03 1.927768593200718783e+02 4.423432658794830274e-01
1.330824046535416983e+03 1.925156421363238906e+02 4.414229769617861732e-01
1.330844880127505348e+03 1.934856055788174558e+02 4.418068477405587280e-01
1.330865713719476844e+03 1.929856686764358358e+02 4.403501214604726433e-01
1.330886547311215963e+03 1.935030196787452610e+02 4.395394304085851744e-01
1.330907380902839122e+03 1.931337233115312984e+02 4.377689046072788526e-01
1.330928214494286067e+03 1.933286031655977695e+02 4.370506397156222467e-01
1.330949048085501090e+03 1.935329513711010065e+02 4.356735284830902666e-01
1.330969881676599016e+03 1.931914132073565895e+02 4.345518986947651818e-01
1.330990715267580981e+03 1.934373787440524382e+02 4.336663434543964191e-01
1.331011548858330571e+03 1.933712392341617203e+02 4.323905196016923913e-01
1.331032382448905992e+03 1.931845082534144922e+02 4.319451410111470047e-01
1.331053216039364543e+03 1.929252796786288684e+02 4.308045519260681466e-01
1.331074049629589354e+03 1.928793658411656509e+02 4.308415434286879120e-01
1.331094883219698659e+03 1.932988977364713037e+02 4.310092364514165331e-01
1.331115716809631977e+03 1.932625717239512255e+02 4.309807994519816443e-01
1.331136550399392945e+03 1.935961851483932037e+02 4.308111065192177791e-01
1.331157383988977926e+03 1.927235465057386818e+02 4.306131276568901933e-01
1.331178217578388967e+03 1.930882315462258703e+02 4.305880040414453713e-01
1.331199051167624475e+03 1.928280427617869464e+02 4.302608998983240562e-01
1.331219884756685587e+03 1.930742861972008768e+02 4.296425535796419837e-01
1.331240718345630967e+03 1.928018084452052108e+02 4.290657052783753422e-01
1.331261551934343061e+03 1.930016179952040432e+02 4.283450222585097333e-01
1.331282385522879849e+03 1.927983589483363573e+02 4.270357148055356489e-01
1.331303219111300905e+03 1.927452453778010124e+02 4.250673906807485025e-01
1.331324052699489584e+03 1.927598755450346744e+02 4.238929698929432832e-01
1.331344886287561167e+03 1.935055296978396484e+02 4.227642647577217749e-01
1.331365719875458581e+03 1.930467078380250712e+02 4.214513558931994863e-01
1.331386553463123164e+03 1.930437125262367601e+02 4.203875953212102834e-01
1.331407387050671105e+03 1.931604970912462136e+02 4.194515699591172542e-01
1.331428220638043967e+03 1.939239096084846210e+02 4.197956339015242455e-01
1.331449054225242435e+03 1.932316688054986855e+02 4.193354570646336543e-01
1.331469887812266506e+03 1.929489537598456366e+02 4.179430623940085798e-01
1.331490721399057975e+03 1.935196809534264446e+02 4.180911410810813078e-01
1.331511554985733028e+03 1.929400130859453952e+02 4.178214660401499136e-01
1.331532388572233003e+03 1.928889567586404610e+02 4.182201591969058607e-01
1.331553222158557901e+03 1.931311926805430517e+02 4.207635473075174715e-01
1.331574055744709540e+03 1.928905015274230550e+02 4.200418345302148748e-01
1.331594889330686101e+03 1.928652073527110815e+02 4.206986805177221345e-01
1.331615722916488039e+03 1.925013681607537421e+02 4.216074094894405322e-01
1.331636556502056465e+03 1.925856297649170870e+02 4.215166901511597231e-01
1.331657390087508929e+03 1.924861533458020233e+02 4.216911833814133703e-01
1.331678223672786999e+03 1.931946928943345370e+02 4.220995658541057405e-01
1.331699057257889535e+03 1.929878109558397625e+02 4.224170099383582344e-01
1.331719890842818586e+03 1.931656964657032916e+02 4.216285091438460308e-01
1.331740724427515033e+03 1.928569906828637670e+02 4.211798344593981058e-01
1.331761558012093928e+03 1.927946396656790853e+02 4.201528401943996349e-01
1.331782391596499110e+03 1.926422397593876212e+02 4.202386947270816409e-01
1.331803225180670552e+03 1.929609783194293584e+02 4.200552617627020813e-01
1.331824058764725578e+03 1.927295429904854700e+02 4.197155290221160628e-01
1.331844892348548456e+03 1.930180402718874859e+02 4.193096754985662922e-01
1.331865725932196938e+03 1.931255431442459951e+02 4.191213562474512266e-01
1.331886559515729004e+03 1.932519640314356479e+02 4.190623691168914311e-01
1.331907393099027104e+03 1.933310439275568910e+02 4.183215497296316476e-01
1.331928226682151035e+03 1.927113287238804276e+02 4.171589823773451111e-01
1.331949060265101025e+03 1.936281324572564984e+02 4.169920445604994863e-01
1.331969893847875937e+03 1.930733411956298085e+02 4.156923067477150679e-01
1.331990727430476909e+03 1.926230732366008169e+02 4.159430319620969208e-01
1.332011561012843458e+03 1.930408695886249006e+02 4.145567661028618511e-01
1.332032394595094502e+03 1.922340547946896550e+02 4.135695347976715563e-01
1.332053228177112032e+03 1.936787582995443131e+02 4.140957513089650321e-01
1.332074061759014512e+03 1.931076987766163597e+02 4.135794971403957687e-01
1.332094895340683934e+03 1.929248180992507855e+02 4.134206115029768203e-01
1.332115728922178505e+03 1.928812353544551854e+02 4.133051658013104368e-01
1.332136562503497998e+03 1.931531432855259993e+02 4.135811545050529503e-01
1.332157396084642642e+03 1.927394276747553192e+02 4.132234781769779652e-01
1.332178229665554454e+03 1.937885598444122479e+02 4.142739817527101853e-01
1.332199063246351443e+03 1.932853991128563393e+02 4.143280940888237063e-01
1.332219896826914464e+03 1.929223822267612434e+02 4.132544712556315281e-01
1.332240730407302635e+03 1.928642506156451191e+02 4.136941098729580713e-01
1.332261563987516183e+03 1.931544103621111503e+02 4.125726274652481984e-01
1.332282397567555108e+03 1.930399423464870381e+02 4.119100043222165275e-01
1.332303231163194596e+03 1.926270784514897230e+02 4.111209786132307697e-01
1.332324064742885184e+03 1.931836706517540563e+02 4.103923118290854766e-01
1.332344898322341578e+03 1.927746013264748228e+02 4.086953075227289789e-01
1.332365731901624031e+03 1.928591853902767923e+02 4.077941817338626707e-01
1.332386565480731861e+03 1.935504572711552100e+02 4.076248160920112884e-01
1.332407399059605950e+03 1.929857763421542245e+02 4.063571641868971018e-01
1.332428232638364989e+03 1.925427200405396491e+02 4.053324461112121080e-01
1.332449066216890969e+03 1.931150424678443471e+02 4.050330862611878358e-01
1.332469899795243009e+03 1.924396184033016937e+02 4.045816607134600784e-01
1.332490733373419062e+03 1.930082859362020429e+02 4.052424407503409376e-01
1.332511566951362056e+03 1.926712154659354894e+02 4.054373168521501203e-01
1.332532400529189999e+03 1.926465973192905210e+02 4.064469043676685600e-01
1.332553234106784657e+03 1.929163034664387339e+02 4.068038539533248565e-01
1.332574067684146939e+03 1.920682221662505356e+02 4.068070407371605635e-01
1.332594901261391442e+03 1.935582221477408211e+02 4.088739422755611752e-01
1.332615734838403114e+03 1.922498853004153148e+02 4.081586603651788381e-01
1.332636568415241527e+03 1.924075931642617832e+02 4.083435510635037291e-01
1.332657401991846655e+03 1.926798452990331896e+02 4.096064924960489129e-01
1.332678235568334912e+03 1.937134433011778469e+02 4.091829286141959177e-01
1.332699069144591476e+03 1.933660643354517958e+02 4.086191712853822211e-01
1.332719902720672053e+03 1.927291192152605390e+02 4.081681158941690701e-01
1.332740736296520026e+03 1.926674308378805165e+02 4.072214579090759345e-01
1.332761569872192922e+03 1.922830627437620876e+02 4.062274963308307729e-01
1.332782403447692559e+03 1.932494981747960878e+02 4.064945621889236582e-01
1.332803237022959365e+03 1.931854198830493772e+02 4.057300982221780927e-01
1.332824070598050639e+03 1.933079921532525134e+02 4.053870168346331848e-01
1.332865737747710000e+03 1.931302508382007090e+02 4.045860251675337804e-01
1.332886571322218970e+03 1.933409992094140932e+02 4.043042279003299933e-01
1.332907404896495564e+03 1.933176117242527994e+02 4.045529683199979853e-01
1.332928238470656652e+03 1.924493379112019511e+02 4.027622046785102605e-01
1.332949072044583090e+03 1.922033289718730202e+02 4.019314032525105329e-01
1.332969905618278062e+03 1.927532908676096213e+02 4.019796334914974567e-01
1.332990739191797502e+03 1.931818285609145960e+02 4.017792046488866120e-01
1.333011572765143455e+03 1.934605370442464505e+02 4.016914450091296773e-01
1.333032406338315013e+03 1.933689830029849190e+02 4.011156170854058289e-01
1.333053239911193941e+03 1.928112115986982360e+02 4.005732608241975856e-01
1.333074073483956909e+03 1.922782462010321183e+02 4.009271330173281300e-01
1.333094907056487955e+03 1.925123145802784279e+02 4.003159988452913431e-01
1.333115740628843014e+03 1.926281775311881290e+02 4.003806322292944309e-01
1.333136574200966606e+03 1.924349716495457585e+02 4.001036941709594785e-01
1.333157407772915576e+03 1.924728542859799916e+02 3.999417091156481918e-01
1.333178241344630351e+03 1.922530966953445670e+02 4.003404911567582380e-01
1.333199074916170957e+03 1.931553007138919043e+02 4.007338564626162225e-01
1.333219908487478506e+03 1.932533158158392155e+02 4.010012738416896538e-01
1.333240742058611886e+03 1.928062541965431933e+02 4.004270769599245772e-01
1.333261575629571553e+03 1.925100461239204606e+02 3.998557076374863462e-01
1.333282409200239499e+03 1.930390018178305809e+02 3.999779598303249140e-01
1.333303242770790348e+03 1.927887128871027187e+02 3.990839034324891732e-01
1.333324076341109048e+03 1.938925933082159929e+02 3.992173659567533894e-01
1.333344909911194463e+03 1.931814834215135761e+02 3.982495631367022892e-01
1.333365743481105483e+03 1.932429990795947674e+02 3.971193800226266446e-01
1.333386577050785036e+03 1.928476027028027602e+02 3.961181264445282624e-01
1.333407410620288374e+03 1.924117044884715995e+02 3.952647463034057451e-01
1.333428244189559109e+03 1.933074801227860746e+02 3.954372201722313740e-01
1.333449077758654994e+03 1.931313686550463729e+02 3.948980646851064646e-01
1.333469911327517821e+03 1.932873862500015889e+02 3.950379205862821208e-01
1.333490744896207161e+03 1.926531469771959735e+02 3.945119305403338439e-01
1.333511578464605918e+03 1.923652581185157260e+02 3.948850839081430308e-01
1.333532412032886441e+03 1.932848422244041444e+02 3.963325096893949295e-01
1.333553245600934588e+03 1.927202655950149790e+02 3.960709318852974059e-01
1.333574079168749904e+03 1.926235023456145825e+02 3.960767633230432572e-01
1.333594912736332844e+03 1.922527226407327987e+02 3.962337096141880233e-01
1.333615746303741616e+03 1.932230626351746139e+02 3.969616952957091827e-01
1.333636579870917103e+03 1.931548480507666454e+02 3.969165344731950817e-01
1.333657413437917512e+03 1.926798596921738636e+02 3.967284029446955240e-01
1.333678247004685090e+03 1.932007934296358940e+02 3.973442862473685611e-01
1.333699080571220520e+03 1.932860711073014386e+02 3.969354365731702639e-01
1.333719914137581100e+03 1.922809105821828837e+02 3.964322436406868544e-01
1.333740747703709076e+03 1.928262998854067689e+02 3.963543721055222124e-01
1.333761581269603994e+03 1.930754809561818774e+02 3.963005880199866326e-01
1.333782414835265627e+03 1.926732872356543282e+02 3.953825010359397485e-01
1.333803248400751954e+03 1.927482059357771220e+02 3.956021420111295872e-01
1.333824081966007043e+03 1.934722108254740363e+02 3.952527577788375601e-01
1.333844915531087054e+03 1.925253658438259947e+02 3.950355064453079379e-01
1.333865749095876026e+03 1.929996607527218089e+02 3.948829707180185333e-01
1.333886582660491058e+03 1.927786011164384661e+02 3.945482646936850357e-01
1.333907416224871440e+03 1.928031195252824261e+02 3.940091975416579739e-01
1.333928249789078109e+03 1.932423127459306045e+02 3.948868574696977607e-01
1.333949083352993966e+03 1.930645243248842178e+02 3.937523584446589453e-01
1.333969916916734974e+03 1.928714010787547863e+02 3.937377693153791824e-01
1.333990750480244060e+03 1.926741628842219711e+02 3.931093559730616249e-01
1.334011584043518951e+03 1.930052686426932667e+02 3.932693052542908241e-01
1.334032417606561467e+03 1.926890481795762469e+02 3.929527734500599112e-01
1.334053251169428904e+03 1.926689112347108619e+02 3.926739741741305800e-01
1.334074084732063966e+03 1.927836033567844822e+02 3.929104892626714141e-01
1.334094918294408899e+03 1.930163057376740028e+02 3.933460070432474032e-01
1.334115751856578527e+03 1.919308491734450683e+02 3.932835139261344204e-01
1.334136585418515097e+03 1.928807061395889377e+02 3.945703581509829583e-01
1.334157418980276816e+03 1.932448408982428418e+02 3.950141368822998045e-01
1.334178252541747497e+03 1.925819469897826082e+02 3.944374577294527673e-01
1.334199086102986485e+03 1.926793512731813962e+02 3.944274274736480623e-01
1.334219919664051076e+03 1.932995512721801674e+02 3.953602079771591504e-01
1.334240753224823038e+03 1.930701162826446478e+02 3.952977694152944865e-01
1.334261586785420604e+03 1.925088145756088807e+02 3.945936587989068989e-01
1.334282420345786022e+03 1.928453918427177314e+02 3.953982542907756859e-01
1.334303253905859492e+03 1.930382295618552746e+02 3.945690363549975710e-01
1.334324087465759021e+03 1.929187424601556984e+02 3.945180116453057551e-01
1.334344921025425947e+03 1.930183753918411185e+02 3.943546201938539775e-01
1.334365754584860042e+03 1.931357028845351920e+02 3.937458681465009769e-01
1.334386588144059942e+03 1.925317856692626037e+02 3.933236553865756546e-01
1.334407421702969941e+03 1.931584070832641942e+02 3.931643914772321446e-01
1.334428255261705090e+03 1.930970793782325075e+02 3.933167412694531517e-01
1.334449088820207635e+03 1.934633513491118606e+02 3.928919813884048096e-01
1.334469922378420051e+03 1.924255447069999150e+02 3.919835118662771678e-01
1.334490755936456935e+03 1.926700422156947354e+02 3.926509960352831952e-01
1.334511589494201871e+03 1.926498664677053512e+02 3.924499416320170186e-01
1.334532423051773094e+03 1.932452824028198108e+02 3.934922843283305549e-01
1.334553256609053506e+03 1.928659331788512361e+02 3.935234492851129029e-01
1.334574090166101087e+03 1.928547057676623524e+02 3.936440340384413927e-01
1.334594923722914928e+03 1.924306309560942339e+02 3.938068689422908886e-01
1.334615757279497075e+03 1.932541974969816181e+02 3.945124782213305648e-01
1.334636590835787047e+03 1.922750662742270720e+02 3.937284024688335604e-01
1.334657424391902623e+03 1.930816590537384911e+02 3.944716833489536056e-01
1.334678257947728525e+03 1.928026584772199215e+02 3.943209701501463327e-01
1.334699091503320915e+03 1.926209693052136913e+02 3.943399399832474561e-01
1.334719925058680019e+03 1.927206101361815911e+02 3.940437061629077919e-01
1.334740758613806065e+03 1.931314949814253623e+02 3.937515637200201257e-01
1.334761592168641528e+03 1.932369954088490260e+02 3.943653324350858136e-01
1.334782425723243477e+03 1.930481519548370102e+02 3.930070915249678776e-01
1.334803259277613506e+03 1.926492571015585327e+02 3.922526780335500729e-01
1.334824092831750932e+03 1.924384039395100388e+02 3.919937567116386079e-01
1.334844926385597091e+03 1.925185146624930894e+02 3.916391939646526876e-01
1.334865759939209511e+03 1.925674553274016887e+02 3.909455510018653990e-01
1.334886593492589100e+03 1.929369408830444570e+02 3.906388661784537808e-01
1.334907427045679469e+03 1.927105174315545071e+02 3.901388958427404741e-01
1.334928260598535871e+03 1.924446129233243425e+02 3.895956782902725846e-01
1.334949094151158988e+03 1.925870797566471424e+02 3.902426374169779000e-01
1.334969927703491521e+03 1.926693976604413763e+02 3.883675577195274120e-01
1.334990761255590996e+03 1.930124891256930084e+02 3.873383731014897191e-01
1.335011594807399433e+03 1.923641410283405264e+02 3.880792633542489156e-01
1.335032428358975494e+03 1.927781997584509668e+02 3.870842680117378976e-01
1.335053261910260971e+03 1.926723700505391719e+02 3.873094228511774206e-01
1.335074095461312027e+03 1.924318491422684758e+02 3.866156430979147962e-01
1.335094929012130933e+03 1.926309878680940244e+02 3.865177711198695687e-01
1.335115762562659029e+03 1.922094581108281375e+02 3.860427458113800392e-01
1.335136596112896086e+03 1.922993922056191707e+02 3.855449510273181724e-01
1.335157429662900540e+03 1.930185583806733405e+02 3.864563716554165751e-01
1.335178263212671936e+03 1.936647208569978318e+02 3.865148411315798560e-01
1.335199096762094086e+03 1.927739773969382782e+02 3.850330643265520991e-01
1.335219930311342068e+03 1.935942945462473688e+02 3.847670579292995496e-01
1.335240763860239440e+03 1.931751723097996774e+02 3.838166088672596565e-01
1.335261597408904890e+03 1.934403631628689197e+02 3.835129071914690768e-01
1.335282430957279985e+03 1.926394648780975274e+02 3.826365163690700344e-01
1.335303264505420884e+03 1.925972304498020264e+02 3.824666075996733250e-01
1.335324098053270973e+03 1.930928118981171906e+02 3.818731655694882487e-01
1.335365765148157607e+03 1.929147012808681154e+02 3.810073760600238835e-01
1.335386598695193015e+03 1.933575144886806640e+02 3.810854314292666523e-01
1.335407432241938068e+03 1.933514313971026866e+02 3.806217919764133817e-01
1.335428265788391400e+03 1.934159850568755985e+02 3.802569001240770907e-01
1.335449099334611901e+03 1.927202308554640808e+02 3.796110971132647949e-01
1.335469932880483611e+03 1.933419672965171401e+02 3.799282527312180524e-01
1.335490766426120899e+03 1.933462024391371301e+02 3.797627433348914061e-01
1.335511599971469423e+03 1.931770868719124223e+02 3.801808695693935647e-01
1.335532433516526908e+03 1.928270680785508659e+02 3.792330718666210854e-01
1.335553267061291990e+03 1.926959382607430769e+02 3.789496446123380435e-01
1.335574100605824015e+03 1.930418895053956305e+02 3.803955579536942855e-01
1.335594934150007930e+03 1.930436547351734760e+02 3.794962232436973060e-01
1.335615767693958560e+03 1.929541258041813876e+02 3.789198764828388133e-01
1.335636601237559944e+03 1.927997616665138025e+02 3.787861073156317260e-01
1.335657434780870517e+03 1.932289771342745723e+02 3.793599666526583647e-01
1.335678268323948032e+03 1.929788493353762249e+02 3.789092584864153790e-01
1.335699101866675846e+03 1.924693873770103210e+02 3.780682332012029745e-01
1.335719935409111940e+03 1.929511785103696582e+02 3.785784178182468040e-01
1.335740768951317477e+03 1.929139862371753509e+02 3.794903726185875348e-01
1.335761602493173541e+03 1.934288510048967566e+02 3.791265731965027252e-01
1.335782436034737202e+03 1.929645561226761004e+02 3.793985177595315395e-01
1.335803269575950935e+03 1.927743572766814566e+02 3.781784776435047069e-01
1.335824103116932974e+03 1.929018610126865951e+02 3.782790390447947626e-01
1.335844936657565995e+03 1.932698464850944617e+02 3.789553659597983959e-01
1.335865770197965958e+03 1.925158710444097778e+02 3.775725340473661262e-01
1.335886603737958922e+03 1.930381216995943134e+02 3.778693966741906718e-01
1.335907437277719055e+03 1.927032572583404999e+02 3.780291719621555746e-01
1.335928270817129032e+03 1.923990292975819045e+02 3.775330465580470918e-01
1.335949104356247972e+03 1.929237751465551867e+02 3.777824331835084037e-01
1.335969937895076555e+03 1.935613683227281001e+02 3.783775652573844184e-01
1.335990771433555892e+03 1.933752810462968625e+02 3.780637399845785396e-01
1.336011604971744418e+03 1.925638915912431912e+02 3.772439378424494727e-01
1.336032438509583926e+03 1.930316229161811066e+02 3.774132761274784920e-01
1.336053272047131031e+03 1.930859824904880213e+02 3.776654248588955931e-01
1.336074105584387098e+03 1.939708612912476440e+02 3.779550193951414783e-01
1.336094939121294829e+03 1.931854624423142752e+02 3.771068476972972983e-01
1.336115772657853995e+03 1.931519103728704181e+02 3.774721397135904488e-01
1.336136606194120532e+03 1.927296208147920993e+02 3.765393887150840224e-01
1.336157439730038050e+03 1.934740583673761023e+02 3.773235023389450715e-01
1.336178273265664984e+03 1.933566621101853400e+02 3.770955464016907399e-01
1.336199106800942900e+03 1.930890959725883533e+02 3.777249789721277007e-01
1.336219940335871343e+03 1.931644908390042303e+02 3.779567738370725460e-01
1.336240773870450994e+03 1.930822595077854942e+02 3.775970611780677388e-01
1.336261607404738925e+03 1.931812091339755284e+02 3.771161729868874879e-01
1.336282440938678064e+03 1.932404150354160777e+02 3.768907406431442619e-01
1.336303274472325484e+03 1.927254767987568584e+02 3.762874358427246713e-01
1.336324108005565904e+03 1.927094587852099323e+02 3.765446322305571192e-01
1.336344941538457988e+03 1.933271111553259516e+02 3.766486959615354402e-01
1.336365775071057897e+03 1.925771293673336970e+02 3.765389534010828987e-01
1.336386608603309014e+03 1.928618231923491919e+02 3.766395766966275649e-01
1.336407442135151996e+03 1.936362511948988754e+02 3.775207120379681092e-01
1.336428275666703939e+03 1.935137089173702805e+02 3.775025351546594243e-01
1.336449109197907546e+03 1.932194066075381329e+02 3.769005259446168710e-01
1.336469942728761907e+03 1.933770908422577861e+02 3.770272374799233939e-01
1.336490776259208360e+03 1.932736873884807665e+02 3.768917686059486405e-01
1.336511609789363092e+03 1.931671163194635596e+02 3.768509246955530911e-01
1.336532443319111053e+03 1.926265188259033323e+02 3.762425262241165247e-01
1.336553276848509995e+03 1.932289237069492458e+02 3.768405054289470368e-01
1.336574110377560373e+03 1.930204960023851015e+02 3.767163417490779764e-01
1.336594943906260596e+03 1.929720204327341264e+02 3.766146904641837212e-01
1.336615777434552911e+03 1.929233498736516310e+02 3.766129297701907852e-01
1.336636610962495979e+03 1.928570865252856095e+02 3.764402824335758568e-01
1.336657444490032503e+03 1.930932076468071159e+02 3.766000507357234461e-01
1.336678278017277989e+03 1.932495979336114544e+02 3.771046941548493181e-01
1.336699111544056905e+03 1.931917038576428638e+02 3.765053535564610310e-01
1.336719945070545464e+03 1.927777189267559095e+02 3.765725106772501163e-01
1.336740778596567907e+03 1.933051375196622814e+02 3.768779699483728596e-01
1.336761612122299994e+03 1.935818545048279873e+02 3.766927462209802568e-01
1.336782445647565510e+03 1.931043940040151199e+02 3.768197253482486464e-01
1.336803279172482462e+03 1.930779516382569057e+02 3.770710261674160013e-01
1.336824112696991961e+03 1.930763999351432574e+02 3.761298721647011178e-01
1.336844946221151986e+03 1.927843090368124592e+02 3.762884654536658990e-01
1.336865779744905012e+03 1.931659129112848916e+02 3.766113471168801019e-01
1.336886613268249448e+03 1.930352674433745221e+02 3.771026986595851227e-01
1.336907446791186430e+03 1.931511788839576411e+02 3.762573382780434184e-01
1.336928280313775531e+03 1.927872995669368663e+02 3.761195517779585273e-01
1.336949113835898970e+03 1.935791411995400324e+02 3.766630370920283077e-01
1.336969947357672936e+03 1.928991636224580191e+02 3.759988158935305691e-01
1.336990780878979876e+03 1.931902214955058525e+02 3.762904454667884702e-01
1.337011614399938026e+03 1.934208301765147837e+02 3.764027743497754819e-01
1.337032447920431878e+03 1.921419603864899557e+02 3.754897495831376886e-01
1.337053281440518049e+03 1.929314978832681788e+02 3.762876338450475977e-01
1.337074114960196084e+03 1.932916907342305137e+02 3.765771997518843062e-01
1.337094948479466439e+03 1.926922069145740579e+02 3.765898421558572240e-01
1.337115781998329112e+03 1.937877993276493100e+02 3.768315885223077477e-01
1.337136615516785014e+03 1.936063033588515623e+02 3.765414861300354632e-01
1.337157449034775482e+03 1.931247143938198008e+02 3.762576947106590075e-01
1.337178282552300971e+03 1.935612177124718585e+02 3.769698658126360291e-01
1.337199116069475167e+03 1.928718927529686198e+02 3.761607325915005684e-01
1.337219949586183930e+03 1.928657262323884538e+02 3.764596584967360160e-01
1.337240783102427940e+03 1.927816565785225862e+02 3.759901168163506391e-01
1.337261616618264043e+03 1.934423936917691833e+02 3.764017846399619893e-01
1.337282450133635393e+03 1.928669234211392904e+02 3.756511716880991947e-01
1.337303283648599972e+03 1.931122131817947718e+02 3.765603623388880106e-01
1.337324117163096616e+03 1.928869184483063179e+02 3.760959188084179727e-01
1.337344950677128054e+03 1.935188890903188224e+02 3.761741020160482285e-01
1.337365784190752947e+03 1.931120482654176840e+02 3.762032754217044528e-01
1.337386617703911497e+03 1.933264700833064182e+02 3.762780504131044146e-01
1.337407451216605523e+03 1.933699533092127183e+02 3.764159768297890563e-01
1.337428284728832523e+03 1.924772606277903435e+02 3.754609573006428835e-01
1.337449118240594089e+03 1.927931751120306387e+02 3.757581993218577776e-01
1.337469951751889994e+03 1.928211464585409090e+02 3.754602627662125824e-01
1.337490785262778900e+03 1.930550879427258337e+02 3.761542754844416359e-01
1.337511618773144619e+03 1.929656024880561631e+02 3.760470435725867255e-01
1.337532452283044904e+03 1.932978478140154550e+02 3.762071373119489359e-01
1.337553285792477482e+03 1.936718042545999765e+02 3.767309769584810120e-01
1.337574119301445080e+03 1.931416683319852439e+02 3.757877024138249200e-01
1.337594952809947017e+03 1.932019740107499217e+02 3.763119279394282479e-01
1.337615786317983975e+03 1.925330610788226124e+02 3.754559169358926973e-01
1.337636619825496837e+03 1.927855989157220904e+02 3.763168380466990204e-01
1.337657453332543810e+03 1.936259229005556506e+02 3.762711200933031019e-01
1.337678286839124894e+03 1.938147367092511502e+02 3.769672173746635435e-01
1.337699120345240544e+03 1.939294557397911376e+02 3.767303836502383096e-01
1.337719953850832098e+03 1.934598007089548730e+02 3.761412817060659219e-01
1.337740787355958446e+03 1.929407589839666173e+02 3.758683284183927942e-01
1.337761620860561379e+03 1.931012228045869108e+02 3.766202692379813644e-01
1.337782454364698424e+03 1.922833276237736015e+02 3.754992142413841605e-01
1.337803287868368443e+03 1.931080529743024101e+02 3.760752164539702402e-01
1.337824121371573938e+03 1.923854520102539993e+02 3.750175829579948661e-01
1.337865788376414002e+03 1.933040874605725890e+02 3.758447391227076051e-01
1.337886621878106553e+03 1.932742124145803473e+02 3.759960615377921367e-01
1.337907455379332077e+03 1.928230220167598361e+02 3.757529844887609327e-01
1.337928288880091941e+03 1.926533906249023858e+02 3.754474831033823290e-01
1.337949122380329072e+03 1.934892996290857639e+02 3.761379935751291148e-01
1.337969955880042107e+03 1.923325095379491927e+02 3.751133707653371285e-01
1.337990789379347461e+03 1.933651311862999478e+02 3.758550274093400145e-01
1.338011622878130083e+03 1.931795942122224403e+02 3.762762287414087026e-01
1.338032456376445907e+03 1.927452489946780361e+02 3.753768299120424645e-01
1.338053289874237635e+03 1.936782686448839570e+02 3.759984394000517871e-01
1.338074123371621454e+03 1.935715446731996394e+02 3.763471288240314294e-01
1.338094956868540066e+03 1.919719058031954262e+02 3.756369902717092146e-01
1.338115790364935947e+03 1.927137489384879530e+02 3.753457065347391430e-01
1.338136623860923919e+03 1.934265780118064981e+02 3.759874614770724044e-01
1.338157457356446002e+03 1.928922658207469283e+02 3.754914361749265295e-01
1.338178290851501970e+03 1.928275829018926970e+02 3.755468117047473520e-01
1.338199124346092049e+03 1.935094231498813429e+02 3.764540179683820154e-01
1.338219957840334018e+03 1.930131833943155470e+02 3.753076523174739276e-01
1.338240791334051892e+03 1.931777629983083955e+02 3.765832143444175495e-01
1.338261624827420064e+03 1.933189846325721533e+02 3.758193641097914428e-01
1.338282458320381011e+03 1.932042062678808634e+02 3.754815149379686634e-01
1.338303291812934958e+03 1.922789134788954755e+02 3.745873485529618296e-01
1.338324125305080088e+03 1.932497658972586407e+02 3.754769312379606649e-01
1.338344958796934407e+03 1.938384615043828205e+02 3.758810541295254937e-01
1.338365792288383091e+03 1.927439272458682638e+02 3.752280177845270792e-01
1.338386625779480937e+03 1.925248964199514319e+02 3.748489314011770879e-01
1.338407459270287973e+03 1.927986940229820618e+02 3.750313308661060163e-01
1.338428292760745990e+03 1.934645821905369019e+02 3.754989761396994585e-01
1.338449126250970949e+03 1.926371051965365098e+02 3.749275733624408136e-01
1.338469959740905551e+03 1.926979877225757036e+02 3.751706688654878330e-01
1.338490793230606869e+03 1.929584893761308138e+02 3.751478102567619155e-01
1.338511626720074446e+03 1.930396600636020423e+02 3.751091996780172022e-01
1.339678303025461446e+03 1.925514056108659986e+02 3.793536818420562562e-01
1.339699136563378943e+03 1.936434556341534687e+02 3.800608161521362161e-01
1.339719970102461957e+03 1.932474941463127891e+02 3.795934521400801120e-01
1.339740803642650462e+03 1.934940153557970746e+02 3.795376658613877074e-01
1.339761637184002439e+03 1.930440740033859868e+02 3.786440856697366741e-01
1.339782470726344854e+03 1.928223119494484195e+02 3.783297331291400889e-01
1.339803304269792989e+03 1.933660653373419507e+02 3.785839676547643751e-01
1.339824137814229971e+03 1.929967236860905757e+02 3.782521136666672779e-01
1.339844971359656483e+03 1.931120512085405778e+02 3.791019091833023880e-01
1.339865804906073436e+03 1.936042838364582792e+02 3.798761636892546978e-01
1.339886638453362593e+03 1.933412698092766959e+02 3.804199422435537437e-01
1.339907472001524638e+03 1.931841839565697967e+02 3.815546389870517197e-01
1.339928305550618916e+03 1.928722617640773365e+02 3.822428493704146946e-01
1.339949139100469893e+03 1.932123436275043105e+02 3.847735834992980775e-01
1.339969972651193530e+03 1.928586345568674290e+02 3.883719509116793089e-01
1.339990806202673411e+03 1.926456053029037037e+02 3.944946876429278326e-01
1.340011639754910902e+03 1.928493366690509276e+02 4.017198966628289791e-01
1.340032473307847567e+03 1.922409362792968750e+02 4.083044300586912145e-01
1.340053306861481360e+03 1.922627036021079050e+02 4.154537687150668956e-01
1.340074140415813872e+03 1.920485474016538205e+02 4.229221417240222602e-01
1.340094973970787578e+03 1.928613648371888587e+02 4.313021579934768202e-01
1.340115807526342451e+03 1.921474636510709786e+02 4.386996103352402421e-01
1.340136641082537608e+03 1.934146918113641220e+02 4.473237412188693085e-01
1.340157474639314842e+03 1.937131196368053452e+02 4.562506734503387618e-01
1.340178308196617081e+03 1.923291076494576544e+02 4.650312414236602021e-01
1.340199141754441371e+03 1.936301521538030954e+02 4.756268242839861715e-01
1.340219975312790439e+03 1.932954029122528539e+02 4.824861645814992883e-01
1.340240808871604941e+03 1.936490909685910822e+02 4.901502468676647295e-01
1.340261642430885104e+03 1.933017018851633395e+02 4.964621370078861617e-01
1.340282475990630473e+03 1.929629651081893655e+02 5.017522565831795678e-01
1.340303309550843096e+03 1.928256331192598338e+02 5.066773859362478927e-01
1.340324143111404055e+03 1.935169077178157124e+02 5.110157804572005302e-01
1.340344976672372013e+03 1.925144634362866043e+02 5.128673446496743171e-01
1.340365810233748107e+03 1.926179318039692419e+02 5.146124463462417031e-01
1.340386643795473447e+03 1.925010974352549908e+02 5.159742155360308447e-01
1.340407477357547577e+03 1.929055520841061764e+02 5.197963755157967158e-01
1.340428310919912974e+03 1.932004780401479991e+02 5.206386552006768698e-01
1.340449144482628526e+03 1.931815223406502184e+02 5.224734010724970679e-01
1.340469978045575544e+03 1.930840087149339581e+02 5.245732184907744289e-01
1.340490811608872036e+03 1.932386812811850803e+02 5.278511149779216982e-01
1.340511645172402041e+03 1.932783855739213834e+02 5.317726089144014789e-01
1.340532478736222401e+03 1.924891163749136638e+02 5.330874418867911357e-01
1.340553312300275593e+03 1.926746688383221624e+02 5.339075821616254824e-01
1.340574145864562070e+03 1.934845531591180077e+02 5.338812348241309680e-01
1.340594979429023624e+03 1.932780922121590663e+02 5.321607636541380026e-01
1.340615812993775080e+03 1.928611403805375346e+02 5.296338687178491211e-01
1.340636646558642951e+03 1.929644118324864337e+02 5.275306088032567509e-01
1.340657480123743426e+03 1.934208490127488460e+02 5.247005198841634410e-01
1.340678313689018978e+03 1.937248163518811737e+02 5.222912379099371449e-01
1.340699147254469608e+03 1.931594491382865897e+02 5.205016001604385600e-01
1.340719980820036653e+03 1.924610126607868494e+02 5.198731408898842332e-01
1.340740814385778549e+03 1.939440069751936164e+02 5.204341471291363819e-01
1.340761647951635950e+03 1.934608180619736970e+02 5.218087376997945226e-01
1.340782481517667975e+03 1.917108065385039879e+02 5.223737982694810489e-01
1.340803315083759117e+03 1.929897073771066118e+02 5.258513632019370387e-01
1.340824148650024654e+03 1.940441535795917218e+02 5.278230255233844481e-01
1.340844982216347944e+03 1.933273928092924905e+02 5.262257345227533412e-01
1.340865815782788104e+03 1.933026040329200157e+02 5.244234109112783093e-01
1.340886649349286472e+03 1.931523829378628250e+02 5.217609315119098312e-01
1.340907482915900573e+03 1.932137416059251507e+02 5.195158762557335885e-01
1.340928316482572882e+03 1.924305358722902781e+02 5.165038566279193111e-01
1.340949150049304080e+03 1.931148942205777246e+02 5.139838602040558424e-01
1.340969983616151922e+03 1.933437535798779834e+02 5.122034529132781788e-01
1.340990817182999081e+03 1.928594516036472726e+02 5.096358795501785277e-01
1.341011650749905129e+03 1.934303712899039454e+02 5.097510675565981586e-01
1.341032484316868931e+03 1.936619562102589214e+02 5.112491811918309370e-01
1.341053317883832506e+03 1.934530832451415847e+02 5.124474207725830954e-01
1.341074151450854515e+03 1.917513055279974594e+02 5.130372569235625013e-01
1.341094985017876979e+03 1.923253121671197334e+02 5.144221696975902480e-01
1.341115818584956969e+03 1.928395684292475778e+02 5.140095460279876516e-01
1.341136652152036959e+03 1.926358759807324930e+02 5.123954550016676102e-01
1.341157485719118085e+03 1.928336203950227912e+02 5.101128342104824798e-01
1.341178319286256510e+03 1.934187262112056658e+02 5.081517186946643561e-01
1.341199152853336500e+03 1.926553731170205594e+02 5.057784792753780012e-01
1.341219986420417172e+03 1.928216422309194229e+02 5.045631621644792730e-01
1.341240819987497616e+03 1.932592601828012846e+02 5.031626930096758654e-01
1.341261653554576924e+03 1.922881596453638338e+02 5.014144144080023846e-01
1.341282487121656914e+03 1.926881742199325060e+02 5.000372515153092001e-01
1.341303320688679378e+03 1.921686196835790668e+02 4.976384301940146027e-01
1.341324154255701615e+03 1.931925572608120376e+02 4.970587558564552588e-01
1.341344987822664962e+03 1.928324993465950854e+02 4.964090231582944379e-01
1.341365821389628991e+03 1.923851349681479803e+02 4.968616669743328718e-01
1.341386654956535494e+03 1.928989633820119991e+02 4.984655976223592577e-01
1.341407488523440406e+03 1.921314978363139119e+02 5.002486683467010087e-01
1.341428322090229358e+03 1.943851439397513730e+02 5.036295049545878033e-01
1.341449155657018991e+03 1.932882809810654692e+02 5.043169757787651086e-01
1.341469989223808625e+03 1.927925803938876754e+02 5.059462660465381401e-01
1.341490822790480934e+03 1.934536994177127269e+02 5.084625485093450248e-01
1.341511656357095944e+03 1.936820986307716055e+02 5.106387206794039679e-01
1.341532489923710500e+03 1.924084475194526078e+02 5.131601605931603860e-01
1.341553323490208641e+03 1.926916121002297757e+02 5.151364873370333219e-01
1.341574157056647891e+03 1.933692920903788206e+02 5.165897072367393594e-01
1.341594990623088052e+03 1.925997166820203290e+02 5.157564169132743404e-01
1.341615824189354043e+03 1.919842662210258766e+02 5.143020013990925454e-01
1.341636657755618444e+03 1.933002115149272697e+02 5.130521567862650345e-01
1.341657491321826001e+03 1.933902004835928494e+02 5.104870131407136524e-01
1.341678324887917370e+03 1.937439898834226426e+02 5.073980547546280695e-01
1.341699158453949622e+03 1.925259055103751678e+02 5.044646311347636969e-01
1.341719992019865458e+03 1.921353159046041981e+02 5.019799013825746448e-01
1.341740825585723087e+03 1.935556140005059831e+02 5.008866673770233646e-01
1.341761659151523418e+03 1.935320293939468286e+02 4.998341225605875682e-01
1.341782492717205969e+03 1.927607669231692000e+02 4.995486188964720631e-01
1.341803326282832131e+03 1.935562651754880505e+02 4.998767671117433364e-01
1.341824159848340514e+03 1.934844618380354007e+02 5.000973249127795839e-01
1.341844993413732482e+03 1.924583897875249079e+02 4.982604672059333106e-01
1.341865826979067151e+03 1.936929750196741509e+02 4.964718466677939812e-01
1.341886660544284496e+03 1.928370876069813278e+02 4.921489427995241472e-01
1.341907494109443633e+03 1.935086519195336621e+02 4.889805325931427804e-01
1.341928327674485899e+03 1.935211540308973497e+02 4.857512120051633575e-01
1.341949161239413115e+03 1.928268393722648000e+02 4.813841032228847738e-01
1.341969994804223461e+03 1.937315032494485934e+02 4.773513331333818499e-01
1.341990828368916937e+03 1.935929372420829111e+02 4.738132722921534756e-01
1.342011661933553114e+03 1.930577180930057750e+02 4.717594971673704229e-01
1.342032495498071967e+03 1.930490734138281539e+02 4.717999733401327944e-01
1.342053329062474404e+03 1.938653370241201799e+02 4.730328564885917797e-01
1.342074162626760426e+03 1.927879357007915075e+02 4.743477999260916622e-01
1.342094996190930488e+03 1.933707218820998435e+02 4.751562100090253593e-01
1.342115829754983906e+03 1.938176431934122377e+02 4.766835856213821332e-01
1.342136663318920455e+03 1.920396183592707473e+02 4.754672989335797517e-01
1.342157496882742180e+03 1.919570285103050367e+02 4.747688747569099865e-01
1.342219997573505907e+03 1.937452305466932501e+02 4.719106294431144599e-01
1.342240831136860834e+03 1.926701890908353505e+02 4.693740029203793962e-01
1.342261664700100482e+03 1.929013402049954209e+02 4.665916023452791883e-01
1.342282498263221896e+03 1.922500421928760659e+02 4.634155001727105483e-01
1.342303331826170051e+03 1.924369678032311128e+02 4.612239658689631927e-01
1.342324165389000882e+03 1.925787943156328197e+02 4.594438079631357752e-01
1.342344998951773505e+03 1.922713043781912745e+02 4.575726163798612411e-01
1.342365832514371505e+03 1.942948244701281908e+02 4.577212382676275615e-01
1.342386666076795336e+03 1.923428968298732400e+02 4.563686262358007117e-01
1.342407499639160960e+03 1.925024595222098753e+02 4.570495732212692674e-01
1.342428333201351506e+03 1.926139501070773008e+02 4.584164616308613049e-01
1.342449166763426092e+03 1.931396814450245074e+02 4.603064630271819224e-01
1.342470000325384490e+03 1.928610059809600159e+02 4.616330927416537055e-01
1.342490833887167355e+03 1.934619448637700145e+02 4.632241701211618490e-01
1.342511667448834942e+03 1.924646516721778937e+02 4.648168059161540966e-01
1.342532501010385431e+03 1.933174682256950234e+02 4.674899012448939239e-01
1.342553334571761070e+03 1.934487755199128571e+02 4.688338363698780209e-01
1.342574168133020521e+03 1.930695762289094830e+02 4.702993061584944678e-01
1.342595001694164011e+03 1.928038860372341503e+02 4.712416864162687347e-01
1.342615835255132879e+03 1.932370901240289243e+02 4.713085602111412586e-01
1.342636668815985558e+03 1.927957040336819148e+02 4.709730996520861135e-01
1.342657502376720913e+03 1.933386473533754781e+02 4.703979769368037966e-01
1.342678335937282554e+03 1.936292654492537224e+02 4.698111444088073352e-01
1.342699169497668436e+03 1.932838271511119785e+02 4.679351718172626295e-01
1.342720003057937902e+03 1.921143906747723520e+02 4.659884007600469946e-01
1.342740836618092089e+03 1.923922714508911156e+02 4.647944608570452885e-01
1.342761670178070972e+03 1.938680960043131734e+02 4.649229382935641808e-01
1.342782503737933439e+03 1.930957030547624242e+02 4.634923926606710487e-01
1.342803337297621511e+03 1.928687357897118488e+02 4.631102157786436413e-01
1.342824170857134959e+03 1.929715139500223415e+02 4.629743154334791111e-01
1.342845004416531538e+03 1.934179937038329342e+02 4.625124613913155214e-01
1.342865837975811473e+03 1.925811068699287887e+02 4.606973539744262380e-01
1.342886671534918150e+03 1.932826852933112036e+02 4.612630890330441935e-01
1.342907505093849068e+03 1.932373793556722603e+02 4.585523316949775552e-01
1.342928338652664024e+03 1.926649828523488850e+02 4.553458118231032969e-01
1.342949172211304813e+03 1.931407191033191566e+02 4.528652795132211972e-01
1.342970005769829640e+03 1.925996560648609091e+02 4.491470777307182694e-01
1.342990839328178026e+03 1.931210352730674913e+02 4.470492010102397606e-01
1.343011672886410452e+03 1.923257576941745413e+02 4.457534480793270970e-01
1.343032506444469163e+03 1.925662763647208067e+02 4.437369700654512084e-01
1.343053340002352570e+03 1.930218928525201534e+02 4.440517480878737877e-01
1.343074173560060899e+03 1.920919016257547298e+02 4.440628554029337760e-01
1.343095007117653950e+03 1.927426351815802548e+02 4.447719405071118848e-01
1.343115840675071922e+03 1.929770218217431079e+02 4.462082704165308278e-01
1.343136674232372570e+03 1.926614994296120642e+02 4.473506230376937953e-01
1.343157507789499959e+03 1.920413008589831350e+02 4.479105435182050288e-01
1.343178341346452044e+03 1.928055266655907474e+02 4.489140513798131060e-01
1.343199174903288167e+03 1.926931020689533796e+02 4.485234560313578478e-01
1.343220008459891460e+03 1.927992904622840342e+02 4.482685987217063239e-01
1.343240842016377883e+03 1.933831536055534457e+02 4.473771701631139575e-01
1.343261675572748572e+03 1.926109449547791996e+02 4.447566629106899372e-01
1.343282509128885522e+03 1.926570756047161979e+02 4.432893941492165313e-01
1.343303342684906056e+03 1.935938930583513979e+02 4.422390095664314735e-01
1.343324176240811084e+03 1.932864383064116396e+02 4.400234844431989423e-01
1.343345009796481918e+03 1.923256393435930534e+02 4.382876390613652529e-01
1.343365843352037018e+03 1.918930453644909733e+02 4.372388366759489275e-01
1.343386676907417950e+03 1.927151333432210549e+02 4.373932776391966093e-01
1.343407510462624941e+03 1.928243761111167487e+02 4.381035490403379362e-01
1.343428344017655945e+03 1.933412492215419434e+02 4.390867613473201647e-01
1.343449177572513008e+03 1.932155959451187925e+02 4.400207922097594260e-01
1.343470011127253429e+03 1.936642703857635297e+02 4.412266863966919361e-01
1.343490844681818999e+03 1.925963203188038051e+02 4.415920001769995662e-01
1.343511678236209491e+03 1.929317633657805686e+02 4.435718044268883165e-01
1.343532511790484023e+03 1.922950545018382513e+02 4.452894941042382926e-01
1.343553345344526406e+03 1.929478895229341049e+02 4.476174382665896734e-01
1.343574178898451464e+03 1.920922482901266903e+02 4.483867071541337013e-01
1.343595012452201900e+03 1.923223515978527587e+02 4.502219235712232037e-01
1.343615846005779076e+03 1.934186327900692390e+02 4.521604828846988999e-01
1.343636679559180948e+03 1.927072339129675527e+02 4.520693188647065819e-01
1.343657513112407514e+03 1.931604115826412169e+02 4.531555165505279370e-01
1.343678346665460140e+03 1.926562760375091159e+02 4.519479525442386958e-01
1.343699180218395895e+03 1.923011380844552889e+02 4.518267515021586744e-01
1.343720013771157028e+03 1.932380268925074915e+02 4.511234538198998223e-01
1.343740847323743992e+03 1.932604385342829119e+02 4.503594717746889353e-01
1.343761680876097444e+03 1.929908004056092636e+02 4.494692062771326047e-01
1.343782514428392915e+03 1.925667992107915154e+02 4.487626787482564272e-01
1.343803347980456692e+03 1.921695070705686135e+02 4.483011742967690783e-01
1.343824181532345392e+03 1.929215644192585160e+02 4.490630999715748417e-01
1.343845015084058559e+03 1.930741394637221902e+02 4.498001648331403923e-01
1.343865848635655539e+03 1.925104137437107568e+02 4.488699180593672122e-01
1.343886682187020142e+03 1.930053032739997718e+02 4.495446059888455470e-01
1.343907515738268103e+03 1.935599279472875764e+02 4.487319298721451633e-01
1.343928349289282551e+03 1.934476634342711918e+02 4.476282240797577749e-01
1.343949182840181038e+03 1.931213680556114127e+02 4.466336712405166165e-01
1.343970016390906039e+03 1.927243131253747777e+02 4.425621258772189925e-01
1.343990849941455508e+03 1.928018212598389027e+02 4.407130850004730149e-01
1.344011683491829899e+03 1.929414982382576795e+02 4.385013870654466128e-01
1.344032517041971914e+03 1.930152747534797868e+02 4.377275113778358318e-01
1.344053350591997969e+03 1.929998391580967905e+02 4.375031845794304930e-01
1.344074184141848491e+03 1.931773323006692351e+02 4.372536272069716956e-01
1.344095017691524845e+03 1.931651329185422981e+02 4.377142177381733168e-01
1.344115851241026576e+03 1.919607492831778472e+02 4.379336558015787806e-01
1.344136684790354138e+03 1.931303192370147883e+02 4.393290535302784017e-01
1.344157518339564376e+03 1.931308996232338586e+02 4.401522352464126153e-01
1.344178351888542466e+03 1.925982314727130813e+02 4.400565349227125167e-01
1.344199185437345932e+03 1.929865850350770131e+02 4.399148168795331548e-01
1.344220018985974093e+03 1.933540668540768195e+02 4.391226818882462135e-01
1.344240852534428086e+03 1.927090648702929343e+02 4.370590781011482462e-01
1.344261686082707456e+03 1.930504164541292482e+02 4.351450516305974126e-01
1.344282519630811976e+03 1.933139717569903553e+02 4.330482832218006672e-01
1.344303353178742555e+03 1.934266924173966515e+02 4.316914386097381318e-01
1.344324186726497828e+03 1.929090301060464867e+02 4.290844760665202817e-01
1.344345020274078934e+03 1.932030180395656487e+02 4.284361912591200805e-01
1.344365853821484961e+03 1.922934224530397103e+02 4.271075389174368575e-01
1.344386687368717048e+03 1.933415355041899772e+02 4.274327682309070897e-01
1.344407520915715395e+03 1.932621595098251248e+02 4.282650029504529443e-01
1.344428354462598008e+03 1.933949244298389942e+02 4.290349513612560783e-01
1.344449188009305999e+03 1.928668998892231059e+02 4.300201169010118840e-01
1.344470021555839139e+03 1.920123769832389087e+02 4.303531692335001435e-01
1.344490855102139449e+03 1.933013906448990156e+02 4.330259850129569710e-01
1.344511688648322433e+03 1.924441513180592267e+02 4.341147789118493527e-01
1.344532522194273952e+03 1.930806182742817612e+02 4.364429374049100252e-01
1.344553355740108600e+03 1.923351909864609866e+02 4.376960383302389013e-01
1.344574189285710872e+03 1.932813785434446459e+02 4.398623786084654985e-01
1.344595022831138976e+03 1.933631388192684710e+02 4.409179011584596353e-01
1.344615856376391548e+03 1.929010886720534188e+02 4.417004237979810233e-01
1.344636689921468587e+03 1.930383453102849387e+02 4.412795872535065222e-01
1.344657523466371458e+03 1.931584423990880168e+02 4.406745213215202406e-01
1.344720024100034607e+03 1.925496126386429694e+02 4.371946154568226994e-01
1.344740857644181460e+03 1.929884682005834975e+02 4.370410419195004392e-01
1.344761691188153463e+03 1.936312108986544160e+02 4.370599645483531082e-01
1.344782524732008369e+03 1.930019050818132484e+02 4.379336217755074867e-01
1.344803358275630444e+03 1.931761716901209525e+02 4.362321261375954329e-01
1.344824191819079488e+03 1.932183734313703667e+02 4.359219907237260050e-01
1.344845025362353908e+03 1.928796469606955952e+02 4.355322146835093888e-01
1.344865858905393907e+03 1.934551425714678885e+02 4.351423120920376308e-01
1.344886692448318627e+03 1.924277177502465577e+02 4.337757175527783282e-01
1.344907525991010061e+03 1.935332854604220927e+02 4.330259333954007972e-01
1.344928359533584626e+03 1.934044616999419191e+02 4.314281406672239028e-01
1.344949193075926814e+03 1.934390079342710749e+02 4.299302022586050653e-01
1.344970026618094835e+03 1.936615991467430717e+02 4.283086327222761502e-01
1.344990860160030024e+03 1.932929960378875762e+02 4.263941352216360503e-01
1.345011693701847435e+03 1.925064590778852391e+02 4.244395122455098535e-01
1.345032527243432924e+03 1.934847498071208634e+02 4.248752228505379702e-01
1.345053360784902907e+03 1.923103944429323064e+02 4.234665941610432638e-01
1.345074194326139605e+03 1.932856183721482637e+02 4.245002795938530582e-01
1.345095027867200542e+03 1.928538994395601094e+02 4.247238959294776794e-01
1.345115861408029559e+03 1.934629084274656918e+02 4.258461299075868012e-01
1.345136694948741933e+03 1.929653691484221270e+02 4.260242013996654031e-01
1.345157528489221022e+03 1.932973043710262573e+02 4.264197330712496958e-01
1.345178362029526397e+03 1.924603764235110930e+02 4.258904448312655910e-01
1.345199195569657604e+03 1.935512418113018214e+02 4.263348960793142961e-01
1.345220029109554616e+03 1.931891263841465332e+02 4.247928310800520024e-01
1.345240862649336123e+03 1.932370099192680755e+02 4.235406243285966266e-01
1.345261696188883889e+03 1.929165415378440684e+02 4.227513112962035802e-01
1.345282529728257941e+03 1.930289964237211677e+02 4.197950659615050650e-01
1.345303363267456916e+03 1.933947366323941708e+02 4.184910015975508712e-01
1.345324196806423060e+03 1.934581335486726630e+02 4.171185268577722316e-01
1.345345030345214582e+03 1.929112591749524768e+02 4.150285427779868974e-01
1.345365863883831025e+03 1.931319442448371149e+02 4.147045627582150451e-01
1.345386697422273983e+03 1.932027855070028863e+02 4.144476053371917712e-01
1.345407530960542545e+03 1.928219045985708249e+02 4.139621181087838608e-01
1.345428364498576912e+03 1.928696992083414727e+02 4.142345574815167186e-01
1.345449198036436428e+03 1.929410888067992005e+02 4.152056909308958210e-01
1.345470031574064024e+03 1.929696264616295025e+02 4.155674342394505838e-01
1.345490865111576113e+03 1.931129730161855207e+02 4.167808872864017244e-01
1.345511698648854008e+03 1.924532142231113596e+02 4.176934306973590361e-01
1.345532532185957507e+03 1.933710973793025971e+02 4.194488877870913290e-01
1.345553365722828403e+03 1.923640575057679314e+02 4.197520245212991163e-01
1.345574199259581974e+03 1.925155479498878037e+02 4.211642494707191764e-01
1.345595032796104078e+03 1.922579447173045537e+02 4.220575008539708683e-01
1.345615866332393125e+03 1.933285980825399690e+02 4.227299680605265952e-01
1.345636699868565529e+03 1.932201174523809470e+02 4.225958564185066102e-01
1.345657533404503965e+03 1.926073350428942206e+02 4.217822891372911553e-01
1.345678366940211163e+03 1.932255550576715564e+02 4.211871048981635779e-01
1.345699200475801490e+03 1.929489633004543521e+02 4.200930933868808892e-01
1.345720034011158987e+03 1.929680073922943109e+02 4.193378734499515481e-01
1.345740867546340951e+03 1.934096275010853958e+02 4.190088859642366326e-01
1.345761701081290994e+03 1.928218220863302861e+02 4.186088082003318611e-01
1.345782534616067096e+03 1.930361326402714042e+02 4.186050527142384237e-01
1.345803368150667438e+03 1.931116992362684641e+02 4.181823184835886664e-01
1.345824201685034950e+03 1.928691899237827556e+02 4.183084408825167300e-01
1.345845035219286956e+03 1.929934355954272007e+02 4.178887049954833621e-01
1.345865868753246559e+03 1.925947736072816383e+02 4.172841285212613993e-01
1.345886702287091339e+03 1.930664023332401200e+02 4.167333867377897572e-01
1.345907535820703060e+03 1.928469934595975985e+02 4.156270249396307737e-01
1.345928369354080587e+03 1.925495580456424420e+02 4.144783091466328617e-01
1.345949202887341926e+03 1.930041190048706881e+02 4.141522616133420653e-01
1.345970036420313590e+03 1.931743830633273546e+02 4.131070756125742038e-01
1.345990869953168385e+03 1.920098191550103195e+02 4.112869481182647724e-01
1.346011703485789440e+03 1.929110224844398829e+02 4.116368047537325436e-01
1.346032537018236326e+03 1.928729436102638886e+02 4.109851091604068141e-01
1.346053370550450381e+03 1.929949946245806416e+02 4.110121742543083045e-01
1.346074204082489814e+03 1.931882190431981030e+02 4.114815508251422060e-01
1.346095037614297098e+03 1.927825600928958067e+02 4.112929985792062593e-01
1.346115871145987057e+03 1.921481090155939455e+02 4.110212922335464980e-01
1.346136704677386433e+03 1.930388628091072860e+02 4.117839848413875625e-01
1.346157538208611186e+03 1.931813740860038422e+02 4.127111154790179537e-01
1.346178371739661998e+03 1.924922649249065216e+02 4.121959830301241134e-01
1.346199205270537504e+03 1.925291682986890862e+02 4.115427107749290991e-01
1.346220038817943077e+03 1.927417311753299884e+02 4.117295743326463975e-01
1.346240872348410903e+03 1.932172615557601887e+02 4.106180407022920753e-01
1.346261705878646808e+03 1.926707887570939590e+02 4.091808164303303297e-01
1.346282539408648972e+03 1.922687645873084250e+02 4.073533700056526374e-01
1.346303372938534039e+03 1.923765616723754874e+02 4.065121025263912502e-01
1.346324206468129432e+03 1.927718959896535011e+02 4.056313646166925246e-01
1.346345039997550430e+03 1.929704112939130312e+02 4.045334460160937562e-01
1.346365873526794985e+03 1.916019481427922244e+02 4.027571914973221978e-01
1.346386707055807619e+03 1.925357298069217507e+02 4.030407359156093494e-01
1.346407540584646540e+03 1.919836326454246489e+02 4.020340106867842933e-01
1.346428374113251948e+03 1.927727877075443246e+02 4.029237030220968463e-01
1.346449207641682051e+03 1.929737824061808737e+02 4.030465774254052280e-01
1.346470041169937986e+03 1.928250210437842895e+02 4.030894248997119456e-01
1.346490874697904019e+03 1.932389522697588404e+02 4.043402717630005250e-01
1.346511708225752500e+03 1.933699503402695541e+02 4.057098979887784895e-01
1.346532541753309943e+03 1.936300105241232075e+02 4.061762302617896170e-01
1.346553375280750970e+03 1.922262145544460452e+02 4.055195440328532852e-01
1.346574208807900959e+03 1.924154352061083557e+02 4.070462346750823857e-01
1.346595042334934988e+03 1.931955047804943320e+02 4.082801965115222531e-01
1.346615875861677523e+03 1.931585436247661960e+02 4.092962968315792538e-01
1.346636709388245436e+03 1.935218143836325737e+02 4.095882842960241743e-01
1.346657542914639180e+03 1.924871773078121464e+02 4.088444394778851243e-01
1.346678376440800093e+03 1.925292774895835919e+02 4.078883184642856374e-01
1.346699209966727949e+03 1.932442462230020226e+02 4.079297806921339808e-01
1.346720043492481182e+03 1.918001161647640060e+02 4.063845191669068213e-01
1.346740877018001356e+03 1.924047617660844480e+02 4.061760284863020209e-01
1.346761710543346908e+03 1.923693530776787100e+02 4.063741787609108647e-01
1.346782544068460084e+03 1.924265460673431392e+02 4.059507845319301200e-01
1.346803377593398181e+03 1.927033357579049095e+02 4.064123672852137936e-01
1.346824211118103904e+03 1.927618925710699216e+02 4.063980309675699343e-01
1.346845044642576568e+03 1.924493287049905064e+02 4.059577220610796622e-01
1.346865878166873927e+03 1.927106539880782350e+02 4.063845191669068213e-01
1.346886711690939137e+03 1.928679867727703652e+02 4.063279920686703739e-01
1.346907545214829952e+03 1.925166344693821827e+02 4.058691770748570904e-01
1.346928378738429501e+03 1.927987535762085827e+02 4.051506867709053772e-01
1.346949212261913090e+03 1.928408909470200854e+02 4.048527199897260509e-01
1.346970045785104958e+03 1.927018776774820026e+02 4.035336759062001510e-01
1.346990879308122430e+03 1.926284665022942022e+02 4.033536550857727554e-01
1.347011712830964370e+03 1.917885526558605136e+02 4.015185588143556639e-01
1.347032546353515954e+03 1.921465169366661883e+02 4.019097144408622091e-01
1.347053379875893825e+03 1.927952249818422672e+02 4.021005914209414001e-01
1.347074213398096617e+03 1.926263552421966097e+02 4.017199893963455670e-01
1.347095046920007917e+03 1.928345767964388244e+02 4.017118287649427688e-01
1.347115880441745048e+03 1.931478767526716354e+02 4.021710701160045587e-01
1.347136713963307557e+03 1.928470489629307565e+02 4.019340354901805856e-01
1.347157547484578117e+03 1.931786927562412188e+02 4.021355729270973955e-01
1.347220048047227920e+03 1.923813138259345124e+02 4.011008128193390143e-01
1.347240881567684028e+03 1.920388144998395887e+02 3.999328601637763270e-01
1.347261715087907987e+03 1.927065802221042361e+02 3.996404365407559833e-01
1.347282548607898434e+03 1.926619327724247626e+02 3.985797403790272697e-01
1.347303382127656505e+03 1.924368255332264539e+02 3.971887167094853566e-01
1.347324215647240180e+03 1.921359656140317327e+02 3.960219632317131255e-01
1.347345049166590570e+03 1.926530876066527469e+02 3.953757359886495015e-01
1.347365882685765428e+03 1.919426987774558597e+02 3.928494061754789768e-01
1.347386716204649929e+03 1.929694751326944697e+02 3.942707259137281373e-01
1.347407549723361171e+03 1.924314413640074406e+02 3.935451459082947023e-01
1.347428383241837992e+03 1.934034508940507351e+02 3.939322277008601159e-01
1.347449216760081981e+03 1.927298455341726537e+02 3.936271695391895808e-01
1.347470050278094504e+03 1.927108850047778787e+02 3.935276334565041001e-01
1.347490883795931495e+03 1.925014497328358516e+02 3.934808098525826026e-01
1.347511717313535428e+03 1.924104462247518939e+02 3.917477494207415867e-01
1.347532550830906530e+03 1.931844521383447670e+02 3.953437559112579769e-01
1.347553384348044801e+03 1.923925085435108997e+02 3.926794196631246958e-01
1.347574217864951152e+03 1.930678646372362834e+02 3.958835277186930068e-01
1.347595051381623989e+03 1.926814563506355000e+02 3.953669732901461398e-01
1.347615884898121976e+03 1.927319791392536956e+02 3.958268374194470196e-01
1.347636718414387815e+03 1.932589335456670767e+02 3.971411803614208758e-01
1.347657551930362388e+03 1.924426800953106351e+02 3.965274994046195101e-01
1.347678385446160974e+03 1.927592690900453078e+02 3.956752093184839336e-01
1.347699218961785846e+03 1.933269118323694897e+02 3.960167706567624957e-01
1.347720052477121044e+03 1.932415911049856163e+02 3.953777523240452063e-01
1.347740885992222047e+03 1.932158353654903635e+02 3.948397421774970661e-01
1.347761719507089992e+03 1.927636910301215778e+02 3.957406006490265526e-01
1.347782553021785134e+03 1.933245285157742899e+02 3.953982542907756859e-01
1.347803386536186963e+03 1.932115543098870205e+02 3.934977563614724949e-01
1.347824220050414624e+03 1.933985386309141745e+02 3.958161082619059412e-01
1.347845053564410591e+03 1.930367828429885719e+02 3.958126071054569040e-01
1.347865887078173500e+03 1.935079707544181247e+02 3.964729307430376881e-01
1.347886720591644007e+03 1.933224695340375945e+02 3.968760993521775471e-01
1.347907554104941482e+03 1.932917082938752458e+02 3.961141201100877307e-01
1.347928387618005445e+03 1.939461706358761433e+02 3.967227688886668102e-01
1.347949221130835895e+03 1.925750245433238490e+02 3.950871243544751277e-01
1.347970054643435105e+03 1.926497541615026421e+02 3.947465139383687371e-01
1.347990888155801031e+03 1.925263663173924442e+02 3.946460141497677987e-01
1.348011721667932989e+03 1.937859878614464435e+02 3.953912257031858002e-01
1.348032555179774135e+03 1.931672801663528674e+02 3.943433219592350492e-01
1.348053388691442024e+03 1.928194288813229491e+02 3.934054032399280088e-01
1.348074222202875944e+03 1.933643353054930287e+02 3.930400578926155353e-01
1.348095055714076807e+03 1.936378818852720656e+02 3.915004076364862473e-01
1.348115889224987995e+03 1.928976941134687024e+02 3.927567298708365962e-01
1.348136722735724106e+03 1.922806285731796549e+02 3.917109652926086261e-01
1.348157556246226932e+03 1.928111277186391135e+02 3.917329334784683814e-01
1.348178389756438037e+03 1.929948668509187826e+02 3.924179889259465925e-01
1.348199223266417448e+03 1.930035134443510572e+02 3.916999141636535731e-01
1.348220056776222464e+03 1.925432212731696211e+02 3.917622605129378877e-01
1.348240890285735077e+03 1.927984111840972048e+02 3.914007875590522212e-01
1.348261723795015996e+03 1.931531551634085986e+02 3.918217446676758864e-01
1.348282557304064085e+03 1.923392009442527808e+02 3.809974224599121939e-01
1.348303390812877979e+03 1.937429824821365685e+02 3.773522117408399934e-01
1.348324224321402198e+03 1.931812213655475148e+02 3.892048579140708342e-01
1.348345057829751568e+03 1.933957504948188841e+02 3.887626886903526868e-01
1.348365891337809444e+03 1.932291877905350077e+02 3.876333499465489663e-01
1.348386724845634944e+03 1.931766988577590212e+02 3.872264650333758773e-01
1.348407558353228069e+03 1.930450488617839824e+02 3.871330585028994187e-01
1.348428391860587453e+03 1.933629733463882303e+02 3.866772099542828967e-01
1.348449225367656027e+03 1.925584210014709470e+02 3.849159179561017496e-01
1.348470058874549522e+03 1.927219160889269745e+02 3.867804738117315844e-01
1.348490892381153117e+03 1.931039882124594556e+02 3.880841781660804846e-01
1.348511725887523426e+03 1.931327737819029551e+02 3.881587758317998071e-01
1.348532559393602014e+03 1.926769078837993447e+02 3.831099308404593562e-01
1.348553392899448681e+03 1.936351675448824210e+02 3.873940746058543438e-01
1.348574226405062518e+03 1.930959940904442362e+02 3.900603409389403753e-01
1.348595059910442615e+03 1.929216767580506087e+02 3.882962429291235695e-01
1.348615893415590563e+03 1.935153712983301943e+02 3.913140894649329016e-01
1.348636726920447927e+03 1.935160927694963391e+02 3.918389150441536350e-01
1.348657560425012889e+03 1.938901272933311759e+02 3.914392567801792122e-01
1.348678393929404592e+03 1.939918382719452552e+02 3.910304063867007796e-01
1.348699227433503893e+03 1.930116199362847738e+02 3.914468892637388286e-01
1.348720060937372182e+03 1.946322339245048738e+02 3.938596504668401832e-01
1.348740894440948068e+03 1.934493120878484262e+02 3.923366999932755284e-01
1.348761727944291124e+03 1.935078744318621489e+02 3.886024374732761633e-01
1.348782561447401804e+03 1.921754056857943453e+02 3.743897678411123309e-01
1.348803394950221445e+03 1.933750977419329331e+02 3.886428515462083677e-01
1.348824228452807802e+03 1.935960280180268285e+02 3.931475822076021531e-01
1.348845061955104029e+03 1.931336626182286409e+02 3.919801475451129558e-01
1.348865895457166516e+03 1.935439322080955833e+02 3.929662920531802328e-01
1.348886728958937965e+03 1.932780716331572819e+02 3.939299580915610610e-01
1.348907562460477038e+03 1.932620160572184602e+02 3.935181290753417827e-01
1.348928395961784190e+03 1.933822726245283263e+02 3.934262163030348702e-01
1.348949229462798939e+03 1.929396643359706047e+02 3.936916520014379639e-01
1.348970062963521968e+03 1.931234172791100434e+02 3.932498101211545638e-01
1.348990896464013531e+03 1.947243348564402368e+02 3.922881768480451781e-01
1.349011729964272490e+03 1.933122996156919271e+02 3.915612064410227688e-01
1.349032563464180839e+03 1.936376367300089782e+02 3.913702912097618003e-01
1.349053396963916384e+03 1.927346024901699195e+02 3.913524529801431506e-01
1.349074230463301546e+03 1.949370900850778696e+02 3.886849290965481152e-01
1.349095063962512086e+03 1.934765969217265251e+02 3.916279125147936746e-01
1.349115897461372924e+03 1.932489435224406691e+02 3.903634912612565788e-01
1.349136730960002296e+03 1.942472192834573264e+02 3.908211597012131167e-01
1.349157564458339948e+03 1.929074355595660393e+02 3.904667533771563614e-01
1.349178397956444087e+03 1.928212561470079720e+02 3.929949014201925550e-01
1.349199231454258097e+03 1.932659222814359907e+02 3.909935357164339154e-01
1.349220064951781069e+03 1.927464014227347491e+02 3.894439007461593105e-01
1.349240898449070983e+03 1.925331017783900336e+02 3.892103136542662267e-01
1.349261731946070086e+03 1.919565049718071350e+02 3.720136584304805649e-01
1.349282565442777468e+03 1.932943788503665417e+02 3.746250185121640652e-01
1.349303398939193812e+03 1.933419160542326551e+02 3.865228021663708602e-01
1.349324232435377553e+03 1.929648664133821114e+02 3.876653895132938232e-01
1.349345065931270710e+03 1.922319794354922919e+02 3.865054341769437740e-01
1.349365899426873057e+03 1.925119644400898267e+02 3.861765866124334257e-01
1.349386732922183000e+03 1.929122849286648602e+02 3.856695372336724770e-01
1.349407566417203043e+03 1.931022589874187076e+02 3.863611012454678528e-01
1.349428399911990482e+03 1.931240563603056444e+02 3.850861197299746408e-01
1.349449233406485973e+03 1.930653100518761391e+02 3.846820217644266182e-01
1.349470066900690654e+03 1.919823102246559472e+02 3.836060687105172784e-01
1.349490900394604523e+03 1.928464692056822116e+02 3.833016365187512098e-01
1.349511733888228036e+03 1.932876376721699501e+02 3.838999541918823311e-01
1.349532567381558465e+03 1.927374443660470433e+02 3.830084591110661796e-01
1.349553400874599447e+03 1.930719054609594139e+02 3.828872101730131927e-01
1.349574234367408053e+03 1.930430914048081945e+02 3.825884766879321663e-01
1.349595067859866049e+03 1.930310200472727047e+02 3.824288333497457559e-01
1.349615901352033461e+03 1.926560778017266387e+02 3.827849592305850868e-01
1.349636734843910290e+03 1.939833929553995517e+02 3.825229016472774801e-01
1.349657568335554515e+03 1.933076308393499687e+02 3.814758397947662916e-01
1.349720068808564974e+03 1.937079771347611086e+02 3.812103610459980363e-01
1.349740902298985930e+03 1.919862917205557267e+02 3.789289801947095526e-01
1.349761735789116074e+03 1.935576383667662697e+02 3.802422830587384173e-01
1.349782569278955634e+03 1.928739340072123412e+02 3.795069426113862332e-01
1.349803402768445949e+03 1.927132783129449933e+02 3.791731847824618140e-01
1.349824236257702523e+03 1.932738448861051381e+02 3.796748594840793078e-01
1.349845069746610534e+03 1.927855625364258287e+02 3.787909066736694919e-01
1.349865903235227961e+03 1.930462294351471257e+02 3.789353703585752742e-01
1.349886736723495005e+03 1.926658818783053562e+02 3.784618721381828310e-01
1.349907570211530583e+03 1.921295253867755832e+02 3.777220202282562944e-01
1.349928403699216460e+03 1.928311209466473599e+02 3.782838054446189258e-01
1.349949237186610389e+03 1.932522050572818557e+02 3.787749151337902465e-01
1.349970070673655982e+03 1.928769908521849459e+02 3.783632300379584645e-01
1.349990904160468972e+03 1.926337881279753503e+02 3.773647886930949769e-01
1.350011737646873371e+03 1.929868304857501755e+02 3.774314573094508796e-01
1.350032571133045167e+03 1.928205900542403128e+02 3.776323592962991804e-01
1.350053404618869081e+03 1.928992079550236838e+02 3.770348455365925000e-01
1.350074238104342840e+03 1.934006390017738681e+02 3.778983997730514521e-01
1.350095071589525105e+03 1.926188230639061487e+02 3.774239164694783710e-01
1.350115905074416332e+03 1.934257482602349967e+02 3.771660949271725127e-01
1.350136738558958996e+03 1.926999828759400941e+02 3.764576397910359140e-01
1.350157572043152868e+03 1.929196743110670127e+02 3.767294343551064184e-01
1.350178405527054565e+03 1.932200442605816590e+02 3.766955943765678549e-01
1.350199239010666133e+03 1.930406417275471540e+02 3.765561281353672629e-01
1.350220072493928456e+03 1.930894128212066221e+02 3.768489673979951715e-01
1.350240905976841077e+03 1.929546824638490534e+02 3.763671431568636483e-01
1.350261739459403543e+03 1.933521366366713892e+02 3.762866240321116051e-01
1.350282572941675880e+03 1.928692842288451175e+02 3.762984842130496776e-01
1.350303406423598972e+03 1.930085408972884409e+02 3.756813773121313593e-01
1.350324239905230570e+03 1.927098860457341232e+02 3.751892764525875390e-01
1.350345073386455624e+03 1.929487283777381208e+02 3.757433081048129342e-01
1.350365906867389640e+03 1.929334349416103009e+02 3.755444508222946509e-01
1.350386740347973500e+03 1.935360076073936852e+02 3.759668720532337027e-01
1.350407573828208569e+03 1.928634119897549795e+02 3.756665822147205458e-01
1.350428407308094393e+03 1.927482225224329397e+02 3.751931487799969878e-01
1.350449240787689632e+03 1.930152289147716260e+02 3.750996060011606570e-01
1.350470074266876509e+03 1.926657927427143875e+02 3.752622879196975125e-01
1.350490907745772802e+03 1.929958945314362211e+02 3.755588737969146051e-01
1.350511741224262096e+03 1.934564706467368751e+02 3.757141584750213203e-01
1.350532574702459442e+03 1.926441005715881545e+02 3.748268880227783040e-01
1.350553408180307997e+03 1.928814104559210136e+02 3.750730681758835394e-01
1.350574241657749553e+03 1.925999545603877152e+02 3.749427553035269978e-01
1.350595075134841863e+03 1.934662247024392343e+02 3.752838689538143258e-01
1.350615908611642453e+03 1.924346310546467009e+02 3.745494559919474997e-01
1.350636742088035589e+03 1.933456030737191611e+02 3.755887099395325834e-01
1.350657575564021954e+03 1.931529361545378549e+02 3.753058854916981324e-01
1.350678409039716826e+03 1.926329042240026297e+02 3.745814013652321584e-01
1.350699242515004016e+03 1.927494328661772443e+02 3.748892580865270663e-01
1.350720075990001078e+03 1.932295727831426859e+02 3.752632806347906413e-01
1.350740909464531569e+03 1.933199648819345100e+02 3.752154089228576517e-01
1.350761742938771022e+03 1.926639804307372401e+02 3.748739944793047507e-01
1.350782576412603021e+03 1.932266911614412948e+02 3.751245132997349518e-01
1.350803409886087138e+03 1.925769252711779700e+02 3.747829166548011237e-01
1.350824243359161983e+03 1.931347470497873928e+02 3.761294561852997487e-01
1.350845076831830511e+03 1.932752184712949202e+02 3.754417876787317643e-01
1.350865910304207546e+03 1.928588362111017602e+02 3.760114975589192721e-01
1.350886743776119147e+03 1.928912840388061340e+02 3.751011553072038374e-01
1.350907577247680365e+03 1.925307666049105535e+02 3.748648121661971033e-01
1.350928410718893701e+03 1.933965887505962655e+02 3.759369271924862810e-01
1.350949244189641377e+03 1.932521415691123536e+02 3.767971645150841042e-01
1.350970077660097104e+03 1.928676695588035273e+02 3.757649408239290278e-01
1.350990911130088080e+03 1.928052321380228591e+02 3.760620020108177419e-01
1.351011744599671601e+03 1.930124839470619520e+02 3.760454981635996119e-01
1.351032578068904968e+03 1.933970561259072838e+02 3.758862671858566595e-01
1.351053411537730881e+03 1.934521582715215402e+02 3.760963744455078084e-01
1.351074245006150022e+03 1.933564553452065127e+02 3.756729683738155301e-01
1.351095078474162165e+03 1.926246581682093222e+02 3.764629636091689768e-01
1.351115911941765489e+03 1.934676981427211615e+02 3.756581332784115768e-01
1.351136745409020477e+03 1.930481996977634935e+02 3.757438633139094097e-01
1.351157578875810486e+03 1.927384053000922961e+02 3.751700532305057845e-01
1.351178412342191450e+03 1.924842525711389953e+02 3.752719369991128762e-01
1.351199245808165415e+03 1.931754519963760117e+02 3.756404216285498809e-01
1.351220079273674401e+03 1.930917876191230960e+02 3.756755069410656067e-01
1.351240912738833913e+03 1.928691166187647639e+02 3.751955714465652347e-01
1.351261746203526855e+03 1.935863403726762613e+02 3.763827421164257503e-01
1.351282579667813934e+03 1.930576751732318996e+02 3.758454329466541788e-01
1.351303413131693105e+03 1.930497278022374701e+02 3.754774273120903283e-01
1.351324246595163459e+03 1.927249841081702186e+02 3.750455153182012391e-01
1.351345080058111307e+03 1.937584927276079156e+02 3.763722109100573476e-01
1.351365913520709455e+03 1.936005214347916876e+02 3.765235785792641066e-01
1.351386746982841942e+03 1.929542313604828507e+02 3.754840151143886140e-01
1.351407580444508540e+03 1.932698879958833516e+02 3.762442688489621156e-01
1.351428413905768593e+03 1.937882375341851002e+02 3.766202692379813644e-01
1.351449247366620966e+03 1.926384048949824717e+02 3.752823799618816847e-01
1.351470080826949015e+03 1.932439295539782051e+02 3.762974942289399882e-01
1.351490914286869611e+03 1.936284404734393831e+02 3.764485356896586365e-01
1.351511747746325000e+03 1.931670099331804522e+02 3.760041858384300384e-01
1.351532581205372026e+03 1.929650204186978613e+02 3.762381894295202533e-01
1.351553414663895637e+03 1.927827084881264739e+02 3.754949482299864694e-01
1.351574248122012023e+03 1.928408646065525147e+02 3.759116575026725249e-01
1.351595081579604539e+03 1.930858647234530565e+02 3.755406813153430723e-01
1.351615915036788920e+03 1.930729467067505709e+02 3.758438867086769664e-01
1.351636748493509003e+03 1.928826156096205011e+02 3.759355795185759241e-01
1.351657581949703854e+03 1.927679612027499445e+02 3.756781248205759427e-01
1.351678415405492615e+03 1.932339698389179716e+02 3.764647250045410898e-01
1.351699248860755915e+03 1.928064567054091754e+02 3.757132859342359188e-01
1.351720082315613126e+03 1.931192256710079107e+02 3.764356114458734526e-01
1.351740915769946014e+03 1.938479617265379318e+02 3.774183693156234476e-01
1.351761749223754123e+03 1.929985533019087995e+02 3.758426378195129369e-01
1.351782582677155915e+03 1.937841965490427469e+02 3.769194237067520770e-01
1.351803416130033838e+03 1.934251176226647146e+02 3.767257953682741634e-01
1.351824249582386983e+03 1.928938469046461535e+02 3.760341451567207338e-01
1.351845083034274921e+03 1.926139254826315721e+02 3.756545235810205829e-01
1.351865916485698108e+03 1.928158955509645693e+02 3.759238069851634223e-01
1.351886749936596971e+03 1.932346237000980125e+02 3.762337535696340662e-01
1.351907583387028808e+03 1.931203677033741997e+02 3.760878361109025181e-01
1.351928416836938595e+03 1.933603396916716406e+02 3.762885050540304976e-01
1.351949250286324059e+03 1.927211710551633246e+02 3.759004391978956194e-01
1.351970083735242952e+03 1.933212279447709250e+02 3.763347950305264145e-01
1.351990917183638430e+03 1.934682227527667919e+02 3.764082177072338165e-01
1.352011750631510495e+03 1.926122916412373627e+02 3.763212927256895379e-01
1.352032584078915988e+03 1.934042220007903836e+02 3.762931778677881534e-01
1.352053417525798523e+03 1.931191398204219922e+02 3.776825878222197508e-01
1.352074250972157188e+03 1.929701678522867780e+02 3.765311770252680046e-01
1.352095084417991984e+03 1.932291266003901171e+02 3.770883347335925451e-01
1.352115917863302002e+03 1.934544638174227771e+02 3.771758138241638192e-01
1.352136751308147041e+03 1.927237559610280186e+02 3.760595254892967754e-01
1.352157584752410457e+03 1.928400840705281212e+02 3.764810323636085809e-01
1.352220085082230071e+03 1.932710743218033826e+02 3.769749452274296919e-01
1.352240918524455992e+03 1.929037629828658567e+02 3.769398425040040301e-01
1.352261751966215570e+03 1.931525992884511709e+02 3.772833371028458394e-01
1.352282585407393526e+03 1.929358347842425303e+02 3.767106852860782062e-01
1.352303418848106503e+03 1.931614169633012068e+02 3.772226862072763365e-01
1.352324252288294474e+03 1.925095398167963765e+02 3.764072675996028017e-01
1.352345085727958121e+03 1.929474032414858300e+02 3.770841657337815622e-01
1.352365919167099037e+03 1.928211804570305787e+02 3.770349838634745598e-01
1.352386752605773836e+03 1.927604044105470109e+02 3.768645464141672230e-01
1.352407586043926131e+03 1.927074156646158087e+02 3.767799216705241538e-01
1.352428419481610945e+03 1.924996631385304227e+02 3.769923372577673737e-01
1.352449252918773027e+03 1.931988728547787844e+02 3.777674442557810708e-01
1.352470086355410103e+03 1.928030289159648021e+02 3.768854228677154805e-01
1.352490919791639953e+03 1.931834446400995944e+02 3.774501903148398396e-01
1.352511753227346617e+03 1.926502455516811096e+02 3.776870658464223096e-01
1.352532586662587164e+03 1.935840996384243056e+02 3.777616851938217502e-01
1.352553420097421167e+03 1.932059162216390575e+02 3.782321596810773734e-01
1.352574253531729937e+03 1.930843766150016165e+02 3.772549976993630483e-01
1.352595086965632618e+03 1.931621916827171219e+02 3.776107151735230705e-01
1.352615920399126480e+03 1.936311483339314918e+02 3.780484468821960209e-01
1.352636753832155591e+03 1.932260694743584963e+02 3.780907378949695530e-01
1.352657587264778158e+03 1.929398522294772818e+02 3.774562502134456987e-01
1.352678420697048978e+03 1.930265050480674347e+02 3.775386512308105957e-01
1.352699254128913026e+03 1.932584787127888433e+02 3.775772699006602062e-01
1.352720087560429420e+03 1.928646197364975876e+02 3.787115717740425769e-01
1.352740920991595885e+03 1.931880343575900270e+02 3.779039990272821670e-01
1.352761754422412650e+03 1.933633598195133061e+02 3.780055401209373445e-01
1.352782587852938832e+03 1.932348767641297798e+02 3.780350452014055729e-01
1.352803421283173520e+03 1.928804158041762946e+02 3.775499787309024580e-01
1.352824254713175833e+03 1.928958934806058210e+02 3.778729063449897119e-01
1.352845088142944405e+03 1.923610506861167835e+02 3.771226333806901865e-01
1.352865921572481057e+03 1.928697197362736802e+02 3.788971260781329176e-01
1.352886755001843085e+03 1.938089962086384048e+02 3.787544378958577762e-01
1.352907588431088016e+03 1.927300160252514445e+02 3.786706683669119333e-01
1.352928421860159688e+03 1.924145460590951586e+02 3.776926090539438063e-01
1.352949255289230450e+03 1.928268421154422754e+02 3.789869202933537351e-01
1.352970088718183888e+03 1.934224153449672770e+02 3.785855814217461424e-01
1.352990922147197125e+03 1.925026689599738745e+02 3.781256352569035695e-01
1.353011755576208998e+03 1.937281716274857502e+02 3.786353686573165622e-01
1.353032589005338650e+03 1.926781651168035694e+02 3.779365479785503634e-01
1.353053422434524919e+03 1.926657856701829417e+02 3.785926071319773989e-01
1.353074255863944927e+03 1.926772859541746641e+02 3.789483273139193087e-01
1.353095089293541150e+03 1.925950451590493344e+02 3.788726044493845868e-01
1.353115922723483891e+03 1.921400554968373342e+02 3.783486185823218273e-01
1.353136756153659917e+03 1.926806552725716699e+02 3.785901668440422863e-01
1.353157589584303423e+03 1.927795257215046547e+02 3.793513839321854264e-01
