1.325327419091051979e+03 -6.200439453125000000e+00 8.234803676605224609e-01
1.325348252445362050e+03 -7.481079101562500000e+00 8.268181681632995605e-01
1.325369085799206005e+03 -6.868774414062500000e+00 8.317163586616516113e-01
1.325389919153049050e+03 -5.459045410156250000e+00 8.374515771865844727e-01
1.325410752506426888e+03 -7.719604492187500000e+00 8.409891128540039062e-01
1.325431585859805637e+03 -6.714477539062500000e+00 8.444432020187377930e-01
1.325452419212718496e+03 -7.233581542968750000e+00 8.509441614151000977e-01
1.325473252565166604e+03 -6.464599609375000000e+00 8.499977588653564453e-01
1.325494085917612438e+03 -6.356689453125000000e+00 8.525249361991882324e-01
1.325514919270058954e+03 -7.429199218750000000e+00 8.530843257904052734e-01
1.325535752622040491e+03 -7.936401367187500000e+00 8.561383485794067383e-01
1.325556585974021345e+03 -8.235473632812500000e+00 8.582395911216735840e-01
1.325577419326003110e+03 -7.725341796875000000e+00 8.603700995445251465e-01
1.325598252677518985e+03 -5.493774414062500000e+00 8.635718226432800293e-01
1.325619086029500068e+03 -7.879760742187500000e+00 8.633314967155456543e-01
1.325639919380550054e+03 -6.181457519531250000e+00 8.653090596199035645e-01
1.325660752732065475e+03 -6.632873535156250000e+00 8.661675453186035156e-01
1.325681586083115917e+03 -7.602355957031250000e+00 8.693763017654418945e-01
1.325702419434631565e+03 -5.904541015625000000e+00 8.689565658569335938e-01
1.325723252785681098e+03 -5.439941406250000000e+00 8.706899881362915039e-01
1.325744086136265651e+03 -7.430053710937500000e+00 8.728168010711669922e-01
1.325764919487314955e+03 -6.902038574218750000e+00 8.764149546623229980e-01
1.325785752837899508e+03 -7.089416503906250000e+00 8.810843825340270996e-01
1.325806586188484061e+03 -6.699829101562500000e+00 8.851267695426940918e-01
1.325827419539534048e+03 -6.772521972656250000e+00 8.866462707519531250e-01
1.325848252889652485e+03 -5.229003906250000000e+00 8.888702392578125000e-01
1.325869086240237039e+03 -7.159545898437500000e+00 8.887335658073425293e-01
1.325889919590821592e+03 -7.145019531250000000e+00 8.872091174125671387e-01
1.325910752940938892e+03 -5.536499023437500000e+00 8.872241973876953125e-01
1.325931586291058466e+03 -6.887329101562500000e+00 8.872370719909667969e-01
1.325952419641177585e+03 -5.424926757812500000e+00 8.875598311424255371e-01
1.325973252991296022e+03 -6.278320312500000000e+00 8.874230980873107910e-01
1.325994086341414459e+03 -7.014343261718750000e+00 8.888767361640930176e-01
1.326014919691532441e+03 -6.224914550781250000e+00 8.909654617309570312e-01
1.326035753041185444e+03 -6.626892089843750000e+00 8.943027257919311523e-01
1.326056586390839584e+03 -7.790649414062500000e+00 8.938677310943603516e-01
1.326077419740491905e+03 -6.262878417968750000e+00 8.975216150283813477e-01
1.326098253090145590e+03 -7.260681152343750000e+00 8.962521553039550781e-01
1.326119086439797456e+03 -6.956054687500000000e+00 8.977699875831604004e-01
1.326139919789450005e+03 -6.158752441406250000e+00 8.992307186126708984e-01
1.326160753138638029e+03 -7.593078613281250000e+00 8.991584777832031250e-01
1.326181586487826053e+03 -7.656127929687500000e+00 8.981981277465820312e-01
1.326202419837013622e+03 -6.593322753906250000e+00 8.987262248992919922e-01
1.326223253186200509e+03 -6.906372070312500000e+00 8.997448682785034180e-01
1.326244086534922189e+03 -7.173461914062500000e+00 8.997199535369873047e-01
1.326264919884108622e+03 -6.634948730468750000e+00 9.006578922271728516e-01
1.326285753232830530e+03 -4.698547363281250000e+00 9.008617997169494629e-01
1.326306586581552892e+03 -7.408142089843750000e+00 8.999454975128173828e-01
1.326327419929808912e+03 -6.290649414062500000e+00 9.014781713485717773e-01
1.326348253278530592e+03 -4.975769042968750000e+00 9.029795527458190918e-01
1.326369086626785474e+03 -5.879394531250000000e+00 9.044852852821350098e-01
1.326389919975042631e+03 -5.585754394531250000e+00 9.051164388656616211e-01
1.326410753323298650e+03 -4.928833007812500000e+00 9.064927101135253906e-01
1.326431586671089008e+03 -6.661132812500000000e+00 9.068294763565063477e-01
1.326452420018878911e+03 -6.390014648437500000e+00 9.089402556419372559e-01
1.326473253366669041e+03 -5.057128906250000000e+00 9.101468324661254883e-01
1.326494086714459627e+03 -4.901733398437500000e+00 9.118702411651611328e-01
1.326514920061784096e+03 -5.603820800781250000e+00 9.137043952941894531e-01
1.326535753409109475e+03 -4.091613769531250000e+00 9.158219695091247559e-01
1.326556586756434172e+03 -4.524597167968750000e+00 9.185110330581665039e-01
1.326577420103292980e+03 -3.719726562500000000e+00 9.197457432746887207e-01
1.326598253450617449e+03 -5.833557128906250000e+00 9.199421405792236328e-01
1.326619086797476029e+03 -3.714355468750000000e+00 9.215598702430725098e-01
1.326639920143870086e+03 -5.232421875000000000e+00 9.235842823982238770e-01
1.326660753490263460e+03 -2.996704101562500000e+00 9.223129749298095703e-01
1.326681586836657061e+03 -4.643981933593750000e+00 9.218202233314514160e-01
1.326702420183049981e+03 -5.084960937500000000e+00 9.205580949783325195e-01
1.326723253528977466e+03 -4.485900878906250000e+00 9.187643527984619141e-01
1.326744086874904951e+03 -4.139038085937500000e+00 9.179245829582214355e-01
1.326764920220367458e+03 -5.450561523437500000e+00 9.169126152992248535e-01
1.326785753566296080e+03 -5.440490722656250000e+00 9.185441732406616211e-01
1.326806586911291561e+03 -5.199584960937500000e+00 9.182382225990295410e-01
1.326827420256752930e+03 -6.217163085937500000e+00 9.180228114128112793e-01
1.326848253601749548e+03 -5.967712402343750000e+00 9.189714789390563965e-01
1.326869086946746393e+03 -4.678588867187500000e+00 9.170548915863037109e-01
1.326889920291278031e+03 -4.330993652343750000e+00 9.161134958267211914e-01
1.326910753635808533e+03 -4.450500488281250000e+00 9.117470979690551758e-01
1.326931586980339034e+03 -5.113098144531250000e+00 9.081839919090270996e-01
1.326952420324403647e+03 -6.052856445312500000e+00 9.038847684860229492e-01
1.326973253668468033e+03 -6.692504882812500000e+00 9.015260338783264160e-01
1.326994087012067894e+03 -5.447326660156250000e+00 8.999584317207336426e-01
1.327014920355667982e+03 -6.275329589843750000e+00 9.003475904464721680e-01
1.327035753698801500e+03 -5.140380859375000000e+00 9.000667929649353027e-01
1.327056587041935018e+03 -4.977844238281250000e+00 8.992997407913208008e-01
1.327077420385068990e+03 -5.663818359375000000e+00 9.002383351325988770e-01
1.327098253727737074e+03 -4.078491210937500000e+00 9.021778702735900879e-01
1.327119087070405385e+03 -4.659057617187500000e+00 9.015902876853942871e-01
1.327139920413073469e+03 -6.862670898437500000e+00 9.019158482551574707e-01
1.327160753754810003e+03 -6.529846191406250000e+00 9.018946886062622070e-01
1.327181587097012653e+03 -4.219177246093750000e+00 9.025856256484985352e-01
1.327202420438748959e+03 -6.791381835937500000e+00 8.994864821434020996e-01
1.327223253780020968e+03 -3.191894531250000000e+00 8.995823860168457031e-01
1.327244087121757957e+03 -3.816589355468750000e+00 8.967875242233276367e-01
1.327264920462563623e+03 -5.549438476562500000e+00 8.950458168983459473e-01
1.327285753803368152e+03 -6.445678710937500000e+00 8.906755447387695312e-01
1.327306587144172909e+03 -7.388977050781250000e+00 8.882813453674316406e-01
1.327327420484512913e+03 -5.137939453125000000e+00 8.890444040298461914e-01
1.327348253824853600e+03 -5.213134765625000000e+00 8.875477910041809082e-01
1.327369087164727489e+03 -5.608398437500000000e+00 8.874735236167907715e-01
1.327389920504602060e+03 -4.809143066406250000e+00 8.869577646255493164e-01
1.327410753844009832e+03 -7.336303710937500000e+00 8.868170976638793945e-01
1.327431587183418515e+03 -6.895080566406250000e+00 8.876033425331115723e-01
1.327452420522361081e+03 -6.545593261718750000e+00 8.896102309226989746e-01
1.327473253861304556e+03 -6.026245117187500000e+00 8.928331732749938965e-01
1.327494087199781916e+03 -6.597656250000000000e+00 8.917013406753540039e-01
1.327514920538258593e+03 -4.623535156250000000e+00 8.965570330619812012e-01
1.327535753876270064e+03 -4.891967773437500000e+00 8.969855308532714844e-01
1.327556587213815419e+03 -6.120727539062500000e+00 8.987200260162353516e-01
1.327577420551827345e+03 -4.622497558593750000e+00 9.016236066818237305e-01
1.327598253888907948e+03 -5.419982910156250000e+00 9.013749361038208008e-01
1.327619087225988096e+03 -7.487304687500000000e+00 9.008267521858215332e-01
1.327639920563068017e+03 -5.732055664062500000e+00 9.013202190399169922e-01
1.327660753899682504e+03 -5.851440429687500000e+00 9.000020027160644531e-01
1.327681587235831103e+03 -5.805603027343750000e+00 9.006872177124023438e-01
1.327702420571980383e+03 -6.219665527343750000e+00 8.990389108657836914e-01
1.327723253907664457e+03 -7.242187500000000000e+00 8.989183306694030762e-01
1.327744087243346485e+03 -5.873229980468750000e+00 8.982874751091003418e-01
1.327764920578563988e+03 -7.510314941406250000e+00 8.984441757202148438e-01
1.327785753913781491e+03 -6.059570312500000000e+00 8.976098895072937012e-01
1.327806587248533106e+03 -6.382934570312500000e+00 8.978029489517211914e-01
1.327827420583284947e+03 -8.107910156250000000e+00 8.961210846900939941e-01
1.327869087251392557e+03 -7.159362792968750000e+00 8.940814733505249023e-01
1.327889920585213076e+03 -6.847106933593750000e+00 8.922265172004699707e-01
1.327910753918567480e+03 -7.273376464843750000e+00 8.909355998039245605e-01
1.327931587251457586e+03 -5.887145996093750000e+00 8.890491127967834473e-01
1.327952420584812899e+03 -7.543762207031250000e+00 8.849378824234008789e-01
1.327973253917235979e+03 -7.829650878906250000e+00 8.829559087753295898e-01
1.327994087249659515e+03 -7.954833984375000000e+00 8.808348178863525391e-01
1.328014920581616934e+03 -6.671264648437500000e+00 8.802790045738220215e-01
1.328035753913574808e+03 -5.515319824218750000e+00 8.805100321769714355e-01
1.328056587245067021e+03 -7.941345214843750000e+00 8.794786334037780762e-01
1.328077420576094028e+03 -5.482421875000000000e+00 8.806037306785583496e-01
1.328098253907120579e+03 -6.691345214843750000e+00 8.807623982429504395e-01
1.328119087237681470e+03 -6.411743164062500000e+00 8.815281987190246582e-01
1.328139920568242360e+03 -6.499816894531250000e+00 8.814146518707275391e-01
1.328160753898336907e+03 -6.265380859375000000e+00 8.810462355613708496e-01
1.328181587227966929e+03 -6.111755371093750000e+00 8.828189969062805176e-01
1.328202420557596952e+03 -6.839538574218750000e+00 8.786982893943786621e-01
1.328223253886761086e+03 -7.459106445312500000e+00 8.777754306793212891e-01
1.328244087215924992e+03 -7.213317871093750000e+00 8.767613768577575684e-01
1.328264920544623010e+03 -7.359741210937500000e+00 8.764056563377380371e-01
1.328285753872856503e+03 -4.238464355468750000e+00 8.757248520851135254e-01
1.328306587201089542e+03 -5.995544433593750000e+00 8.747183680534362793e-01
1.328327420528856010e+03 -6.177490234375000000e+00 8.728089332580566406e-01
1.328348253856157498e+03 -7.562438964843750000e+00 8.735333085060119629e-01
1.328369087183458532e+03 -7.142700195312500000e+00 8.724159002304077148e-01
1.328389920510293905e+03 -7.181884765625000000e+00 8.719283938407897949e-01
1.328410753836664526e+03 -4.937011718750000000e+00 8.720632791519165039e-01
1.328431587163035147e+03 -6.475891113281250000e+00 8.723077178001403809e-01
1.328452420488938515e+03 -6.162780761718750000e+00 8.729826807975769043e-01
1.328473253814842565e+03 -5.610717773437500000e+00 8.731338977813720703e-01
1.328494087140280953e+03 -4.619140625000000000e+00 8.753394484519958496e-01
1.328514920465253908e+03 -6.013549804687500000e+00 8.759435415267944336e-01
1.328535753790227091e+03 -7.463623046875000000e+00 8.787713050842285156e-01
1.328556587114268950e+03 -4.712829589843750000e+00 8.788723945617675781e-01
1.328577420438776471e+03 -5.430236816406250000e+00 8.805028796195983887e-01
1.328598253762351987e+03 -6.783447265625000000e+00 8.806862831115722656e-01
1.328619087085928641e+03 -7.788452148437500000e+00 8.836916089057922363e-01
1.328639920409039405e+03 -5.816223144531250000e+00 8.813093900680541992e-01
1.328660753732150170e+03 -5.881835937500000000e+00 8.814260959625244141e-01
1.328681587054794363e+03 -6.976928710937500000e+00 8.808967471122741699e-01
1.328702420376972896e+03 -5.088500976562500000e+00 8.802509903907775879e-01
1.328723253699152110e+03 -6.133300781250000000e+00 8.813137412071228027e-01
1.328744087020865436e+03 -5.509460449218750000e+00 8.825106620788574219e-01
1.328764920342113555e+03 -5.558532714843750000e+00 8.804376721382141113e-01
1.328785753662896013e+03 -6.976623535156250000e+00 8.798455595970153809e-01
1.328806586983678017e+03 -6.378784179687500000e+00 8.802830576896667480e-01
1.328827420303994131e+03 -7.333312988281250000e+00 8.803510069847106934e-01
1.328848253624310473e+03 -5.419494628906250000e+00 8.803244233131408691e-01
1.328869086943695493e+03 -4.901428222656250000e+00 8.815843462944030762e-01
1.328889920263546628e+03 -4.324829101562500000e+00 8.780816197395324707e-01
1.328910753582466441e+03 -6.540100097656250000e+00 8.765651583671569824e-01
1.328931586901386027e+03 -5.038269042968750000e+00 8.745628595352172852e-01
1.328952420219839041e+03 -6.332397460937500000e+00 8.733443021774291992e-01
1.328973253537827077e+03 -5.983642578125000000e+00 8.716768026351928711e-01
1.328994086855816022e+03 -5.547851562500000000e+00 8.702465295791625977e-01
1.329014920173338396e+03 -4.639648437500000000e+00 8.699229359626770020e-01
1.329035753490395109e+03 -6.199096679687500000e+00 8.691018223762512207e-01
1.329056586806985933e+03 -5.447265625000000000e+00 8.692994117736816406e-01
1.329077420123576985e+03 -4.157958984375000000e+00 8.703522086143493652e-01
1.329098253439701921e+03 -5.406982421875000000e+00 8.709997534751892090e-01
1.329119086755827993e+03 -4.741577148437500000e+00 8.714061975479125977e-01
1.329139920071022971e+03 -5.605834960937500000e+00 8.722217679023742676e-01
1.329160753386217038e+03 -3.895080566406250000e+00 8.719983100891113281e-01
1.329181586701411106e+03 -4.148498535156250000e+00 8.721714019775390625e-01
1.329202420015673397e+03 -5.610717773437500000e+00 8.719115853309631348e-01
1.329223253329935915e+03 -4.951965332031250000e+00 8.716547489166259766e-01
1.329244086643733908e+03 -7.344848632812500000e+00 8.694049715995788574e-01
1.329264919957530992e+03 -4.270324707031250000e+00 8.716376423835754395e-01
1.329285753270396526e+03 -6.163818359375000000e+00 8.692582845687866211e-01
1.329306586583262515e+03 -6.432800292968750000e+00 8.673210144042968750e-01
1.329327419895662388e+03 -5.123657226562500000e+00 8.673490285873413086e-01
1.329348253208062943e+03 -6.561767578125000000e+00 8.660976886749267578e-01
1.329369086519997836e+03 -6.902465820312500000e+00 8.648615479469299316e-01
1.329389919831467068e+03 -6.547180175781250000e+00 8.640998601913452148e-01
1.329410753142469503e+03 -7.842529296875000000e+00 8.654189109802246094e-01
1.329431586453472391e+03 -8.328979492187500000e+00 8.631345629692077637e-01
1.329452419764009846e+03 -7.240722656250000000e+00 8.644520044326782227e-01
1.329473253074082550e+03 -6.420532226562500000e+00 8.651619553565979004e-01
1.329494086383689137e+03 -6.987243652343750000e+00 8.646912574768066406e-01
1.329514919693295042e+03 -6.466003417968750000e+00 8.668010830879211426e-01
1.329535753002434831e+03 -8.111145019531250000e+00 8.668153882026672363e-01
1.329556586311110095e+03 -6.830261230468750000e+00 8.680832386016845703e-01
1.329577419619784905e+03 -6.292358398437500000e+00 8.696002960205078125e-01
1.329598252927529074e+03 -7.520263671875000000e+00 8.715876936912536621e-01
1.329619086235273471e+03 -8.052246093750000000e+00 8.707615137100219727e-01
1.329639919543016504e+03 -6.573974609375000000e+00 8.726598620414733887e-01
1.329660752849828896e+03 -7.641723632812500000e+00 8.707762956619262695e-01
1.329681586156641060e+03 -7.637939453125000000e+00 8.717678189277648926e-01
1.329702419462988018e+03 -8.009582519531250000e+00 8.720157146453857422e-01
1.329723252768868861e+03 -6.989868164062500000e+00 8.711157441139221191e-01
1.329744086074749930e+03 -7.203247070312500000e+00 8.734266757965087891e-01
1.329764919379699450e+03 -8.991882324218750000e+00 8.699287176132202148e-01
1.329785752684648969e+03 -8.804443359375000000e+00 8.709729313850402832e-01
1.329806585989597806e+03 -9.968383789062500000e+00 8.693377971649169922e-01
1.329827419293616458e+03 -7.630981445312500000e+00 8.698296546936035156e-01
1.329848252597635565e+03 -6.667602539062500000e+00 8.701239824295043945e-01
1.329869085901188100e+03 -7.598754882812500000e+00 8.690899014472961426e-01
1.329889919204274520e+03 -6.888977050781250000e+00 8.680502176284790039e-01
1.329910752507360939e+03 -8.141296386718750000e+00 8.681501150131225586e-01
1.329931585809982607e+03 -7.114074707031250000e+00 8.663227558135986328e-01
1.329952419112138614e+03 -7.220947265625000000e+00 8.657296299934387207e-01
1.329973252413830096e+03 -6.372619628906250000e+00 8.651714920997619629e-01
1.329994085715054098e+03 -6.362915039062500000e+00 8.638373017311096191e-01
1.330014919016278100e+03 -7.030578613281250000e+00 8.618704676628112793e-01
1.330035752317036440e+03 -7.924804687500000000e+00 8.613798618316650391e-01
1.330056585617329802e+03 -6.859069824218750000e+00 8.615617156028747559e-01
1.330077418917157502e+03 -7.605651855468750000e+00 8.609123826026916504e-01
1.330098252216984974e+03 -7.795288085937500000e+00 8.619723916053771973e-01
1.330119085516345876e+03 -8.166992187500000000e+00 8.618228435516357422e-01
1.330139918815242027e+03 -7.740905761718750000e+00 8.617614507675170898e-01
1.330160752113672061e+03 -7.996093750000000000e+00 8.626013398170471191e-01
1.330181585412103004e+03 -7.187133789062500000e+00 8.628035187721252441e-01
1.330202418710067832e+03 -8.817687988281250000e+00 8.620656728744506836e-01
1.330223252007566998e+03 -7.612060546875000000e+00 8.636393547058105469e-01
1.330244085304600958e+03 -9.159240722656250000e+00 8.628862500190734863e-01
1.330264918601634008e+03 -7.551391601562500000e+00 8.640338778495788574e-01
1.330285751897735963e+03 -6.221862792968750000e+00 8.606472015380859375e-01
1.330306585193837918e+03 -9.698730468750000000e+00 8.584684133529663086e-01
1.330327418489474894e+03 -8.831787109375000000e+00 8.581561446189880371e-01
1.330369085079815932e+03 -8.726501464843750000e+00 8.569030165672302246e-01
1.330389918374521130e+03 -7.687622070312500000e+00 8.569501042366027832e-01
1.330410751668759985e+03 -8.771057128906250000e+00 8.546987175941467285e-01
1.330431584962999978e+03 -6.939575195312500000e+00 8.551939725875854492e-01
1.330452418256307965e+03 -1.062402343750000000e+01 8.540367484092712402e-01
1.330473251549617089e+03 -6.552124023437500000e+00 8.555516004562377930e-01
1.330494084842458960e+03 -8.234863281250000000e+00 8.554124236106872559e-01
1.330514918134835625e+03 -7.703979492187500000e+00 8.569683432579040527e-01
1.330535751426747083e+03 -7.743041992187500000e+00 8.576107621192932129e-01
1.330556584718658996e+03 -7.732910156250000000e+00 8.594443798065185547e-01
1.330577418009638450e+03 -7.908447265625000000e+00 8.617362976074218750e-01
1.330598251300617903e+03 -8.023620605468750000e+00 8.615183830261230469e-01
1.330619084591597129e+03 -7.782958984375000000e+00 8.634415268898010254e-01
1.330639917881645943e+03 -7.076904296875000000e+00 8.625085353851318359e-01
1.330660751171694528e+03 -8.253112792968750000e+00 8.622066378593444824e-01
1.330681584461277907e+03 -8.345336914062500000e+00 8.631465435028076172e-01
1.330702417750394943e+03 -6.800170898437500000e+00 8.630172014236450195e-01
1.330723251039046545e+03 -7.071350097656250000e+00 8.636703491210937500e-01
1.330744084327232031e+03 -6.766601562500000000e+00 8.620259165763854980e-01
1.330764917615417517e+03 -7.308654785156250000e+00 8.623522520065307617e-01
1.330785750903138478e+03 -8.862060546875000000e+00 8.609433174133300781e-01
1.330806584190393096e+03 -6.244323730468750000e+00 8.618386983871459961e-01
1.330827417477182053e+03 -9.188720703125000000e+00 8.600965142250061035e-01
1.330848250763971009e+03 -8.177856445312500000e+00 8.601382970809936523e-01
1.330869084049828416e+03 -7.363342285156250000e+00 8.615397214889526367e-01
1.330889917335686505e+03 -8.107849121093750000e+00 8.613792061805725098e-01
1.330910750621078478e+03 -8.713806152343750000e+00 8.584541082382202148e-01
1.330931583906469996e+03 -7.057434082031250000e+00 8.585979938507080078e-01
1.330952417190930646e+03 -8.548278808593750000e+00 8.570495843887329102e-01
1.330973250475391069e+03 -7.521545410156250000e+00 8.584185242652893066e-01
1.330994083759385376e+03 -7.877197265625000000e+00 8.558712005615234375e-01
1.331014917042915386e+03 -8.307861328125000000e+00 8.559576272964477539e-01
1.331035750325979961e+03 -8.709411621093750000e+00 8.559957146644592285e-01
1.331056583609043173e+03 -1.008953857421875000e+01 8.543631434440612793e-01
1.331077416891175062e+03 -7.431945800781250000e+00 8.568109273910522461e-01
1.331098250173306951e+03 -7.016601562500000000e+00 8.555361628532409668e-01
1.331119083454972952e+03 -8.632080078125000000e+00 8.559623956680297852e-01
1.331139916736175110e+03 -7.876647949218750000e+00 8.558514714241027832e-01
1.331160750017375904e+03 -8.049072265625000000e+00 8.554433584213256836e-01
1.331181583298111946e+03 -8.791015625000000000e+00 8.569672107696533203e-01
1.331202416577915528e+03 -8.631958007812500000e+00 8.567224740982055664e-01
1.331223249857719111e+03 -7.980773925781250000e+00 8.571327328681945801e-01
1.331244083137522921e+03 -9.845703125000000000e+00 8.558859825134277344e-01
1.331264916416396545e+03 -8.058532714843750000e+00 8.551579117774963379e-01
1.331285749695268805e+03 -8.289062500000000000e+00 8.542905449867248535e-01
1.331306582973209970e+03 -8.953613281250000000e+00 8.531576991081237793e-01
1.331327416251151590e+03 -6.747680664062500000e+00 8.539108037948608398e-01
1.331348249529092527e+03 -9.757934570312500000e+00 8.510191440582275391e-01
1.331369082806103052e+03 -1.001934814453125000e+01 8.505989909172058105e-01
1.331389916082647460e+03 -7.260498046875000000e+00 8.519960641860961914e-01
1.331410749359192096e+03 -9.116699218750000000e+00 8.490954637527465820e-01
1.331431582635271070e+03 -8.406616210937500000e+00 8.502356410026550293e-01
1.331452415910883474e+03 -7.865478515625000000e+00 8.510251641273498535e-01
1.331473249186496105e+03 -9.219726562500000000e+00 8.502752184867858887e-01
1.331494082461178095e+03 -8.223999023437500000e+00 8.560625314712524414e-01
1.331514915735860541e+03 -8.677978515625000000e+00 8.499243259429931641e-01
1.331535749009610527e+03 -1.035095214843750000e+01 8.508160114288330078e-01
1.331556582283825946e+03 -9.286499023437500000e+00 8.514540791511535645e-01
1.331577415556878350e+03 -1.029174804687500000e+01 8.543460965156555176e-01
1.331598248829930981e+03 -8.318786621093750000e+00 8.535298109054565430e-01
1.331619082102517496e+03 -7.695068359375000000e+00 8.568208217620849609e-01
1.331639915374870498e+03 -9.981933593750000000e+00 8.546985983848571777e-01
1.331660748646758066e+03 -7.326599121093750000e+00 8.572767972946166992e-01
1.331681581918179972e+03 -9.043579101562500000e+00 8.563594222068786621e-01
1.331702415189136445e+03 -9.604736328125000000e+00 8.552889227867126465e-01
1.331723248459860542e+03 -9.066345214843750000e+00 8.562586903572082520e-01
1.331744081730351354e+03 -7.556091308593750000e+00 8.575248718261718750e-01
1.331764915000142992e+03 -8.307922363281250000e+00 8.555818796157836914e-01
1.331785748269702935e+03 -7.876647949218750000e+00 8.560600876808166504e-01
1.331806581539029594e+03 -7.830200195312500000e+00 8.572334647178649902e-01
1.331827414807657533e+03 -6.806274414062500000e+00 8.554404377937316895e-01
1.331848248076053096e+03 -9.417663574218750000e+00 8.552281260490417480e-01
1.331869081344216056e+03 -8.949645996093750000e+00 8.561171889305114746e-01
1.331889914611680069e+03 -8.396057128906250000e+00 8.541117906570434570e-01
1.331910747879143855e+03 -8.403625488281250000e+00 8.549922108650207520e-01
1.331931581145908922e+03 -8.826660156250000000e+00 8.534980416297912598e-01
1.331952414412442067e+03 -8.990844726562500000e+00 8.544063568115234375e-01
1.331973247678509551e+03 -9.398315429687500000e+00 8.528410792350769043e-01
1.331994080944110920e+03 -9.134033203125000000e+00 8.515906929969787598e-01
1.332014914209479457e+03 -9.844299316406250000e+00 8.510217666625976562e-01
1.332035747474382106e+03 -9.386230468750000000e+00 8.523667454719543457e-01
1.332056580739051469e+03 -7.484375000000000000e+00 8.519475460052490234e-01
1.332077414003255853e+03 -8.115844726562500000e+00 8.511825799942016602e-01
1.332098247266995941e+03 -1.011950683593750000e+01 8.516969680786132812e-01
1.332119080530268548e+03 -9.830078125000000000e+00 8.516286015510559082e-01
1.332139913793308551e+03 -7.346252441406250000e+00 8.526384830474853516e-01
1.332160747055882439e+03 -9.011352539062500000e+00 8.532057404518127441e-01
1.332181580318223951e+03 -8.901000976562500000e+00 8.526033759117126465e-01
1.332202413580101620e+03 -8.538574218750000000e+00 8.524892330169677734e-01
1.332223246841511809e+03 -9.094970703125000000e+00 8.518971204757690430e-01
1.332244080102456110e+03 -7.976135253906250000e+00 8.514350056648254395e-01
1.332264913363168034e+03 -8.584533691406250000e+00 8.517719507217407227e-01
1.332285746623414070e+03 -8.116577148437500000e+00 8.513916134834289551e-01
1.332306579882729466e+03 -9.898315429687500000e+00 8.509835600852966309e-01
1.332327413142278147e+03 -8.399047851562500000e+00 8.495442867279052734e-01
1.332348246401359575e+03 -7.514038085937500000e+00 8.485988974571228027e-01
1.332369079660209081e+03 -9.481323242187500000e+00 8.464024662971496582e-01
1.332389912918592472e+03 -1.006671142578125000e+01 8.464110493659973145e-01
1.332410746176509974e+03 -9.496704101562500000e+00 8.452783226966857910e-01
1.332431579433962952e+03 -9.825988769531250000e+00 8.439350128173828125e-01
1.332452412691181962e+03 -9.866760253906250000e+00 8.438622951507568359e-01
1.332473245947935993e+03 -8.462646484375000000e+00 8.448750972747802734e-01
1.332494079204457194e+03 -9.639770507812500000e+00 8.455970883369445801e-01
1.332514912460278993e+03 -9.901184082031250000e+00 8.453713059425354004e-01
1.332535745715869098e+03 -1.062475585937500000e+01 8.457906842231750488e-01
1.332556578971225917e+03 -8.961791992187500000e+00 8.467476963996887207e-01
1.332577412226117985e+03 -9.952148437500000000e+00 8.475943803787231445e-01
1.332598245480543028e+03 -1.123645019531250000e+01 8.478226065635681152e-01
1.332619078734501954e+03 -8.515136718750000000e+00 8.499135375022888184e-01
1.332639911988230097e+03 -9.470825195312500000e+00 8.514249920845031738e-01
1.332660745241490986e+03 -9.637939453125000000e+00 8.499462008476257324e-01
1.332681578494286896e+03 -7.976684570312500000e+00 8.504977226257324219e-01
1.332702411746850430e+03 -9.243041992187500000e+00 8.512741327285766602e-01
1.332723244998947393e+03 -8.346130371093750000e+00 8.502039909362792969e-01
1.332744078250578923e+03 -9.259094238281250000e+00 8.492318391799926758e-01
1.332764911501977167e+03 -6.905883789062500000e+00 8.500408530235290527e-01
1.332785744752677601e+03 -9.939758300781250000e+00 8.497183322906494141e-01
1.332806578003378945e+03 -9.623657226562500000e+00 8.492354154586791992e-01
1.332827411253379978e+03 -1.059240722656250000e+01 8.480682373046875000e-01
1.332869077752452085e+03 -1.069494628906250000e+01 8.469306230545043945e-01
1.332889911001521796e+03 -1.185571289062500000e+01 8.459327220916748047e-01
1.332910744249894378e+03 -9.485473632812500000e+00 8.468984961509704590e-01
1.332931577498033448e+03 -9.882995605468750000e+00 8.469339013099670410e-01
1.332952410745939915e+03 -9.278320312500000000e+00 8.461058735847473145e-01
1.332973243993380947e+03 -9.218688964843750000e+00 8.476476073265075684e-01
1.332994077240121896e+03 -8.950683593750000000e+00 8.464048504829406738e-01
1.333014910486864437e+03 -9.538635253906250000e+00 8.462355136871337891e-01
1.333035743732908941e+03 -9.032775878906250000e+00 8.467295765876770020e-01
1.333056576978719477e+03 -9.949645996093750000e+00 8.448821902275085449e-01
1.333077410224063897e+03 -7.639526367187500000e+00 8.456237912178039551e-01
1.333098243469177078e+03 -9.843750000000000000e+00 8.461797237396240234e-01
1.333119076713823006e+03 -9.278869628906250000e+00 8.461797237396240234e-01
1.333139909958004409e+03 -7.743469238281250000e+00 8.476101756095886230e-01
1.333160743201721061e+03 -9.167114257812500000e+00 8.466313481330871582e-01
1.333181576445203063e+03 -1.060430908203125000e+01 8.474562168121337891e-01
1.333202409688218950e+03 -9.955139160156250000e+00 8.476134538650512695e-01
1.333223242930770084e+03 -9.087585449218750000e+00 8.473848104476928711e-01
1.333244076173087933e+03 -1.012854003906250000e+01 8.473924398422241211e-01
1.333264909414941485e+03 -9.251403808593750000e+00 8.489575982093811035e-01
1.333285742656329148e+03 -8.979003906250000000e+00 8.476226329803466797e-01
1.333306575897250013e+03 -1.012640380859375000e+01 8.456897139549255371e-01
1.333327409137938957e+03 -9.134765625000000000e+00 8.454040884971618652e-01
1.333348242378161103e+03 -1.078167724609375000e+01 8.431932330131530762e-01
1.333369075618151555e+03 -9.109497070312500000e+00 8.433266878128051758e-01
1.333389908857443970e+03 -1.047802734375000000e+01 8.413692116737365723e-01
1.333410742096502418e+03 -9.697143554687500000e+00 8.431453108787536621e-01
1.333431575335094976e+03 -9.060913085937500000e+00 8.409443497657775879e-01
1.333452408573455614e+03 -8.433105468750000000e+00 8.413493633270263672e-01
1.333473241811349453e+03 -9.287963867187500000e+00 8.404258489608764648e-01
1.333494075048778996e+03 -9.686035156250000000e+00 8.405455946922302246e-01
1.333514908285743104e+03 -9.465820312500000000e+00 8.424729108810424805e-01
1.333535741522473018e+03 -9.484375000000000000e+00 8.427407145500183105e-01
1.333556574758737497e+03 -9.266357421875000000e+00 8.432918787002563477e-01
1.333577407994536998e+03 -9.893615722656250000e+00 8.440060615539550781e-01
1.333598241230102531e+03 -1.046447753906250000e+01 8.447861671447753906e-01
1.333619074464970481e+03 -1.056774902343750000e+01 8.443864583969116211e-01
1.333639907699839114e+03 -1.133874511718750000e+01 8.453553915023803711e-01
1.333660740934008118e+03 -1.010424804687500000e+01 8.465670943260192871e-01
1.333681574167944063e+03 -1.047863769531250000e+01 8.460765480995178223e-01
1.333702407401415485e+03 -9.122009277343750000e+00 8.461961150169372559e-01
1.333723240634421018e+03 -1.030999755859375000e+01 8.470456004142761230e-01
1.333744073866959980e+03 -1.109991455078125000e+01 8.453552722930908203e-01
1.333764907099267475e+03 -9.453125000000000000e+00 8.458390235900878906e-01
1.333785740331108173e+03 -9.151855468750000000e+00 8.453139662742614746e-01
1.333806573562716039e+03 -8.237548828125000000e+00 8.455064892768859863e-01
1.333827406793625414e+03 -9.177551269531250000e+00 8.462498188018798828e-01
1.333848240024303095e+03 -7.770812988281250000e+00 8.462072014808654785e-01
1.333869073254513978e+03 -7.817138671875000000e+00 8.453625440597534180e-01
1.333889906484492940e+03 -9.642578125000000000e+00 8.449588418006896973e-01
1.333910739713771818e+03 -1.027404785156250000e+01 8.435953855514526367e-01
1.333931572942819002e+03 -9.196777343750000000e+00 8.435077071189880371e-01
1.333952406171632902e+03 -1.062902832031250000e+01 8.436912298202514648e-01
1.333973239399748991e+03 -8.663269042968750000e+00 8.429487943649291992e-01
1.333994072627632022e+03 -8.835571289062500000e+00 8.428752422332763672e-01
1.334014905855050074e+03 -8.971496582031250000e+00 8.422272801399230957e-01
1.334035739082233476e+03 -7.076721191406250000e+00 8.439174890518188477e-01
1.334056572308719069e+03 -8.132812500000000000e+00 8.424437642097473145e-01
1.334077405534972513e+03 -8.510803222656250000e+00 8.424949645996093750e-01
1.334098238760760069e+03 -1.001202392578125000e+01 8.424163460731506348e-01
1.334119071986315021e+03 -9.421203613281250000e+00 8.421353101730346680e-01
1.334139905211171026e+03 -9.299560546875000000e+00 8.429207205772399902e-01
1.334160738435793974e+03 -9.075378417968750000e+00 8.436651825904846191e-01
1.334181571660184090e+03 -1.015637207031250000e+01 8.433030843734741211e-01
1.334202404883877080e+03 -1.033496093750000000e+01 8.438880443572998047e-01
1.334223238107337011e+03 -9.833679199218750000e+00 8.441886305809020996e-01
1.334244071330329916e+03 -9.425781250000000000e+00 8.442185521125793457e-01
1.334264904552856933e+03 -9.772583007812500000e+00 8.435318470001220703e-01
1.334285737775152938e+03 -9.875793457031250000e+00 8.430289030075073242e-01
1.334306570996981463e+03 -9.107116699218750000e+00 8.432190418243408203e-01
1.334327404218345464e+03 -1.032727050781250000e+01 8.417177200317382812e-01
1.334348237439244031e+03 -9.612060546875000000e+00 8.417890071868896484e-01
1.334369070659909084e+03 -9.819152832031250000e+00 8.397505879402160645e-01
1.334389903880108022e+03 -8.221679687500000000e+00 8.416081070899963379e-01
1.334410737099841981e+03 -9.748168945312500000e+00 8.399230241775512695e-01
1.334431570319109596e+03 -9.319702148437500000e+00 8.388330936431884766e-01
1.334452403538145063e+03 -8.982727050781250000e+00 8.384730219841003418e-01
1.334473236756716005e+03 -9.201416015625000000e+00 8.382769227027893066e-01
1.334494069974819922e+03 -9.392578125000000000e+00 8.399871587753295898e-01
1.334514903192457950e+03 -1.004095458984375000e+01 8.381711244583129883e-01
1.334535736409862920e+03 -8.522216796875000000e+00 8.399300575256347656e-01
1.334556569626803594e+03 -9.198181152343750000e+00 8.401461839675903320e-01
1.334577402843277923e+03 -9.673583984375000000e+00 8.409687876701354980e-01
1.334598236059285910e+03 -8.392761230468750000e+00 8.414257168769836426e-01
1.334619069275061975e+03 -9.792297363281250000e+00 8.411567807197570801e-01
1.334639902490371469e+03 -8.523498535156250000e+00 8.418393731117248535e-01
1.334660735705215984e+03 -9.244873046875000000e+00 8.426643610000610352e-01
1.334681568919595520e+03 -9.586975097656250000e+00 8.434945940971374512e-01
1.334702402133741998e+03 -1.022106933593750000e+01 8.411397337913513184e-01
1.334723235347421905e+03 -1.009497070312500000e+01 8.425276279449462891e-01
1.334744068560635924e+03 -9.611083984375000000e+00 8.410574793815612793e-01
1.334764901773384963e+03 -8.775451660156250000e+00 8.420592546463012695e-01
1.334785734985900490e+03 -9.325317382812500000e+00 8.421555757522583008e-01
1.334806568197951492e+03 -9.432800292968750000e+00 8.404107689857482910e-01
1.334827401409537060e+03 -8.658569335937500000e+00 8.401084542274475098e-01
1.334848234620656058e+03 -8.955261230468750000e+00 8.407588005065917969e-01
1.334869067831309621e+03 -1.027313232421875000e+01 8.392542004585266113e-01
1.334889901041728990e+03 -9.252868652343750000e+00 8.395760059356689453e-01
1.334910734251685426e+03 -8.788208007812500000e+00 8.399169445037841797e-01
1.334931567461174836e+03 -9.340515136718750000e+00 8.387678265571594238e-01
1.334952400670430961e+03 -1.010797119140625000e+01 8.381065130233764648e-01
1.334973233879222107e+03 -8.484619140625000000e+00 8.379864692687988281e-01
1.334994067087546910e+03 -8.724060058593750000e+00 8.382004499435424805e-01
1.335014900295405823e+03 -9.825805664062500000e+00 8.367972373962402344e-01
1.335035733502800440e+03 -9.268981933593750000e+00 8.378825783729553223e-01
1.335056566709961999e+03 -9.487792968750000000e+00 8.365732431411743164e-01
1.335077399916656987e+03 -8.207641601562500000e+00 8.370120525360107422e-01
1.335098233122886086e+03 -9.099487304687500000e+00 8.387868404388427734e-01
1.335119066328649978e+03 -9.689697265625000000e+00 8.368428349494934082e-01
1.335139899533948892e+03 -7.863525390625000000e+00 8.378084301948547363e-01
1.335160732739014975e+03 -9.050659179687500000e+00 8.372491598129272461e-01
1.335181565943614942e+03 -8.460449218750000000e+00 8.391483426094055176e-01
1.335202399147749020e+03 -1.036810302734375000e+01 8.390680551528930664e-01
1.335223232351650950e+03 -9.855712890625000000e+00 8.367599248886108398e-01
1.335244065554853023e+03 -8.477355957031250000e+00 8.364200592041015625e-01
1.335264898757823630e+03 -9.784667968750000000e+00 8.377128839492797852e-01
1.335285731960329031e+03 -8.885620117187500000e+00 8.353184461593627930e-01
1.335306565162366951e+03 -8.955871582031250000e+00 8.346987366676330566e-01
1.335327398364172041e+03 -1.048767089843750000e+01 8.328800797462463379e-01
1.335369064766154906e+03 -8.930297851562500000e+00 8.317005634307861328e-01
1.335389897966563922e+03 -8.787963867187500000e+00 8.305394649505615234e-01
1.335410731166740106e+03 -8.425781250000000000e+00 8.300969004631042480e-01
1.335431564366218026e+03 -9.296691894531250000e+00 8.294051885604858398e-01
1.335452397565462888e+03 -9.200317382812500000e+00 8.290297985076904297e-01
1.335473230764008349e+03 -9.167358398437500000e+00 8.282472491264343262e-01
1.335494063962554037e+03 -8.824157714843750000e+00 8.271811604499816895e-01
1.335514897160403052e+03 -9.178955078125000000e+00 8.275156617164611816e-01
1.335535730357785951e+03 -9.227416992187500000e+00 8.275303840637207031e-01
1.335556563554935110e+03 -7.614379882812500000e+00 8.271630406379699707e-01
1.335577396751617925e+03 -8.001953125000000000e+00 8.283975124359130859e-01
1.335598229947835989e+03 -8.558532714843750000e+00 8.309918642044067383e-01
1.335619063143588392e+03 -9.170532226562500000e+00 8.255933523178100586e-01
1.335639896338874905e+03 -8.897216796875000000e+00 8.245663642883300781e-01
1.335660729533929498e+03 -9.550964355468750000e+00 8.235968351364135742e-01
1.335681562728284916e+03 -8.900817871093750000e+00 8.231780529022216797e-01
1.335702395922407050e+03 -1.017773437500000000e+01 8.216822743415832520e-01
1.335723229116063067e+03 -8.341064453125000000e+00 8.214918971061706543e-01
1.335744062309255469e+03 -8.381652832031250000e+00 8.200299739837646484e-01
1.335764895502214586e+03 -1.061041259765625000e+01 8.182583451271057129e-01
1.335785728694474074e+03 -9.196044921875000000e+00 8.179338574409484863e-01
1.335806561886500504e+03 -9.946838378906250000e+00 8.197017908096313477e-01
1.335827395078061954e+03 -8.145019531250000000e+00 8.190759420394897461e-01
1.335848228269157971e+03 -8.533996582031250000e+00 8.172236084938049316e-01
1.335869061459788099e+03 -1.015496826171875000e+01 8.162542581558227539e-01
1.335889894649953021e+03 -1.040209960937500000e+01 8.153980970382690430e-01
1.335910727839883975e+03 -9.597961425781250000e+00 8.151615262031555176e-01
1.335931561029118029e+03 -8.711486816406250000e+00 8.149364590644836426e-01
1.335952394218117433e+03 -9.353210449218750000e+00 8.174852132797241211e-01
1.335973227406651858e+03 -9.988037109375000000e+00 8.148827552795410156e-01
1.335994060594721986e+03 -8.441040039062500000e+00 8.149002790451049805e-01
1.336014893782325089e+03 -9.377258300781250000e+00 8.152824044227600098e-01
1.336035726969696043e+03 -9.056701660156250000e+00 8.132463693618774414e-01
1.336056560156367595e+03 -9.450927734375000000e+00 8.129152655601501465e-01
1.336077393342573032e+03 -1.034265136718750000e+01 8.118317723274230957e-01
1.336098226528547457e+03 -8.925476074218750000e+00 8.130841255187988281e-01
1.336119059714055993e+03 -9.517272949218750000e+00 8.155763149261474609e-01
1.336139892899097504e+03 -9.212219238281250000e+00 8.119596242904663086e-01
1.336160726083673580e+03 -8.435913085937500000e+00 8.121341466903686523e-01
1.336181559267784451e+03 -8.238281250000000000e+00 8.120259046554565430e-01
1.336202392451430114e+03 -9.378051757812500000e+00 8.118296265602111816e-01
1.336223225634608980e+03 -8.451660156250000000e+00 8.120791912078857422e-01
1.336244058817555924e+03 -9.671447753906250000e+00 8.111775517463684082e-01
1.336264891999804604e+03 -1.087567138671875000e+01 8.114604353904724121e-01
1.336285725181819998e+03 -9.405456542968750000e+00 8.119813799858093262e-01
1.336306558363136446e+03 -9.115661621093750000e+00 8.118720650672912598e-01
1.336327391544220518e+03 -9.247802734375000000e+00 8.133113384246826172e-01
1.336348224724840065e+03 -9.109924316406250000e+00 8.118505477905273438e-01
1.336369057904992587e+03 -9.390441894531250000e+00 8.123039603233337402e-01
1.336389891084679903e+03 -9.710571289062500000e+00 8.115420937538146973e-01
1.336410724263900647e+03 -9.535278320312500000e+00 8.118950724601745605e-01
1.336431557442655958e+03 -8.889587402343750000e+00 8.125630021095275879e-01
1.336452390620946517e+03 -9.491027832031250000e+00 8.114479780197143555e-01
1.336473223798772096e+03 -9.491516113281250000e+00 8.115006089210510254e-01
1.336494056976130196e+03 -1.036309814453125000e+01 8.109940886497497559e-01
1.336514890153022407e+03 -8.145690917968750000e+00 8.118923306465148926e-01
1.336535723329450093e+03 -9.287292480468750000e+00 8.121829628944396973e-01
1.336556556505411891e+03 -9.051513671875000000e+00 8.122755885124206543e-01
1.336577389681141540e+03 -9.536743164062500000e+00 8.118284940719604492e-01
1.336598222856172470e+03 -1.019677734375000000e+01 8.117915987968444824e-01
1.336619056030736374e+03 -8.599121093750000000e+00 8.128335475921630859e-01
1.336639889204835981e+03 -1.082623291015625000e+01 8.106682896614074707e-01
1.336660722378469472e+03 -8.955810546875000000e+00 8.110451102256774902e-01
1.336681555551637075e+03 -9.132202148437500000e+00 8.114903569221496582e-01
1.336702388724339926e+03 -1.011865234375000000e+01 8.117520213127136230e-01
1.336723221896575978e+03 -8.580444335937500000e+00 8.122372627258300781e-01
1.336744055068347052e+03 -1.038891601562500000e+01 8.117538690567016602e-01
1.336764888239652464e+03 -9.882934570312500000e+00 8.110247850418090820e-01
1.336785721410491533e+03 -9.363830566406250000e+00 8.112120032310485840e-01
1.336806554580865395e+03 -9.384765625000000000e+00 8.114783167839050293e-01
1.336827387750774051e+03 -9.518981933593750000e+00 8.113445043563842773e-01
1.336848220919983987e+03 -7.675476074218750000e+00 8.120748996734619141e-01
1.336869054088961093e+03 -8.571044921875000000e+00 8.129061460494995117e-01
1.336889887257239025e+03 -8.577148437500000000e+00 8.129196166992187500e-01
1.336910720425051068e+03 -9.486816406250000000e+00 8.135754466056823730e-01
1.336931553592631644e+03 -1.019897460937500000e+01 8.106554150581359863e-01
1.336952386759280898e+03 -9.008728027343750000e+00 8.116557002067565918e-01
1.336973219925697094e+03 -1.028717041015625000e+01 8.123987317085266113e-01
1.336994053091646492e+03 -8.131835937500000000e+00 8.118932843208312988e-01
1.337014886256896943e+03 -8.879638671875000000e+00 8.121702075004577637e-01
1.337035719421916838e+03 -8.447021484375000000e+00 8.120222687721252441e-01
1.337056552586238013e+03 -9.242187500000000000e+00 8.112543225288391113e-01
1.337077385750093072e+03 -9.559570312500000000e+00 8.110464215278625488e-01
1.337098218913247820e+03 -8.794128417968750000e+00 8.134341239929199219e-01
1.337119052075938043e+03 -8.077758789062500000e+00 8.114303946495056152e-01
1.337139885238395891e+03 -9.732788085937500000e+00 8.115196824073791504e-01
1.337160718399922644e+03 -7.868713378906250000e+00 8.126785755157470703e-01
1.337181551561217020e+03 -9.760864257812500000e+00 8.117890357971191406e-01
1.337202384721811541e+03 -9.473327636718750000e+00 8.115358948707580566e-01
1.337223217881939945e+03 -9.181518554687500000e+00 8.125641942024230957e-01
1.337244051041604052e+03 -8.817382812500000000e+00 8.136968016624450684e-01
1.337264884200568986e+03 -8.288391113281250000e+00 8.116919994354248047e-01
1.337285717359069622e+03 -7.852722167968750000e+00 8.147956132888793945e-01
1.337306550516871084e+03 -9.018554687500000000e+00 8.121329545974731445e-01
1.337327383674205976e+03 -9.657714843750000000e+00 8.121536970138549805e-01
1.337348216831074978e+03 -9.232910156250000000e+00 8.120106458663940430e-01
1.337369049987245944e+03 -9.284484863281250000e+00 8.109900951385498047e-01
1.337389883142719100e+03 -9.095947265625000000e+00 8.118814229965209961e-01
1.337410716297959425e+03 -1.078735351562500000e+01 8.107997775077819824e-01
1.337431549452268428e+03 -9.303100585937500000e+00 8.122364282608032227e-01
1.337452382606111087e+03 -9.539978027343750000e+00 8.114023804664611816e-01
1.337473215759488085e+03 -9.836181640625000000e+00 8.122787475585937500e-01
1.337494048912167045e+03 -8.502197265625000000e+00 8.125387430191040039e-01
1.337514882064147969e+03 -9.368713378906250000e+00 8.117035031318664551e-01
1.337535715215663458e+03 -8.476867675781250000e+00 8.129780292510986328e-01
1.337556548366479092e+03 -9.414184570312500000e+00 8.112971782684326172e-01
1.337577381516596006e+03 -9.780029296875000000e+00 8.127400279045104980e-01
1.337598214666247941e+03 -8.970703125000000000e+00 8.113132119178771973e-01
1.337619047814969008e+03 -8.235473632812500000e+00 8.114178776741027832e-01
1.337639880963224641e+03 -1.057312011718750000e+01 8.115444183349609375e-01
1.337660714111013476e+03 -8.766357421875000000e+00 8.132093548774719238e-01
1.337681547257870989e+03 -8.456115722656250000e+00 8.118016719818115234e-01
1.337702380404030919e+03 -8.831604003906250000e+00 8.126112222671508789e-01
1.337723213549724960e+03 -8.753479003906250000e+00 8.118237257003784180e-01
1.337744046694486997e+03 -9.036987304687500000e+00 8.116796016693115234e-01
1.337764879838784509e+03 -9.608154296875000000e+00 8.136781454086303711e-01
1.337785712982382847e+03 -9.964355468750000000e+00 8.110954761505126953e-01
1.337806546125049408e+03 -7.941650390625000000e+00 8.115906119346618652e-01
1.337827379267017932e+03 -1.012713623046875000e+01 8.119926452636718750e-01
1.337869045548860413e+03 -8.319396972656250000e+00 8.115376234054565430e-01
1.337889878688734370e+03 -8.674438476562500000e+00 8.142308592796325684e-01
1.337910711827675641e+03 -7.942138671875000000e+00 8.119236826896667480e-01
1.337931544965917965e+03 -9.665893554687500000e+00 8.111026287078857422e-01
1.337952378103230103e+03 -9.744995117187500000e+00 8.117744922637939453e-01
1.337973211239843977e+03 -8.845886230468750000e+00 8.116700053215026855e-01
1.337994044375759586e+03 -9.819824218750000000e+00 8.109647631645202637e-01
1.338014877510744100e+03 -9.166625976562500000e+00 8.112181425094604492e-01
1.338035710644795927e+03 -1.014361572265625000e+01 8.122686743736267090e-01
1.338056543777916431e+03 -1.026202392578125000e+01 8.112542629241943359e-01
1.338077376910338444e+03 -9.411193847656250000e+00 8.119509220123291016e-01
1.338098210041830043e+03 -8.743652343750000000e+00 8.121106028556823730e-01
1.338119043172390548e+03 -9.536987304687500000e+00 8.125506639480590820e-01
1.338139876302019957e+03 -9.733276367187500000e+00 8.112645745277404785e-01
1.338160709430484076e+03 -8.394897460937500000e+00 8.120582699775695801e-01
1.338181542558249475e+03 -9.284057617187500000e+00 8.113911747932434082e-01
1.338202375685083098e+03 -9.267028808593750000e+00 8.114073276519775391e-01
1.338223208810754386e+03 -9.072021484375000000e+00 8.131235241889953613e-01
1.338244041935493897e+03 -9.679504394531250000e+00 8.116638064384460449e-01
1.338264875059069027e+03 -1.018713378906250000e+01 8.113953471183776855e-01
1.338285708181713062e+03 -8.766357421875000000e+00 8.122966289520263672e-01
1.338306541303192944e+03 -1.042163085937500000e+01 8.110362291336059570e-01
1.338327374423507081e+03 -1.004547119140625000e+01 8.110716342926025391e-01
1.338348207542658656e+03 -9.805297851562500000e+00 8.115158677101135254e-01
1.338369040660878909e+03 -9.512207031250000000e+00 8.147401809692382812e-01
1.338389873777701951e+03 -9.592468261718750000e+00 8.120599985122680664e-01
1.338410706893592987e+03 -1.178619384765625000e+01 8.112792968750000000e-01
1.338431540008087950e+03 -1.034326171875000000e+01 8.108722567558288574e-01
1.338452373121185929e+03 -9.271301269531250000e+00 8.114545345306396484e-01
1.338473206233352357e+03 -1.062005615234375000e+01 8.120254874229431152e-01
1.338494039343889654e+03 -9.051513671875000000e+00 8.114898204803466797e-01
1.338514872453260978e+03 -1.037805175781250000e+01 8.112411499023437500e-01
1.339681524073826495e+03 -7.535400390625000000e+00 8.150447607040405273e-01
1.339702357101495636e+03 -8.357177734375000000e+00 8.121493458747863770e-01
1.339723190128700026e+03 -6.956420898437500000e+00 8.128092885017395020e-01
1.339744023155206378e+03 -8.095336914062500000e+00 8.124703168869018555e-01
1.339764856181245932e+03 -8.531250000000000000e+00 8.124358654022216797e-01
1.339785689206821189e+03 -6.509704589843750000e+00 8.137426972389221191e-01
1.339806522231697045e+03 -7.926696777343750000e+00 8.126500248908996582e-01
1.339827355256339615e+03 -8.263183593750000000e+00 8.126629590988159180e-01
1.339848188280516524e+03 -8.233276367187500000e+00 8.161188960075378418e-01
1.339869021303995851e+03 -8.669067382812500000e+00 8.129383325576782227e-01
1.339889854327241437e+03 -8.454040527343750000e+00 8.144297599792480469e-01
1.339910687350253511e+03 -7.485229492187500000e+00 8.145547509193420410e-01
1.339931520372801060e+03 -7.050048828125000000e+00 8.166996240615844727e-01
1.339952353395116461e+03 -9.120300292968750000e+00 8.161933422088623047e-01
1.339973186416965518e+03 -8.769653320312500000e+00 8.180324435234069824e-01
1.339994019438581063e+03 -7.631896972656250000e+00 8.214926719665527344e-01
1.340014852459732083e+03 -1.015222167968750000e+01 8.242714405059814453e-01
1.340035685480883103e+03 -9.080993652343750000e+00 8.269398212432861328e-01
1.340056518501567552e+03 -8.883666992187500000e+00 8.292796015739440918e-01
1.340077351522019853e+03 -8.655212402343750000e+00 8.321343064308166504e-01
1.340535677925398886e+03 -1.179138183593750000e+01 8.651508688926696777e-01
1.340556510942125442e+03 -1.199743652343750000e+01 8.646453022956848145e-01
1.340577343958387019e+03 -9.966796875000000000e+00 8.662546277046203613e-01
1.340598176974648595e+03 -1.199340820312500000e+01 8.656746149063110352e-01
1.340619009990676432e+03 -9.935302734375000000e+00 8.674617409706115723e-01
1.340639843006704496e+03 -1.171984863281250000e+01 8.650214672088623047e-01
1.340660676022499501e+03 -1.194677734375000000e+01 8.646651506423950195e-01
1.340681509038294507e+03 -1.104284667968750000e+01 8.660382032394409180e-01
1.340702342053856455e+03 -1.059637451171875000e+01 8.650912046432495117e-01
1.340723175069187164e+03 -9.254943847656250000e+00 8.663228154182434082e-01
1.340744008084516963e+03 -1.140270996093750000e+01 8.673750758171081543e-01
1.340764841099613932e+03 -9.773803710937500000e+00 8.690494298934936523e-01
1.340785674114477388e+03 -1.140509033203125000e+01 8.709520697593688965e-01
1.340806507129341981e+03 -1.087561035156250000e+01 8.701112866401672363e-01
1.340827340143973515e+03 -1.007110595703125000e+01 8.727869987487792969e-01
1.340848173158371992e+03 -1.013690185546875000e+01 8.731405735015869141e-01
1.340869006172771151e+03 -1.139385986328125000e+01 8.710577487945556641e-01
1.340889839186936570e+03 -1.002136230468750000e+01 8.710523247718811035e-01
1.340910672200868930e+03 -1.195788574218750000e+01 8.699669241905212402e-01
1.340931505214801518e+03 -1.253021240234375000e+01 8.702136278152465820e-01
1.340952338228501958e+03 -1.282421875000000000e+01 8.692815303802490234e-01
1.340973171241969567e+03 -1.151794433593750000e+01 8.685990571975708008e-01
1.340994004255436039e+03 -1.097424316406250000e+01 8.690125346183776855e-01
1.341014837268670817e+03 -1.293469238281250000e+01 8.676234483718872070e-01
1.341035670281672537e+03 -1.227532958984375000e+01 8.703954815864562988e-01
1.341056503294673348e+03 -1.157714843750000000e+01 8.723479509353637695e-01
1.341077336307208952e+03 -1.127325439453125000e+01 8.713002800941467285e-01
1.341098169319745011e+03 -1.098052978515625000e+01 8.737984895706176758e-01
1.341119002332281525e+03 -1.256323242187500000e+01 8.739438056945800781e-01
1.341139835344351468e+03 -1.140686035156250000e+01 8.735556006431579590e-01
1.341160668356421866e+03 -1.029022216796875000e+01 8.737480044364929199e-01
1.341181501368259433e+03 -1.113574218750000000e+01 8.715903162956237793e-01
1.341202334379863942e+03 -1.100439453125000000e+01 8.713746666908264160e-01
1.341223167391468905e+03 -1.077325439453125000e+01 8.710436820983886719e-01
1.341244000402607981e+03 -1.357745361328125000e+01 8.699207305908203125e-01
1.341264833413745919e+03 -1.029144287109375000e+01 8.708190917968750000e-01
1.341285666424651936e+03 -1.182507324218750000e+01 8.691389560699462891e-01
1.341306499435324895e+03 -9.368408203125000000e+00 8.693130016326904297e-01
1.341327332445998991e+03 -8.619567871093750000e+00 8.704218864440917969e-01
1.341348165456206061e+03 -1.033966064453125000e+01 8.691014647483825684e-01
1.341368998466413814e+03 -1.085174560546875000e+01 8.700428009033203125e-01
1.341389831476388963e+03 -1.192272949218750000e+01 8.702943325042724609e-01
1.341410664486130372e+03 -1.104412841796875000e+01 8.753942847251892090e-01
1.341431497495638951e+03 -1.120257568359375000e+01 8.725302219390869141e-01
1.341452330504916063e+03 -1.039813232421875000e+01 8.741818666458129883e-01
1.341473163514192493e+03 -1.067309570312500000e+01 8.750095367431640625e-01
1.341493996523002352e+03 -1.219433593750000000e+01 8.754633665084838867e-01
1.341514829531813120e+03 -1.114031982421875000e+01 8.781328201293945312e-01
1.341535662540158455e+03 -1.120336914062500000e+01 8.801298141479492188e-01
1.341556495548503108e+03 -1.315179443359375000e+01 8.797624707221984863e-01
1.341577328556614930e+03 -1.193060302734375000e+01 8.824233412742614746e-01
1.341598161564494148e+03 -1.087329101562500000e+01 8.815448880195617676e-01
1.341618994572140991e+03 -1.056048583984375000e+01 8.822532296180725098e-01
1.341639827579554549e+03 -1.250598144531250000e+01 8.798564076423645020e-01
1.341660660586735048e+03 -1.129071044921875000e+01 8.788965344429016113e-01
1.341681493593916457e+03 -1.044830322265625000e+01 8.781168460845947266e-01
1.341702326600631068e+03 -1.132354736328125000e+01 8.782484531402587891e-01
1.341723159607113075e+03 -1.070098876953125000e+01 8.763073086738586426e-01
1.341743992613362934e+03 -1.211474609375000000e+01 8.759062290191650391e-01
1.341764825619612566e+03 -1.169000244140625000e+01 8.754162192344665527e-01
1.341785658625396081e+03 -1.175866699218750000e+01 8.744733333587646484e-01
1.341806491630946994e+03 -1.182623291015625000e+01 8.750311136245727539e-01
1.341827324636498361e+03 -1.167681884765625000e+01 8.746820092201232910e-01
1.341848157641582930e+03 -1.196032714843750000e+01 8.751947879791259766e-01
1.341868990646436032e+03 -1.018463134765625000e+01 8.748833537101745605e-01
1.341889823651056076e+03 -1.041699218750000000e+01 8.713463544845581055e-01
1.341910656655674984e+03 -1.139660644531250000e+01 8.693711757659912109e-01
1.341931489659828912e+03 -1.099243164062500000e+01 8.677905797958374023e-01
1.341952322663750010e+03 -1.138378906250000000e+01 8.655474781990051270e-01
1.341973155667438959e+03 -1.009594726562500000e+01 8.647567033767700195e-01
1.341993988670893941e+03 -1.165881347656250000e+01 8.635349273681640625e-01
1.342014821674117002e+03 -9.888549804687500000e+00 8.622005581855773926e-01
1.342035654677107004e+03 -1.140362548828125000e+01 8.633394241333007812e-01
1.342056487679863494e+03 -9.389221191406250000e+00 8.631172776222229004e-01
1.342077320682387381e+03 -1.200073242187500000e+01 8.645195960998535156e-01
1.342098153684678891e+03 -9.936340332031250000e+00 8.651393651962280273e-01
1.342118986686504968e+03 -1.012469482421875000e+01 8.661075234413146973e-01
1.342139819688329908e+03 -1.180841064453125000e+01 8.659293055534362793e-01
1.342160652689689869e+03 -1.062487792968750000e+01 8.650670051574707031e-01
1.342223151692606962e+03 -1.265661621093750000e+01 8.640404939651489258e-01
1.342243984693036055e+03 -1.179357910156250000e+01 8.630070686340332031e-01
1.342264817693232544e+03 -1.323840332031250000e+01 8.606013059616088867e-01
1.342285650692962008e+03 -1.109509277343750000e+01 8.603825569152832031e-01
1.342306483692692836e+03 -1.236791992187500000e+01 8.590195178985595703e-01
1.342327316691957549e+03 -1.203070068359375000e+01 8.582561016082763672e-01
1.342348149691221352e+03 -1.045086669921875000e+01 8.584091663360595703e-01
1.342368982690019948e+03 -1.124792480468750000e+01 8.558969497680664062e-01
1.342389815688586168e+03 -1.178796386718750000e+01 8.566024303436279297e-01
1.342410648686920013e+03 -1.239208984375000000e+01 8.576799631118774414e-01
1.342431481684787059e+03 -1.129663085937500000e+01 8.599014878273010254e-01
1.342452314682655015e+03 -1.150903320312500000e+01 8.583530783653259277e-01
1.342473147680057082e+03 -9.408142089843750000e+00 8.609603643417358398e-01
1.342493980677225409e+03 -1.210510253906250000e+01 8.604517579078674316e-01
1.342514813674161815e+03 -1.192724609375000000e+01 8.619638681411743164e-01
1.342535646670865390e+03 -1.150256347656250000e+01 8.641487956047058105e-01
1.342556479667103076e+03 -1.083160400390625000e+01 8.649835586547851562e-01
1.342577312663107477e+03 -1.298242187500000000e+01 8.656516671180725098e-01
1.342598145659113015e+03 -1.290435791015625000e+01 8.652518987655639648e-01
1.342618978654420062e+03 -1.137786865234375000e+01 8.658717274665832520e-01
1.342639811649727108e+03 -1.203582763671875000e+01 8.657792210578918457e-01
1.342660644644800868e+03 -1.131707763671875000e+01 8.679902553558349609e-01
1.342681477639408968e+03 -1.054925537109375000e+01 8.666266202926635742e-01
1.342702310633783554e+03 -1.302593994140625000e+01 8.646445870399475098e-01
1.342723143627692934e+03 -1.021618652343750000e+01 8.665899038314819336e-01
1.342743976621602542e+03 -1.279681396484375000e+01 8.627687692642211914e-01
1.342764809615046488e+03 -9.539855957031250000e+00 8.639668822288513184e-01
1.342785642608256921e+03 -1.056176757812500000e+01 8.643254041671752930e-01
1.342806475601235434e+03 -1.106713867187500000e+01 8.634132742881774902e-01
1.342827308593980888e+03 -1.207885742187500000e+01 8.633293509483337402e-01
1.342848141586260454e+03 -1.145678710937500000e+01 8.628120422363281250e-01
1.342868974578306506e+03 -1.153051757812500000e+01 8.613961338996887207e-01
1.342889807570120865e+03 -1.203289794921875000e+01 8.604590296745300293e-01
1.342910640561469563e+03 -1.132006835937500000e+01 8.596194982528686523e-01
1.342931473552584976e+03 -1.114257812500000000e+01 8.582170605659484863e-01
1.342952306543469149e+03 -1.043701171875000000e+01 8.565287590026855469e-01
1.342973139534118445e+03 -1.100213623046875000e+01 8.544207215309143066e-01
1.342993972524302535e+03 -9.820129394531250000e+00 8.541875481605529785e-01
1.343014805514253567e+03 -1.000469970703125000e+01 8.520100116729736328e-01
1.343035638503971995e+03 -1.219171142578125000e+01 8.507705926895141602e-01
1.343056471493458503e+03 -1.311895751953125000e+01 8.514353036880493164e-01
1.343077304482477984e+03 -1.107055664062500000e+01 8.534492254257202148e-01
1.343098137471265090e+03 -1.040307617187500000e+01 8.540386557579040527e-01
1.343118970459586990e+03 -1.329309082031250000e+01 8.552841544151306152e-01
1.343139803447675604e+03 -1.184259033203125000e+01 8.544103503227233887e-01
1.343160636435531615e+03 -1.168731689453125000e+01 8.548448085784912109e-01
1.343181469423154567e+03 -1.135821533203125000e+01 8.547489643096923828e-01
1.343202302410311859e+03 -1.166821289062500000e+01 8.545920848846435547e-01
1.343223135397237002e+03 -1.029998779296875000e+01 8.563728332519531250e-01
1.343243968383928859e+03 -1.276550292968750000e+01 8.529960513114929199e-01
1.343264801370155510e+03 -1.181396484375000000e+01 8.529465794563293457e-01
1.343285634356147966e+03 -1.155603027343750000e+01 8.508192896842956543e-01
1.343306467341908956e+03 -1.150628662109375000e+01 8.509360551834106445e-01
1.343327300327203375e+03 -1.089898681640625000e+01 8.486591577529907227e-01
1.343348133312264963e+03 -1.151208496093750000e+01 8.481155633926391602e-01
1.343368966297093948e+03 -1.297637939453125000e+01 8.469091057777404785e-01
1.343389799281457499e+03 -1.138903808593750000e+01 8.476833105087280273e-01
1.343410632265588902e+03 -1.211553955078125000e+01 8.475069999694824219e-01
1.343431465249487019e+03 -1.243316650390625000e+01 8.478828668594360352e-01
1.343452298232919020e+03 -1.068945312500000000e+01 8.508067727088928223e-01
1.343473131216119100e+03 -9.749145507812500000e+00 8.502336144447326660e-01
1.343493964198851927e+03 -1.148840332031250000e+01 8.501495718955993652e-01
1.343514797181584981e+03 -1.073529052734375000e+01 8.519651293754577637e-01
1.343535630163621136e+03 -1.038641357421875000e+01 8.530718088150024414e-01
1.343556463145655925e+03 -1.272778320312500000e+01 8.534688949584960938e-01
1.343577296127225054e+03 -1.196673583984375000e+01 8.547257781028747559e-01
1.343598129108328976e+03 -1.176086425781250000e+01 8.563758730888366699e-01
1.343618962089433808e+03 -1.137768554687500000e+01 8.568578958511352539e-01
1.343639795070072068e+03 -1.095489501953125000e+01 8.562244772911071777e-01
1.343660628050243986e+03 -1.270727539062500000e+01 8.583776354789733887e-01
1.343681461030183982e+03 -1.085888671875000000e+01 8.565837144851684570e-01
1.343702294009890920e+03 -1.080249023437500000e+01 8.565551638603210449e-01
1.343723126989131515e+03 -1.257708740234375000e+01 8.554528951644897461e-01
1.343743959968140189e+03 -1.040264892578125000e+01 8.555607199668884277e-01
1.343764792946916032e+03 -1.215930175781250000e+01 8.547707200050354004e-01
1.343785625925225531e+03 -1.108032226562500000e+01 8.545139431953430176e-01
1.343806458903303337e+03 -1.255554199218750000e+01 8.547218441963195801e-01
1.343827291880915482e+03 -1.315264892578125000e+01 8.539953827857971191e-01
1.343848124858293431e+03 -1.141198730468750000e+01 8.541338443756103516e-01
1.343868957835439005e+03 -1.177770996093750000e+01 8.561365604400634766e-01
1.343889790812118918e+03 -1.256591796875000000e+01 8.563219308853149414e-01
1.343910623788566454e+03 -1.234985351562500000e+01 8.532139062881469727e-01
1.343931456764547420e+03 -1.158819580078125000e+01 8.529030084609985352e-01
1.343952289740296010e+03 -1.132568359375000000e+01 8.531845808029174805e-01
1.343973122715579848e+03 -1.180352783203125000e+01 8.501216769218444824e-01
1.343993955690630628e+03 -1.063928222656250000e+01 8.495309948921203613e-01
1.344014788665447441e+03 -1.251861572265625000e+01 8.474499583244323730e-01
1.344035621639799956e+03 -1.220550537109375000e+01 8.475136756896972656e-01
1.344056454613918959e+03 -1.240533447265625000e+01 8.469322919845581055e-01
1.344077287587571391e+03 -1.179821777343750000e+01 8.474962711334228516e-01
1.344098120560991902e+03 -1.136523437500000000e+01 8.477156162261962891e-01
1.344118953533946978e+03 -1.144824218750000000e+01 8.480888605117797852e-01
1.344139786506668997e+03 -1.221057128906250000e+01 8.481872677803039551e-01
1.344160619479158413e+03 -1.148876953125000000e+01 8.510372638702392578e-01
1.344181452451181940e+03 -1.221112060546875000e+01 8.491328358650207520e-01
1.344202285422973091e+03 -1.065710449218750000e+01 8.487352728843688965e-01
1.344223118394297444e+03 -1.166455078125000000e+01 8.479532003402709961e-01
1.344243951365389876e+03 -1.090417480468750000e+01 8.471930623054504395e-01
1.344264784336016419e+03 -1.119421386718750000e+01 8.464271426200866699e-01
1.344285617306410131e+03 -1.162774658203125000e+01 8.443520069122314453e-01
1.344306450276571468e+03 -1.216192626953125000e+01 8.430292010307312012e-01
1.344327283246267143e+03 -1.224670410156250000e+01 8.422001004219055176e-01
1.344348116215496475e+03 -1.050915527343750000e+01 8.426069021224975586e-01
1.344368949184492521e+03 -1.131433105468750000e+01 8.433763384819030762e-01
1.344389782153255965e+03 -1.069934082031250000e+01 8.420730233192443848e-01
1.344410615121554429e+03 -1.276312255859375000e+01 8.407331705093383789e-01
1.344431448089620062e+03 -1.118701171875000000e+01 8.434050679206848145e-01
1.344452281057220034e+03 -1.173254394531250000e+01 8.434427380561828613e-01
1.344473114024587176e+03 -1.003173828125000000e+01 8.442406654357910156e-01
1.344493946991488428e+03 -1.215142822265625000e+01 8.445407748222351074e-01
1.344514779958156396e+03 -1.190350341796875000e+01 8.469835519790649414e-01
1.344535612924359157e+03 -1.138995361328125000e+01 8.475112318992614746e-01
1.344556445890329542e+03 -1.065771484375000000e+01 8.501489758491516113e-01
1.344577278856066641e+03 -1.133587646484375000e+01 8.496992588043212891e-01
1.344598111821106158e+03 -1.129528808593750000e+01 8.515309095382690430e-01
1.344618944786144539e+03 -1.168328857421875000e+01 8.514239788055419922e-01
1.344639777750717030e+03 -1.155889892578125000e+01 8.511533737182617188e-01
1.344660610714823633e+03 -1.085809326171875000e+01 8.511633872985839844e-01
1.344723109605516584e+03 -1.171295166015625000e+01 8.498007655143737793e-01
1.344743942568226885e+03 -1.113085937500000000e+01 8.497816324234008789e-01
1.344764775530704355e+03 -1.007879638671875000e+01 8.495858907699584961e-01
1.344785608492948995e+03 -1.136010742187500000e+01 8.496169447898864746e-01
1.344806441454727064e+03 -9.191650390625000000e+00 8.501349687576293945e-01
1.344827274416274122e+03 -1.222070312500000000e+01 8.491323590278625488e-01
1.344848107377355518e+03 -1.109490966796875000e+01 8.488429784774780273e-01
1.344868940337969434e+03 -1.006011962890625000e+01 8.488382697105407715e-01
1.344889773298351884e+03 -1.188958740234375000e+01 8.476713895797729492e-01
1.344910606258501048e+03 -1.042480468750000000e+01 8.499917984008789062e-01
1.344931439218184096e+03 -1.233544921875000000e+01 8.459390401840209961e-01
1.344952272177634995e+03 -1.243212890625000000e+01 8.462747335433959961e-01
1.344973105136620461e+03 -1.131738281250000000e+01 8.471471071243286133e-01
1.344993938095140038e+03 -1.263311767578125000e+01 8.436159491539001465e-01
1.345014771053426102e+03 -1.001751708984375000e+01 8.439756631851196289e-01
1.345035604011480018e+03 -1.092285156250000000e+01 8.429735898971557617e-01
1.345056436969068500e+03 -1.239160156250000000e+01 8.443078994750976562e-01
1.345077269926191093e+03 -1.269610595703125000e+01 8.431909680366516113e-01
1.345098102883079946e+03 -1.106219482421875000e+01 8.437280654907226562e-01
1.345118935839736878e+03 -1.047192382812500000e+01 8.464053869247436523e-01
1.345139768795927921e+03 -1.134326171875000000e+01 8.445248603820800781e-01
1.345160601751652393e+03 -1.037792968750000000e+01 8.460565805435180664e-01
1.345181434707146309e+03 -1.251940917968750000e+01 8.448315262794494629e-01
1.345202267662406484e+03 -1.122668457031250000e+01 8.461663126945495605e-01
1.345223100616967486e+03 -1.076452636718750000e+01 8.448721766471862793e-01
1.345243933571528942e+03 -1.238366699218750000e+01 8.438906073570251465e-01
1.345264766525624509e+03 -1.247705078125000000e+01 8.426999449729919434e-01
1.345285599479253960e+03 -1.095245361328125000e+01 8.426260948181152344e-01
1.345306432432651491e+03 -1.183703613281250000e+01 8.414728045463562012e-01
1.345327265385582905e+03 -1.167358398437500000e+01 8.401586413383483887e-01
1.345348098338281488e+03 -1.126159667968750000e+01 8.397345542907714844e-01
1.345368931290513956e+03 -1.151770019531250000e+01 8.387181162834167480e-01
1.345389764242514957e+03 -1.123974609375000000e+01 8.390938639640808105e-01
1.345410597194050069e+03 -1.162500000000000000e+01 8.424597978591918945e-01
1.345431430145350987e+03 -1.177624511718750000e+01 8.393188118934631348e-01
1.345452263096186471e+03 -1.028070068359375000e+01 8.418800830841064453e-01
1.345473096046556975e+03 -1.150628662109375000e+01 8.424268960952758789e-01
1.345493928996695104e+03 -1.022583007812500000e+01 8.423160910606384277e-01
1.345514761946599947e+03 -1.059594726562500000e+01 8.437960743904113770e-01
1.345535594896039129e+03 -1.156945800781250000e+01 8.447137475013732910e-01
1.345556427845012422e+03 -1.094219970703125000e+01 8.464224934577941895e-01
1.345577260793751975e+03 -1.188909912109375000e+01 8.467543721199035645e-01
1.345598093742027004e+03 -1.056903076171875000e+01 8.484155535697937012e-01
1.345618926690070111e+03 -1.140576171875000000e+01 8.474267721176147461e-01
1.345639759637646421e+03 -1.320562744140625000e+01 8.487747907638549805e-01
1.345660592584988990e+03 -1.125579833984375000e+01 8.478258252143859863e-01
1.345681425531866807e+03 -1.217987060546875000e+01 8.477454185485839844e-01
1.345702258478513158e+03 -1.264733886718750000e+01 8.465308547019958496e-01
1.345723091424692484e+03 -1.180017089843750000e+01 8.481833934783935547e-01
1.345743924370405466e+03 -1.205181884765625000e+01 8.459360003471374512e-01
1.345764757315886072e+03 -1.209014892578125000e+01 8.475129008293151855e-01
1.345785590261134985e+03 -1.145849609375000000e+01 8.495050072669982910e-01
1.345806423205917554e+03 -1.014508056640625000e+01 8.477039933204650879e-01
1.345827256150234007e+03 -1.158941650390625000e+01 8.473885059356689453e-01
1.345848089094318539e+03 -1.109997558593750000e+01 8.480837345123291016e-01
1.345868922037936045e+03 -1.055731201171875000e+01 8.488699793815612793e-01
1.345889754981322312e+03 -1.243939208984375000e+01 8.462488055229187012e-01
1.345910587924242463e+03 -1.134075927734375000e+01 8.463619947433471680e-01
1.345931420866696044e+03 -1.140087890625000000e+01 8.456256389617919922e-01
1.345952253808916566e+03 -1.199182128906250000e+01 8.462160825729370117e-01
1.345973086750905622e+03 -1.058306884765625000e+01 8.449078798294067383e-01
1.345993919692429472e+03 -1.281695556640625000e+01 8.442091941833496094e-01
1.346014752633486069e+03 -1.263488769531250000e+01 8.442915081977844238e-01
1.346035585574310062e+03 -1.199212646484375000e+01 8.425678610801696777e-01
1.346056418514669076e+03 -1.208166503906250000e+01 8.427867293357849121e-01
1.346077251454561974e+03 -1.206610107421875000e+01 8.431121110916137695e-01
1.346098084394455100e+03 -1.107116699218750000e+01 8.441326022148132324e-01
1.346118917333648824e+03 -1.229187011718750000e+01 8.445826172828674316e-01
1.346139750272611082e+03 -1.131054687500000000e+01 8.462572097778320312e-01
1.346160583211106996e+03 -1.155889892578125000e+01 8.459602594375610352e-01
1.346181416149370989e+03 -1.126007080078125000e+01 8.464368581771850586e-01
1.346202249087168639e+03 -1.315026855468750000e+01 8.452667593955993652e-01
1.346223082024732548e+03 -1.253558349609375000e+01 8.464890718460083008e-01
1.346243914961832161e+03 -1.062945556640625000e+01 8.463552594184875488e-01
1.346264747898698488e+03 -1.211834716796875000e+01 8.468933105468750000e-01
1.346285580835098926e+03 -1.159460449218750000e+01 8.439227938652038574e-01
1.346306413771033476e+03 -1.265722656250000000e+01 8.416283130645751953e-01
1.346327246706735878e+03 -1.190832519531250000e+01 8.417110443115234375e-01
1.346348079641973072e+03 -1.300317382812500000e+01 8.389429450035095215e-01
1.346368912576976072e+03 -1.178997802734375000e+01 8.389867544174194336e-01
1.346389745511512956e+03 -1.130401611328125000e+01 8.388268351554870605e-01
1.346410578445818373e+03 -1.152215576171875000e+01 8.388470411300659180e-01
1.346431411379425981e+03 -1.142279052734375000e+01 8.392804265022277832e-01
1.346452244313031997e+03 -1.043585205078125000e+01 8.396216034889221191e-01
1.346473077246173034e+03 -1.194775390625000000e+01 8.394591808319091797e-01
1.346493910178849092e+03 -1.198101806640625000e+01 8.468773961067199707e-01
1.346514743111291409e+03 -1.166210937500000000e+01 8.423911333084106445e-01
1.346535576043268065e+03 -1.197009277343750000e+01 8.426081538200378418e-01
1.346556408974779515e+03 -1.277807617187500000e+01 8.428584933280944824e-01
1.346577241906057452e+03 -1.341882324218750000e+01 8.439651727676391602e-01
1.346598074836869955e+03 -1.054290771484375000e+01 8.495888710021972656e-01
1.346618907767449855e+03 -1.152001953125000000e+01 8.469861745834350586e-01
1.346639740697564093e+03 -1.228826904296875000e+01 8.459722995758056641e-01
1.346660573627445046e+03 -1.006414794921875000e+01 8.474069237709045410e-01
1.346681406556861930e+03 -8.983154296875000000e+00 8.482447862625122070e-01
1.346702239485811560e+03 -1.046020507812500000e+01 8.474382162094116211e-01
1.346723072414528815e+03 -1.247277832031250000e+01 8.460150957107543945e-01
1.346743905342779954e+03 -1.043792724609375000e+01 8.464925289154052734e-01
1.346764738270799171e+03 -1.160498046875000000e+01 8.443696498870849609e-01
1.346785571198352045e+03 -1.220611572265625000e+01 8.478224873542785645e-01
1.346806404125672088e+03 -1.241326904296875000e+01 8.450168967247009277e-01
1.346827237052526925e+03 -1.072113037109375000e+01 8.460579514503479004e-01
1.346848069978916101e+03 -1.218280029296875000e+01 8.476497530937194824e-01
1.346868902905071536e+03 -1.094342041015625000e+01 8.475277423858642578e-01
1.346889735830761992e+03 -1.216101074218750000e+01 8.466479182243347168e-01
1.346910568755987015e+03 -1.244958496093750000e+01 8.464134931564331055e-01
1.346931401680978979e+03 -1.062274169921875000e+01 8.456786870956420898e-01
1.346952234605737885e+03 -1.131597900390625000e+01 8.439846634864807129e-01
1.346973067529798982e+03 -1.259625244140625000e+01 8.437065482139587402e-01
1.346993900453859624e+03 -1.261779785156250000e+01 8.421491384506225586e-01
1.347014733377221091e+03 -1.080743408203125000e+01 8.432785272598266602e-01
1.349723010230819455e+03 -1.227941894531250000e+01 8.377065658569335938e-01
1.349743843104587995e+03 -1.151416015625000000e+01 8.374655842781066895e-01
1.349764675978124615e+03 -1.327868652343750000e+01 8.374832272529602051e-01
1.349785508851196028e+03 -1.252899169921875000e+01 8.358796238899230957e-01
1.349806341724034610e+03 -1.279284667968750000e+01 8.397621512413024902e-01
1.349827174596173109e+03 -1.146679687500000000e+01 8.369903564453125000e-01
1.349848007468080596e+03 -1.349273681640625000e+01 8.357483744621276855e-01
1.349868840339754570e+03 -1.118768310546875000e+01 8.362684845924377441e-01
1.349889673210730052e+03 -1.157647705078125000e+01 8.362018465995788574e-01
1.349910506081473159e+03 -1.235198974609375000e+01 8.355585932731628418e-01
1.349931338951982980e+03 -1.168988037109375000e+01 8.359164595603942871e-01
1.349952171821793399e+03 -1.106542968750000000e+01 8.352279663085937500e-01
1.349973004691371898e+03 -1.147570800781250000e+01 8.337526321411132812e-01
1.349993837560485190e+03 -1.174926757812500000e+01 8.337703943252563477e-01
1.350014670429364969e+03 -1.243701171875000000e+01 8.322131633758544922e-01
1.350035503297779087e+03 -1.128601074218750000e+01 8.314211964607238770e-01
1.350056336165727998e+03 -1.163073730468750000e+01 8.310840129852294922e-01
1.350077169033211021e+03 -1.148675537109375000e+01 8.308281898498535156e-01
1.350098001900460986e+03 -1.123840332031250000e+01 8.297379016876220703e-01
1.350118834767245062e+03 -1.064611816406250000e+01 8.293805122375488281e-01
1.350139667633564386e+03 -1.158587646484375000e+01 8.275467157363891602e-01
1.350160500499650880e+03 -1.048248291015625000e+01 8.281427621841430664e-01
1.350181333365271030e+03 -1.148370361328125000e+01 8.266736865043640137e-01
1.350202166230425973e+03 -1.135571289062500000e+01 8.265075683593750000e-01
1.350222999095115483e+03 -1.202947998046875000e+01 8.241330981254577637e-01
1.350243831959571025e+03 -1.290441894531250000e+01 8.222581148147583008e-01
1.350264664823561361e+03 -1.245587158203125000e+01 8.217065334320068359e-01
1.350285497687085808e+03 -1.126702880859375000e+01 8.206706643104553223e-01
1.350306330550377879e+03 -1.090905761718750000e+01 8.201729059219360352e-01
1.350327163413204516e+03 -1.067437744140625000e+01 8.223904967308044434e-01
1.350347996275565492e+03 -1.313775634765625000e+01 8.192627429962158203e-01
1.350368829137461034e+03 -1.115698242187500000e+01 8.186019062995910645e-01
1.350389661999122836e+03 -1.242645263671875000e+01 8.176711201667785645e-01
1.350410494860318977e+03 -1.161572265625000000e+01 8.191047310829162598e-01
1.350431327721050366e+03 -1.184716796875000000e+01 8.170192837715148926e-01
1.350452160581316093e+03 -1.114306640625000000e+01 8.165177702903747559e-01
1.350472993441348081e+03 -1.043853759765625000e+01 8.164541721343994141e-01
1.350493826300914861e+03 -1.173022460937500000e+01 8.157971501350402832e-01
1.350514659160016890e+03 -1.126245117187500000e+01 8.150690793991088867e-01
1.350535492018651439e+03 -1.113018798828125000e+01 8.148727416992187500e-01
1.350556324877054067e+03 -1.133709716796875000e+01 8.145437240600585938e-01
1.350577157734991033e+03 -1.263037109375000000e+01 8.148145079612731934e-01
1.350597990592463020e+03 -1.077697753906250000e+01 8.149468302726745605e-01
1.350618823449468437e+03 -1.148223876953125000e+01 8.151608705520629883e-01
1.350639656306241704e+03 -1.115704345703125000e+01 8.139510750770568848e-01
1.350660489162316480e+03 -1.244537353515625000e+01 8.134176135063171387e-01
1.350681322018157061e+03 -1.273284912109375000e+01 8.132463693618774414e-01
1.350702154873766176e+03 -1.145715332031250000e+01 8.148311972618103027e-01
1.350722987728677026e+03 -1.312426757812500000e+01 8.131068348884582520e-01
1.350743820583353454e+03 -1.177124023437500000e+01 8.142573237419128418e-01
1.350764653437332072e+03 -1.149743652343750000e+01 8.138540387153625488e-01
1.350785486291078996e+03 -1.268457031250000000e+01 8.159815073013305664e-01
1.350806319144358895e+03 -1.058581542968750000e+01 8.143641352653503418e-01
1.350827151997406418e+03 -1.072735595703125000e+01 8.142329454421997070e-01
1.350847984849755903e+03 -1.147058105468750000e+01 8.142739534378051758e-01
1.350868817701872558e+03 -1.130895996093750000e+01 8.142915368080139160e-01
1.350889650553523097e+03 -1.220489501953125000e+01 8.140934705734252930e-01
1.350910483404707520e+03 -1.204919433593750000e+01 8.135997653007507324e-01
1.350931316255426509e+03 -1.187780761718750000e+01 8.139003515243530273e-01
1.350952149105680519e+03 -1.224896240234375000e+01 8.175340294837951660e-01
1.350972981955701016e+03 -1.110821533203125000e+01 8.151274323463439941e-01
1.350993814805024158e+03 -1.162127685546875000e+01 8.144055604934692383e-01
1.351014647654113105e+03 -1.153619384765625000e+01 8.151618838310241699e-01
1.351035480502736391e+03 -1.167053222656250000e+01 8.154699802398681641e-01
1.351056313350894470e+03 -1.148480224609375000e+01 8.147688508033752441e-01
1.351077146198586888e+03 -1.084619140625000000e+01 8.141919374465942383e-01
1.351097979045814100e+03 -1.026135253906250000e+01 8.175402283668518066e-01
1.351118811892574968e+03 -1.164129638671875000e+01 8.141722083091735840e-01
1.351139644738871084e+03 -9.926025390625000000e+00 8.156297802925109863e-01
1.351160477584701084e+03 -1.272509765625000000e+01 8.140149116516113281e-01
1.351181310430298026e+03 -1.180871582031250000e+01 8.167755603790283203e-01
1.351202143275195567e+03 -1.385479736328125000e+01 8.130584955215454102e-01
1.351222976119861414e+03 -1.075701904296875000e+01 8.153185844421386719e-01
1.351243808963829451e+03 -1.109149169921875000e+01 8.154374957084655762e-01
1.351264641807562839e+03 -1.256542968750000000e+01 8.138206005096435547e-01
1.351285474650831929e+03 -1.089416503906250000e+01 8.177174329757690430e-01
1.351306307493402528e+03 -1.134802246093750000e+01 8.152980804443359375e-01
1.351327140335739387e+03 -1.078045654296875000e+01 8.151996731758117676e-01
1.351347973177378663e+03 -1.184368896484375000e+01 8.146439790725708008e-01
1.351368806018785108e+03 -1.261682128906250000e+01 8.141122460365295410e-01
1.351389638859492152e+03 -1.145764160156250000e+01 8.150374293327331543e-01
1.351410471699966365e+03 -1.143914794921875000e+01 8.151149749755859375e-01
1.351431304539742996e+03 -1.167120361328125000e+01 8.145417571067810059e-01
1.351452137379287024e+03 -1.154779052734375000e+01 8.149220347404479980e-01
1.351472970218132104e+03 -1.168121337890625000e+01 8.149868845939636230e-01
1.351493803056511297e+03 -1.138287353515625000e+01 8.155211806297302246e-01
1.351514635894425510e+03 -1.117065429687500000e+01 8.156406879425048828e-01
1.351535468731873152e+03 -1.023144531250000000e+01 8.156130909919738770e-01
1.351556301568854451e+03 -1.176214599609375000e+01 8.156083822250366211e-01
1.351577134405138622e+03 -1.195794677734375000e+01 8.149901628494262695e-01
1.351597967240956905e+03 -1.115545654296875000e+01 8.162978887557983398e-01
1.351618800076541902e+03 -1.256420898437500000e+01 8.152350187301635742e-01
1.351639632911429089e+03 -1.162133789062500000e+01 8.154625296592712402e-01
1.351660465745618012e+03 -1.184533691406250000e+01 8.162512183189392090e-01
1.351681298579573649e+03 -1.181976318359375000e+01 8.169085979461669922e-01
1.351702131412830113e+03 -1.102337646484375000e+01 8.165312409400939941e-01
1.351722964245621370e+03 -9.638916015625000000e+00 8.161507844924926758e-01
1.351743797077714589e+03 -1.145043945312500000e+01 8.180941343307495117e-01
1.351764629909574069e+03 -1.162200927734375000e+01 8.163857460021972656e-01
1.351785462740503135e+03 -1.120135498046875000e+01 8.166810274124145508e-01
1.351806295571199371e+03 -1.182489013671875000e+01 8.161373734474182129e-01
1.351827128401196433e+03 -1.245983886718750000e+01 8.173054456710815430e-01
1.351847961230727833e+03 -1.129150390625000000e+01 8.167670965194702148e-01
1.351868794059561878e+03 -1.242236328125000000e+01 8.157181143760681152e-01
1.351889626887929353e+03 -1.199822998046875000e+01 8.160809278488159180e-01
1.351910459715597881e+03 -1.126269531250000000e+01 8.167896866798400879e-01
1.351931292542568826e+03 -1.230798339843750000e+01 8.168442845344543457e-01
1.351952125369074110e+03 -1.297912597656250000e+01 8.166943192481994629e-01
1.351972958195113051e+03 -1.140887451171875000e+01 8.165712952613830566e-01
1.351993791020453955e+03 -1.230743408203125000e+01 8.183489441871643066e-01
1.352014623845096594e+03 -1.231121826171875000e+01 8.170899152755737305e-01
1.352035456669039831e+03 -1.187451171875000000e+01 8.189115524291992188e-01
1.352056289492517863e+03 -1.218798828125000000e+01 8.175046443939208984e-01
1.352077122315297856e+03 -1.086016845703125000e+01 8.190507292747497559e-01
1.352097955137379813e+03 -1.256359863281250000e+01 8.191886544227600098e-01
1.352118787958761914e+03 -1.088336181640625000e+01 8.183346390724182129e-01
1.352139620779679035e+03 -1.253216552734375000e+01 8.178613185882568359e-01
1.352160453599665061e+03 -1.306506347656250000e+01 8.187527060508728027e-01
1.352222952055897167e+03 -1.104028320312500000e+01 8.186849355697631836e-01
1.352243784873088998e+03 -1.139733886718750000e+01 8.189347386360168457e-01
1.352264617689581428e+03 -1.089801025390625000e+01 8.209158182144165039e-01
1.352285450505376502e+03 -1.123559570312500000e+01 8.197510242462158203e-01
1.352306283320241164e+03 -1.062329101562500000e+01 8.196776509284973145e-01
1.352327116134405514e+03 -1.072100830078125000e+01 8.200631737709045410e-01
1.352347948947870918e+03 -1.060144042968750000e+01 8.208422064781188965e-01
1.352368781760406364e+03 -1.223425292968750000e+01 8.225084543228149414e-01
1.352389614572242863e+03 -1.209130859375000000e+01 8.208522200584411621e-01
1.352410447383148949e+03 -1.077416992187500000e+01 8.211849331855773926e-01
1.352431280193356088e+03 -1.178619384765625000e+01 8.211325407028198242e-01
1.352452113002631904e+03 -1.117163085937500000e+01 8.225926756858825684e-01
1.352472945810975489e+03 -1.188183593750000000e+01 8.208895921707153320e-01
1.352493778618387978e+03 -1.180773925781250000e+01 8.245798349380493164e-01
1.352514611424869599e+03 -1.021655273437500000e+01 8.231217861175537109e-01
1.352535444230420126e+03 -1.212591552734375000e+01 8.222117424011230469e-01
1.352556277035038875e+03 -1.016143798828125000e+01 8.230916261672973633e-01
1.352577109838726983e+03 -1.064038085937500000e+01 8.238339424133300781e-01
1.352597942641250029e+03 -1.070111083984375000e+01 8.237971067428588867e-01
1.352618775442841979e+03 -1.303002929687500000e+01 8.273115754127502441e-01
1.352639608243502607e+03 -1.109265136718750000e+01 8.255741596221923828e-01
1.352660441042768070e+03 -1.056213378906250000e+01 8.256968855857849121e-01
1.352681273841332541e+03 -1.219464111328125000e+01 8.273147940635681152e-01
1.352702106638500027e+03 -1.136968994140625000e+01 8.249188065528869629e-01
1.352722939434738009e+03 -9.669128417968750000e+00 8.264907598495483398e-01
1.352743772229578553e+03 -1.169726562500000000e+01 8.257991671562194824e-01
1.352764605023486638e+03 -1.045855712890625000e+01 8.290839195251464844e-01
1.352785437815998193e+03 -1.204217529296875000e+01 8.268778920173645020e-01
1.352806270607346050e+03 -1.138903808593750000e+01 8.268368840217590332e-01
1.352827103397296924e+03 -8.357238769531250000e+00 8.297146558761596680e-01
1.352847936186082961e+03 -1.206365966796875000e+01 8.306548595428466797e-01
1.352868768973472470e+03 -1.070056152343750000e+01 8.290066123008728027e-01
1.352889601759464995e+03 -9.630615234375000000e+00 8.293203711509704590e-01
1.352910434544060081e+03 -1.143933105468750000e+01 8.296640515327453613e-01
1.352931267327259320e+03 -1.128515625000000000e+01 8.298217058181762695e-01
1.352952100109060893e+03 -9.323486328125000000e+00 8.322634696960449219e-01
1.352972932889465028e+03 -1.010302734375000000e+01 8.308351039886474609e-01
1.352993765668240030e+03 -8.850585937500000000e+00 8.319836854934692383e-01
1.353014598445618049e+03 -9.483764648437500000e+00 8.323428630828857422e-01
1.353035431221132967e+03 -9.035400390625000000e+00 8.326077461242675781e-01
1.353056263995250447e+03 -9.983154296875000000e+00 8.338043689727783203e-01
1.353077096767971852e+03 -1.055541992187500000e+01 8.327053785324096680e-01
1.353097929538831067e+03 -8.700500488281250000e+00 8.346739411354064941e-01
1.353118762308059559e+03 -9.754455566406250000e+00 8.335148096084594727e-01
1.353139595075424950e+03 -9.319030761718750000e+00 8.357177376747131348e-01
1.353160427841394949e+03 -9.682556152343750000e+00 8.347989320755004883e-01
