1.653949130511796511e+03 3.383351027012874965e+02 5.176183720901080809e-01
1.653969963623731928e+03 3.392202735737820376e+02 5.183359320484447474e-01
1.653990796738053632e+03 3.396186286123157174e+02 5.183512545469167732e-01
1.654011629854704552e+03 3.384123959643484341e+02 5.181397755521197634e-01
1.654032462973741985e+03 3.390519564190250890e+02 5.186235917284407471e-01
1.654053296095048609e+03 3.383788860233631226e+02 5.208725787317746159e-01
1.654074129218625785e+03 3.397901743201134082e+02 5.274080590489842457e-01
1.654094962344415535e+03 3.383029576594565242e+02 5.340139909636610893e-01
1.654115795472299396e+03 3.390823360724971280e+02 5.463639459986336933e-01
1.654136628602279416e+03 3.386279570326786938e+02 5.628295039309397785e-01
1.654157461734296930e+03 3.389338679946097272e+02 5.803800112023009827e-01
1.654178294868235525e+03 3.389994233259562861e+02 5.966292139859999955e-01
1.654199128004093382e+03 3.390400031458542003e+02 6.122703481776523571e-01
1.654219961141756357e+03 3.392207697653303740e+02 6.267368739913942166e-01
1.654240794281166927e+03 3.393514608350029675e+02 6.398001221628362156e-01
1.654261627422265065e+03 3.396381146079244786e+02 6.514168281455748888e-01
1.654282460564933899e+03 3.395438174205955875e+02 6.604179676135353283e-01
1.654303293709233913e+03 3.390813093096101056e+02 6.660490055612597882e-01
1.654324126854988435e+03 3.388661390841625689e+02 6.716884309643847972e-01
1.654344960002197013e+03 3.377808961406556136e+02 6.765124163689969494e-01
1.654365793150803029e+03 3.390185371180280072e+02 6.817003458963137863e-01
1.654386626300689841e+03 3.385737500591286562e+02 6.871852370949576017e-01
1.654407459451800605e+03 3.390080056282549776e+02 6.937478709832592960e-01
1.654428292604189437e+03 3.389947788914161038e+02 6.977470509730925308e-01
1.654449125757685124e+03 3.392325926055063974e+02 7.020718422655862767e-01
1.654469958912286984e+03 3.402673333187321987e+02 7.083957635257424057e-01
1.654490792067995017e+03 3.391812974452395792e+02 7.110378907136293281e-01
1.654532458382321465e+03 3.395507529517398098e+02 7.237109349303760819e-01
1.654553291540882128e+03 3.386187425142048824e+02 7.273340128278603656e-01
1.654574124700314997e+03 3.378175221176679770e+02 7.315712019554752032e-01
1.654594957860620525e+03 3.390797244981744143e+02 7.356964153799274708e-01
1.654615791021742098e+03 3.386370200267929249e+02 7.365422430801387144e-01
1.654636624183619460e+03 3.393049868238879299e+02 7.365675721542128684e-01
1.654657457346195542e+03 3.393782380444740738e+02 7.350656224494148683e-01
1.654678290509529006e+03 3.380087051410932872e+02 7.329779789883763552e-01
1.654699123673502072e+03 3.402289474832141423e+02 7.328228475982900836e-01
1.654719956838116104e+03 3.379105524437600252e+02 7.307771246016561140e-01
1.654740790003369511e+03 3.391826038421784233e+02 7.306207508913195037e-01
1.654761623169204540e+03 3.389902752655268614e+02 7.290079534460454092e-01
1.654782456335564802e+03 3.386623367410034007e+02 7.275471731668293751e-01
1.654803289502507596e+03 3.400388943921736882e+02 7.264188398852596817e-01
1.654824122669914004e+03 3.389693267491726374e+02 7.220088636456563069e-01
1.654844955837846101e+03 3.380667318658545355e+02 7.176741966098219017e-01
1.654865789006242949e+03 3.384305925908527115e+02 7.131606753199341009e-01
1.654886622175047933e+03 3.399794444258027397e+02 7.086995711374687312e-01
1.654907455344317441e+03 3.403933034347817284e+02 7.029299783454329154e-01
1.654928288513936877e+03 3.380918019348549706e+02 6.960857463680520940e-01
1.654949121683965132e+03 3.385788364516141655e+02 6.911148922933656458e-01
1.654969954854398566e+03 3.386653567596310950e+02 6.871707518003790094e-01
1.654990788025123493e+03 3.385332806517433255e+02 6.845975426932634500e-01
1.655011621196256328e+03 3.392452753820133466e+02 6.838990973660050710e-01
1.655032454367680657e+03 3.397182490863116300e+02 6.825420245482539672e-01
1.655053287539395569e+03 3.391553328520641344e+02 6.827049799225529680e-01
1.655074120711400610e+03 3.391650257523992877e+02 6.827562487933319657e-01
1.655094953883698054e+03 3.384626364710195503e+02 6.825973878971443032e-01
1.655115787056229010e+03 3.378954461049327165e+02 6.821108401287921952e-01
1.655136620229048958e+03 3.382259006625700977e+02 6.818975276005446728e-01
1.655157453402043984e+03 3.390079403020943118e+02 6.812726314530241911e-01
1.655178286575330503e+03 3.400734235199226987e+02 6.793199839069616885e-01
1.655199119748791873e+03 3.387242724499917585e+02 6.752312687885481113e-01
1.655219952922486073e+03 3.394198781176122566e+02 6.732715464167381425e-01
1.655240786096354441e+03 3.386681986546902863e+02 6.705138590957016032e-01
1.655261619270455867e+03 3.387982570810096377e+02 6.669653556196509792e-01
1.655282452444673481e+03 3.393488228382112766e+02 6.641807002168825802e-01
1.655303285619065491e+03 3.400658371922395418e+02 6.615580961633135137e-01
1.655324118793633033e+03 3.382966858267234329e+02 6.581544263805491068e-01
1.655344951968316536e+03 3.402294234326452624e+02 6.573314611375712380e-01
1.655365785143174890e+03 3.391999728200438540e+02 6.556567507856876365e-01
1.655386618318149431e+03 3.398032241438788787e+02 6.548105984494801968e-01
1.655407451493239478e+03 3.395466234791085753e+02 6.542334454664603394e-01
1.655428284668446850e+03 3.398889193627777559e+02 6.541644973070981361e-01
1.655449117843771546e+03 3.390316727021298675e+02 6.543567686993427834e-01
1.655469951019211067e+03 3.391935734544629213e+02 6.542229681833384713e-01
1.655490784194709477e+03 3.393036656558776940e+02 6.556245684554113939e-01
1.655511617370324529e+03 3.394518267861492404e+02 6.563120540162930006e-01
1.655532450546055998e+03 3.382988404928361206e+02 6.570040594001671508e-01
1.655553283721786556e+03 3.395380438442971354e+02 6.588409457683300774e-01
1.655574116897633985e+03 3.394684263656200756e+02 6.600755946981915478e-01
1.655594950073540076e+03 3.395730266047592067e+02 6.602275967839651427e-01
1.655615783249504602e+03 3.399862914313665669e+02 6.590442659651135626e-01
1.655636616425525972e+03 3.397499760624236842e+02 6.578402551880092597e-01
1.655657449601548933e+03 3.390764544295230962e+02 6.559151976175601195e-01
1.655678282777687400e+03 3.396265813977727248e+02 6.544728284503913418e-01
1.655699115953826549e+03 3.399003584164444192e+02 6.523787437692620816e-01
1.655719949129964562e+03 3.408514975473761410e+02 6.514961766945408517e-01
1.655740782306218989e+03 3.393636748872937687e+02 6.496912773283067821e-01
1.655761615482416801e+03 3.396488029338236174e+02 6.483309325007856616e-01
1.655782448658672593e+03 3.403550475536677595e+02 6.474376231234945100e-01
1.655803281834985000e+03 3.395754497882529677e+02 6.458145313192229509e-01
1.655824115011239428e+03 3.388403953528666079e+02 6.445903173025973043e-01
1.655844948187552518e+03 3.394283715084799269e+02 6.418891622138011011e-01
1.655865781363807855e+03 3.393375731467448873e+02 6.398645632832207220e-01
1.655886614540121627e+03 3.399374240842018935e+02 6.367890254830815833e-01
1.655907447716434490e+03 3.398057545935606640e+02 6.335734043076708399e-01
1.655928280892748035e+03 3.399076272657606523e+02 6.323907412145581830e-01
1.655949114069002917e+03 3.385844576877859140e+02 6.261881501955646190e-01
1.655969947245316916e+03 3.406340080723482515e+02 6.247570519326005600e-01
1.655990780421571571e+03 3.394987102344632603e+02 6.208918741220686988e-01
1.656011613597825999e+03 3.394181002610355904e+02 6.180624976345713284e-01
1.656032446774023811e+03 3.397112817994475336e+02 6.161561630255927291e-01
1.656053279950220485e+03 3.385522495526421380e+02 6.151404415053697283e-01
1.656074113126416933e+03 3.400220285411347163e+02 6.140288637378823466e-01
1.656094946302555400e+03 3.403755322521987523e+02 6.150081157924174313e-01
1.656115779478635886e+03 3.400772537011371242e+02 6.137776886391089759e-01
1.656136612654717055e+03 3.397620951279976680e+02 6.138730686353883748e-01
1.656157445830738425e+03 3.396593796022483502e+02 6.137662051405874397e-01
1.656178279006760931e+03 3.400063736651603676e+02 6.139790398176251385e-01
1.656199112182725457e+03 3.401849032656415943e+02 6.141089181609332703e-01
1.656219945358631549e+03 3.398870625068317963e+02 6.122270258031194956e-01
1.656240778534536958e+03 3.392425769424544342e+02 6.108843133902173150e-01
1.656261611710325496e+03 3.395708525078301818e+02 6.101357284396698999e-01
1.656282444886114945e+03 3.382036649361238005e+02 6.063070830773724662e-01
1.656303278061846868e+03 3.393469951943820320e+02 6.041263835456234244e-01
1.656324111237519446e+03 3.389592661803507099e+02 6.015253179379451698e-01
1.656344944413134499e+03 3.393559275669933868e+02 5.996819616860132873e-01
1.656365777588690435e+03 3.391820204240398198e+02 5.980134532317818996e-01
1.656386610764131092e+03 3.388814809372435661e+02 5.965020747328535489e-01
1.656407443939571976e+03 3.384337337352497457e+02 5.956850643234239406e-01
1.656428277114953517e+03 3.389314886546032994e+02 5.958291342616227615e-01
1.656449110290276622e+03 3.401376452884132391e+02 5.963600913562789874e-01
1.656469943465484903e+03 3.387034801240650950e+02 5.959437400279137265e-01
1.656490776640634067e+03 3.387189782275318066e+02 5.980117837389165025e-01
1.656511609815724569e+03 3.398176520291974612e+02 5.991851598284682057e-01
1.656532442990756408e+03 3.395369437582951377e+02 6.001564288865318675e-01
1.656553276165730949e+03 3.390552668611619538e+02 6.015914563232437340e-01
1.656574109340589530e+03 3.394055307934164034e+02 6.032667171424220820e-01
1.656594942515389448e+03 3.389197796824115017e+02 6.039270769996519794e-01
1.656615775690130931e+03 3.396566587881322903e+02 6.053289190457350477e-01
1.656636608864755544e+03 3.383868544327507379e+02 6.048934418258922197e-01
1.656657442039323087e+03 3.389945237750766296e+02 6.047313753124669011e-01
1.656678275213773986e+03 3.397584673387580665e+02 6.044982022431478752e-01
1.656699108388166451e+03 3.394097949347514032e+02 6.037179799010068404e-01
1.656719941562500026e+03 3.391074752896469704e+02 6.029950461445101606e-01
1.656740774736717867e+03 3.399133094680069007e+02 6.032541443120799096e-01
1.656761607910877956e+03 3.395545815527419791e+02 6.025576101753007396e-01
1.656782441084920947e+03 3.388447966899852304e+02 6.021926353880970861e-01
1.656803274258847523e+03 3.400746514838441499e+02 6.026265530616673471e-01
1.656824107432715664e+03 3.399372723998531001e+02 6.024075060003807325e-01
1.656844940606526507e+03 3.383935933373387570e+02 6.011922861343577118e-01
1.656865773780220479e+03 3.396929241708357949e+02 6.011676731173462018e-01
1.656886606953798037e+03 3.395682560608802874e+02 5.997188107902620136e-01
1.656907440127316477e+03 3.391590346065255517e+02 5.982614083834301155e-01
1.656928273300718956e+03 3.388177847179147761e+02 5.958739489159377012e-01
1.656949106474006385e+03 3.384397334269457929e+02 5.937746193449685572e-01
1.656969939647234469e+03 3.397952929633414101e+02 5.923544142720810202e-01
1.656990772820287930e+03 3.381487801185180615e+02 5.895866187265831337e-01
1.657011605993342073e+03 3.383389877534294783e+02 5.881906801899221549e-01
1.657032439166220911e+03 3.387525923759843067e+02 5.868240008066684110e-01
1.657053272339041996e+03 3.385939611091789629e+02 5.857528395541206079e-01
1.657074105511746438e+03 3.386145612157262690e+02 5.855856538417806290e-01
1.657094938684333556e+03 3.389700936282673638e+02 5.865533262824950134e-01
1.657115771856863375e+03 3.392826230898212430e+02 5.866396956132249318e-01
1.657136605029219027e+03 3.387984728499791345e+02 5.863994303427969568e-01
1.657157438201516015e+03 3.390705724335170999e+02 5.876116169758849317e-01
1.657178271373695452e+03 3.389930777414590466e+02 5.886425899519094340e-01
1.657199104545759383e+03 3.396938432557683427e+02 5.882619654520274688e-01
1.657219937717708035e+03 3.396970755199262726e+02 5.882657144022551687e-01
1.657240770889597570e+03 3.390618100679117788e+02 5.874454422231308870e-01
1.657261604061312028e+03 3.379827339948655549e+02 5.864858731522182289e-01
1.657282437232968960e+03 3.385419193590533382e+02 5.858174518948544574e-01
1.657303270404508567e+03 3.390526524766903549e+02 5.839444915522781221e-01
1.657324103575932895e+03 3.391104029456137710e+02 5.821488024903657132e-01
1.657365769918372962e+03 3.393455027918318478e+02 5.787487016420239661e-01
1.657386603089447362e+03 3.388319069444885940e+02 5.769881075802050230e-01
1.657469935772581039e+03 3.395848320239661575e+02 5.778534999183920773e-01
1.657511602113449499e+03 3.391255979913041756e+02 5.787834593244280956e-01
1.657532435283709219e+03 3.384071157536906185e+02 5.793058861554442052e-01
1.657553268453853434e+03 3.379079286267790962e+02 5.808383314454913515e-01
1.657594934793789889e+03 3.392540113814378628e+02 5.842417529368386653e-01
1.657615767963583949e+03 3.380894983267359066e+02 5.841440601255526444e-01
1.657678267472150992e+03 3.390417914674738995e+02 5.846865715863570623e-01
1.657719933810632938e+03 3.391131306736297120e+02 5.839114191420083921e-01
1.657740766979670070e+03 3.400851014684369602e+02 5.841235502124233481e-01
1.657761600148591015e+03 3.387213164681007811e+02 5.834239196831418894e-01
1.657782433317395544e+03 3.393867076530184477e+02 5.829300309376841405e-01
1.657803266486024995e+03 3.396454653537182367e+02 5.832951027967233637e-01
1.657824099654596921e+03 3.386363482721539526e+02 5.831006102454574513e-01
1.657844932822994451e+03 3.380693301883547974e+02 5.820204714602720264e-01
1.657865765991332864e+03 3.386204475267230691e+02 5.822040378189414778e-01
1.657886599159496427e+03 3.388159374865978180e+02 5.815719994410225580e-01
1.657907432327485367e+03 3.392548611350507599e+02 5.815845798111578535e-01
1.657928265495418145e+03 3.393660761207944461e+02 5.800595778252021217e-01
1.657949098663174482e+03 3.388731296481082040e+02 5.780476956620096418e-01
1.657969931830873065e+03 3.383730429506462087e+02 5.767858046970693042e-01
1.657990764998337909e+03 3.391082290079219774e+02 5.754795117165621976e-01
1.658011598165744999e+03 3.385535746841404148e+02 5.742207741215121786e-01
1.658032431333037039e+03 3.393808537373882359e+02 5.738211831957713560e-01
1.658053264500153546e+03 3.392073956549044169e+02 5.734934735330052824e-01
1.658074097667152955e+03 3.392202027289570765e+02 5.729149529402561836e-01
1.658094930834037086e+03 3.393611834450501874e+02 5.738681579294971913e-01
1.658115764000745457e+03 3.399908400009824163e+02 5.735071405017794222e-01
1.658136597167338095e+03 3.386716852742589481e+02 5.730485215322688175e-01
1.658157430333814546e+03 3.384553524544406287e+02 5.736356876081735168e-01
1.658178263500174126e+03 3.389821499537983982e+02 5.745282279882558685e-01
1.658199096666359537e+03 3.392966948220400241e+02 5.755588438390367712e-01
1.658219929832427624e+03 3.387650849635888335e+02 5.757189506046301863e-01
1.658240762998379978e+03 3.384963833945598140e+02 5.755614069334783478e-01
1.658261596164216371e+03 3.379106167114575783e+02 5.751003063864398301e-01
1.658282429329877004e+03 3.380088243053658061e+02 5.739371199475218344e-01
1.658303262495422132e+03 3.391057978791574783e+02 5.735967731941710168e-01
1.658324095660791500e+03 3.395782736828109591e+02 5.727052009342363803e-01
1.658344928826045816e+03 3.391366213667986358e+02 5.701590292338332144e-01
1.658365761991183945e+03 3.381003678428176045e+02 5.681875959015902922e-01
1.658386595156204521e+03 3.394744585280327556e+02 5.682788018338298386e-01
1.658407428321050475e+03 3.390071617601668095e+02 5.666918856488002421e-01
1.658428261485721578e+03 3.391985956316663646e+02 5.661576876646543521e-01
1.658449094650335610e+03 3.391590964373114048e+02 5.661990082541094038e-01
1.658469927814775019e+03 3.393053391262677110e+02 5.662112196217281568e-01
1.658490760979038441e+03 3.390132569156137947e+02 5.666530729047082326e-01
1.658511594143244565e+03 3.401638474958812139e+02 5.680349413725641616e-01
1.658532427307275611e+03 3.392877081792766489e+02 5.686453660146741917e-01
1.658553260471132489e+03 3.394430775951121859e+02 5.699857533498174922e-01
1.658574093634874089e+03 3.393038512487244134e+02 5.708938144283927096e-01
1.658594926798497454e+03 3.384346201445901556e+02 5.721777630430114892e-01
1.658615759961945969e+03 3.393581290383184523e+02 5.724116584966741916e-01
1.658636593125278978e+03 3.386472618414665021e+02 5.721387755119295981e-01
1.658657426288496026e+03 3.385109506604868557e+02 5.726270087922408214e-01
1.658678259451537997e+03 3.385346803450105426e+02 5.720632149570914482e-01
1.658699092614404890e+03 3.398845781643420310e+02 5.733485732391055967e-01
1.658719925777155368e+03 3.394828006109438547e+02 5.717923026404396758e-01
1.658740758939789885e+03 3.389051694886681503e+02 5.708649715881696229e-01
1.658761592102307532e+03 3.386394089442943596e+02 5.703129180488621941e-01
1.658782425264592803e+03 3.394582180527577862e+02 5.706844945604317987e-01
1.658803258426820548e+03 3.389371578522462869e+02 5.703518475062264725e-01
1.658824091588872079e+03 3.387912311880735388e+02 5.707129287660966943e-01
1.658844924750750124e+03 3.381866698319843749e+02 5.707203177722092180e-01
1.658865757912511526e+03 3.387540488321143357e+02 5.704990499908133561e-01
1.658886591074156058e+03 3.387653664943002809e+02 5.709517567258207693e-01
1.658907424235627332e+03 3.381138793700595784e+02 5.694829839235764357e-01
1.658928257396922618e+03 3.394601388973987355e+02 5.699227974291337651e-01
1.658949090558159924e+03 3.388122519192786513e+02 5.677201126929756203e-01
1.658969923719163489e+03 3.389773119342928567e+02 5.666589107637138856e-01
1.658990756880051777e+03 3.380301952415618416e+02 5.647255791057049779e-01
1.659011590040825013e+03 3.393716554090130444e+02 5.644962069955850037e-01
1.659032423201421580e+03 3.398906535478032538e+02 5.643069860172296170e-01
1.659053256361901958e+03 3.389827818550349434e+02 5.628554227941356958e-01
1.659074089522207487e+03 3.385564569410259992e+02 5.619793442615962364e-01
1.659094922682338620e+03 3.389982099828134778e+02 5.621988231966885685e-01
1.659115755842354474e+03 3.392178267878398401e+02 5.619291747033038353e-01
1.659136589002253459e+03 3.388429639371510689e+02 5.622730857075338706e-01
1.659157422161977138e+03 3.385722770446553227e+02 5.620213167247604114e-01
1.659178255321527104e+03 3.389311655359827569e+02 5.626345844329619927e-01
1.659199088480959517e+03 3.387558258395775965e+02 5.625863803659899576e-01
1.659219921640275970e+03 3.383533588985480378e+02 5.624192232836995320e-01
1.659240754799360502e+03 3.386022815524657403e+02 5.627776361455651966e-01
1.659261587958385007e+03 3.391777814115326919e+02 5.624420613013736414e-01
1.659282421117178501e+03 3.390563510129346128e+02 5.619716016833560257e-01
1.659303254275912423e+03 3.382001364407966548e+02 5.605715437189453532e-01
1.659324087434413514e+03 3.383830748404393489e+02 5.598617247608586034e-01
1.659344920592799099e+03 3.377909270503473635e+02 5.585423692667762507e-01
1.659365753751068041e+03 3.385322858982514731e+02 5.574568001726785127e-01
1.659386586909162361e+03 3.396145211145451412e+02 5.574387299863793332e-01
1.659407420067081603e+03 3.385485453862565919e+02 5.562589708955004708e-01
1.659428253224825994e+03 3.391819864393641524e+02 5.563652562094038023e-01
1.659449086382513997e+03 3.389433692655293271e+02 5.559907030247678295e-01
1.659469919539968487e+03 3.390764784464838044e+02 5.568802970094851590e-01
1.659490752697304970e+03 3.395909322041230212e+02 5.572496529069369542e-01
1.659511585854467512e+03 3.389534192548576357e+02 5.568534042846221555e-01
1.659532419011513866e+03 3.381297017355805110e+02 5.569213159483059616e-01
1.659553252168386052e+03 3.388682705727205757e+02 5.580586090840878866e-01
1.659574085325083615e+03 3.391178863504243282e+02 5.590829907538164001e-01
1.659594918481664536e+03 3.386531904775754356e+02 5.589075074303025970e-01
1.659615751638128586e+03 3.396329531029659279e+02 5.599192385254173621e-01
1.659636584794359351e+03 3.390262987138917197e+02 5.605884762522347353e-01
1.659657417950475065e+03 3.391772644696895327e+02 5.601920357183991506e-01
1.659678251106415473e+03 3.390523463781057671e+02 5.595100463582260986e-01
1.659699084262239467e+03 3.389627208850035345e+02 5.594912701182217507e-01
1.659719917417889974e+03 3.382138355438331132e+02 5.583424036038910909e-01
1.659740750573364494e+03 3.389087913977141397e+02 5.585757966257538509e-01
1.659761583728722599e+03 3.388414845754112434e+02 5.582584628630909984e-01
1.659782416883905626e+03 3.381249016886052345e+02 5.582042216242808497e-01
1.659803250038973601e+03 3.383019471714296742e+02 5.581557684231487348e-01
1.659824083193808974e+03 3.382880951189321195e+02 5.582216263755517272e-01
1.659844916348526567e+03 3.400843900447852661e+02 5.596725343868448332e-01
1.659865749503127972e+03 3.387873952053956259e+02 5.590118230855737336e-01
1.659886582657496547e+03 3.383295885753387324e+02 5.583910274114016747e-01
1.659907415811748479e+03 3.393159957573885777e+02 5.587150335358440634e-01
1.659928248965885814e+03 3.385502682048345378e+02 5.573872962497025130e-01
1.659949082119789409e+03 3.391416849261907487e+02 5.568597195088331731e-01
1.659969915273575680e+03 3.386733591262234313e+02 5.555216199391368459e-01
1.659990748427245990e+03 3.388112156456303410e+02 5.541902112858999585e-01
1.660011581580683469e+03 3.390789835546783024e+02 5.536662357861845685e-01
1.660032414734004078e+03 3.394690834343399501e+02 5.527893416501344914e-01
1.660053247887150974e+03 3.401214864848430466e+02 5.517939462898626690e-01
1.660074081040180999e+03 3.388543274828998619e+02 5.503348035912115632e-01
1.660094914192979104e+03 3.388762959605554101e+02 5.499267442641854187e-01
1.660115747345659429e+03 3.386996835563400623e+02 5.492037644926164308e-01
1.660136580498165131e+03 3.394255312121566135e+02 5.501570715731526340e-01
1.660157413650554417e+03 3.389080244882707120e+02 5.492517323039070032e-01
1.660178246802769991e+03 3.381258920657666636e+02 5.488125673308579255e-01
1.660199079954812078e+03 3.391312621538575058e+02 5.493954478723434010e-01
1.660219913106677495e+03 3.389449492245313422e+02 5.498061781434472328e-01
1.660240746258426498e+03 3.393468944949335651e+02 5.498373452171558817e-01
1.660261579409943351e+03 3.386816127993872101e+02 5.496482829926748748e-01
1.660282412561343563e+03 3.391733817475155774e+02 5.500447103360625034e-01
1.660303245712627358e+03 3.385287135229448836e+02 5.513124542149817620e-01
1.660324078863678551e+03 3.388412087861534019e+02 5.489901917663649877e-01
1.660344912014612873e+03 3.396438121715489729e+02 5.492318999668330815e-01
1.660365745165373482e+03 3.390272122729078319e+02 5.480808043632067195e-01
1.660386578315958559e+03 3.381894433736571273e+02 5.473517655752985211e-01
1.660407411466369012e+03 3.392275578068881146e+02 5.476980827342561309e-01
1.660428244616663505e+03 3.387359820662719585e+02 5.470065367410957835e-01
1.660449077766783375e+03 3.397496406105814799e+02 5.474528665590714382e-01
1.660469910916729077e+03 3.387568681531974448e+02 5.472995744803565987e-01
1.660490744066499019e+03 3.393860239026082013e+02 5.476729974077036989e-01
1.660511577216094338e+03 3.379386538615408426e+02 5.471580590258454668e-01
1.660532410365573924e+03 3.378441448581470468e+02 5.479980653655576184e-01
1.660553243514878886e+03 3.395562921591574082e+02 5.491958146712352384e-01
1.660574076664010136e+03 3.379307142891225340e+02 5.494144064057674415e-01
1.660594909812964488e+03 3.392878431092748315e+02 5.509023059892266261e-01
1.660615742961745582e+03 3.388838533331711460e+02 5.519053844153306576e-01
1.660636576110410488e+03 3.387885180258532500e+02 5.524191884453084622e-01
1.660657409258841426e+03 3.384208049802575147e+02 5.523486729339103229e-01
1.660678242407157086e+03 3.390579273252683379e+02 5.529440761730040066e-01
1.660699075555298577e+03 3.405017727771208342e+02 5.539565576001480585e-01
1.660740741851113398e+03 3.399325020749609507e+02 5.531133963019709832e-01
1.660824074440650520e+03 3.398668745947873617e+02 5.552683998762290019e-01
1.660844907587626039e+03 3.388757630998536570e+02 5.525876986260656043e-01
1.660865740734427618e+03 3.383060214058370434e+02 5.523202375832838573e-01
1.660886573881054574e+03 3.394178436538252299e+02 5.526613652297532875e-01
1.660907407027507361e+03 3.387665359893862842e+02 5.526742262177545273e-01
1.660928240173843960e+03 3.387602576387164390e+02 5.521455465807156848e-01
1.660949073319947956e+03 3.393511816142461157e+02 5.505942710416296126e-01
1.660969906465934400e+03 3.394977276730916174e+02 5.497232651257539793e-01
1.660990739611745994e+03 3.398495025305407466e+02 5.485739611536344373e-01
1.661011572757326121e+03 3.390536616257800233e+02 5.477943322519754910e-01
1.661032405902788469e+03 3.391934710061988767e+02 5.467351734695955479e-01
1.661053239063443925e+03 3.386823519102022146e+02 5.454866770560554690e-01
1.661074072208558391e+03 3.394007077004001189e+02 5.446267097679198255e-01
1.661094905353498461e+03 3.393560212707293999e+02 5.442449542255457517e-01
1.661115738498262544e+03 3.391606869622464160e+02 5.439521063169759918e-01
1.661136571642852005e+03 3.402540694930693803e+02 5.434335599013918605e-01
1.661157404787325049e+03 3.399215578211446314e+02 5.433539252484385074e-01
1.661178237931565945e+03 3.386343505768891760e+02 5.422991459033112971e-01
1.661199071075633128e+03 3.390400715443765876e+02 5.433876562265861354e-01
1.661219904219582531e+03 3.388388094896292841e+02 5.418598735242401432e-01
1.661240737363299559e+03 3.389956275952702072e+02 5.424809357154408707e-01
1.661261570506841053e+03 3.396865254077005716e+02 5.421932912731616261e-01
1.661282403650267042e+03 3.396997460022490145e+02 5.423039819660198102e-01
1.661303236793459519e+03 3.388409967021051443e+02 5.413583984806600302e-01
1.661324069936536489e+03 3.392423423527808950e+02 5.405289426812677211e-01
1.661344903079381538e+03 3.383407012117047543e+02 5.392063888684928141e-01
1.661365736222108580e+03 3.389580360962501686e+02 5.390576624998777433e-01
1.661386569364602565e+03 3.395254054611543779e+02 5.387721177979929443e-01
1.661407402506980588e+03 3.392629010254664195e+02 5.382156354225673400e-01
1.661428235649124872e+03 3.393288610750533962e+02 5.381549714765871961e-01
1.661449068791153877e+03 3.389526847595552113e+02 5.377358684217007356e-01
1.661469901932950506e+03 3.398532064700472120e+02 5.389490146320414787e-01
1.661490735074630493e+03 3.393214016476374013e+02 5.385370872888222138e-01
1.661511568216076512e+03 3.400111922402891196e+02 5.395674068599425333e-01
1.661532401357348590e+03 3.389207866850861137e+02 5.395514993101839796e-01
1.661553234498446500e+03 3.386351170529313208e+02 5.403544934414649115e-01
1.661574067639427540e+03 3.384718220233548323e+02 5.409199599094935973e-01
1.661594900780175976e+03 3.390681295659788361e+02 5.423774243678874951e-01
1.661615733920750017e+03 3.398493248635914483e+02 5.434332582769970665e-01
1.661636567061149435e+03 3.391690336156061676e+02 5.432108606879206825e-01
1.661657400201373093e+03 3.380586857725955952e+02 5.434173816293428327e-01
1.661678233341422583e+03 3.390951577367834489e+02 5.441209109008311451e-01
1.661699066481296995e+03 3.395174270305001869e+02 5.442732639045531062e-01
1.661719899620939941e+03 3.394861273387253391e+02 5.440962905513357928e-01
1.661740732760466017e+03 3.392663414932934529e+02 5.441756796516411532e-01
1.661761565899759489e+03 3.394115808783934085e+02 5.439430387439152526e-01
1.661782399038935409e+03 3.393359338464791790e+02 5.437822902343508735e-01
1.661803232177878954e+03 3.397633477308473857e+02 5.440492102737942703e-01
1.661824065316649012e+03 3.392223982362193055e+02 5.438250369332408019e-01
1.661844898455242856e+03 3.391117191522569101e+02 5.437093390685134864e-01
1.661865731593662531e+03 3.392231102790099158e+02 5.441333165057914423e-01
1.661886564731908948e+03 3.394408857778695392e+02 5.441821693833154283e-01
1.661907397869921624e+03 3.390257577011121839e+02 5.439636117812272076e-01
1.661928231007758995e+03 3.394618385851743483e+02 5.442560975728045758e-01
1.661949064145480406e+03 3.393203662771743438e+02 5.435367330422521404e-01
1.661969897282968986e+03 3.386361201142708524e+02 5.425817359051658961e-01
1.661990730420282944e+03 3.396858271675311585e+02 5.422873028630781356e-01
1.662011563557363388e+03 3.392312931204348843e+02 5.410983025901564547e-01
1.662032396694328781e+03 3.383369889124191445e+02 5.397931827429158780e-01
1.662053229831061572e+03 3.392118410656287324e+02 5.392940687283112045e-01
1.662074062967617920e+03 3.386274626370087617e+02 5.379898068497638297e-01
1.662094896104001009e+03 3.392305740869871329e+02 5.378300496263075381e-01
1.662115729240208566e+03 3.389502652406145558e+02 5.369829063642971301e-01
1.662136562376241955e+03 3.383608631867799090e+02 5.366706304620981749e-01
1.662157395512042967e+03 3.382602518416404678e+02 5.371447742240981205e-01
1.662178228647669130e+03 3.388482834354746274e+02 5.356580511732392802e-01
1.662199061783121124e+03 3.392807586179193322e+02 5.358805523302876406e-01
1.662219894918338468e+03 3.381344836599530481e+02 5.349514423153034492e-01
1.662240728053440989e+03 3.381199176846302521e+02 5.345795022594791446e-01
1.662261561188309997e+03 3.386964539778542189e+02 5.353499570124538032e-01
1.662282394322946402e+03 3.389559892687140064e+02 5.353130194488339155e-01
1.662303227457467074e+03 3.387780838632306200e+02 5.344741818479277207e-01
1.662324060591754460e+03 3.398334044854192371e+02 5.349547849247727749e-01
1.662344893725866541e+03 3.386709340778962201e+02 5.333040302640770225e-01
1.662365726859804909e+03 3.390077884316149266e+02 5.325252989458907349e-01
1.662386559993509536e+03 3.381969997325791155e+02 5.315834289323850825e-01
1.662407393127039995e+03 3.379962679188092238e+02 5.306931269734525003e-01
1.662428226260338079e+03 3.395812541867354071e+02 5.314602716226894952e-01
1.662449059393519519e+03 3.380317436600317365e+02 5.301322397764454131e-01
1.662469892526467902e+03 3.388203229854789811e+02 5.305020733396406118e-01
1.662490725659183454e+03 3.393850306641495536e+02 5.308256698586205635e-01
1.662511558791782136e+03 3.378367057169768373e+02 5.306531133494446495e-01
1.662532391924149124e+03 3.391376441486280555e+02 5.317153855676111096e-01
1.662553225056281917e+03 3.388075056930450728e+02 5.320351072555284944e-01
1.662574058188240542e+03 3.392760057792420980e+02 5.339720216004449904e-01
1.662594891320024544e+03 3.382245997586549038e+02 5.334175712648498990e-01
1.662615724451634378e+03 3.388280554168250660e+02 5.347203616595685993e-01
1.662636557583012518e+03 3.393686320813614543e+02 5.353750074138546866e-01
1.662657390714156463e+03 3.392233153165452109e+02 5.361535462641848770e-01
1.662678223845125103e+03 3.392205977555209984e+02 5.361274482722735435e-01
1.662699056975920030e+03 3.384643648104654403e+02 5.373877896128812504e-01
1.662719890106481444e+03 3.394629626208518403e+02 5.360807244128495963e-01
1.662740723236868917e+03 3.392629048029451724e+02 5.355041097292732033e-01
1.662761556367081539e+03 3.392904298146457336e+02 5.349076522021627422e-01
1.662782389497003351e+03 3.391679890391961862e+02 5.345396401717819046e-01
1.662803222626808974e+03 3.385759410415486172e+02 5.337017089742767117e-01
1.662824055756381540e+03 3.391688539228122181e+02 5.337618461116218072e-01
1.662844888885719911e+03 3.393422132397406017e+02 5.338239583718581427e-01
1.662865722014884568e+03 3.390416652712170844e+02 5.331784476693495201e-01
1.662886555143875057e+03 3.389199064676209900e+02 5.332108661243383230e-01
1.662907388272633398e+03 3.385135856195192332e+02 5.324242181089680059e-01
1.662928221401158453e+03 3.387062102198603384e+02 5.333864225349469468e-01
1.662949054529507976e+03 3.387466689552727530e+02 5.316425443974811538e-01
1.662969887657625350e+03 3.387479106183188264e+02 5.316128613512084433e-01
1.662990720785567419e+03 3.384089699184890492e+02 5.296536190033558356e-01
1.663011553913277112e+03 3.390249464026106239e+02 5.292052017158100918e-01
1.663032387040811500e+03 3.387911194866171058e+02 5.279090394651095863e-01
1.663053220168114422e+03 3.383215992434213604e+02 5.265152533641074273e-01
1.663074053295184967e+03 3.382885684857491242e+02 5.257293573536258036e-01
1.663094886422079526e+03 3.389467289740473461e+02 5.257509265334616710e-01
1.663115719548741026e+03 3.391030010184925914e+02 5.261310904257526788e-01
1.663136552675227904e+03 3.388687908264399766e+02 5.249492393658911071e-01
1.663157385801481951e+03 3.390596856649684696e+02 5.246218477472106567e-01
1.663178218927504531e+03 3.391274180874221997e+02 5.245527087729181526e-01
1.663199052053350897e+03 3.392227870095509843e+02 5.249219597988000752e-01
1.663219885178965797e+03 3.385780911841530383e+02 5.235028297307758871e-01
1.663240718304347865e+03 3.380898213723354502e+02 5.234476914054209118e-01
1.663261551429496421e+03 3.389233885424630444e+02 5.234220701761780337e-01
1.663282384554469900e+03 3.387521916534026332e+02 5.229551170721724596e-01
1.663303217679210547e+03 3.390028426166652480e+02 5.228490795921563183e-01
1.663324050803777027e+03 3.392090321770734249e+02 5.223681215927417076e-01
1.663344883928052923e+03 3.385575208037819266e+02 5.218350378029171788e-01
1.663365717052153968e+03 3.390460857627256246e+02 5.214968904857884002e-01
1.663386550176080618e+03 3.386284126946406445e+02 5.200497613994152779e-01
1.663407383299715548e+03 3.384643065614616262e+02 5.194215300152945636e-01
1.663428216423117647e+03 3.387589572540740050e+02 5.187522669823071420e-01
1.663449049546345577e+03 3.401352845954290842e+02 5.192770945771919555e-01
1.663469882669340450e+03 3.390080181934128518e+02 5.183470861822379039e-01
1.663490715792102037e+03 3.401648011773046392e+02 5.192462741881597177e-01
1.663511548914631476e+03 3.401937243853807900e+02 5.189483642488392778e-01
1.663532382036986519e+03 3.387123541548910453e+02 5.182460002625213225e-01
1.663553215159050069e+03 3.387835511929631593e+02 5.185813250408040087e-01
1.663574048280938541e+03 3.387592579225869827e+02 5.188611233279404322e-01
1.663594881402594638e+03 3.388322146155235259e+02 5.196164857168205087e-01
1.663615714524018131e+03 3.388860105714677502e+02 5.208140147123165864e-01
1.663636547645208566e+03 3.386183769724901254e+02 5.198330397057241425e-01
1.663657380766165943e+03 3.384932322102958437e+02 5.199369696325418788e-01
1.663678213886890944e+03 3.386976390840375757e+02 5.209373719890874055e-01
1.663699047007382887e+03 3.392861061551595299e+02 5.227133738230514970e-01
1.663719880127643137e+03 3.392481069416648438e+02 5.207912968519974317e-01
1.663740713247668509e+03 3.387251630656899124e+02 5.203691193988063679e-01
1.663761546367461960e+03 3.392050352847991235e+02 5.205243306643339007e-01
1.663782379487023036e+03 3.388086717141768531e+02 5.198649718502227346e-01
1.663803212606350371e+03 3.396185324601007096e+02 5.201047728973202666e-01
1.663824045725445103e+03 3.385816355225167058e+02 5.193527316519513937e-01
1.663844878844307004e+03 3.393692275383199330e+02 5.198798766681342887e-01
1.663865711962936984e+03 3.392482839752989889e+02 5.198838607682357837e-01
1.663886545081334134e+03 3.388269609240004456e+02 5.189303027341573005e-01
1.663907378199497543e+03 3.394123788173171761e+02 5.192052635900309410e-01
1.663928211317369460e+03 3.390390347835004263e+02 5.189818725801244037e-01
1.663949044435009455e+03 3.390761726634109436e+02 5.200415378266081134e-01
1.663969877552473918e+03 3.392978118279785349e+02 5.179644312613808088e-01
1.663990710669648479e+03 3.388831636021206464e+02 5.168835567979219725e-01
1.664011543786532002e+03 3.399363061515404070e+02 5.170578266782417387e-01
1.664032376903241129e+03 3.387024292918367792e+02 5.156527714041829746e-01
1.664053210019658536e+03 3.386129761026645042e+02 5.149714344861427984e-01
1.664074043135900411e+03 3.385505210988694671e+02 5.145323186238321966e-01
1.664115709367512409e+03 3.387233483660631350e+02 5.151935853349989269e-01
1.664178208713098002e+03 3.390333745006263371e+02 5.144774353725264371e-01
1.664199041827770088e+03 3.398628282686552211e+02 5.153231748882928231e-01
1.664219874942207525e+03 3.389064917152473981e+02 5.126647358813758437e-01
1.664240708056355061e+03 3.395704884398559784e+02 5.131375685069068382e-01
1.664261541170327973e+03 3.391876025373385914e+02 5.127757272780366637e-01
1.664282374283950958e+03 3.387205327722135166e+02 5.123204486617024545e-01
1.664303207397341339e+03 3.393405235586556046e+02 5.126041876329018310e-01
1.664324040510499344e+03 3.393351752998419215e+02 5.118287237672587420e-01
1.664344873623366539e+03 3.393060222494486311e+02 5.117054129456800604e-01
1.664365706736000902e+03 3.385989537183833136e+02 5.109617734970197667e-01
1.664386539848343546e+03 3.396747058687914205e+02 5.106470081344416378e-01
1.664407372960452903e+03 3.391723161018348947e+02 5.097732543374395853e-01
1.664428206072272587e+03 3.392474804608879140e+02 5.094668217844620095e-01
1.664449039183800551e+03 3.391634579774971030e+02 5.089885591465256320e-01
1.664469872295095001e+03 3.393541190152843683e+02 5.084547529710612412e-01
1.664490705406098414e+03 3.391383903853783295e+02 5.084138390886008274e-01
1.664511538516811925e+03 3.393168110378350661e+02 5.081438890631901906e-01
1.664553204737482474e+03 3.390994880862845093e+02 5.075296641357253113e-01
1.664574037847438376e+03 3.396743462639037716e+02 5.084796044958417305e-01
1.664594870957045941e+03 3.394577177362187399e+02 5.073364373829373219e-01
1.664615704066419994e+03 3.405789575217344236e+02 5.079611634010896548e-01
1.664636537175503008e+03 3.392737003560478115e+02 5.067233510004067742e-01
1.664657370284294529e+03 3.396341974136498152e+02 5.067975391697019383e-01
1.664678203392796604e+03 3.389274331618783549e+02 5.067104706159876182e-01
1.664699036501007413e+03 3.394715074189537063e+02 5.062894134720405948e-01
1.664719869608984482e+03 3.386698020109428739e+02 5.058476214718795605e-01
1.664740702716612077e+03 3.395960739455822477e+02 5.058851198692816409e-01
1.664761535824007524e+03 3.393391719798171380e+02 5.052753744836580019e-01
1.664782368931053043e+03 3.397054986932386100e+02 5.053693540976247345e-01
1.664803202037807978e+03 3.385419098515841370e+02 5.040247578216693336e-01
1.664824035144329628e+03 3.387766813159938692e+02 5.038672735236487954e-01
1.664844868250503168e+03 3.396296554995651604e+02 5.043510130197322860e-01
1.664865701356386126e+03 3.394548491546891000e+02 5.039260328091215158e-01
1.664886534461976453e+03 3.390786907296252934e+02 5.037912636793329124e-01
1.664907367567275969e+03 3.397202996782393143e+02 5.036569318630059744e-01
1.664928200672284447e+03 3.389588897314191058e+02 5.031836007625397622e-01
1.664949033776943452e+03 3.394354163752891509e+02 5.028306882139855771e-01
1.664969866881312100e+03 3.397672917612055130e+02 5.026531162703815614e-01
1.664990699985389483e+03 3.395175793523299035e+02 5.030329922251756125e-01
1.665011533089116938e+03 3.396102010073365136e+02 5.022555675796124275e-01
1.665032366192612926e+03 3.401603467801281226e+02 5.032926860506033995e-01
1.665053199295701006e+03 3.399876132689027486e+02 5.023494298919362055e-01
1.665074032398556483e+03 3.390112028653300058e+02 5.012836370335801428e-01
1.665094865501003369e+03 3.393606198791133579e+02 5.014298082275492341e-01
1.665115698603217879e+03 3.392342698239239098e+02 5.015261128854362482e-01
1.665136531705026073e+03 3.393225087499900496e+02 5.008748864101645326e-01
1.665157364806600071e+03 3.394029239955052617e+02 5.010960010826521760e-01
1.665178197907766389e+03 3.391473431507880036e+02 5.006356371298373853e-01
1.665199031008643033e+03 3.388566680544844303e+02 5.001749388311435007e-01
1.665219864109169976e+03 3.395619557236964283e+02 5.008358227873683788e-01
1.665240697209405880e+03 3.398460822778168904e+02 5.009648133920917568e-01
1.665261530309233876e+03 3.388073817506397063e+02 5.010014280576777779e-01
1.665282363408771062e+03 3.396051253132042689e+02 5.004841725250556150e-01
1.665365695803484414e+03 3.384038429599827396e+02 5.002184629017071282e-01
1.665386528901276051e+03 3.390081364802396138e+02 5.009722793128303930e-01
1.665407361998777105e+03 3.394720399634273917e+02 5.004571672397988280e-01
1.665428195095869569e+03 3.390634166829595415e+02 5.001244688081292189e-01
1.665449028192611877e+03 3.392081643992924000e+02 5.001654053326500815e-01
1.665469861288947413e+03 3.386656608692791224e+02 4.995776419147037184e-01
1.665490694384991912e+03 3.388681756832252745e+02 4.996471948453868883e-01
1.665511527480629411e+03 3.394248451474572903e+02 4.997459898897983477e-01
1.665532360575917437e+03 3.390435535766470139e+02 4.997747778281730890e-01
1.665553193670798464e+03 3.384691893361678581e+02 4.991095332398704509e-01
1.665574026765330473e+03 3.398547305781024761e+02 5.004270637103372943e-01
1.665594859859511871e+03 3.392638823110672206e+02 4.995840249628152874e-01
1.665615692953286953e+03 3.385304413221564914e+02 4.995042309987571816e-01
1.665636526046653444e+03 3.391902959310961592e+02 4.995814299951502058e-01
1.665657359139671371e+03 3.397325308047044814e+02 5.002040148793175378e-01
1.665678192232223864e+03 3.401881732192132404e+02 5.003435623466888638e-01
1.665699025324484410e+03 3.399320034958444694e+02 5.013775326977035762e-01
1.665719858416279976e+03 3.400042455613622110e+02 5.005405008009312651e-01
1.665740691507668998e+03 3.395102093016554363e+02 5.001432392462359378e-01
1.665761524598708093e+03 3.394810236701547410e+02 5.002446768047089654e-01
1.665782357689339960e+03 3.399384418598431239e+02 5.005729789708710520e-01
1.665803190779505485e+03 3.397653936529150087e+02 5.001928136510667144e-01
1.665824023869262874e+03 3.390294228598979771e+02 4.995869927541393141e-01
1.665844856958613491e+03 3.393577137182469983e+02 4.999180965098969365e-01
1.665865690047557109e+03 3.394552451104509032e+02 5.004779796005344172e-01
1.665886523136093047e+03 3.391009303818718763e+02 5.004722927610048000e-01
1.665907356224162868e+03 3.391396675394070144e+02 4.998807914009203435e-01
1.665928189311768165e+03 3.386920631166308340e+02 4.996261540176009652e-01
1.665949022399024670e+03 3.394464707666429604e+02 5.000086425987979588e-01
1.665969855485755488e+03 3.391070252479559031e+02 4.998170696840061877e-01
1.665990688572079534e+03 3.398057410727445244e+02 5.004165225805646822e-01
1.666011521657937465e+03 3.383638540374803938e+02 4.992411189074937305e-01
1.666032354743329961e+03 3.389535568187203580e+02 4.999256972893946771e-01
1.666053187828257478e+03 3.389992119479555299e+02 4.999050854955932599e-01
1.666074020912718424e+03 3.386829207721710873e+02 4.993618677916715765e-01
1.666094853996771917e+03 3.395516150044006736e+02 5.002563534647248567e-01
1.666115687080302450e+03 3.401305233312199903e+02 5.010600178530874027e-01
1.666136520163308887e+03 3.386141210032744766e+02 4.997301416530579576e-01
1.666157353245907871e+03 3.386579942578343889e+02 5.001902516327616510e-01
1.666178186327982530e+03 3.394212461821170450e+02 5.007013230359071976e-01
1.666199019409533321e+03 3.390925110258133373e+02 5.000323642746667963e-01
1.666219852490618905e+03 3.394348108000257298e+02 5.001329304896564576e-01
1.666240685571180620e+03 3.396986426634882719e+02 5.003433836555056802e-01
1.666261518651275992e+03 3.391684746935021622e+02 4.998780191162923714e-01
1.666282351730789969e+03 3.397559369429517346e+02 5.005800637545410048e-01
1.666303184809838513e+03 3.401103459840238656e+02 5.008738749000930524e-01
1.666324017888304979e+03 3.402160893408131415e+02 5.016323801482078792e-01
1.666344850966246440e+03 3.400619038265385825e+02 5.007267676842823700e-01
1.666365684043664942e+03 3.395127721879233604e+02 4.999832806176027766e-01
1.666386517120500457e+03 3.383027987578481088e+02 4.994117882967336608e-01
1.666407350196812331e+03 3.392030454063554998e+02 5.002683872883317839e-01
1.666428183272601473e+03 3.401356350575081251e+02 5.010315268185115967e-01
1.666449016347749421e+03 3.381202185880740672e+02 4.992933942840304673e-01
1.666469849422373954e+03 3.386168282736468313e+02 4.995864558685728096e-01
1.666490682496359113e+03 3.388013688690838308e+02 5.000863596722865401e-01
1.666511515569819039e+03 3.391953354060974561e+02 5.001702316889730104e-01
1.666532348642638681e+03 3.390306997059988703e+02 4.999181859315040000e-01
1.666553181714876018e+03 3.386534651463080081e+02 4.996590644040937446e-01
1.666574014786473072e+03 3.392311760640242255e+02 5.001013772234215171e-01
1.666594847857488958e+03 3.388564164185933123e+02 5.000688982223953083e-01
1.666615680927863423e+03 3.387763888513494521e+02 4.996351609722644027e-01
1.666636513997598513e+03 3.385301123419150144e+02 4.998954872336291988e-01
1.666657347066693546e+03 3.396107600901636943e+02 5.004906631040884069e-01
1.666678180135148068e+03 3.390444440328840301e+02 4.999948143690137736e-01
1.666699013202904098e+03 3.386229595934514691e+02 5.010844332022464931e-01
1.666719846270019389e+03 3.390061227688386225e+02 4.999812241843645255e-01
1.666740679336435960e+03 3.388723651773531742e+02 5.007793789499830339e-01
1.666761512402154949e+03 3.392761514590048932e+02 5.003408819722410250e-01
1.666782345467232972e+03 3.388365800416261209e+02 4.997325271206352060e-01
1.666803178531554067e+03 3.382145050180434964e+02 5.010759875887672576e-01
1.666824011595176444e+03 3.386576455046633782e+02 4.996622554182673093e-01
1.666844844658101010e+03 3.394292454232065097e+02 5.002085429642235681e-01
1.666865677720211806e+03 3.394806919021821159e+02 5.001848892263895952e-01
1.666886510781681409e+03 3.390258787303312715e+02 5.018591885671028763e-01
1.666907343842336104e+03 3.398782164783303301e+02 5.004727989221167128e-01
1.666928176902233417e+03 3.389026331754650414e+02 5.004418030533939188e-01
1.666949009961316051e+03 3.391949388353218069e+02 5.008263613754581067e-01
1.666969843019641985e+03 3.395716899190712752e+02 5.005410962033935984e-01
1.666990676077211447e+03 3.392386206128281856e+02 5.000999469998855806e-01
1.667011509133907566e+03 3.390985153550478799e+02 5.005126649452684706e-01
1.667032342189789006e+03 3.390294622624600152e+02 4.998843089012218188e-01
1.667053175244914655e+03 3.384304029136447411e+02 4.998697916004220532e-01
1.667074008299108527e+03 3.391604847574830615e+02 5.004403142505732260e-01
1.667094841352486583e+03 3.392121345335218621e+02 5.002721999245350881e-01
1.667115674404991523e+03 3.395612849252893284e+02 5.007355762904969199e-01
1.667136507456682011e+03 3.379792854341885118e+02 4.993079880307503271e-01
1.667157340507441404e+03 3.386860145519864886e+02 5.000192519296257077e-01
1.667178173557269020e+03 3.394712462948743905e+02 5.066402697065602867e-01
1.667199006606281500e+03 3.387709637823827507e+02 5.000955371182339571e-01
1.667219839654304451e+03 3.391821349594489448e+02 5.008494790384394602e-01
1.667240672701455878e+03 3.390204902081656542e+02 5.003129158756927097e-01
1.667261505747616866e+03 3.395157400266788272e+02 5.012869366095621393e-01
1.667282338792904511e+03 3.386380165971537508e+02 4.998544093596627436e-01
1.667303171837203081e+03 3.392855457790212199e+02 5.007282556353982450e-01
1.667324004880511438e+03 3.396721130430269682e+02 5.010406274712057018e-01
1.667344837922945999e+03 3.380206956317341564e+02 4.995089742486309436e-01
1.667365670964333503e+03 3.395597687738653576e+02 5.006552813035872740e-01
1.667386504004789913e+03 3.390188953384993624e+02 5.003539858886012492e-01
1.667407337044257019e+03 3.390991066717782019e+02 5.003481487318830467e-01
1.667428170082735051e+03 3.398623103593724863e+02 5.013150564389403652e-01
1.667449003120281077e+03 3.387247627302810997e+02 5.002339531013345608e-01
1.667469836156837573e+03 3.396334120072542078e+02 5.007141199212725713e-01
1.667490669192404084e+03 3.385555834398832076e+02 5.003183960433168487e-01
1.667511502227039955e+03 3.397108448974207704e+02 5.015888302270453680e-01
1.667532335260685613e+03 3.389864862495056173e+02 5.006473046714364772e-01
1.667553168293458384e+03 3.387375316844094186e+02 5.000197883504866603e-01
1.667574001325242534e+03 3.397547048849152702e+02 5.004749426576213800e-01
1.667594834356152433e+03 3.387053525662896618e+02 5.007408137666794490e-01
1.667615667386188989e+03 3.390395383009160923e+02 5.002684468609959190e-01
1.667636500415412002e+03 3.394169878781913781e+02 5.014595841203449700e-01
1.667657333443819880e+03 3.387909025256248015e+02 5.001338839095866851e-01
1.667678166471413078e+03 3.393434660558770588e+02 5.009303080898614979e-01
1.668636486524724660e+03 3.382108099566768828e+02 5.748860121815047020e-01
1.668657319609303613e+03 3.389148764455842411e+02 5.822720637516330955e-01
1.668678152695394601e+03 3.395031916347107313e+02 5.881423918030499465e-01
1.668698985782940326e+03 3.393342841778449497e+02 5.938459118122862979e-01
1.668719818871883490e+03 3.382657330368933799e+02 5.996836513775470889e-01
1.668740651962164975e+03 3.387078858051539214e+02 6.070990486528398122e-01
1.668761485053728393e+03 3.401987065874617997e+02 6.168890605742517463e-01
1.668782318146571470e+03 3.392016343752263197e+02 6.246764776222076820e-01
1.668803151240520492e+03 3.395541730534818612e+02 6.335392064184028893e-01
1.668823984335634123e+03 3.390691404242122644e+02 6.402032906304413462e-01
1.668844817431853926e+03 3.402922040755502167e+02 6.454052403569144891e-01
1.668865650529121012e+03 3.398381160764897686e+02 6.491599137767462002e-01
1.668886483627319421e+03 3.384513323332220125e+02 6.495254535797240214e-01
1.668907316726506906e+03 3.385690507277480492e+02 6.485601102430759157e-01
1.668928149826626395e+03 3.398469348789716946e+02 6.477672375969657503e-01
1.668969816029426056e+03 3.400466225183182587e+02 6.421455852260253838e-01
1.668990649132047565e+03 3.394957393267409316e+02 6.408386804517172131e-01
1.669011482235426001e+03 3.388568330926638055e+02 6.408997156025003639e-01
1.669032315339504521e+03 3.398598931463168356e+02 6.440975695320922956e-01
1.669053148444339513e+03 3.409256011065856455e+02 6.453550449413839596e-01
1.669073981549812970e+03 3.390474513058502453e+02 6.460893236444553711e-01
1.669094814655927621e+03 3.381685463103018492e+02 6.457998795202360975e-01
1.669136480870019568e+03 3.397819963503238796e+02 6.471173279432564929e-01
1.669157313977880449e+03 3.391051360431243893e+02 6.466291559374508502e-01
1.669198980195232025e+03 3.400830656813392352e+02 6.476685894387695930e-01
1.669219813304663603e+03 3.387044468148663441e+02 6.483011906761922960e-01
1.669240646414503999e+03 3.399955060396769113e+02 6.467865759081065091e-01
1.669261479524868491e+03 3.389208086224239196e+02 6.451247286146480908e-01
1.669282312635639528e+03 3.387207347821532721e+02 6.435483199920314368e-01
1.669303145746818473e+03 3.390491082866902843e+02 6.435428786171166760e-01
1.669323978858346436e+03 3.398479207633043870e+02 6.410639817283118047e-01
1.669344811970339379e+03 3.388098667722632058e+02 6.392456883377195531e-01
1.669365645082623587e+03 3.399373867954765274e+02 6.396031487426165896e-01
1.669386478195257496e+03 3.403236221232563139e+02 6.404358189072058005e-01
1.669407311308240878e+03 3.393901203330813132e+02 6.397419635451296882e-01
1.669428144421514389e+03 3.393226808172796609e+02 6.394007312373733987e-01
1.669448977535079848e+03 3.387351693320582626e+02 6.397652089933626440e-01
1.669469810648937937e+03 3.392139706173495028e+02 6.417128467868812303e-01
1.669490643763026583e+03 3.388619266767999534e+02 6.424159393166225529e-01
1.669532309992077444e+03 3.390124535287848744e+02 6.446920714445103506e-01
1.669553143106923017e+03 3.394002014526938069e+02 6.453904407345339989e-01
1.669573976222060082e+03 3.398649108464377377e+02 6.452209943498701250e-01
1.669594809337312427e+03 3.385842026403703358e+02 6.433113807513570759e-01
1.669615642452856946e+03 3.390886079930594406e+02 6.417223905130821082e-01
1.669636475568518108e+03 3.394836840296403579e+02 6.397727787215528039e-01
1.669657308684411873e+03 3.411054832723342543e+02 6.377164127428340823e-01
1.669678141800480489e+03 3.396439153964830666e+02 6.339196539353331161e-01
1.669698974916722591e+03 3.396476217341323149e+02 6.315400552512842047e-01
1.669719808033082018e+03 3.393788085562057972e+02 6.277868841175648917e-01
1.669740641149616067e+03 3.392543853129534455e+02 6.258085980672295490e-01
1.669761474266265395e+03 3.396959501606511367e+02 6.251618175835498281e-01
1.669782307383090483e+03 3.392156004711157493e+02 6.245616090604607651e-01
1.669803140500031532e+03 3.400199877852918462e+02 6.251411517016437491e-01
1.669823973617088996e+03 3.396496548930927588e+02 6.275013698319761302e-01
1.669844806734206031e+03 3.384789382792861261e+02 6.250950740980784071e-01
1.669865639851496553e+03 3.391842773090858714e+02 6.256747180112103290e-01
1.669886472968845055e+03 3.386829111298458770e+02 6.247969774472273974e-01
1.669907306086309973e+03 3.397990721352425680e+02 6.224330162103643982e-01
1.669928139203832870e+03 3.394654981016974489e+02 6.187022248521764078e-01
1.669948972321472866e+03 3.398708462101758982e+02 6.151174282762217338e-01
1.669969805439170614e+03 3.393413301204416257e+02 6.107428677283373020e-01
1.669990638556926569e+03 3.389472475350917193e+02 6.079152302357900828e-01
1.670011471674799395e+03 3.391650581215412785e+02 6.035681396154531919e-01
1.670032304792671539e+03 3.398662292934197922e+02 6.016870097325460742e-01
1.670053137910602800e+03 3.390437666994534993e+02 5.997002747066111361e-01
1.670073971028592496e+03 3.390020040237898797e+02 5.985267881311671090e-01
1.670094804146639490e+03 3.397651873283115833e+02 5.987402117970389570e-01
1.670115637264744919e+03 3.390328127119702799e+02 5.986438893324834698e-01
1.670136470382850575e+03 3.387797694997792064e+02 5.980719822074005432e-01
1.670157303501013530e+03 3.388969189185133359e+02 5.979606999876377893e-01
1.670178136619235374e+03 3.389912375202835619e+02 5.975689793117657800e-01
1.670198969737456991e+03 3.388233142576098089e+02 5.960135479689736560e-01
1.670219802855679063e+03 3.395030244223531781e+02 5.959566171077281815e-01
1.670240635973900453e+03 3.395285401298598345e+02 5.942225332688879647e-01
1.670261469092180960e+03 3.411431675418663758e+02 5.937577548273519357e-01
1.670282302210461921e+03 3.386687973835813068e+02 5.902141898318314928e-01
1.670303135328741519e+03 3.384625948440774437e+02 5.886615501667831207e-01
1.670323968447021343e+03 3.389503318626860846e+02 5.875468975990603138e-01
1.670344801565301623e+03 3.388896881444241558e+02 5.865789589785405100e-01
1.670365634683638973e+03 3.407978897650307317e+02 5.867230299629726531e-01
1.670386467801919480e+03 3.386596363812263917e+02 5.848208659345111027e-01
1.670407300920199532e+03 3.399500246771214051e+02 5.853899622717038120e-01
1.670428134038420922e+03 3.392071503240575225e+02 5.848122281938895606e-01
1.670448967156700519e+03 3.396312292514697901e+02 5.848912116321323129e-01
1.670469800274922818e+03 3.400680152773925897e+02 5.857001523271531118e-01
1.670490633393146027e+03 3.374986300138659772e+02 5.851973882049767983e-01
1.670511466511367416e+03 3.394926788042395174e+02 5.880617418636008287e-01
1.670532299629530371e+03 3.384715384262612474e+02 5.897995888049845092e-01
1.670553132747636482e+03 3.394251679702892943e+02 5.908548140107043878e-01
1.670573965865799437e+03 3.393797458968718956e+02 5.919060685040837821e-01
1.670594798983846886e+03 3.389465174529967157e+02 5.933371162383253017e-01
1.670615632101951633e+03 3.393992615564551443e+02 5.934259885823521818e-01
1.670636465219940419e+03 3.391764301531761703e+02 5.929281670676348481e-01
1.670657298337930115e+03 3.395475275098447128e+02 5.926081569959948947e-01
1.670678131455860921e+03 3.375280454364240086e+02 5.907995803600363249e-01
1.670698964573791955e+03 3.384839454402601291e+02 5.902369117303611912e-01
1.670719797691664553e+03 3.384329927582625714e+02 5.892977176616236434e-01
1.670740630809478489e+03 3.384326221465051958e+02 5.889835274373119711e-01
1.670761463927235127e+03 3.394330117527084099e+02 5.893398431383174429e-01
1.670782297044991083e+03 3.385424155864199633e+02 5.894039358517632055e-01
1.670803130162630623e+03 3.394714189215317219e+02 5.904894446173302169e-01
1.670823963280270618e+03 3.377681791736866330e+02 5.895822715974375905e-01
1.670844796397851496e+03 3.385417746374218950e+02 5.905447577408141635e-01
1.670865629515375531e+03 3.390696552672537223e+02 5.925676720840797884e-01
1.670886462632840903e+03 3.394569456478582765e+02 5.909308716287763330e-01
1.670907295750247613e+03 3.385194594028088773e+02 5.892506832593048527e-01
1.670928128867597025e+03 3.391373903916405084e+02 5.880704585698500741e-01
1.670948961984886864e+03 3.388109879488282559e+02 5.859680676434169122e-01
1.670969795102060971e+03 3.387054483239782030e+02 5.838891911841103122e-01
1.670990628219234623e+03 3.387325961969902437e+02 5.818288822521038295e-01
1.671011461336350067e+03 3.384863220905849630e+02 5.801623504835735634e-01
1.671032294453350005e+03 3.393180194961323650e+02 5.791382287497034431e-01
1.671053127570349488e+03 3.389822700926880543e+02 5.780314808030592166e-01
1.671073960687232557e+03 3.389003485013994350e+02 5.782326520749354604e-01
1.671094793804058554e+03 3.397134456032363232e+02 5.784094342760285334e-01
1.671115626920825434e+03 3.379957225574636368e+02 5.783261645071562373e-01
1.671136460037474990e+03 3.389056619048459424e+02 5.792857451343981223e-01
1.671157293154124545e+03 3.393292216802601047e+02 5.799583285669943633e-01
1.671178126270657913e+03 3.389492932195184949e+02 5.800885029387845560e-01
1.671198959387076002e+03 3.380060346275743086e+02 5.814759082067587626e-01
1.671219792503493409e+03 3.384211382736635869e+02 5.792950311838492850e-01
1.671240625619793946e+03 3.379989542258460347e+02 5.782050000075158458e-01
1.671261458735978522e+03 3.382311547560489089e+02 5.771099406924224962e-01
1.671282291852162871e+03 3.388172249038640871e+02 5.761185960866885836e-01
1.671303124968231941e+03 3.380440159806318547e+02 5.742968292091007454e-01
1.671323958084183460e+03 3.385983597330310317e+02 5.739263971055085234e-01
1.671344791200076997e+03 3.391580941239550953e+02 5.722458351020355272e-01
1.671365624315913010e+03 3.389211527049684491e+02 5.713352021715735196e-01
1.671386457431631470e+03 3.382553624030929882e+02 5.699793221253308673e-01
1.671407290547291950e+03 3.387532114803869945e+02 5.704904304841866836e-01
1.671428123662893995e+03 3.376495326962385661e+02 5.696769988347146763e-01
1.671448956778321644e+03 3.382710316814132625e+02 5.693750907822504592e-01
1.671469789893749976e+03 3.392642614634556821e+02 5.699448118764657290e-01
1.671490623009061437e+03 3.391773340340751020e+02 5.700843302349951625e-01
1.671511456124256938e+03 3.391180004516065765e+02 5.709968797845651478e-01
1.671532289239393549e+03 3.386192412720537845e+02 5.721440885983680724e-01
1.671553122354413517e+03 3.386195136935118626e+02 5.730962096276490669e-01
1.671573955469317980e+03 3.388664173403626592e+02 5.736314014369402470e-01
1.671594788584163553e+03 3.374971864225262266e+02 5.738550448611465793e-01
1.671615621698950918e+03 3.379598743036409587e+02 5.743291320584389403e-01
1.671636454813622549e+03 3.392153174947935099e+02 5.742354358143163529e-01
1.671657287928176629e+03 3.385838509490724277e+02 5.733088855835325459e-01
1.671678121042615658e+03 3.379843498483042481e+02 5.725399830861461759e-01
1.671698954156996479e+03 3.383847006251260154e+02 5.727298923411191511e-01
1.671719787271317955e+03 3.392100600985161236e+02 5.727573144263341520e-01
1.671740620385465490e+03 3.382070536284740569e+02 5.722660936998134051e-01
1.671761453499554591e+03 3.380296857810816959e+02 5.725754559861075954e-01
1.671782286613526594e+03 3.401262591045456247e+02 5.750684096235140208e-01
1.671803119727440389e+03 3.384141171486676285e+02 5.748833942352066240e-01
1.671823952841237997e+03 3.388344575333143780e+02 5.760791251320719342e-01
1.671844785954920553e+03 3.390642460646771497e+02 5.770540886456717589e-01
1.671865619068485557e+03 3.382315451768441790e+02 5.767430723110738011e-01
1.671886452181992809e+03 3.396732954950203407e+02 5.775641220791571939e-01
1.671907285295384554e+03 3.377688211166410497e+02 5.760232248740093652e-01
1.671928118408658520e+03 3.384398925757468533e+02 5.758627628096862905e-01
1.671948951521816070e+03 3.377835148127784919e+02 5.746687598437418831e-01
1.671969784634914959e+03 3.384358698786688251e+02 5.731030218887733785e-01
1.671990617747840133e+03 3.384995471010259962e+02 5.716301836971213746e-01
1.672011450860707100e+03 3.378939701647856850e+02 5.698504470502788744e-01
1.672032283973456515e+03 3.384982774912093078e+02 5.686087045068360935e-01
1.672094783311125866e+03 3.378028541804446832e+02 5.651665373338652376e-01
1.672115616423469419e+03 3.388515712342540382e+02 5.660133840912765502e-01
1.672157282647805005e+03 3.393047954820940504e+02 5.661303407244903108e-01
1.672219781983495068e+03 3.381993651973756982e+02 5.650165741945385456e-01
1.672240615095197427e+03 3.381982341467783044e+02 5.644334571870157635e-01
1.672261448206782916e+03 3.396517114173354912e+02 5.646233483476784665e-01
1.672282281318253808e+03 3.399023523432016418e+02 5.638785952717911831e-01
1.672303114429607376e+03 3.385410571310653154e+02 5.618339144629127535e-01
1.672323947540844074e+03 3.378499586304516242e+02 5.600716573560207134e-01
1.672344780651964584e+03 3.390897082859780767e+02 5.621880885105753345e-01
1.672365613762967996e+03 3.390382602005505532e+02 5.591155862525315490e-01
1.672386446873856130e+03 3.390355758276326128e+02 5.585796114326023742e-01
1.672407279984685374e+03 3.386374245876709210e+02 5.580767393018347677e-01
1.672448946205936863e+03 3.379816347825004073e+02 5.586784405296515432e-01
1.672511445536912561e+03 3.392192657649933949e+02 5.607569762657798051e-01
1.672532278647043086e+03 3.377022494951568774e+02 5.609410989799972214e-01
1.672553111756999897e+03 3.391625382852258781e+02 5.631536288927804224e-01
1.672573944866897591e+03 3.384857820583447392e+02 5.629773763376334506e-01
1.672594777976621117e+03 3.386346958376909697e+02 5.639632319968175267e-01
1.672615611086285526e+03 3.392007965515327896e+02 5.653533356922824105e-01
1.672636444195775994e+03 3.380867841727978202e+02 5.639382095983522802e-01
1.672657277305208936e+03 3.390221591684115197e+02 5.645035453901295908e-01
1.672678110414525463e+03 3.393857602238146001e+02 5.642493913179900122e-01
1.672698943523667367e+03 3.382735537995997674e+02 5.634965810409712228e-01
1.672719776632751064e+03 3.382432797871771299e+02 5.638491028758525481e-01
1.672740609741659455e+03 3.383122679696546697e+02 5.634526556751489057e-01
1.672761442850450976e+03 3.393157496597455633e+02 5.649820509312901695e-01
1.672782275959184517e+03 3.383650389148293129e+02 5.644432779792979415e-01
1.672803109067744117e+03 3.386893222025207137e+02 5.654320066203519790e-01
1.672823942176187074e+03 3.390699992443858832e+02 5.667033238568761622e-01
1.672844775284513616e+03 3.389064001078871229e+02 5.680828667220432227e-01
1.672865608392782178e+03 3.383184449544922359e+02 5.675125630286326217e-01
1.672886441500876572e+03 3.391447125884683373e+02 5.682185414757655595e-01
1.672907274608852958e+03 3.395310020932162729e+02 5.690695137626547995e-01
1.672928107716656541e+03 3.394494121838154115e+02 5.697805196681771100e-01
1.672948940824400552e+03 3.385686108110405712e+02 5.665807257959452059e-01
1.672969773932027920e+03 3.389756365130196514e+02 5.659773945978363585e-01
1.672990607039540009e+03 3.390056505561508402e+02 5.646424817378470351e-01
1.673011440146877021e+03 3.391285522377198163e+02 5.632564967797093480e-01
1.673032273254096935e+03 3.388923668539028426e+02 5.619046186250876707e-01
1.673053106361260006e+03 3.390175777054426476e+02 5.619549759922225496e-01
1.673073939468248000e+03 3.383017180570399773e+02 5.597717295471525967e-01
1.673094772575120032e+03 3.385383214137526124e+02 5.592770698537367080e-01
1.673115605681874513e+03 3.394559426086024700e+02 5.594961173781061170e-01
1.673136438788512351e+03 3.387150234207838366e+02 5.591620109021279150e-01
1.673157271894976475e+03 3.389671573915437079e+02 5.586656910913199159e-01
1.673178105001381937e+03 3.387829279689122473e+02 5.593654397328651218e-01
1.673198938107613003e+03 3.388266310636224148e+02 5.588925502805474066e-01
1.673219771213727427e+03 3.392498037461623426e+02 5.592495196804666557e-01
1.673240604319724980e+03 3.386872625953253078e+02 5.590039594353088948e-01
1.673261437425608165e+03 3.397588321756288110e+02 5.605812726781329580e-01
1.673282270531374479e+03 3.389988118777316686e+02 5.577012247604621331e-01
1.673303103637023014e+03 3.386701908928212674e+02 5.569779829368570745e-01
1.673323936742496471e+03 3.400423007471219989e+02 5.574439158690053242e-01
1.673344769847854423e+03 3.389466802674728569e+02 5.566917529801848064e-01
1.673365602953095959e+03 3.390932973387342599e+02 5.544430099882623475e-01
1.673386436058221534e+03 3.388846770312054559e+02 5.529289846574149125e-01
1.673407269163229557e+03 3.385094972121698902e+02 5.520709744155728460e-01
1.673428102268063412e+03 3.391301499759513831e+02 5.523815848896166392e-01
1.673448935372780852e+03 3.387323075482841546e+02 5.518435791333341500e-01
1.673469768477441903e+03 3.389790261067473125e+02 5.531521354096852194e-01
1.673490601581868532e+03 3.390882383413990055e+02 5.528256236535377122e-01
1.673511434686236498e+03 3.403118332098471797e+02 5.544406180269910722e-01
1.673532267790488959e+03 3.389714477092566653e+02 5.544037697690721300e-01
1.673553100894565432e+03 3.387381215546835165e+02 5.560024417816717968e-01
1.673573933998526627e+03 3.387769159279779387e+02 5.562471839747781255e-01
1.673594767102370497e+03 3.388566059911453863e+02 5.572906713981892191e-01
1.673615600206039971e+03 3.387004347817472194e+02 5.581782469601319630e-01
1.673636433309653057e+03 3.385077716749173078e+02 5.582588899385475534e-01
1.673657266413090383e+03 3.397174224559317963e+02 5.599554843324380249e-01
1.673678099516411066e+03 3.383964625398864428e+02 5.595193410296891434e-01
1.673698932619556444e+03 3.391860540049850670e+02 5.596972682660620313e-01
1.673719765722644070e+03 3.392637739455265660e+02 5.599311610468852285e-01
1.673740598825557981e+03 3.388492637649989661e+02 5.617520339718484745e-01
1.673761431928354568e+03 3.388679429422796261e+02 5.597087163008263033e-01
1.673782265030976077e+03 3.387138746995400425e+02 5.604526294339257086e-01
1.673803098133540516e+03 3.398279257413315690e+02 5.607207291183405884e-01
1.673823931235930104e+03 3.384970486630837172e+02 5.604771959547395488e-01
1.673844764338145524e+03 3.386964669696361625e+02 5.604039983723833052e-01
1.673865597440301372e+03 3.384331256281294031e+02 5.603967924269258605e-01
1.673886430542283051e+03 3.380943370400858612e+02 5.605244648670499874e-01
1.673907263644148998e+03 3.390633393203887636e+02 5.599331835923053724e-01
1.673928096745897619e+03 3.391768107027298242e+02 5.589573883643914609e-01
1.673948929847472073e+03 3.388861467241844139e+02 5.580104102800923505e-01
1.673969762948929429e+03 3.388848924079841822e+02 5.567713266149845186e-01
1.673990596050271051e+03 3.384792974114782851e+02 5.554974780587702554e-01
1.674011429151496941e+03 3.398498332434686517e+02 5.549171670753998420e-01
1.674032262252548435e+03 3.383675525907698329e+02 5.527616837835446217e-01
1.674053095353481922e+03 3.394279472623331344e+02 5.527249662319654311e-01
1.674073928454241923e+03 3.385706022322253261e+02 5.518817863608719287e-01
1.674094761554943489e+03 3.385595879321328425e+02 5.508896200284114641e-01
1.674115594655469522e+03 3.396572969210176325e+02 5.518001843952314855e-01
1.674136427755821387e+03 3.387601420169343100e+02 5.504382262482307997e-01
1.674157260856115045e+03 3.387684019089355729e+02 5.504296445315255415e-01
1.674178093956234534e+03 3.399874019964610170e+02 5.518607524618207583e-01
1.674198927056179400e+03 3.400711794272723409e+02 5.516114167305131710e-01
1.674219760156066513e+03 3.389430474090254961e+02 5.508078981270279062e-01
1.674240593255777412e+03 3.377925268736565272e+02 5.500914400122961512e-01
1.674261426355314597e+03 3.380854793792046848e+02 5.497099827022882135e-01
1.674282259454736050e+03 3.394465702620490788e+02 5.502928604356037701e-01
1.674303092554039495e+03 3.391119951503113725e+02 5.489229005046801779e-01
1.674323925653227434e+03 3.390680604782352816e+02 5.479034834413170074e-01
1.674344758752240978e+03 3.391180965422970530e+02 5.465550985647610327e-01
1.674365591851138561e+03 3.402022929929485144e+02 5.461623043749065376e-01
1.674386424949919501e+03 3.397261259677429734e+02 5.448435518588774507e-01
1.674407258048524454e+03 3.390201172254371045e+02 5.445709739436415120e-01
1.674428091147014129e+03 3.384236350538099600e+02 5.433208229764102670e-01
1.674448924245328953e+03 3.392516405466736842e+02 5.441973939353063061e-01
1.674469757343527590e+03 3.392172646462007606e+02 5.446213471187499877e-01
1.674490590441609129e+03 3.383174811565878599e+02 5.445190088984148691e-01
1.674511423539516500e+03 3.404239514106252500e+02 5.467782616203058499e-01
1.674532256637307000e+03 3.395156544108472758e+02 5.472457991064560989e-01
1.674553089734924015e+03 3.386881253361954123e+02 5.478519160903633223e-01
1.674573922832424614e+03 3.389445780887416504e+02 5.512479603874551604e-01
1.674594755929807889e+03 3.388152464413543044e+02 5.506921520268287518e-01
1.674615589027016995e+03 3.391204952892936149e+02 5.520771014263696763e-01
1.674636422124109458e+03 3.390278084712359714e+02 5.530113631507213023e-01
1.674657255221026389e+03 3.398017796461879811e+02 5.554641605407575344e-01
1.674678088317827587e+03 3.399671747655094691e+02 5.550763553642181769e-01
1.674698921414453935e+03 3.386580482383158710e+02 5.545095776245877461e-01
1.674719754511022984e+03 3.381969647131501233e+02 5.538937436778202938e-01
1.674740587607358975e+03 3.396250245037520017e+02 5.547859749219723469e-01
1.674761420703579006e+03 3.393743265145283772e+02 5.545053585969965670e-01
1.674782253799681484e+03 3.393668740838076019e+02 5.550097751615752362e-01
1.674803086895668002e+03 3.385674759878050395e+02 5.542595515411063989e-01
1.674823919991421917e+03 3.382250180267694191e+02 5.545818335667868082e-01
1.674844753087116942e+03 3.384717885159178081e+02 5.551539595449596076e-01
1.674865586182637344e+03 3.377458426776576061e+02 5.547665284502252270e-01
1.674886419278042013e+03 3.369546446968533928e+02 5.546370201244085196e-01
1.674907252373272513e+03 3.395518318704149578e+02 5.552717543612373241e-01
1.674928085468327936e+03 3.393552400902918293e+02 5.544369091228165125e-01
1.674948918563266488e+03 3.391983265797142053e+02 5.528985308806505516e-01
1.674969751658088626e+03 3.389934598506995940e+02 5.516383759177626578e-01
1.674990584752737050e+03 3.392632527491105066e+02 5.509732500184291171e-01
1.675011417847267467e+03 3.383067966457614375e+02 5.491386159767026598e-01
1.675032250941623943e+03 3.391437966554792069e+02 5.490148097839218089e-01
1.675053084035864458e+03 3.391454961455813759e+02 5.482956281653627029e-01
1.675073917129929669e+03 3.389614262706697900e+02 5.470324153500925046e-01
1.675094750223880055e+03 3.382687802279808693e+02 5.472321570194386142e-01
1.675115583317654455e+03 3.384880835953205747e+02 5.457510979659271344e-01
1.675136416411312894e+03 3.389339615199723426e+02 5.455847369410449232e-01
1.675157249504796937e+03 3.384601266127155554e+02 5.451102255988640177e-01
1.675178082598163428e+03 3.389858721067582223e+02 5.453257550921227770e-01
1.675198915691355978e+03 3.393363925233313125e+02 5.455042144077626443e-01
1.675219748784431431e+03 3.386594001384240187e+02 5.456141787807232690e-01
1.675240581877332943e+03 3.397141113281250000e+02 5.457894859708202207e-01
1.675261414984904150e+03 3.387099622700649775e+02 5.446591307824182326e-01
1.675282248077514396e+03 3.389088024445314318e+02 5.440466904465824927e-01
1.675303081170007999e+03 3.380792252398662754e+02 5.429360359271396819e-01
1.675323914262327435e+03 3.391511162931514605e+02 5.426166682769156813e-01
1.675344747354472020e+03 3.390062229286848492e+02 5.421910376529547326e-01
1.675365580446500644e+03 3.388709687860913391e+02 5.409146431557083634e-01
1.675386413538354418e+03 3.392381756950649674e+02 5.408942571905348551e-01
1.675407246630090867e+03 3.396349106646349583e+02 5.407020403704094758e-01
1.675448912813101515e+03 3.393211972264222140e+02 5.407422197746031278e-01
1.675469745904372985e+03 3.394401582653138689e+02 5.409795149998660735e-01
1.675490578995528494e+03 3.391821557042786708e+02 5.412918927848969775e-01
1.675511412086508471e+03 3.389022022739924864e+02 5.443288112101360987e-01
1.675532245177314962e+03 3.394352724909691688e+02 5.437503924313586978e-01
1.675553078268004583e+03 3.387361488853674700e+02 5.438687666174363278e-01
1.675573911358519126e+03 3.385728315779702484e+02 5.449966871528379997e-01
1.675594744448917936e+03 3.383478679719888191e+02 5.456833253516628623e-01
1.675615577539142123e+03 3.392197958153376476e+02 5.474887401259056485e-01
1.675636410629191914e+03 3.388184761888819594e+02 5.482046584006907697e-01
1.675657243719124381e+03 3.395524960149973595e+02 5.488670579669722160e-01
1.675678076808882452e+03 3.389639200713593823e+02 5.483370447129835012e-01
1.675698909898466354e+03 3.384615483133228508e+02 5.480591079967144230e-01
1.675719742987933387e+03 3.386764424520407601e+02 5.485606237377020911e-01
1.675740576077284004e+03 3.399500595290476213e+02 5.488854646425777029e-01
1.675761409166401563e+03 3.394712592917778693e+02 5.487803102346975326e-01
1.675782242255404071e+03 3.386544545748880068e+02 5.499442755039747333e-01
1.675803075344289937e+03 3.384479331224196130e+02 5.494997523882571011e-01
1.675823908432942062e+03 3.398583858316458759e+02 5.498012183505116557e-01
1.675844741521477317e+03 3.387171622370474324e+02 5.493680802518140505e-01
1.675865574609896612e+03 3.394504701577495780e+02 5.501136792350121985e-01
1.675886407698083076e+03 3.389333382341394554e+02 5.510613290731686265e-01
1.675907240786154034e+03 3.397578781960016272e+02 5.504064434477627943e-01
1.675928073874107440e+03 3.393162390326374407e+02 5.496620548815140950e-01
1.675948906961828925e+03 3.386354782975983539e+02 5.492971459297051329e-01
1.675969740049434677e+03 3.391878727640409465e+02 5.478546632077193612e-01
1.675990573136922421e+03 3.388864387413359509e+02 5.462905758293611358e-01
1.676011406224177335e+03 3.389632350972603376e+02 5.451943321407802800e-01
1.676032239311316516e+03 3.387036180530902811e+02 5.442000499735833996e-01
1.676053072398279937e+03 3.390969339560803064e+02 5.432662971902978422e-01
1.676073905485128535e+03 3.396381137309135738e+02 5.427400395460318938e-01
1.676094738571743619e+03 3.396157703287130403e+02 5.419120110672512869e-01
1.676115571658242061e+03 3.393559172463760660e+02 5.413835011556619170e-01
1.676136404744624542e+03 3.394211731096963263e+02 5.409823521046654982e-01
1.676157237830773965e+03 3.395731356341804599e+02 5.401237104136091816e-01
1.676178070916806973e+03 3.383281610644812076e+02 5.395315865947293288e-01
1.676198904002665586e+03 3.391777020169665207e+02 5.400862716265654173e-01
1.676219737088406873e+03 3.390516116878406478e+02 5.402712883133237165e-01
1.676240570173916922e+03 3.399850180332683749e+02 5.411090150509020313e-01
1.676261403259309645e+03 3.392285103968039266e+02 5.398560087851956846e-01
1.676282236344527973e+03 3.392313137091388739e+02 5.395654460588383827e-01
1.676303069429571451e+03 3.397701280403666715e+02 5.392249318743732589e-01
1.676323902514498059e+03 3.391006089104377565e+02 5.381048237277958890e-01
1.676344735599250953e+03 3.398289559538241065e+02 5.381476337488939610e-01
1.676365568683770562e+03 3.384118508685925235e+02 5.362385018545391402e-01
1.676386401768231508e+03 3.389173721837914854e+02 5.361410949845494267e-01
1.676407234852459624e+03 3.390948265961247330e+02 5.358313319088274795e-01
1.676428067936513798e+03 3.391211211498514899e+02 5.356309275260201508e-01
1.676448901020452467e+03 3.386752611420388348e+02 5.353132978122732144e-01
1.676469734104215149e+03 3.392879512215834552e+02 5.358324164753016650e-01
1.676490567187802981e+03 3.394839455746425187e+02 5.365345601365174577e-01
1.676511400271217099e+03 3.392749356867668666e+02 5.373468324972723309e-01
1.676532233354514119e+03 3.399132638914653057e+02 5.385348183684066647e-01
1.676553066437578082e+03 3.388833011495492542e+02 5.385358974902841878e-01
1.676573899520525629e+03 3.392005049870363678e+02 5.408391285905659318e-01
1.676594732603299462e+03 3.385849316004243406e+02 5.398145212301468376e-01
1.676615565685899583e+03 3.396408315252319312e+02 5.415360464424853193e-01
1.676636398768323488e+03 3.385090248550047249e+02 5.415461724093304507e-01
1.676657231850572543e+03 3.399720130016450526e+02 5.430124388757625598e-01
1.676678064932647430e+03 3.395683421479446906e+02 5.433409807724047802e-01
1.676698898014604993e+03 3.386131617215625056e+02 5.431274072486198534e-01
1.676719731096331088e+03 3.381919202818517078e+02 5.427044561422116331e-01
1.676740564177940996e+03 3.384706454499159918e+02 5.422664189137080815e-01
1.676761397259376054e+03 3.388020846451180432e+02 5.419553452075508426e-01
1.676782230340578053e+03 3.390189827007333747e+02 5.426056285722996586e-01
1.676803063421662955e+03 3.394289923925924199e+02 5.424945324740906294e-01
1.676823896502573007e+03 3.395677214018716654e+02 5.427952496077594891e-01
1.676844729583309572e+03 3.386206278455080678e+02 5.426871303533806756e-01
1.676865562663870605e+03 3.391232960138862609e+02 5.435748662297456013e-01
1.676886395744257925e+03 3.395309050968953670e+02 5.435473426160858379e-01
1.676907228824528374e+03 3.393826882803627427e+02 5.433870529266685567e-01
1.676928061904566675e+03 3.394260636168271503e+02 5.443164100607277289e-01
1.676948894984429444e+03 3.393070913470634196e+02 5.423718746347575559e-01
1.676969728064117135e+03 3.389287186209901392e+02 5.415605355484118810e-01
1.676990561143631567e+03 3.396831839892825542e+02 5.411419772566672393e-01
1.677011394223028447e+03 3.386421060193158610e+02 5.394641098903918408e-01
1.677032227302192496e+03 3.407115904541389568e+02 5.401893392838521546e-01
1.677053060381183514e+03 3.391431875911416114e+02 5.383241268183651673e-01
1.677073893459999454e+03 3.396544309320508432e+02 5.382030657279405217e-01
1.677094726538697614e+03 3.390647346548710175e+02 5.374557487990899718e-01
1.677115559617163399e+03 3.391106065556416524e+02 5.366889279005477853e-01
1.677136392695454560e+03 3.391731541714774494e+02 5.377669314774172760e-01
1.677157225773571554e+03 3.384596107760044106e+02 5.359386099311745921e-01
1.677178058851513470e+03 3.382932091350568271e+02 5.358422330925064481e-01
1.677198891929280535e+03 3.390690555625597540e+02 5.357952618706618431e-01
1.677219725006816134e+03 3.380381163471491845e+02 5.349192129174468180e-01
1.677240558084233953e+03 3.388526199098085954e+02 5.352384963494271064e-01
1.677261391161478514e+03 3.386387566061206940e+02 5.346406833880428255e-01
1.677282224238488425e+03 3.392617633748021149e+02 5.343845957736619301e-01
1.677303057315383057e+03 3.386877587183597598e+02 5.332108102321465593e-01
1.677323890392045087e+03 3.390614912258002960e+02 5.330164935564217776e-01
1.677344723468531583e+03 3.399385869786786998e+02 5.321397063051391818e-01
1.677365556544843912e+03 3.395318894743954843e+02 5.311205930735745095e-01
1.677386389620982527e+03 3.394570974870715645e+02 5.299295676864027582e-01
1.677407222696944928e+03 3.384004514967602404e+02 5.286560120252540296e-01
1.677428055772675634e+03 3.385446231701016586e+02 5.281560504972314662e-01
1.677448888848289471e+03 3.381971488200302929e+02 5.279399750864784968e-01
1.677469721923670022e+03 3.388946269459248697e+02 5.277569317744199573e-01
1.677490554998875950e+03 3.390176340467389764e+02 5.279764406626837880e-01
1.677511388073908165e+03 3.385972791434143119e+02 5.279179872718597899e-01
1.677532221148708004e+03 3.393683062285339815e+02 5.290484531653611988e-01
1.677553054223390518e+03 3.392104667628618131e+02 5.290481996715987734e-01
1.677573887297839974e+03 3.385397319040275192e+02 5.292852477876363038e-01
1.677594720372115034e+03 3.385918494541121504e+02 5.302463194374500421e-01
1.677615553446157492e+03 3.403704056761396828e+02 5.319940461582078894e-01
1.677636386520082397e+03 3.392442475759029890e+02 5.316550730046080142e-01
1.677657219593776063e+03 3.393200832520189465e+02 5.316991870475008541e-01
1.677678052667294651e+03 3.390486298725188590e+02 5.324830443409488412e-01
1.677698885740580408e+03 3.397844020760069839e+02 5.319265097252671159e-01
1.677719718813691543e+03 3.386043483442022080e+02 5.310192167860207091e-01
1.677740551886626918e+03 3.390565727754666341e+02 5.314952620782266157e-01
1.677761384959388579e+03 3.390974341023845113e+02 5.304784782315412617e-01
1.677782218031916955e+03 3.391978459687086911e+02 5.321403783610646476e-01
1.677803051104272072e+03 3.395339638070643105e+02 5.300747269006375051e-01
1.677823884176394131e+03 3.386319103054448760e+02 5.292867399139203899e-01
1.677844717248340658e+03 3.390885318791424083e+02 5.293656476938778388e-01
1.677865550320113016e+03 3.400589271928207609e+02 5.298981014398389533e-01
1.677886383391652089e+03 3.391569834413878652e+02 5.290899963353902224e-01
1.677907216463016539e+03 3.390544884487537729e+02 5.285644531250000000e-01
1.677928049534206366e+03 3.380613285200348059e+02 5.277735618651583360e-01
1.677948882605163817e+03 3.379761230586611305e+02 5.282206555930030190e-01
1.677969715675947555e+03 3.395404913145835621e+02 5.279107048412595704e-01
1.677990548746496415e+03 3.388887076970902967e+02 5.267769204345531531e-01
1.678011381816813355e+03 3.396562648759524450e+02 5.269483991655617983e-01
1.678032214887013424e+03 3.390107772985522274e+02 5.258871802172339072e-01
1.678053047956922910e+03 3.382113825177908666e+02 5.268251199970064302e-01
1.678073881026715981e+03 3.385404219261660614e+02 5.241092527731868733e-01
1.678094714096218922e+03 3.384871393384520388e+02 5.238724225435268389e-01
1.678115547165546559e+03 3.394290992425535478e+02 5.248312258780549744e-01
1.678136380234699573e+03 3.378111897877966499e+02 5.230632411911879665e-01
1.678157213303619528e+03 3.386315308554869716e+02 5.233818992577282669e-01
1.678178046372363951e+03 3.390064275921731678e+02 5.241111008111004610e-01
1.678198879440876453e+03 3.384198617432296032e+02 5.229128015484263425e-01
1.678219712509156125e+03 3.400562360204032757e+02 5.241097929695586188e-01
1.678240545577261855e+03 3.389244924524386988e+02 5.233918924532409145e-01
1.678261378645134528e+03 3.389394325279887425e+02 5.226859490548222409e-01
1.678282211712773915e+03 3.386609195043306499e+02 5.223390526179487736e-01
1.678303044780238451e+03 3.392167921465602944e+02 5.219523298339998618e-01
1.678323877847469930e+03 3.380618654293427880e+02 5.216368548748484546e-01
1.678344710914469488e+03 3.392337117554430961e+02 5.205689585772045325e-01
1.678365543981293513e+03 3.385696629656819709e+02 5.197277127854936785e-01
1.678386377047885617e+03 3.379816152226114809e+02 5.190452367494399200e-01
1.678407210114245572e+03 3.385378774828577662e+02 5.185668426640799300e-01
1.678428043180429540e+03 3.388317174821318076e+02 5.183907804770891969e-01
1.678448876246322016e+03 3.390606623339140242e+02 5.188181866792668240e-01
1.678469709312040550e+03 3.392950628365185821e+02 5.190224701789207806e-01
1.678490542377525344e+03 3.387906072152330239e+02 5.184725536523978606e-01
1.678511375442838016e+03 3.391394128700550255e+02 5.197479828524288470e-01
1.678532208507858513e+03 3.386014211946749697e+02 5.200673829032707030e-01
1.678553041572703478e+03 3.385507672619821733e+02 5.203298869392550818e-01
1.678573874637315384e+03 3.380464831945428728e+02 5.192773241449206711e-01
1.678594707701694915e+03 3.390843672799460933e+02 5.202177287903092529e-01
1.678615540765842525e+03 3.390288747879922084e+02 5.204886885631426763e-01
1.678636373829756394e+03 3.387792649411308048e+02 5.208957793629596100e-01
1.678657206893437888e+03 3.388777598253662973e+02 5.206503896487049143e-01
1.678678039956887005e+03 3.374736917803984966e+02 5.197253904218334108e-01
1.678698873020102383e+03 3.386949384028030750e+02 5.207174426526373079e-01
1.678719706083084930e+03 3.383763119519403517e+02 5.201823234955957886e-01
1.678740539145892399e+03 3.386172954371427863e+02 5.209749283643041462e-01
1.678761372208409966e+03 3.389080001399777871e+02 5.200297896398672348e-01
1.678782205270695158e+03 3.383786098537269709e+02 5.196005122544903321e-01
1.678823871394565003e+03 3.391690852161342491e+02 5.194677730014812811e-01
1.678844704456150566e+03 3.390117123598766398e+02 5.190564904734917828e-01
1.678865537517444864e+03 3.382154124558664989e+02 5.180828584437008333e-01
1.678886370578566130e+03 3.386139758042549488e+02 5.184991954127721181e-01
1.678907203639394538e+03 3.394043050547127791e+02 5.184619482988868100e-01
1.678928036700048779e+03 3.388122825491204821e+02 5.178010568407603875e-01
1.678948869760355592e+03 3.390883027619008203e+02 5.174958649530003729e-01
1.678969702820485509e+03 3.381788893870871107e+02 5.167585109273723498e-01
1.678990535880383504e+03 3.392045088697720985e+02 5.172752213779835406e-01
1.679011368939989552e+03 3.391382661102550173e+02 5.161135122249955742e-01
1.679032201999362997e+03 3.383908208636350992e+02 5.152349441675566633e-01
1.679053035058447222e+03 3.381186549871424063e+02 5.145623209237248918e-01
1.679073868117297479e+03 3.386300635752266430e+02 5.142810241120154835e-01
1.679094701175914452e+03 3.396118997540710325e+02 5.148193828275026140e-01
1.679115534234298593e+03 3.400116673705393850e+02 5.148596719181396386e-01
1.679136367292391924e+03 3.392179229914725056e+02 5.144484129438632314e-01
1.679157200350193989e+03 3.399408341707042496e+02 5.140738999050609159e-01
1.679178033407763451e+03 3.388371349111406516e+02 5.129978123129288470e-01
1.679198866465099854e+03 3.389340691653648037e+02 5.133158679360724230e-01
1.679219699522147039e+03 3.387850004741101770e+02 5.118640081974457079e-01
1.679240532578901366e+03 3.384548566113635388e+02 5.112692044948512482e-01
1.679261365635422408e+03 3.395953017076292326e+02 5.117165368884036836e-01
1.679282198691653548e+03 3.388789608445536032e+02 5.108410828870162401e-01
1.679303031747650948e+03 3.386260968180209829e+02 5.103569547278551388e-01
1.679323864803358447e+03 3.387185283983239970e+02 5.098144975524655509e-01
1.679344697858774452e+03 3.389148799678438309e+02 5.092408559424883574e-01
1.679365530913956945e+03 3.383705780003486439e+02 5.082483328694830105e-01
1.679386363968790420e+03 3.396728930392227994e+02 5.083545432851165335e-01
1.679407197023391518e+03 3.389998227409483889e+02 5.073319141733184656e-01
1.679428030077760013e+03 3.391326715091563528e+02 5.073936495665100077e-01
1.679448863131779035e+03 3.393904986372129429e+02 5.074440132697569661e-01
1.679469696185507019e+03 3.397204495222702008e+02 5.074876479820817909e-01
1.679490529239001944e+03 3.392318950203947452e+02 5.070962402824233939e-01
1.679511362292147624e+03 3.394671057851044225e+02 5.084006791243080858e-01
1.679532195345060018e+03 3.392050738336873223e+02 5.067381130474793993e-01
1.679553028397681373e+03 3.390141345681729490e+02 5.066708863808357943e-01
1.679573861449955075e+03 3.388958008780835485e+02 5.059126601268147949e-01
1.679594694501995491e+03 3.390590683813761643e+02 5.057556753023992879e-01
1.679615527553685524e+03 3.396952898007859289e+02 5.059943295300561861e-01
1.679636360605084974e+03 3.386538638623205770e+02 5.053493329214446828e-01
1.679657193656192476e+03 3.393700721389468526e+02 5.052968730881098880e-01
1.679678026707010076e+03 3.387121943933749435e+02 5.045973009223283512e-01
1.679698859757536866e+03 3.392658964120333849e+02 5.060353801405387264e-01
1.679719692807714409e+03 3.400443557129339069e+02 5.047937606104759833e-01
1.679740525857600460e+03 3.392662208137721791e+02 5.041205963124034684e-01
1.679761358907137947e+03 3.385828383714144252e+02 5.044275588737561211e-01
1.679782191956383485e+03 3.392257098912776314e+02 5.035460019770042761e-01
1.679803025005337531e+03 3.394653708206038232e+02 5.036888244910646684e-01
1.679823858053943468e+03 3.388303972087409761e+02 5.031399185622554837e-01
1.679844691102257912e+03 3.399826941598322492e+02 5.039490969871880388e-01
1.679865524150165584e+03 3.396943375102715095e+02 5.042185739588422866e-01
1.679886357197839516e+03 3.394890572004761680e+02 5.053175156060720763e-01
1.679907190245105994e+03 3.389734659629526163e+02 5.029060135982268420e-01
1.679928023292081434e+03 3.385370980110715209e+02 5.025534101825753774e-01
1.679948856338765836e+03 3.391813336791122424e+02 5.036609259483794121e-01
1.679969689385044603e+03 3.394458069516227283e+02 5.035604724784032982e-01
1.679990522430972533e+03 3.391555394091477638e+02 5.027369750340235921e-01
1.680011355476608969e+03 3.389262277158138659e+02 5.042684569207942502e-01
1.680032188521896387e+03 3.386677993697377929e+02 5.028891537822438584e-01
1.680053021566776579e+03 3.388278313028014281e+02 5.028362298443070921e-01
1.680073854611366187e+03 3.396077550429027383e+02 5.032225709689671644e-01
1.680094687655548569e+03 3.389460149073089497e+02 5.028570919048450660e-01
1.680115520699438548e+03 3.398397274204371570e+02 5.032980449518787980e-01
1.680136353742921983e+03 3.395244036754854733e+02 5.032452232353962218e-01
1.680157186785997510e+03 3.394035293962389801e+02 5.030204024490445569e-01
1.680178019828781999e+03 3.400181067149613341e+02 5.037983032051094323e-01
1.680198852871159943e+03 3.396194280116131949e+02 5.032136578368858748e-01
1.680219685913129979e+03 3.390675290980922227e+02 5.031388523730075946e-01
1.680240518954750996e+03 3.396480072703152473e+02 5.031642329871166552e-01
1.680261351996021403e+03 3.388581943093176960e+02 5.024693131922032263e-01
1.680282185036885494e+03 3.386165460191536454e+02 5.026744009433939953e-01
1.680303018077342131e+03 3.392775674037013118e+02 5.030030132283077604e-01
1.680323851117391541e+03 3.384873626985647093e+02 5.023338862706976382e-01
1.680344684157091478e+03 3.396440497017935627e+02 5.033608671524735234e-01
1.680365517196325527e+03 3.394544065695089898e+02 5.033376872061743335e-01
1.680386350235209648e+03 3.391376865274816623e+02 5.036571685504294127e-01
1.680407183273629016e+03 3.389477553700626800e+02 5.024944607348713621e-01
1.680428016311699594e+03 3.386825055102704027e+02 5.023329370263368565e-01
1.680448849349304055e+03 3.391557584120021147e+02 5.035623959288738627e-01
1.680469682386500608e+03 3.393257996902355558e+02 5.030552679511954839e-01
1.680490515423289935e+03 3.393153477347659077e+02 5.028701895176260761e-01
1.680511348459613600e+03 3.398240345796735369e+02 5.034371491708604651e-01
1.680532181495529585e+03 3.396126956253560820e+02 5.032007764534349725e-01
1.680553014530980363e+03 3.387394203128969821e+02 5.025166417208241088e-01
1.680573847565966389e+03 3.388195331533012222e+02 5.024842002149748632e-01
1.680594680600543597e+03 3.397721590474938580e+02 5.034049741916023502e-01
1.680615513634626041e+03 3.393470253863820290e+02 5.030717371356659973e-01
1.680636346668271472e+03 3.396775033425064407e+02 5.033415654069245404e-01
1.680657179701451923e+03 3.401289419039887321e+02 5.039584110675745521e-01
1.680678012734168078e+03 3.394562663111995562e+02 5.037751138073370827e-01
1.680698845766388558e+03 3.400774307999146231e+02 5.033345194933137590e-01
1.680719678798112909e+03 3.396949591295391997e+02 5.032779117676036140e-01
1.680740511829372508e+03 3.393596412668804305e+02 5.029226061868734554e-01
1.680761344860136887e+03 3.394362666365386758e+02 5.039170434076764016e-01
1.680782177890378989e+03 3.391271190016781247e+02 5.039132879194502257e-01
1.680803010920154520e+03 3.385565564194669719e+02 5.024987606014320596e-01
1.680823843949376624e+03 3.391474267115323187e+02 5.029575080954351574e-01
1.680844676978104417e+03 3.388542051456198578e+02 5.029679070922197237e-01
1.680865510006278555e+03 3.393290419804790758e+02 5.039807050243438891e-01
1.680886343033929506e+03 3.395807666367210800e+02 5.035372425348479952e-01
1.680907176061056362e+03 3.394181739688178823e+02 5.027818777410119067e-01
1.680928009087630926e+03 3.397641734855312734e+02 5.036172259732706324e-01
1.680948842113622959e+03 3.397907804259148747e+02 5.034676054673430379e-01
1.680969675139090441e+03 3.394293819304214708e+02 5.032109039136537509e-01
1.680990508163976074e+03 3.386315684540664961e+02 5.029672849360657949e-01
1.681011341188280539e+03 3.386409872099758900e+02 5.023734562990836983e-01
1.681032174211972915e+03 3.398755043100828743e+02 5.036116929368557038e-01
1.681053007235113000e+03 3.394945995448470057e+02 5.031223853854841499e-01
1.681073840257641450e+03 3.392143347454809259e+02 5.028549286916291772e-01
1.681094673279558492e+03 3.390986577306362051e+02 5.027162561952930320e-01
1.681115506300835932e+03 3.391333282628887105e+02 5.033849340897990077e-01
1.681136339321501964e+03 3.396141382463570721e+02 5.031256729026701846e-01
1.681157172341527939e+03 3.394127613127989207e+02 5.066990309132896053e-01
1.681178005360912493e+03 3.402125046782435902e+02 5.036572868940994985e-01
1.681198838379656991e+03 3.391266158601316079e+02 5.034473606709115590e-01
1.681219671397704133e+03 3.388962402136708079e+02 5.024004475587776630e-01
1.681240504415110991e+03 3.396382307309808084e+02 5.034447264197078331e-01
1.681261337431818902e+03 3.394288632065594129e+02 5.040737435588058535e-01
1.681282170447827411e+03 3.394648178047996794e+02 5.031774706757256022e-01
1.681303003463137884e+03 3.394323409842683077e+02 5.032709833973354474e-01
1.681323836477722125e+03 3.390001855021644133e+02 5.043558584123929434e-01
1.681344669491577406e+03 3.388315186098312779e+02 5.012987376179867116e-01
1.681365502504706001e+03 3.398797340677262468e+02 5.018683039027310722e-01
1.681386335517076986e+03 3.389779268395095073e+02 5.006395660262514813e-01
1.681407168528691500e+03 3.384731749782150700e+02 5.003094609565573725e-01
1.681428001539519983e+03 3.389842126786348899e+02 5.006824247117045434e-01
1.681448834549591538e+03 3.385158074079357675e+02 5.010695938078313372e-01
1.681469667558848869e+03 3.388885002552281662e+02 5.019738753367695150e-01
1.681490500567292656e+03 3.385019710043158057e+02 5.024495026850851476e-01
1.681511333574919490e+03 3.394231605138930377e+02 5.043319559933616691e-01
1.681532166581731417e+03 3.396409013580011447e+02 5.038642865828003581e-01
1.681552999587670456e+03 3.391796714831639292e+02 5.031358611077787479e-01
1.681573832592795043e+03 3.400585947249239780e+02 5.040902977105649052e-01
1.681594665597018320e+03 3.385592930661460400e+02 5.025587176657502209e-01
1.681615498600367118e+03 3.382795721969601459e+02 5.026876218881711766e-01
1.681636331602813470e+03 3.392752054516243447e+02 5.034865768257090757e-01
1.681657164604358513e+03 3.394254832689881596e+02 5.042145251843914711e-01
1.681677997604972006e+03 3.386151596442493883e+02 5.031203121654028720e-01
1.681698830604654631e+03 3.394455031867964294e+02 5.041033041627246414e-01
1.681719663603433446e+03 3.391342513516007102e+02 5.036591212174295062e-01
1.681740496601224095e+03 3.385368864350143667e+02 5.036393279240968246e-01
1.681761329598054090e+03 3.386301268424612090e+02 5.032673415234366621e-01
1.681782162593924113e+03 3.388909015735322328e+02 5.036329075108950670e-01
1.681802995588803924e+03 3.400681443411529017e+02 5.046824900847930451e-01
1.681823828582693523e+03 3.392484954366758529e+02 5.036854223124945795e-01
1.681844661575594500e+03 3.391652628479635609e+02 5.043753872365304147e-01
1.681865494567477072e+03 3.391630347314908818e+02 5.047302310675358950e-01
1.681886327558369885e+03 3.383979890748046273e+02 5.037004804764546595e-01
1.681907160548244065e+03 3.395195784657553304e+02 5.046003425854016511e-01
1.681927993537100065e+03 3.388966966001543142e+02 5.053935612646155429e-01
1.681948826524965625e+03 3.394622409336562896e+02 5.048856163315974532e-01
1.681969659511840973e+03 3.386958692097111339e+02 5.047632957679890620e-01
1.681990492497727928e+03 3.389843359043713349e+02 5.049827078417562509e-01
1.682011325482626034e+03 3.387671393251848713e+02 5.049188184166075732e-01
1.682032158466563033e+03 3.385071683542179812e+02 5.048132429760954221e-01
1.682052991449568481e+03 3.391030418230338341e+02 5.055355375760934855e-01
1.682073824431641924e+03 3.393344092645859860e+02 5.055906841482912251e-01
1.682094657412872493e+03 3.389274647696307738e+02 5.058208730766553529e-01
1.682115490393229948e+03 3.388670398165698430e+02 5.057864928305257912e-01
1.682136323372801598e+03 3.386223341282230308e+02 5.069102561721354760e-01
1.682157156351615413e+03 3.389001895364441452e+02 5.068734803747312334e-01
1.682198822307324463e+03 3.395330747980706292e+02 5.075935772185855566e-01
1.682219655284334976e+03 3.384650902312805556e+02 5.071051145570614205e-01
1.682240488260937127e+03 3.388439153927985217e+02 5.073105018090428020e-01
1.682261321237190486e+03 3.397238785952973785e+02 5.091737548576156236e-01
1.682282154213240119e+03 3.390694118674298352e+02 5.086740960617683882e-01
1.682302987189174019e+03 3.398373127608143704e+02 5.096009964219806454e-01
1.682323820165165444e+03 3.394246568763466598e+02 5.093507210965779741e-01
1.682344653141360595e+03 3.395740482635870876e+02 5.096926582117511373e-01
