1.325324261183435965e+03 3.404724507272861445e+01 3.426074634198919000e-01
1.325345094309689102e+03 3.414780860206153790e+01 3.445102564152799918e-01
1.325365927437395840e+03 3.401859853468368300e+01 3.473563239961549587e-01
1.325386760566499106e+03 3.367223381862912390e+01 3.502828727907149609e-01
1.325407593697000038e+03 3.396433294648928580e+01 3.539137521584397872e-01
1.325428426828840202e+03 3.454191835588226667e+01 3.571201364067865813e-01
1.325449259961961616e+03 3.392005808019049340e+01 3.590418058827997139e-01
1.325470093096420896e+03 3.429291299922290648e+01 3.624626905051709924e-01
1.325490926232102083e+03 3.384491035382386315e+01 3.663615819711866783e-01
1.325511759368946969e+03 3.351187047380152251e+01 3.681840967044690549e-01
1.325532592507015579e+03 3.413725257169101468e+01 3.727463115571052477e-01
1.325553425646247433e+03 3.441821910447497146e+01 3.754480784389505610e-01
1.325574258786585915e+03 3.405021852129043936e+01 3.790165455535681183e-01
1.325595091928030342e+03 3.429608255991134769e+01 3.823001702980063365e-01
1.325615925070522053e+03 3.525418158100038823e+01 3.846895365347360318e-01
1.325636758214003521e+03 3.364659774121288649e+01 3.847878348044932451e-01
1.325657591358474519e+03 3.472697188153460246e+01 3.864156903426029799e-01
1.325678424503993938e+03 3.434522390236624290e+01 3.873176945720728237e-01
1.325699257650385562e+03 3.405220668672576778e+01 3.883440561751499431e-01
1.325720090797708508e+03 3.449655680250807421e+01 3.900518408579443652e-01
1.325740923945904342e+03 3.445417193134459666e+01 3.922265789425947724e-01
1.325761757094973973e+03 3.509089609270250776e+01 3.955804075327495894e-01
1.325782590244858056e+03 3.448407169494900870e+01 3.978815313708586876e-01
1.325803423395557047e+03 3.408587808837901179e+01 3.999196329443342468e-01
1.325824256547072082e+03 3.467374262310578104e+01 4.034857422213465883e-01
1.325845089699284472e+03 3.540394621206266379e+01 4.035408211566113845e-01
1.325865922852311996e+03 3.461230897526218797e+01 4.029626253157381210e-01
1.325886756005979350e+03 3.519302631412128335e+01 4.019282704964786124e-01
1.325907589160402949e+03 3.487148771733216535e+01 4.007305841972017002e-01
1.325928422315468652e+03 3.552787496556718594e+01 4.007563897466485114e-01
1.325949255471174183e+03 3.476891427295844039e+01 3.999150126293772867e-01
1.325970088627519090e+03 3.466283409029215790e+01 3.998777500736535040e-01
1.325990921784446527e+03 3.503560352175477988e+01 4.007133299922061576e-01
1.326011754942013567e+03 3.447697714915363321e+01 4.020860457781813002e-01
1.326032588100105386e+03 3.485700629394897021e+01 4.039923585343733192e-01
1.326053421258779508e+03 3.458111981369685139e+01 4.039095990984725715e-01
1.326074254418035480e+03 3.455793787882302581e+01 4.050182780215008660e-01
1.326095087577756658e+03 3.531464029189525888e+01 4.054633924832238279e-01
1.326115920738001023e+03 3.526286551830094140e+01 4.057971925067749841e-01
1.326136753898711959e+03 3.544231217812682644e+01 4.062370334903453450e-01
1.326157587059946991e+03 3.496383556483698385e+01 4.059624387790669031e-01
1.326178420221589931e+03 3.549321043737588610e+01 4.065627214928154709e-01
1.326199253383697851e+03 3.494489601010904067e+01 4.056686496613013948e-01
1.326220086546270977e+03 3.565619928445005371e+01 4.057225875255776604e-01
1.326240919709193804e+03 3.403255028940784399e+01 4.043575738869474301e-01
1.326261752872581383e+03 3.460540771484375000e+01 4.049319011632655507e-01
1.326282586036320026e+03 3.470690177146493482e+01 4.043457812523509887e-01
1.326303419200465441e+03 3.488082929422612466e+01 4.045832444448533849e-01
1.326324252364960103e+03 3.446723887616860083e+01 4.049496931750549145e-01
1.326345085529803555e+03 3.440460434279520285e+01 4.051538129998769056e-01
1.326365918694995344e+03 3.528307419107753162e+01 4.069388491550040010e-01
1.326386751860538425e+03 3.538616945563643412e+01 4.071446983694926303e-01
1.326407585026372089e+03 3.460342445310369186e+01 4.073577230534929927e-01
1.326428418192496110e+03 3.446468967470595146e+01 4.080851078545349453e-01
1.326449251358969377e+03 3.559051789353250683e+01 4.093892509950172731e-01
1.326470084525733910e+03 3.539689557355085014e+01 4.097090872133668515e-01
1.326490917692730818e+03 3.428013135532991384e+01 4.119651686761511833e-01
1.326511750860018992e+03 3.493901017130075815e+01 4.109416526323534380e-01
1.326532584027599569e+03 3.515032069444131224e+01 4.121507922146768754e-01
1.326553417195411384e+03 3.482702664375978685e+01 4.124836961818733605e-01
1.326574250363456940e+03 3.422834368329510113e+01 4.127979221412294564e-01
1.326595083531734417e+03 3.447645416307153710e+01 4.138063142086862434e-01
1.326615916700302932e+03 3.527562092099194757e+01 4.151182749834405605e-01
1.326636749869046980e+03 3.518397674582090673e+01 4.143704762506748018e-01
1.326657583037965651e+03 3.515709797854339769e+01 4.135962146012588381e-01
1.326678416207116015e+03 3.511210895004877841e+01 4.123444632422496592e-01
1.326699249376500120e+03 3.520323628725283527e+01 4.114204904400344254e-01
1.326720082545999958e+03 3.570752728474388249e+01 4.113706141133450234e-01
1.326740915715733081e+03 3.477008555835973880e+01 4.089006186984151525e-01
1.326761748885641509e+03 3.573016911414975993e+01 4.089612354921168258e-01
1.326782582055724561e+03 3.556398654202817511e+01 4.081960248557808257e-01
1.326803415225980643e+03 3.505408210046091000e+01 4.073615456495811582e-01
1.326824248396354051e+03 3.494253206289659630e+01 4.077535827872244001e-01
1.326845081566901627e+03 3.407681895177547915e+01 4.068370392372864242e-01
1.326865914737624507e+03 3.572811456980315370e+01 4.065601558749670774e-01
1.326886747908406505e+03 3.495456669202536659e+01 4.041402024850013763e-01
1.326907581079419970e+03 3.470998989141128988e+01 4.025493948108775366e-01
1.326928414250491642e+03 3.530125561857504124e+01 4.016027200350272275e-01
1.326949247421679047e+03 3.442658257221955154e+01 3.978737976123164488e-01
1.326970080593041985e+03 3.456518414398269101e+01 3.948399686160542488e-01
1.326990913764464040e+03 3.491874573850962804e+01 3.934548490363887763e-01
1.327011746936060035e+03 3.360753409965067107e+01 3.915865507601856699e-01
1.327032580107714011e+03 3.471181578503280463e+01 3.922465238192240355e-01
1.327053413279425968e+03 3.480375657015096635e+01 3.924249948221504858e-01
1.327074246451312547e+03 3.470689733850235825e+01 3.929268346315646365e-01
1.327095079623257107e+03 3.454012940653097274e+01 3.929009699526236910e-01
1.327115912795261011e+03 3.466717363415553876e+01 3.951737299771479472e-01
1.327136745967380648e+03 3.494710642334781880e+01 3.933033294299664306e-01
1.327157579139558038e+03 3.596493067541540256e+01 3.937094788666713474e-01
1.327178412311794091e+03 3.493084618043321399e+01 3.917553188386486696e-01
1.327199245484087896e+03 3.493850531658480918e+01 3.911524073238381027e-01
1.327220078656499936e+03 3.467158269665824122e+01 3.896046281628290919e-01
1.327240911828911067e+03 3.480490777920518042e+01 3.888150435491580237e-01
1.327261745001437475e+03 3.497969491076096205e+01 3.871927920173037219e-01
1.327282578173963884e+03 3.456856531725913584e+01 3.859108471644094873e-01
1.327303411346548955e+03 3.381406267111291442e+01 3.844242033441185868e-01
1.327324244519192462e+03 3.407024297812260727e+01 3.836054860357216989e-01
1.327345077691894403e+03 3.491846024651906788e+01 3.845170665668835586e-01
1.327365910864655461e+03 3.445358287875813375e+01 3.832166445774679020e-01
1.327386744037414928e+03 3.506085654896627091e+01 3.833709069510201628e-01
1.327407577210175077e+03 3.420911137978087169e+01 3.823419130793299092e-01
1.327428410382992979e+03 3.487930578173281049e+01 3.840895391371059731e-01
1.327449243555869089e+03 3.450844674952564617e+01 3.840276544343467768e-01
1.327470076728745880e+03 3.401252533756073859e+01 3.836960813373933576e-01
1.327490909901623127e+03 3.482151704475796095e+01 3.848633230655069681e-01
1.327511743074556534e+03 3.433986337674829770e+01 3.853187264761545050e-01
1.327532576247491079e+03 3.488305898163709173e+01 3.864788505817898789e-01
1.327553409420425396e+03 3.412047388876270304e+01 3.868672827411595017e-01
1.327574242593360395e+03 3.475736998071197803e+01 3.890128054153715875e-01
1.327595075766295395e+03 3.546167504197688913e+01 3.900423281881039705e-01
1.327615908939287920e+03 3.474177617900217285e+01 3.885362474747116046e-01
1.327636742112222464e+03 3.438614979550337125e+01 3.882390012724528661e-01
1.327657575285214989e+03 3.439172575582311708e+01 3.877236574510685707e-01
1.327678408458149534e+03 3.427523789794911835e+01 3.874992047578588727e-01
1.327699241631084533e+03 3.449531084139951531e+01 3.869660482668880186e-01
1.327720074804078195e+03 3.539468249467566352e+01 3.876050176135287795e-01
1.327740907977011830e+03 3.493248255952971704e+01 3.888489592958258023e-01
1.327761741149887939e+03 3.413687893716316069e+01 3.870220536212431450e-01
1.327782574322822484e+03 3.420395214340175016e+01 3.857411831227035015e-01
1.327803407495698593e+03 3.531070011635573991e+01 3.863543325084262681e-01
1.327824240668574930e+03 3.482948122760885923e+01 3.851698867209866761e-01
1.327865907014269851e+03 3.435291399478938956e+01 3.829998025246252880e-01
1.327886740187030000e+03 3.409463343866326568e+01 3.821184133000046779e-01
1.327907573359790149e+03 3.469009190975309309e+01 3.811815122155035596e-01
1.327928406532550525e+03 3.480502092672437442e+01 3.798182219287258299e-01
1.327949239705252467e+03 3.418841937711879098e+01 3.777030048145293417e-01
1.327970072877953953e+03 3.473351808918805261e+01 3.776800430182865043e-01
1.327990906050597459e+03 3.503334081321829530e+01 3.763469704472224842e-01
1.328011739223182985e+03 3.428358639820087461e+01 3.751879260931180182e-01
1.328032572395768057e+03 3.493013846519951926e+01 3.750783719183362064e-01
1.328053405568294920e+03 3.457628463128050811e+01 3.752417778382528546e-01
1.328074238740822466e+03 3.523500255074311838e+01 3.762498729173312517e-01
1.328095071913232914e+03 3.503178780581959728e+01 3.753389773530292350e-01
1.328115905085643590e+03 3.502685455598458475e+01 3.755797236380333803e-01
1.328136738257996058e+03 3.437211743734047786e+01 3.752465629623547017e-01
1.328157571430290091e+03 3.419630498633307525e+01 3.745953045093006195e-01
1.328178404602585033e+03 3.439494683181142420e+01 3.744523897886072317e-01
1.328199237774763105e+03 3.456131393149453146e+01 3.740980706316323068e-01
1.328220070946941178e+03 3.389101478680406387e+01 3.737049190737996573e-01
1.328240904119001925e+03 3.436328319493596695e+01 3.724235199815332242e-01
1.328261737291063582e+03 3.497828910055085316e+01 3.733554183261795778e-01
1.328282570463067486e+03 3.489402580324520642e+01 3.718323434679462469e-01
1.328303403634954520e+03 3.537904433499855372e+01 3.716504589140589010e-01
1.328324236806841100e+03 3.425648694135269068e+01 3.705015577111079317e-01
1.328345069978669471e+03 3.391594368070299481e+01 3.699296058241733354e-01
1.328365903150382110e+03 3.343433155234680498e+01 3.690926455041238508e-01
1.328386736322093839e+03 3.421156686311153550e+01 3.695132680634937161e-01
1.328407569493690062e+03 3.445757689984478134e+01 3.698344295473142140e-01
1.328428402665228077e+03 3.409950702436790237e+01 3.699231406555759660e-01
1.328449235836706521e+03 3.424893360725457825e+01 3.700064944006610235e-01
1.328470069008127894e+03 3.499352830332961872e+01 3.704449251865053472e-01
1.328490902179490604e+03 3.445030934138983980e+01 3.707558147259961689e-01
1.328511735350736899e+03 3.407724952820073128e+01 3.711341233627316605e-01
1.328532568521925896e+03 3.444494300370977413e+01 3.724363433927477818e-01
1.328553401693056912e+03 3.482201978557429811e+01 3.734553432591041777e-01
1.328574234864127902e+03 3.458276404211579091e+01 3.742726743068729434e-01
1.328595068035083386e+03 3.406883637046032476e+01 3.743344599915486293e-01
1.328615901205980435e+03 3.422677812431698641e+01 3.748054595827993163e-01
1.328636734376820641e+03 3.481919208579933667e+01 3.762994741945549504e-01
1.328657567547543522e+03 3.395559853065972788e+01 3.742060999633575746e-01
1.328678400718207968e+03 3.397830591866476624e+01 3.739302795569970361e-01
1.328699233888813978e+03 3.437695434032808350e+01 3.737934491090192934e-01
1.328720067059304029e+03 3.425415641388476473e+01 3.747776087311525117e-01
1.328740900229676981e+03 3.455021569062228082e+01 3.739219109411383024e-01
1.328761733400051071e+03 3.457563270234687280e+01 3.745731467508658930e-01
1.328782566570249855e+03 3.352357164706479153e+01 3.746672186878545197e-01
1.328803399740449095e+03 3.388431420907820524e+01 3.738497138889733673e-01
1.328824232910472801e+03 3.462179123735310782e+01 3.745548467161349815e-01
1.328845066080496963e+03 3.516157664997858490e+01 3.740862601883712668e-01
1.328865899250346502e+03 3.395518265459502061e+01 3.730651491492578131e-01
1.328886732420138514e+03 3.455500105986291715e+01 3.747012617369421816e-01
1.328907565589871865e+03 3.353929145660962519e+01 3.707511525049386192e-01
1.328928398759487891e+03 3.494052365713348962e+01 3.712753453898915423e-01
1.328949231928988411e+03 3.413470723067873536e+01 3.705999200578943831e-01
1.328970065098430950e+03 3.431917757341436470e+01 3.694942334851741284e-01
1.328990898267757075e+03 3.452875222154377610e+01 3.682494127821788754e-01
1.329011731437024991e+03 3.473510177216402894e+01 3.681242539312448159e-01
1.329032564606175583e+03 3.426994839711841934e+01 3.676491331294389764e-01
1.329053397775209987e+03 3.377865791102223625e+01 3.672297230245590849e-01
1.329074230944186638e+03 3.398991194549284955e+01 3.677391615670164149e-01
1.329095064112987984e+03 3.430598291550403189e+01 3.680768099331948040e-01
1.329115897281732032e+03 3.468714635664632340e+01 3.683821945160976052e-01
1.329136730450418099e+03 3.441703357515665829e+01 3.683401440548857431e-01
1.329157563618986842e+03 3.433062418580929887e+01 3.688272225615957800e-01
1.329178396787380962e+03 3.419165631647226178e+01 3.685337507469890750e-01
1.329199229955775536e+03 3.506892241583834391e+01 3.688473621434904537e-01
1.329220063123995033e+03 3.398281115464656210e+01 3.682932336190354317e-01
1.329240896292099023e+03 3.409009783600622967e+01 3.685808529281269230e-01
1.329261729460144579e+03 3.416310614723402495e+01 3.679552371384706699e-01
1.329282562628072810e+03 3.414224465591518509e+01 3.671193769853646205e-01
1.329303395795885081e+03 3.458672381457660094e+01 3.669136730782119327e-01
1.329324228963580936e+03 3.375472447391643982e+01 3.656282188404256228e-01
1.329345062131219038e+03 3.411532710946845981e+01 3.660544506149983057e-01
1.329365895298682517e+03 3.435787906143313108e+01 3.651141820595957821e-01
1.329386728466087106e+03 3.395885427687720437e+01 3.647087312939741310e-01
1.329407561633375508e+03 3.384848918288383146e+01 3.646003605635738665e-01
1.329428394800547494e+03 3.444613874381040830e+01 3.647849842260463271e-01
1.329449227967602837e+03 3.379655990735801652e+01 3.656276686481343963e-01
1.329470061134542448e+03 3.454900074811018840e+01 3.658635640887115126e-01
1.329490894301366097e+03 3.456324800920660323e+01 3.656674841301079115e-01
1.329511727468071967e+03 3.457956163946652595e+01 3.663437462630739772e-01
1.329532560634661877e+03 3.438562382836204989e+01 3.680527415058034157e-01
1.329553393801134916e+03 3.444507071415603150e+01 3.675362979713184819e-01
1.329574226967551112e+03 3.468492617430207758e+01 3.680442594898031272e-01
1.329595060133792003e+03 3.460019044800520049e+01 3.683358760389246478e-01
1.329615893299916934e+03 3.465515644738302825e+01 3.685640949449577319e-01
1.329636726465924539e+03 3.373300054892121125e+01 3.707231779473174615e-01
1.329657559631815957e+03 3.420341356196351512e+01 3.687551392989137367e-01
1.329678392797648939e+03 3.545851410977981288e+01 3.695327653914302624e-01
1.329699225963308436e+03 3.405363539299385423e+01 3.696751231800549098e-01
1.329720059128851062e+03 3.463045141394371740e+01 3.689630071012636736e-01
1.329740892294276364e+03 3.543213120169103547e+01 3.699328081555596226e-01
1.329761725459585477e+03 3.424202071407188441e+01 3.683720615827669742e-01
1.329782558624719968e+03 3.459560055695214231e+01 3.685738183066318285e-01
1.329803391789796478e+03 3.458027392446747683e+01 3.685291210660705530e-01
1.329824224954757483e+03 3.401245526987205636e+01 3.684951750350145550e-01
1.329845058119543410e+03 3.415882855009250108e+01 3.681706192687443369e-01
1.329865891284269992e+03 3.408702018903866815e+01 3.671623383686971054e-01
1.329886724448822861e+03 3.376312456276222207e+01 3.675105925739665103e-01
1.329907557613259087e+03 3.421896771982299867e+01 3.666372030875982291e-01
1.329928390777578898e+03 3.427360081297010197e+01 3.660164481920167856e-01
1.329949223941782520e+03 3.474088945206401746e+01 3.662556328519355198e-01
1.329970057105813112e+03 3.415079853494684414e+01 3.646931641767234278e-01
1.329990890269782994e+03 3.419779173256218030e+01 3.645685215620625419e-01
1.330011723433578936e+03 3.471366952112575888e+01 3.642458057214446043e-01
1.330032556597258463e+03 3.400310461795037753e+01 3.632713644672079800e-01
1.330053389760822029e+03 3.450383439823575316e+01 3.636561684335877787e-01
1.330074222924210972e+03 3.427764119237812679e+01 3.638215098272155612e-01
1.330095056087541025e+03 3.445608434727154190e+01 3.639102535592654286e-01
1.330115889250696455e+03 3.401008997139068413e+01 3.637962382708780917e-01
1.330136722413735924e+03 3.434218425401510189e+01 3.651343836050359726e-01
1.330157555576599862e+03 3.364241737037143309e+01 3.639998148705462233e-01
1.330178388739407637e+03 3.578530080250312295e+01 3.653867882932307909e-01
1.330199221902039426e+03 3.379696970942219991e+01 3.640040723224401420e-01
1.330220055064555027e+03 3.469323358154045422e+01 3.645160771959511936e-01
1.330240888226896004e+03 3.418423649191376512e+01 3.640970688481096618e-01
1.330261721389178547e+03 3.382602058155109859e+01 3.632801835239302113e-01
1.330282554551228031e+03 3.387025166279875066e+01 3.627757791012504174e-01
1.330303387713219990e+03 3.427208684562333474e+01 3.625812143573523549e-01
1.330324220875038009e+03 3.396892822741333617e+01 3.616505601844578477e-01
1.330365887198322071e+03 3.438271685497591079e+01 3.609553914775707750e-01
1.330386720359731044e+03 3.382848590144959644e+01 3.607274604439028587e-01
1.330407553521024056e+03 3.493871446077702103e+01 3.605715899195330865e-01
1.330428386682201108e+03 3.401812113205527766e+01 3.602551793990849682e-01
1.330449219843203991e+03 3.448318841637527754e+01 3.609691795879585441e-01
1.330470053004090005e+03 3.426511217790566377e+01 3.619052093295896388e-01
1.330490886164800486e+03 3.411747225629317626e+01 3.610586243880874457e-01
1.330511719325395006e+03 3.383279370536892117e+01 3.608318942256418249e-01
1.330532552485874021e+03 3.470421638087297111e+01 3.619648246759780141e-01
1.330553385646177958e+03 3.439000711307939895e+01 3.621251980350099209e-01
1.330574218806364570e+03 3.476501657435726145e+01 3.632276351906635892e-01
1.330595051966377014e+03 3.408156744586697329e+01 3.634244165008976846e-01
1.330615885126273042e+03 3.443887555620042207e+01 3.648774345907422889e-01
1.330636718285993993e+03 3.432297707754117511e+01 3.647056465243168621e-01
1.330657551445599438e+03 3.444669970227772637e+01 3.651968584834830445e-01
1.330678384605088922e+03 3.421161980833362293e+01 3.647689914282491452e-01
1.330699217764403102e+03 3.380520213431712762e+01 3.640808821200047229e-01
1.330720050923542658e+03 3.376236917605663734e+01 3.641715062552372539e-01
1.330740884082623097e+03 3.469144703710711752e+01 3.645757356487804857e-01
1.330761717241471615e+03 3.474342397495764345e+01 3.648106978677296275e-01
1.330782550400203945e+03 3.388287249038297233e+01 3.636769426527457494e-01
1.330803383558819860e+03 3.435922505651507919e+01 3.643005182426425348e-01
1.330824216717260924e+03 3.475068558165880006e+01 3.646505248506012875e-01
1.330845049875586028e+03 3.422810530172780830e+01 3.638993818749557962e-01
1.330865883033735372e+03 3.427758763997313451e+01 3.647762832506086794e-01
1.330886716191711002e+03 3.417970789832244805e+01 3.630810052414603639e-01
1.330907549349570445e+03 3.367662203541135568e+01 3.621473561997946011e-01
1.330928382507313017e+03 3.421154877525987814e+01 3.645439353727227272e-01
1.330949215664822077e+03 3.395430287622934173e+01 3.613164332792223044e-01
1.330970048822272929e+03 3.448581535990095404e+01 3.613311561251134618e-01
1.330990881979491405e+03 3.444463492253886727e+01 3.611336261911339274e-01
1.331011715136652583e+03 3.421721759387506978e+01 3.607600721419050860e-01
1.331032548293580930e+03 3.391316977018799150e+01 3.611469948904618144e-01
1.331053381450391953e+03 3.405371704140202382e+01 3.605098635108530680e-01
1.331074214607027898e+03 3.431242384788610167e+01 3.606905905975043014e-01
1.331095047763547882e+03 3.428950219176938674e+01 3.608764712439456179e-01
1.331115880919893016e+03 3.398657327115196125e+01 3.605060608019707291e-01
1.331136714076123098e+03 3.419802849290896063e+01 3.607459868936844782e-01
1.331157547232177421e+03 3.404760012213537124e+01 3.610920521503513392e-01
1.331178380388058031e+03 3.446307864804804666e+01 3.619226873598112570e-01
1.331199213543762653e+03 3.445575892465355139e+01 3.620880589800500871e-01
1.331220046699351087e+03 3.376076894497061431e+01 3.610355945736177241e-01
1.331240879854766035e+03 3.367865135666773568e+01 3.607721949283971274e-01
1.331261713010063886e+03 3.405647203234258313e+01 3.625837212927766617e-01
1.331282546165186886e+03 3.435103374743675175e+01 3.606120256308104066e-01
1.331303379320135036e+03 3.432483201411953644e+01 3.600976561175811552e-01
1.331324212474967908e+03 3.412579616215523970e+01 3.598231134033784140e-01
1.331345045629566357e+03 3.355586408076894855e+01 3.583775859868526537e-01
1.331365878784049528e+03 3.447391009122637939e+01 3.585192193594910481e-01
1.331386711938416511e+03 3.367958657792352284e+01 3.575944535984330597e-01
1.331407545092549981e+03 3.450172710332623893e+01 3.575576566005733703e-01
1.331428378246567945e+03 3.431500719732049021e+01 3.576475171197510128e-01
1.331449211400467902e+03 3.380025603264169831e+01 3.566969727775123333e-01
1.331470044554135939e+03 3.352259947200847989e+01 3.570668067171609561e-01
1.331490877707688014e+03 3.430927872661349909e+01 3.576241426400951218e-01
1.331511710861065012e+03 3.428332131301851149e+01 3.581992903143275675e-01
1.331532544014266932e+03 3.336309024885091645e+01 3.576567248286690592e-01
1.331553377167294911e+03 3.398433137249121216e+01 3.586477716847620290e-01
1.331574210320206021e+03 3.446796055403981995e+01 3.593879365665811343e-01
1.331595043472942962e+03 3.383442892882099784e+01 3.596130080519198136e-01
1.331615876625505962e+03 3.438588337683920315e+01 3.604746662542331337e-01
1.331636709777892520e+03 3.418194647738138059e+01 3.603096294040589176e-01
1.331657542930104910e+03 3.432829201270724440e+01 3.616582651012121841e-01
1.331678376082202021e+03 3.451032288759009958e+01 3.629159834330127898e-01
1.331699209234065620e+03 3.446066899072462775e+01 3.618917862881053660e-01
1.331720042385812576e+03 3.419541233848377004e+01 3.613643112620708586e-01
1.331740875537385364e+03 3.425802184071825707e+01 3.613490536788873109e-01
1.331761708688841054e+03 3.427230887002279047e+01 3.615237763092580270e-01
1.331782541840065051e+03 3.374809847869862978e+01 3.610082292820797067e-01
1.331803374991171495e+03 3.376413879265627571e+01 3.609077069755765033e-01
1.331824208142045109e+03 3.409067223681629599e+01 3.611169971491723918e-01
1.331845041292802989e+03 3.340610413363803843e+01 3.602608046953090226e-01
1.331865874443386929e+03 3.484125773685448735e+01 3.613520846284449806e-01
1.331886707593795109e+03 3.431380884462389957e+01 3.611429719542919026e-01
1.331907540744028438e+03 3.394075031651991026e+01 3.603982662546093563e-01
1.331928373894087599e+03 3.375990740076007057e+01 3.615803225055566616e-01
1.331949207043971910e+03 3.442235572395496490e+01 3.598020752573942160e-01
1.331970040193740942e+03 3.350749646361382617e+01 3.597010708857915073e-01
1.331990873343276462e+03 3.442198805416099816e+01 3.601284835604572909e-01
1.332011706492636449e+03 3.390801778588788551e+01 3.588885041276806964e-01
1.332032539641880931e+03 3.413322611166824316e+01 3.587349914774110027e-01
1.332053372790891444e+03 3.435733541001516755e+01 3.593906523571548939e-01
1.332074205939787134e+03 3.338026930653722957e+01 3.582446316598345004e-01
1.332095039088449994e+03 3.436744384928942253e+01 3.595165927424145424e-01
1.332115872236995529e+03 3.436017721819593618e+01 3.598286005128231713e-01
1.332136705385365985e+03 3.335223242291275625e+01 3.599556295880123602e-01
1.332157538533504521e+03 3.387917323977222139e+01 3.590481557213563435e-01
1.332178371681525960e+03 3.432036385919114707e+01 3.593119068323329390e-01
1.332199204829374594e+03 3.367214546362958316e+01 3.593493742721203255e-01
1.332220037976988806e+03 3.472714241138043434e+01 3.603256960633502981e-01
1.332240871124486603e+03 3.417943656838377109e+01 3.595727708060104111e-01
1.332261704271751569e+03 3.355357536540699215e+01 3.593885999676995624e-01
1.332282537418899892e+03 3.371293173327544679e+01 3.587635685351857062e-01
1.332303370580776118e+03 3.418797549764543930e+01 3.586967951834287849e-01
1.332324203727518125e+03 3.387579634210418078e+01 3.578692278807892868e-01
1.332345036874141897e+03 3.437199542325866730e+01 3.572016595218272528e-01
1.332365870020535112e+03 3.288313891023544500e+01 3.557901920272110163e-01
1.332386703166751886e+03 3.416238970634566385e+01 3.561400268868323837e-01
1.332407536312794036e+03 3.455803754625108581e+01 3.569562411657560275e-01
1.332428369458662928e+03 3.318723566207039966e+01 3.546950125213764182e-01
1.332449202604356969e+03 3.383387780257930899e+01 3.551955588086200266e-01
1.332470035749875933e+03 3.415562067082679221e+01 3.554485231450686955e-01
1.332490868895161839e+03 3.371127449684226463e+01 3.556302091689640399e-01
1.332511702040331102e+03 3.435561102903086095e+01 3.554793555385833970e-01
1.332532535185267989e+03 3.378294661600540394e+01 3.558496174484775953e-01
1.332553368330030935e+03 3.397719166807517865e+01 3.563503609217762436e-01
1.332574201474619031e+03 3.343275673711466567e+01 3.568248243851177004e-01
1.332595034619031594e+03 3.428391442531868449e+01 3.581267946341454289e-01
1.332615867763269989e+03 3.368433350198346687e+01 3.577266706781299099e-01
1.332636700907275554e+03 3.379918887918351800e+01 3.594445907551367392e-01
1.332657534051164930e+03 3.351937134081280334e+01 3.591719551353516060e-01
1.332678367194821931e+03 3.372151891903598653e+01 3.581182023513386214e-01
1.332699200338303399e+03 3.420085702265605221e+01 3.583785215244040256e-01
1.332720033481552036e+03 3.312168301632880230e+01 3.573626901788801713e-01
1.332740866624684031e+03 3.376851786504145281e+01 3.574030928549443709e-01
1.332761699767583650e+03 3.355760996488003656e+01 3.569168942741923201e-01
1.332782532910308419e+03 3.365587090346897980e+01 3.568796725059110719e-01
1.332803366052859928e+03 3.428511883559603035e+01 3.572160096692878484e-01
1.332824199195177471e+03 3.426058628673166595e+01 3.564461694994513485e-01
1.332865865479288914e+03 3.377462094467453824e+01 3.559780036179619467e-01
1.332886698621081905e+03 3.374992305552318328e+01 3.558315270390699503e-01
1.332907531762642520e+03 3.402209135475342094e+01 3.562601104773976401e-01
1.332928364904029422e+03 3.362069474753095477e+01 3.553804141104172087e-01
1.332949198045182584e+03 3.324716545525403433e+01 3.548168870642253725e-01
1.332970031186220012e+03 3.332725605479662079e+01 3.545503594875059616e-01
1.332990864327023473e+03 3.388812918573704280e+01 3.544756252318548295e-01
1.333011697467595468e+03 3.370319555137612610e+01 3.548842644753614772e-01
1.333032530607993067e+03 3.385493906884628501e+01 3.544843478426231709e-01
1.333053363748214451e+03 3.356485976534336402e+01 3.544644641807137009e-01
1.333074196888261895e+03 3.374241985858339632e+01 3.549992741322148260e-01
1.333095030028076962e+03 3.378141088171830830e+01 3.540388839805070909e-01
1.333115863167715816e+03 3.339302309751415265e+01 3.538661294052385942e-01
1.333136696307123657e+03 3.324831413784706058e+01 3.543036303564889300e-01
1.333157529446357103e+03 3.358625675526294430e+01 3.544603654013910865e-01
1.333178362585356354e+03 3.411836741116994176e+01 3.550471436064266961e-01
1.333199195724180981e+03 3.362712008644594164e+01 3.551629815930058554e-01
1.333220028862831441e+03 3.311820119692255560e+01 3.546799932013162682e-01
1.333240862001249070e+03 3.470271464947802542e+01 3.560305756206180727e-01
1.333261695139492531e+03 3.336348705823872507e+01 3.545216109410067040e-01
1.333282528277503388e+03 3.368661008905594656e+01 3.542681319617844715e-01
1.333303361415338486e+03 3.364086061682606044e+01 3.540774354537014057e-01
1.333324194552940980e+03 3.291716424049998579e+01 3.526058820554102136e-01
1.333345027690310872e+03 3.408143717167892817e+01 3.532847709767121813e-01
1.333365860827506367e+03 3.236647377227513545e+01 3.517593786193110583e-01
1.333386693964527922e+03 3.375897548252474678e+01 3.521413488198240627e-01
1.333407527101315509e+03 3.381359462546016914e+01 3.512968755307286917e-01
1.333428360237928928e+03 3.363897305549539851e+01 3.507147103561086832e-01
1.333449193374309061e+03 3.369879656224519948e+01 3.507602545183374221e-01
1.333470026510456591e+03 3.341549931448235355e+01 3.504204425861585093e-01
1.333490859646429499e+03 3.368950308288142992e+01 3.512072251532796785e-01
1.333511692782170940e+03 3.415841479905734701e+01 3.511680615550090701e-01
1.333532525917677503e+03 3.290757144541300505e+01 3.506921803786379743e-01
1.333553359053009899e+03 3.362688931380054669e+01 3.519010291457947415e-01
1.333574192188167899e+03 3.265818339249569391e+01 3.512278447511628099e-01
1.333595025323034861e+03 3.374242688801302137e+01 3.524905142285628123e-01
1.333615858457727427e+03 3.370696383484613534e+01 3.526724248750586210e-01
1.333636691592188072e+03 3.424079528509210490e+01 3.531071848299855431e-01
1.333657524726472502e+03 3.406719565683641804e+01 3.529979329501194418e-01
1.333678357860524102e+03 3.287177547849948667e+01 3.517954902020197228e-01
1.333699190994344008e+03 3.441566124044118169e+01 3.531524837398722916e-01
1.333720024127988381e+03 3.270937663354227709e+01 3.520323051440210071e-01
1.333740857261401061e+03 3.337174042041968391e+01 3.520059332144354625e-01
1.333761690394580000e+03 3.315045543569964792e+01 3.520833501684120792e-01
1.333782523527525427e+03 3.382912479377414883e+01 3.520852017870350070e-01
1.333803356660238933e+03 3.301054500989771867e+01 3.514543154942283421e-01
1.333824189792777361e+03 3.313534666757317382e+01 3.512131544723519627e-01
1.333845022925084095e+03 3.382310863877460605e+01 3.517978833900144986e-01
1.333865856057157089e+03 3.348410415959382647e+01 3.512375071194286935e-01
1.333886689188997934e+03 3.321657233760631556e+01 3.509990839878312507e-01
1.333907522320663020e+03 3.291158520202289139e+01 3.504698834887749470e-01
1.333928355452095047e+03 3.306722649837163885e+01 3.507606687221532238e-01
1.333949188583236946e+03 3.361074088764483037e+01 3.509495902590187844e-01
1.333970021714203995e+03 3.333882861595800051e+01 3.504241421254062905e-01
1.333990854844938895e+03 3.343688889226225314e+01 3.501245123911917445e-01
1.334011687975440964e+03 3.361453751966742942e+01 3.514344088007825828e-01
1.334032521105767046e+03 3.324860821891743967e+01 3.502779274383965857e-01
1.334053354235802544e+03 3.340068815494304033e+01 3.505846305121496642e-01
1.334074187365605439e+03 3.355695957658985407e+01 3.502605596586972903e-01
1.334095020495233939e+03 3.354747554288980638e+01 3.504379087459003062e-01
1.334115853624572082e+03 3.323737546105167695e+01 3.503931200667974033e-01
1.334136686753676940e+03 3.330895504359817494e+01 3.501890906373200107e-01
1.334157519882605811e+03 3.325171917468883009e+01 3.511373067948664328e-01
1.334178353011244099e+03 3.344309167674809657e+01 3.532717796382447983e-01
1.334199186139709582e+03 3.316417487016028076e+01 3.512322039864400613e-01
1.334220019267883345e+03 3.357218085385474637e+01 3.541077770565221883e-01
1.334240852395823367e+03 3.403935894349603331e+01 3.523732691069734746e-01
1.334261685523530559e+03 3.386547323651180363e+01 3.519154472378876464e-01
1.334282518651064038e+03 3.379080084728999367e+01 3.522064986262199437e-01
1.334303351778305114e+03 3.307722149438416892e+01 3.512895372137906369e-01
1.334324184905256061e+03 3.308381047040509770e+01 3.509058648149022130e-01
1.334345018032033067e+03 3.258727983886952728e+01 3.507746770196210062e-01
1.334365851158575879e+03 3.380447996943290434e+01 3.508861393425870001e-01
1.334386684284828107e+03 3.351542673695238506e+01 3.504091523714603085e-01
1.334407517410847959e+03 3.311906463746775131e+01 3.499715303865287286e-01
1.334428350536633843e+03 3.281085681214887728e+01 3.496755611914545980e-01
1.334449183662187806e+03 3.323065976761489537e+01 3.497960322260816324e-01
1.334470016787510076e+03 3.288027204312250973e+01 3.495339786489539136e-01
1.334490849912539943e+03 3.352857744114185579e+01 3.502998991579241994e-01
1.334511683037336525e+03 3.310862050752326269e+01 3.498583179045788305e-01
1.334532516161900958e+03 3.333531442943031209e+01 3.503892394583875136e-01
1.334553349286174580e+03 3.387109809600917743e+01 3.513053907554958277e-01
1.334574182410273352e+03 3.343295824536120620e+01 3.509807011143244448e-01
1.334595015534021968e+03 3.321700315088671118e+01 3.510120214722627918e-01
1.334615848657597553e+03 3.314223335097815948e+01 3.509244320747110235e-01
1.334636681780880508e+03 3.359506025230511739e+01 3.521327057009861483e-01
1.334657514903931087e+03 3.321444048485915346e+01 3.512510403519288893e-01
1.334678348026691992e+03 3.271360290061257103e+01 3.511051487992776221e-01
1.334699181149220067e+03 3.314103299559837978e+01 3.514845125800526993e-01
1.334720014271455511e+03 3.318710400555107753e+01 3.512708195696386815e-01
1.334740847393457898e+03 3.346345493159241613e+01 3.525679727044022105e-01
1.334761680515170610e+03 3.330336497360065806e+01 3.515332951601097822e-01
1.334782513636649128e+03 3.365474346207717105e+01 3.506723897700973480e-01
1.334803346757896179e+03 3.285413065922130471e+01 3.500810882606396057e-01
1.334824179878851965e+03 3.296188520167803659e+01 3.501517175621963740e-01
1.334845012999516939e+03 3.288560690060960923e+01 3.489520857617045557e-01
1.334865846119890193e+03 3.300302519717507721e+01 3.488000954604619785e-01
1.334886679240087915e+03 3.316255202910313926e+01 3.484521499256825749e-01
1.334907512359938437e+03 3.220782817440746015e+01 3.473438938533538467e-01
1.334928345479555446e+03 3.324777953638299266e+01 3.479736143987500196e-01
1.334949178598880962e+03 3.295170208384945454e+01 3.471803408106934330e-01
1.334970011717914986e+03 3.250324121298157820e+01 3.461004764600724148e-01
1.334990844836717088e+03 3.370664617305172328e+01 3.463180697663928442e-01
1.335011677955227469e+03 3.370812458438155801e+01 3.462115498481094789e-01
1.335032511073447495e+03 3.346761409449214852e+01 3.464106953412680601e-01
1.335053344191434917e+03 3.280016125617641620e+01 3.453339582999722102e-01
1.335074177309072638e+03 3.226156519605673623e+01 3.444683523569456729e-01
1.335095010426477074e+03 3.299887914517430687e+01 3.454140677755037636e-01
1.335115843543590927e+03 3.263638705494997083e+01 3.444828652555449455e-01
1.335136676660413968e+03 3.298073695584150045e+01 3.440023059836988528e-01
1.335157509776945517e+03 3.287526028504280617e+01 3.451298200263117621e-01
1.335178342893186027e+03 3.305205310529582619e+01 3.440571409842341777e-01
1.335199176009193934e+03 3.326140577297352507e+01 3.433159884316041022e-01
1.335220009124853050e+03 3.256067134386441353e+01 3.427236037151942250e-01
1.335240842240219990e+03 3.347464637487808403e+01 3.425183012346907918e-01
1.335261675355296575e+03 3.308201227985404103e+01 3.432473278691803298e-01
1.335282508470141011e+03 3.284441794392512293e+01 3.411866762983222223e-01
1.335303341584634836e+03 3.305225604168918352e+01 3.407156491180918789e-01
1.335324174698838078e+03 3.356021701705378035e+01 3.407999923463437830e-01
1.335365840926371902e+03 3.324809597747069034e+01 3.405173083337137974e-01
1.335386674039644049e+03 3.339391936779675518e+01 3.423064982988746618e-01
1.335407507152625385e+03 3.322422040005358213e+01 3.400507219956996341e-01
1.335428340265373890e+03 3.279359796020667517e+01 3.393928671887874726e-01
1.335449173377714942e+03 3.343455071348680718e+01 3.410559334370092954e-01
1.335470006489822026e+03 3.329415728878807812e+01 3.393517144084704507e-01
1.335490839601580092e+03 3.245892663481670581e+01 3.382106434212638901e-01
1.335511672713048483e+03 3.367995429144795594e+01 3.387767330227819396e-01
1.335532505824226064e+03 3.280419008262506964e+01 3.404521100904801534e-01
1.335553338935053034e+03 3.255486688509578386e+01 3.382275725983953096e-01
1.335574172045530986e+03 3.349538256938313907e+01 3.391390432809933131e-01
1.335595005155776107e+03 3.252753103649752831e+01 3.380541212955179842e-01
1.335615838265614002e+03 3.293409718340663517e+01 3.378573384730136353e-01
1.335636671375161086e+03 3.288373067078869383e+01 3.376904705135119200e-01
1.335657504484416904e+03 3.295298019354905961e+01 3.382651177627655770e-01
1.335678337593323931e+03 3.334637571642809206e+01 3.380948590578561896e-01
1.335699170701880576e+03 3.366456255422878741e+01 3.388236509823308595e-01
1.335720003810145954e+03 3.269109493266979172e+01 3.384897400084332375e-01
1.335740836918063906e+03 3.270715103472871732e+01 3.375405719883579070e-01
1.335761670025632611e+03 3.336675019386407115e+01 3.380264935168962315e-01
1.335782503132908460e+03 3.278541832325618799e+01 3.373154391644345718e-01
1.335803336239777536e+03 3.321234724581491804e+01 3.374742577590200687e-01
1.335824169346356030e+03 3.317755800588037118e+01 3.372291970832220209e-01
1.335845002452585049e+03 3.336249514785077963e+01 3.374483267645275175e-01
1.335865835558465051e+03 3.282977351227503249e+01 3.371941770329113242e-01
1.335886668663994897e+03 3.280355358653012843e+01 3.366757973980540886e-01
1.335907501769177088e+03 3.289732078736331289e+01 3.378839547265147791e-01
1.335928334874067104e+03 3.266922846053522278e+01 3.363043312579351851e-01
1.335949167978549440e+03 3.318838504335793260e+01 3.368258816964249114e-01
1.335970001082682529e+03 3.330862700542137134e+01 3.370799665121801958e-01
1.335990834186409984e+03 3.312281718338892489e+01 3.378431474261987533e-01
1.336011667289845036e+03 3.304225715530066765e+01 3.365963972442851948e-01
1.336032500392873089e+03 3.288066709221052264e+01 3.361807762916108611e-01
1.336053333495550532e+03 3.293227421581562453e+01 3.364695062445482443e-01
1.336074166597878957e+03 3.280633038970358939e+01 3.364034570559426562e-01
1.336094999699859500e+03 3.276675230106216929e+01 3.363048186517600957e-01
1.336115832801433044e+03 3.291306249846076781e+01 3.364039664538706065e-01
1.336136665902597088e+03 3.298058874755033543e+01 3.361388423717963092e-01
1.336157499003470548e+03 3.220226301150170656e+01 3.352784189785066316e-01
1.336178332103879029e+03 3.297752880411061938e+01 3.359888503283916528e-01
1.336199165203938037e+03 3.254034594156696159e+01 3.357287357069929090e-01
1.336219998303648026e+03 3.244611109058927667e+01 3.354744048012890945e-01
1.336240831402950107e+03 3.317419341377450337e+01 3.362412188670305113e-01
1.336261664501844962e+03 3.242431753499819536e+01 3.360926469459326604e-01
1.336282497600333045e+03 3.345609088546990506e+01 3.362979618418817651e-01
1.336303330698469836e+03 3.267488625908296029e+01 3.354576476258342987e-01
1.336324163796200992e+03 3.330994482466794437e+01 3.371653849550199089e-01
1.336344996893466941e+03 3.285726526701358097e+01 3.357634869932188959e-01
1.336365829990382963e+03 3.220287130904330297e+01 3.351583427417215155e-01
1.336386663086891076e+03 3.305855676961662226e+01 3.359244144463834902e-01
1.336407496182991508e+03 3.259229113707877445e+01 3.363925269623870284e-01
1.336428329278684032e+03 3.277656197768271795e+01 3.357976356154444009e-01
1.336449162373912486e+03 3.327403939420671009e+01 3.363221317514894504e-01
1.336469995468791922e+03 3.270028251781436524e+01 3.358425183534954894e-01
1.336490828563204559e+03 3.293710885788676279e+01 3.362665782443635676e-01
1.336511661657151080e+03 3.312193879922425310e+01 3.364472735312495910e-01
1.336532494750749038e+03 3.279604640543048077e+01 3.360386186159173283e-01
1.336553327843881561e+03 3.294855967320156509e+01 3.361563413321454474e-01
1.336574160936549106e+03 3.313596782080802683e+01 3.362123341008924626e-01
1.336594994028807832e+03 3.281799304325009814e+01 3.360596257385363161e-01
1.336615827120600898e+03 3.273857391057191535e+01 3.357443476014387862e-01
1.336636660211986964e+03 3.253070726065161722e+01 3.355974205946659072e-01
1.336657493302849616e+03 3.321254066727259158e+01 3.358933619401762716e-01
1.336678326393303905e+03 3.252029021141151333e+01 3.370190885186248320e-01
1.336699159483293442e+03 3.339738768675614722e+01 3.367483643787312908e-01
1.336719992572875071e+03 3.306138857557256472e+01 3.358689282538937504e-01
1.336740825661933059e+03 3.262032756835700553e+01 3.368695658172935481e-01
1.336761658750524930e+03 3.311549809993658045e+01 3.364346064280673843e-01
1.336782491838651367e+03 3.267308676939888556e+01 3.360662435415694427e-01
1.336803324926253481e+03 3.336760079631482512e+01 3.364780534903739073e-01
1.336824158013449960e+03 3.278985735343242425e+01 3.360228873565413998e-01
1.336844991100120978e+03 3.286727856219255273e+01 3.361628907404067834e-01
1.336865824186327018e+03 3.219373974698045515e+01 3.354715953398859085e-01
1.336886657272008051e+03 3.221215338845731679e+01 3.350117814426353258e-01
1.336907490357164988e+03 3.270108223458072416e+01 3.355416915901756059e-01
1.336928323441858083e+03 3.305223403338173682e+01 3.367478223141190941e-01
1.336949156526027082e+03 3.298697511848780550e+01 3.369365297649200564e-01
1.336969989609729964e+03 3.288535230761944206e+01 3.363019828959687429e-01
1.336990822692850088e+03 3.273026823895207116e+01 3.363167041961694359e-01
1.337011655775504096e+03 3.251797274041219055e+01 3.356790879423757756e-01
1.337032488857577846e+03 3.228171193788264048e+01 3.354739495146749628e-01
1.337053321939185935e+03 3.282433369442986759e+01 3.359219414412707438e-01
1.337074155020211037e+03 3.258097838079407182e+01 3.356271352469151203e-01
1.337094988100711817e+03 3.216590558231222730e+01 3.349971473629327900e-01
1.337115821180630064e+03 3.267293737660101272e+01 3.357053997308064863e-01
1.337136654260026035e+03 3.257206494542924702e+01 3.359243589980379086e-01
1.337157487338897454e+03 3.247742684010231784e+01 3.368518606069976773e-01
1.337178320417187933e+03 3.232105835841576180e+01 3.356775675440399342e-01
1.337199153494894517e+03 3.281206770214547674e+01 3.370818784424576831e-01
1.337219986572019025e+03 3.308329926102489793e+01 3.359702781831965801e-01
1.337240819648562592e+03 3.237491924191264303e+01 3.354196882506721988e-01
1.337261652724582063e+03 3.218969986582796849e+01 3.351171590776361175e-01
1.337282485799961478e+03 3.205838516380896408e+01 3.355259037236733577e-01
1.337303318874759043e+03 3.282902906479008465e+01 3.359376219815764508e-01
1.337324151948915642e+03 3.212539057171274948e+01 3.352943629348451027e-01
1.337344985022489027e+03 3.320207664310925111e+01 3.362973304323270130e-01
1.337365818095481927e+03 3.219615951108249874e+01 3.351704467754389460e-01
1.337386651167834088e+03 3.242842338790525503e+01 3.348740000551451712e-01
1.337407484239604400e+03 3.265506505632303202e+01 3.356845036118834003e-01
1.337428317310676448e+03 3.192426043763756383e+01 3.352045113377457586e-01
1.337449150381165509e+03 3.232073192571274234e+01 3.362488745206127505e-01
1.337469983450956988e+03 3.256329409483066684e+01 3.356782778039736348e-01
1.337490816520165936e+03 3.296728869609155765e+01 3.359161303620886163e-01
1.337511649588676846e+03 3.235193825769731291e+01 3.361418789888205860e-01
1.337532482656547927e+03 3.235545248077918501e+01 3.355275691454835396e-01
1.337553315723719152e+03 3.320342618058908357e+01 3.362744105706746978e-01
1.337574148790190975e+03 3.235348839228137763e+01 3.357369023606657787e-01
1.337594981856024560e+03 3.197255918686121845e+01 3.358874061850097292e-01
1.337615814921216952e+03 3.242376727825720906e+01 3.357945626035321318e-01
1.337636647985654008e+03 3.243660041214540257e+01 3.356994739322387011e-01
1.337657481049391436e+03 3.247233736740332688e+01 3.362463706646718342e-01
1.337678314112429916e+03 3.193471573000434205e+01 3.347321109621265167e-01
1.337699147174769905e+03 3.268716426890490823e+01 3.369050619056472295e-01
1.337719980236354104e+03 3.203493387270778925e+01 3.356109295991111519e-01
1.337740813297239583e+03 3.189644867959117391e+01 3.352225146999286975e-01
1.337761646357369045e+03 3.248691356179400458e+01 3.356341722503081160e-01
1.337782479416740898e+03 3.225944607242859519e+01 3.358549748567501436e-01
1.337803312475413350e+03 3.297652528304745090e+01 3.360380199768200349e-01
1.337824145533272031e+03 3.254259980758131121e+01 3.355704897652130314e-01
1.337865811646778184e+03 3.174840324057997520e+01 3.351783491731704090e-01
1.337886644702366993e+03 3.276097791089500078e+01 3.356882878700716555e-01
1.337907477757139986e+03 3.227178246172696419e+01 3.353958975934850373e-01
1.340574108415662977e+03 3.084707499950912535e+01 3.828070114676497826e-01
1.340594941516500512e+03 3.035585911576639262e+01 3.827256473964124606e-01
1.340615774617802572e+03 3.043254667774300515e+01 3.817805959885313127e-01
1.340636607719628500e+03 2.992900436000523712e+01 3.811874150671538120e-01
1.340657440821862110e+03 3.119048847368590316e+01 3.815196061139684014e-01
1.340678273924619589e+03 3.005318625769433538e+01 3.799888835397789433e-01
1.340699107027726086e+03 3.028346003977172529e+01 3.798029210042592752e-01
1.340719940131356907e+03 3.165743194174998365e+01 3.806647952969633431e-01
1.340740773235337429e+03 3.097329951188719832e+01 3.807863801306138885e-01
1.340761606339724949e+03 3.024674364851194497e+01 3.810915703767864260e-01
1.340782439444519468e+03 3.093496682568036960e+01 3.823751559374099496e-01
1.340803272549664143e+03 3.053902186438174482e+01 3.834187320073783600e-01
1.340824105655216044e+03 3.051710132576300794e+01 3.839674091180645399e-01
1.340844938761116509e+03 3.102279780699188905e+01 3.843834038722889757e-01
1.340865771867308922e+03 3.072134035148719988e+01 3.832813816871214474e-01
1.340886604973908561e+03 3.072920374379333452e+01 3.830147034036375797e-01
1.340907438080798556e+03 3.112321616052997086e+01 3.822791217890342819e-01
1.340928271187979590e+03 3.093767211815646334e+01 3.815283743979386299e-01
1.340949104295511006e+03 3.090650555013458245e+01 3.806497241354047656e-01
1.340969937403333006e+03 3.074780726723924573e+01 3.793239650618422387e-01
1.340990770511445589e+03 3.105542781167225286e+01 3.791569539108162190e-01
1.341011603619791003e+03 3.028939572747116671e+01 3.788652496178203655e-01
1.341032436728486573e+03 3.109047804384078972e+01 3.798892258443513081e-01
1.341053269837355401e+03 3.104168293291704117e+01 3.807190269689015305e-01
1.341074102946573930e+03 3.061354229813395023e+01 3.814006187401440262e-01
1.341094936055967992e+03 3.092065247619471791e+01 3.818590591337576168e-01
1.341115769165594429e+03 3.106603496886345539e+01 3.818138291770889481e-01
1.341136602275511450e+03 3.030282731804694407e+01 3.798826359844043044e-01
1.341157435385604003e+03 3.046376296546840479e+01 3.795897032136610338e-01
1.341178268495928478e+03 3.171501080841341036e+01 3.795823819050483383e-01
1.341199101606427575e+03 3.191500805108253047e+01 3.794385572735114454e-01
1.341219934717159958e+03 3.120380249817036855e+01 3.782525076143253839e-01
1.341240767828125627e+03 3.137452873194307301e+01 3.780112954677283255e-01
1.341261600939206573e+03 3.097456670527549250e+01 3.771567906265120285e-01
1.341282434050520351e+03 3.111361594640857220e+01 3.763671827489499244e-01
1.341303267162009433e+03 3.092003965383085529e+01 3.773643345875133948e-01
1.341324100273673594e+03 3.098808199504198058e+01 3.756295125820361958e-01
1.341344933385453032e+03 3.087076993425518623e+01 3.752179505857630160e-01
1.341365766497465984e+03 3.091609643575842625e+01 3.754648665133268892e-01
1.341386599609595578e+03 3.161034750574727781e+01 3.784850227260019850e-01
1.341407432721840451e+03 3.175096656676123530e+01 3.772091366773269172e-01
1.341428265834260401e+03 3.129198968372145373e+01 3.774982325720938059e-01
1.341449098946796994e+03 3.174309829006002559e+01 3.784695300999046941e-01
1.341469932059508892e+03 3.010480108271357125e+01 3.775474725014501542e-01
1.341490765172336523e+03 3.092829663276408780e+01 3.788208422803550079e-01
1.341511598285281025e+03 3.096606537414738369e+01 3.806101056647122061e-01
1.341532431398341487e+03 3.198459052804165026e+01 3.818069603112691501e-01
1.341553264511517455e+03 3.034846993482341304e+01 3.810974746215536335e-01
1.341574097624752540e+03 3.157772406064093218e+01 3.824238848219399522e-01
1.341594930738162930e+03 3.146485960143490956e+01 3.818523666866936450e-01
1.341615763851631073e+03 3.146671739648752464e+01 3.836384446158234152e-01
1.341636596965214949e+03 3.178597640551674175e+01 3.812218335174953898e-01
1.341657430078916150e+03 3.122499116954429610e+01 3.797090618463249689e-01
1.341678263192675558e+03 3.066782429895229711e+01 3.789363141274901259e-01
1.341699096306550473e+03 3.167538847511102063e+01 3.778204353388955328e-01
1.341719929420483368e+03 3.137535449359522488e+01 3.772266759178020123e-01
1.341740762534475834e+03 3.123000980771693236e+01 3.761820838311433768e-01
1.341761595648526054e+03 3.108293560697391911e+01 3.758697556224001035e-01
1.341782428762692007e+03 3.123076343509145403e+01 3.759365704557448562e-01
1.341803261876917077e+03 3.135954240095523460e+01 3.764786377592545530e-01
1.341824094991199900e+03 3.118247460775068447e+01 3.762099495352842493e-01
1.341844928105540930e+03 3.113420951435206518e+01 3.757145947446541845e-01
1.341865761219939941e+03 3.126099874497911912e+01 3.747482845771010762e-01
1.341886594334398069e+03 3.144170115513303188e+01 3.734164778725889700e-01
1.341907427448855515e+03 3.130881329986134176e+01 3.722773098787945933e-01
1.341928260563428921e+03 3.153446779368233166e+01 3.716824329493321200e-01
1.341949093678003010e+03 3.181574319388995065e+01 3.702710921238107078e-01
1.341969926792635533e+03 3.108035282838833524e+01 3.682517395043190533e-01
1.341990759907266920e+03 3.173519557312038586e+01 3.672858167468427970e-01
1.342011593022015859e+03 3.035514538887185410e+01 3.657971091174985756e-01
1.342032426136706363e+03 3.157921927513041993e+01 3.671768065173791062e-01
1.342053259251513055e+03 3.077981355168245159e+01 3.669335928078487630e-01
1.342074092366261084e+03 3.137043083229636409e+01 3.676427089209433618e-01
1.342094925481068003e+03 3.154639000173643382e+01 3.685381984206067552e-01
1.342115758595932903e+03 3.100147995773660625e+01 3.686877505244509634e-01
1.342136591710797347e+03 3.188613204774571130e+01 3.689643802430911390e-01
1.342157424825662929e+03 3.095207490331634403e+01 3.685149486245213324e-01
1.342219924170316972e+03 3.103403149299487751e+01 3.671567376419505591e-01
1.342240757285239852e+03 3.115041834892306838e+01 3.670201833460496887e-01
1.342261590400163641e+03 3.095365173558273852e+01 3.656677286334918953e-01
1.342282423515086521e+03 3.117147189834113163e+01 3.650451210625443865e-01
1.342303256630009855e+03 3.180149330647976313e+01 3.649268666250427562e-01
1.342324089744933644e+03 3.167365990236148576e+01 3.642945667367967766e-01
1.342344922859856524e+03 3.179907579746353719e+01 3.631275836439024629e-01
1.342365755974778949e+03 3.151037703645765475e+01 3.630223941450165248e-01
1.342386589089701829e+03 3.088092148234587597e+01 3.621838308943368667e-01
1.342407422204567411e+03 3.141731312098202977e+01 3.633024353084847724e-01
1.342428255319490518e+03 3.066922740205823317e+01 3.631654370193590498e-01
1.342449088434355872e+03 3.263198887901257450e+01 3.651498911038272288e-01
1.342469921549220999e+03 3.119709180547728522e+01 3.649781087947170377e-01
1.342490754664027463e+03 3.102856161822791847e+01 3.667640070057414103e-01
1.342511587778833928e+03 3.109787185684896116e+01 3.665748314112587947e-01
1.342532420893641529e+03 3.137417458063352882e+01 3.691191894120417483e-01
1.342553254008447539e+03 3.104293134698689016e+01 3.675566907221562429e-01
1.342574087123195568e+03 3.157553436052824480e+01 3.682702111332477046e-01
1.342594920237944507e+03 3.120704391616438755e+01 3.683678546143915877e-01
1.342615753352636148e+03 3.098844721615688513e+01 3.684620953698939938e-01
1.342636586467326651e+03 3.114983362304014491e+01 3.680271531588242828e-01
1.342657419581958948e+03 3.106451435230994917e+01 3.681835300954842682e-01
1.342678252696591471e+03 3.122664677703894398e+01 3.686702900743539790e-01
1.342699085811164423e+03 3.133027308008187362e+01 3.673072173378232330e-01
1.342719918925680076e+03 3.191580981410133688e+01 3.673317199904972408e-01
1.342740752040196185e+03 3.143415102737013456e+01 3.662055053308048702e-01
1.342761585154654085e+03 3.093066899099319045e+01 3.658364173777992057e-01
1.342782418269111076e+03 3.149801498444754344e+01 3.674747885275936321e-01
1.342803251383510997e+03 3.226053289483057540e+01 3.665777785035065350e-01
1.342824084497852027e+03 3.123222164263589917e+01 3.651226505202643802e-01
1.342844917612134395e+03 3.157829482056063597e+01 3.656634294251547845e-01
1.342865750726416991e+03 3.185615179626461213e+01 3.654817365709564503e-01
1.342886583840584080e+03 3.151009533843400590e+01 3.649145347658964700e-01
1.342907416954808468e+03 3.170741809711829973e+01 3.642428193062013930e-01
1.342928250068916896e+03 3.110536155100969324e+01 3.631672013622991302e-01
1.342949083182968025e+03 3.071841734155479742e+01 3.620199848277868004e-01
1.342969916296960491e+03 3.036982965575541726e+01 3.603549326503884820e-01
1.342990749410951594e+03 3.132979851397011117e+01 3.600072896073664430e-01
1.343011582524884943e+03 3.178154809706410333e+01 3.601594324860873941e-01
1.343032415638701877e+03 3.120679912316288096e+01 3.588390915596612052e-01
1.343053248752519949e+03 3.099149248010422752e+01 3.590056345624970113e-01
1.343074081866278448e+03 3.140638314983602442e+01 3.594229500335800465e-01
1.343094914979920986e+03 3.182637028477360275e+01 3.614367553727014237e-01
1.343115748093563980e+03 3.085355649511108567e+01 3.593189154274662456e-01
1.343136581207148538e+03 3.106290433187238875e+01 3.610234599944215361e-01
1.343157414320674889e+03 3.181489227011405774e+01 3.611605487609570453e-01
1.343178247434084369e+03 3.192735291032105494e+01 3.614453099934227254e-01
1.343199080547494987e+03 3.107709975449380124e+01 3.615205613181084465e-01
1.343219913660788507e+03 3.113365401921956988e+01 3.607343382670757936e-01
1.343240746774024046e+03 3.172183802830582522e+01 3.610088484292572897e-01
1.343261579887200924e+03 3.082715117721181031e+01 3.587986844620248972e-01
1.343282413000319593e+03 3.137569332574652492e+01 3.592298255928673134e-01
1.343303246113379828e+03 3.115789403614522257e+01 3.581664662546230615e-01
1.343324079226324557e+03 3.077618121706246512e+01 3.570882355269303088e-01
1.343344912339267921e+03 3.130987679751566333e+01 3.568819480927782339e-01
1.343365745452095553e+03 3.177015023582584519e+01 3.572326951624162916e-01
1.343386578564864976e+03 3.110555329982493333e+01 3.567372211113691849e-01
1.343407411677519121e+03 3.079992621157766308e+01 3.565812779128341159e-01
1.343428244790172357e+03 3.101931608166702148e+01 3.568371435018704019e-01
1.343449077902710087e+03 3.176650419259109270e+01 3.584330071763854320e-01
1.343469911015130037e+03 3.163522300425439227e+01 3.582327145135218438e-01
1.343490744127549988e+03 3.208508496093326556e+01 3.588205081821472797e-01
1.343511577239853523e+03 3.177331139875397170e+01 3.588675772823742838e-01
1.343532410352098850e+03 3.138117481288234245e+01 3.601121391375350922e-01
1.343553243464228444e+03 3.159789039720367043e+01 3.604898781737698732e-01
1.343574076576298921e+03 3.110415919768269077e+01 3.611642414320239691e-01
1.343594909688311873e+03 3.210469295251026978e+01 3.621327488339783907e-01
1.343615742800210000e+03 3.132986722515730094e+01 3.617419991323535533e-01
1.343636575911989439e+03 3.184170887313196374e+01 3.625212893318281449e-01
1.343657409023769560e+03 3.112301008772938360e+01 3.624820737681426208e-01
1.343678242135432811e+03 3.154126879344345724e+01 3.618151913106394391e-01
1.343699075246980556e+03 3.124243572212283482e+01 3.617781028086753392e-01
1.343719908358468956e+03 3.101771571552379214e+01 3.615204170550148088e-01
1.343740741469841851e+03 3.112925485119745872e+01 3.612994208404350371e-01
1.343761574581156538e+03 3.180886125865550440e+01 3.615340805754048703e-01
1.343782407692412107e+03 3.113306625017243334e+01 3.614790730018502263e-01
1.343803240803552853e+03 3.162641446236052900e+01 3.611343482785865366e-01
1.343824073914576957e+03 3.186146003944294591e+01 3.612783036809313897e-01
1.343844907025541488e+03 3.160373496669576809e+01 3.612027749869585747e-01
1.343865740136390059e+03 3.069846286738940222e+01 3.611104154681979983e-01
1.343886573247180877e+03 3.083034485629480770e+01 3.603889425268620439e-01
1.343907406357855052e+03 3.099015448411157791e+01 3.606312604456631821e-01
1.343928239468411903e+03 3.127920673268784668e+01 3.603554908931154710e-01
1.343949072578911910e+03 3.080320387381134850e+01 3.594512029379628992e-01
1.343969905689295501e+03 3.139008994393759622e+01 3.584341712205096342e-01
1.343990738799620431e+03 3.140262343564162961e+01 3.581648852987591725e-01
1.344011571909828490e+03 3.088412674781152134e+01 3.567167319977165296e-01
1.344032405019921043e+03 3.170404983756709782e+01 3.582684023750002389e-01
1.344053238129954934e+03 3.100359054622404642e+01 3.579994496202766885e-01
1.344074071239871500e+03 3.091992036931534926e+01 3.579089280506829729e-01
1.344094904349673016e+03 3.081058277507476362e+01 3.561179970574592235e-01
1.344115737459415413e+03 3.056819711395628758e+01 3.562208958499333833e-01
1.344136570568984098e+03 3.115315797758683658e+01 3.572703597978986179e-01
1.344157403678494575e+03 3.111169259144534038e+01 3.576604328435881164e-01
1.344178236787945934e+03 3.188306494325136953e+01 3.582229808433397000e-01
1.344199069897223580e+03 3.089098121726789259e+01 3.569490818154542611e-01
1.344219903006442109e+03 3.106266034880457028e+01 3.575567605902064683e-01
1.344240736115545133e+03 3.099038687790014279e+01 3.565301872476310807e-01
1.344261569224589039e+03 3.174643819754238194e+01 3.564424488527412893e-01
1.344282402333459004e+03 3.159843238941069643e+01 3.554857899700255008e-01
1.344303235442270534e+03 3.134370039360156568e+01 3.542404121401718786e-01
1.344324068550965876e+03 3.051336977368941916e+01 3.532591780052702912e-01
1.344344901659544576e+03 3.146698651432563310e+01 3.533425618805633439e-01
1.344365734768064613e+03 3.086962605435673623e+01 3.530197986941438493e-01
1.344386567876410027e+03 3.174848917242837132e+01 3.536399285559015393e-01
1.344407400984697915e+03 3.149639221753707830e+01 3.534667787474147782e-01
1.344428234092811181e+03 3.115971139828869241e+01 3.537569012996532036e-01
1.344449067200866466e+03 3.149535950267591744e+01 3.561340854526208188e-01
1.344469900308804881e+03 3.092594097953972465e+01 3.544994805376580627e-01
1.344490733416685089e+03 3.121110977824814370e+01 3.553400540299298527e-01
1.344511566524390446e+03 3.163400449752547416e+01 3.577073213336710023e-01
1.344532399631979388e+03 3.156780173994386729e+01 3.566669767740868191e-01
1.344553232739510349e+03 3.104532449266396554e+01 3.576414340688925386e-01
1.344574065846867143e+03 3.119669358592170028e+01 3.580687875220610605e-01
1.344594898954166183e+03 3.143827807145301279e+01 3.587940122276444543e-01
1.344615732061347444e+03 3.097799874303598955e+01 3.583284356462681508e-01
1.344636565168354537e+03 3.146686544688322229e+01 3.587353030128426767e-01
1.344657398275302512e+03 3.170644641502347127e+01 3.608143427075065635e-01
1.344719897595451584e+03 3.172567003143554132e+01 3.582132469086661275e-01
1.344740730701877055e+03 3.188293384184446211e+01 3.605145755075182534e-01
1.344761563808243409e+03 3.070157419276191746e+01 3.571993025384183063e-01
1.344782396914493347e+03 3.135455528570156503e+01 3.581977719039033392e-01
1.344803230020627097e+03 3.097478019523781967e+01 3.577842959486660090e-01
1.344824063126645342e+03 3.082939751080485991e+01 3.571367012072404479e-01
1.344844896232546944e+03 3.148924969146262498e+01 3.596733761954991060e-01
1.344865729338273468e+03 3.135835331057058539e+01 3.582315082183268884e-01
1.344886562443942012e+03 3.082220309147676574e+01 3.568551202972466418e-01
1.344907395549493458e+03 3.122357240559000502e+01 3.572852076659345233e-01
1.344928228654870509e+03 3.132399073981694926e+01 3.576040585335578115e-01
1.344949061760189579e+03 3.093502854878829567e+01 3.558169535403919448e-01
1.344969894865334936e+03 3.111391831990334111e+01 3.553707281091396664e-01
1.344990727970420949e+03 3.094452211072613323e+01 3.545546463517341707e-01
1.345011561075331883e+03 3.115709413092650237e+01 3.546651833189213843e-01
1.345032394180127540e+03 3.108046525209432787e+01 3.555319803194704753e-01
1.345053227284807008e+03 3.110631907564516041e+01 3.543327119949816750e-01
1.345074060389369606e+03 3.122403101469674880e+01 3.546101397539503930e-01
1.345094893493756445e+03 3.023917276576253244e+01 3.540313920498829869e-01
1.345115726598085985e+03 3.077799046706750374e+01 3.549000938965196639e-01
1.345136559702299564e+03 3.081350982186687304e+01 3.552155693450764207e-01
1.345157392806337612e+03 3.131011647406239007e+01 3.561836222664956364e-01
1.345178225910260608e+03 3.144536311124913652e+01 3.563661879417068801e-01
1.345199059014066961e+03 3.153544679403886164e+01 3.562866066646347418e-01
1.345219892117755535e+03 3.164046847922379868e+01 3.556848854031852691e-01
1.345240725221270168e+03 3.083392154168387123e+01 3.559373345177913039e-01
1.345261558324727048e+03 3.129457816127376191e+01 3.546254561686548179e-01
1.345282391428008850e+03 3.095342352158245802e+01 3.536139714977793447e-01
1.345303224531174465e+03 3.139445110341002021e+01 3.535560669080246576e-01
1.345324057634222982e+03 3.101185698128096391e+01 3.537308896365402022e-01
1.345344890737097558e+03 3.148285350613477362e+01 3.527612065516156359e-01
1.345365723839913471e+03 3.054445926469935557e+01 3.515231640320082840e-01
1.345386556942555671e+03 3.098761853767119590e+01 3.531868180035656057e-01
1.345407390045023476e+03 3.054563227019992411e+01 3.517383983111331269e-01
1.345428223147431481e+03 3.088406306442881544e+01 3.522108774795414954e-01
1.345449056249665091e+03 3.162671128439334467e+01 3.529472946225158392e-01
1.345469889351782967e+03 3.054816258061817535e+01 3.533189342296871871e-01
1.345490722453785111e+03 3.094181529077081194e+01 3.539427816302401220e-01
1.345511555555611494e+03 3.059538715038469547e+01 3.541895097022916272e-01
1.345532388657380125e+03 3.115862311207829549e+01 3.551204568034540543e-01
1.345553221758915470e+03 3.094659720546678727e+01 3.565646664138227839e-01
1.345574054860392607e+03 3.052891938539261929e+01 3.559340481343736817e-01
1.345594887961694894e+03 3.086446821673585106e+01 3.571504072685541820e-01
1.345615721062882130e+03 3.054083549786901131e+01 3.566249864874408426e-01
1.345636554163952496e+03 3.070444941667879846e+01 3.571090371433446875e-01
1.345657387264847102e+03 3.168584106827994873e+01 3.577773614146164127e-01
1.345678220365625975e+03 3.021770531854583908e+01 3.563104870961329440e-01
1.345699053466230907e+03 3.140794045343666596e+01 3.576878043037972077e-01
1.345719886566777404e+03 3.139254540290719575e+01 3.566848368153427984e-01
1.345740719667089934e+03 3.162408498774247789e+01 3.572338839740596406e-01
1.345761552767345165e+03 3.126720168413644529e+01 3.566171519314791372e-01
1.345782385867426001e+03 3.088896432125613245e+01 3.567269453727241468e-01
1.345803218967331986e+03 3.080097909436593540e+01 3.564000349159309189e-01
1.345824052067179991e+03 3.127513188042745185e+01 3.568058228795932818e-01
1.345844885166794484e+03 3.123760253419047928e+01 3.564105709337455630e-01
1.345865718266350541e+03 3.033363101472544088e+01 3.564131630808639595e-01
1.345886551365733339e+03 3.058749821941277247e+01 3.557974793992436102e-01
1.345907384464941515e+03 3.106102242853071971e+01 3.559491401289563428e-01
1.345928217564031456e+03 3.114076326247027282e+01 3.554289030441010744e-01
1.345949050663005437e+03 3.031360010796307591e+01 3.542666387641483228e-01
1.345969883761806159e+03 3.067502656769978842e+01 3.549672036401324005e-01
1.345990716860490465e+03 3.125032312621433306e+01 3.545639133663912035e-01
1.346011549958998557e+03 3.065489621188397962e+01 3.536097153697437268e-01
1.346032383057391144e+03 3.025260738682860762e+01 3.537093627490203174e-01
1.346053216155608425e+03 3.155229930914657643e+01 3.539664834071951094e-01
1.346074049253709973e+03 3.129382901841764664e+01 3.543352562619518364e-01
1.346094882351695105e+03 3.139465742811623983e+01 3.550482138277891164e-01
1.346115715449447180e+03 3.104727535408633798e+01 3.554264923800640186e-01
1.346136548547141501e+03 3.003837704862205982e+01 3.545071727433259934e-01
1.346157381644660973e+03 3.067193441364727846e+01 3.556548459379192395e-01
1.346178214742005821e+03 3.103596198602853917e+01 3.553419410968833292e-01
1.346199047839176501e+03 3.131360187943837303e+01 3.561008199581635614e-01
1.346219880950955940e+03 3.046787454742214152e+01 3.553159196566618161e-01
1.346240714047893107e+03 3.112623543018461447e+01 3.551841686602030812e-01
1.346261547144656106e+03 3.083106796822779216e+01 3.550070604441584177e-01
1.346282380241244482e+03 2.997319545826744758e+01 3.531783270447144130e-01
1.346303213337715533e+03 3.124425762918102834e+01 3.533961795057152244e-01
1.346324046434012871e+03 3.075054297798022418e+01 3.530548211638739886e-01
1.346344879530194476e+03 3.090918661803187462e+01 3.537297522408225370e-01
1.346365712626199638e+03 3.091599357697512573e+01 3.519143463177658027e-01
1.346386545722088613e+03 3.045158087439426708e+01 3.513594252792908157e-01
1.346407378817803874e+03 3.069041395070817657e+01 3.512498418970532721e-01
1.346428211913344967e+03 3.080421941450182288e+01 3.513786152905067905e-01
1.346449045008768053e+03 3.023443955491452328e+01 3.510888830101400182e-01
1.346469878104016971e+03 3.059698074202852780e+01 3.530495769838825071e-01
1.346490711199092857e+03 3.073982959791542413e+01 3.525530107016061621e-01
1.346511544294050964e+03 3.106323508465562355e+01 3.527630018106392984e-01
1.346532377388834448e+03 3.135807813491523888e+01 3.540750997579151793e-01
1.346553210483443536e+03 3.046967816184012179e+01 3.536761009211577544e-01
1.346574043577935981e+03 3.120800155708560908e+01 3.558042640597242068e-01
1.346594876672254031e+03 3.081315432760946749e+01 3.553485876862315096e-01
1.346615709766397003e+03 3.105036019310595563e+01 3.561400268868323837e-01
1.346636542860424470e+03 3.055608151259250604e+01 3.557892078017313997e-01
1.346657375954276631e+03 3.091627132614563322e+01 3.570740889009548780e-01
1.346678209047955079e+03 3.076168703759589107e+01 3.557963904910687591e-01
1.346699042141457994e+03 3.076118737390380176e+01 3.557860456971904672e-01
1.346719875234844039e+03 3.060108432386351751e+01 3.553256700569415449e-01
1.346740708328056371e+03 3.096430551535330622e+01 3.552336911223628046e-01
1.346761541421094080e+03 3.086664208519101393e+01 3.546014202374558888e-01
1.346782374514014919e+03 3.093323428689862453e+01 3.551572755529430192e-01
1.346803207606702927e+03 3.138771493234204968e+01 3.579177335220678491e-01
1.346824040699274974e+03 3.041461162433737542e+01 3.547531932541923005e-01
1.346844873791672399e+03 3.001261966779834012e+01 3.548133173212982827e-01
1.346865706883952498e+03 3.071042366600961770e+01 3.552658633892223916e-01
1.346886539975999995e+03 3.091962062461536220e+01 3.558104413386911080e-01
1.346907373067931985e+03 3.018086668617549151e+01 3.547765888804055301e-01
1.350011501565495564e+03 3.046346878178180617e+01 3.385328352827747245e-01
1.350032334624423129e+03 3.022163567476049195e+01 3.384223899039544015e-01
1.350053167683119000e+03 3.073854427700807790e+01 3.383012382469440249e-01
1.350074000741465170e+03 3.092744626683109033e+01 3.388824459455353488e-01
1.350094833799461412e+03 2.989694490797415227e+01 3.381240016725084452e-01
1.350115666857224824e+03 3.001313878760569054e+01 3.377406277983317495e-01
1.350136499914582146e+03 3.015632916216110715e+01 3.378546260113092781e-01
1.350157332971706182e+03 3.018662769554256897e+01 3.378182372242088394e-01
1.350178166028479609e+03 3.040379336343302441e+01 3.392364952053124050e-01
1.350198999084905154e+03 3.015292191109922015e+01 3.374548510976129734e-01
1.350219832140981453e+03 3.030661580628051865e+01 3.378046179883197331e-01
1.350240665196765804e+03 3.001927250526851765e+01 3.369027951332930759e-01
1.350261498252259116e+03 3.001923969889840293e+01 3.367876672691736961e-01
1.350282331307344975e+03 3.002479239080690121e+01 3.374696656122935234e-01
1.350303164362141160e+03 2.971483392935818557e+01 3.362168991005301533e-01
1.350323997416586508e+03 3.033635314856282861e+01 3.369533128956784251e-01
1.350344830470741499e+03 2.978686788719409151e+01 3.365130705739362571e-01
1.350365663524489491e+03 2.951777000571541976e+01 3.362513229634802592e-01
1.350386496577945991e+03 3.009214217839997474e+01 3.366997852870561303e-01
1.350407329630994354e+03 3.010646897927018273e+01 3.363568217299833796e-01
1.350428162683752362e+03 3.018717552588542929e+01 3.366024511280616971e-01
1.350448995736103370e+03 3.003242527663800843e+01 3.364058490047376893e-01
1.350469828788162886e+03 2.981298440194819221e+01 3.362989477246053904e-01
1.350490661839814948e+03 3.020507963291574782e+01 3.367979872509759831e-01
1.350511494891118446e+03 2.967751085904902197e+01 3.363473742710750281e-01
1.350532327942071561e+03 2.985299988465978771e+01 3.361615830853314502e-01
1.350553160992676112e+03 3.042240315482905544e+01 3.361863833378920807e-01
1.350573994042872982e+03 3.007705269551139082e+01 3.358480977704923487e-01
1.350594827092721061e+03 2.958964592774167102e+01 3.355348969032449502e-01
1.350615660142218985e+03 3.054822179203367938e+01 3.365997617562052069e-01
1.350636493191310365e+03 3.033828462541875837e+01 3.359687591026176423e-01
1.350657326240052498e+03 3.067656389690191077e+01 3.358855540012609664e-01
1.350678159288385814e+03 2.942492877883336888e+01 3.346967405936668860e-01
1.350698992336313040e+03 3.061333142683530895e+01 3.358261012410061475e-01
1.350719825383891020e+03 3.029132087753269786e+01 3.361931094538293530e-01
1.350740658431060638e+03 3.014127153874688503e+01 3.353615414396129424e-01
1.350761491477881009e+03 3.003679112670150175e+01 3.369479176193876935e-01
1.350782324524237083e+03 3.051560085003229972e+01 3.360571869842896020e-01
1.350803157570243002e+03 2.987717928798558376e+01 3.353308478541214277e-01
1.350823990615841467e+03 2.982102570304559919e+01 3.352762412085444343e-01
1.350844823661032478e+03 3.044953866292743072e+01 3.358702037739993984e-01
1.350865656705816491e+03 3.009869234375846503e+01 3.358148972102512619e-01
1.350886489750133933e+03 3.019020450373552222e+01 3.353887778390578500e-01
1.350907322794102583e+03 3.000003163489162006e+01 3.355613643195746176e-01
1.350928155837605573e+03 2.996364005665620311e+01 3.348853579297291772e-01
1.350948988880701563e+03 3.010227359883677423e+01 3.356145925879512881e-01
1.350969821923389190e+03 3.088326371205064191e+01 3.375186636850515676e-01
1.350990654965612066e+03 2.985881241026211796e+01 3.355834448074302423e-01
1.351011488007427033e+03 3.008308958537070765e+01 3.351676125367651360e-01
1.351032321048776566e+03 3.010442522744072491e+01 3.350725460677586587e-01
1.351053154089718191e+03 2.995410746051410200e+01 3.353793364339394123e-01
1.351073987130193927e+03 3.055763109111004638e+01 3.358715125635073906e-01
1.351094820170204912e+03 2.997790288746715959e+01 3.355857759958650322e-01
1.351115653209807988e+03 2.961283631631842894e+01 3.344501237170993679e-01
1.351136486248887650e+03 3.043041442855204437e+01 3.356081878813031993e-01
1.351157319287559403e+03 2.988881077573281786e+01 3.360272664632480422e-01
1.351178152325706833e+03 3.036250771321527964e+01 3.357330520745136493e-01
1.351198985363447491e+03 2.988578202348581669e+01 3.379557442069547890e-01
1.351219818400664508e+03 2.993148425641060584e+01 3.355737979555061257e-01
1.351240651437415636e+03 2.891281095418994340e+01 3.345495205290401342e-01
1.351261484473699966e+03 3.017756443172360292e+01 3.364644685821647219e-01
1.351282317509519999e+03 2.994024862234329021e+01 3.354526725047081714e-01
1.351303150544787059e+03 2.969024913395152154e+01 3.348034079561405529e-01
1.351323983579587548e+03 2.963040980092615229e+01 3.348844012577944507e-01
1.351344816613865532e+03 3.014509520479771254e+01 3.357509716187462301e-01
1.351365649647647388e+03 2.943209756100671370e+01 3.352810411725481443e-01
1.351386482680934932e+03 3.028732336032604877e+01 3.361722879764078020e-01
1.351407315713669504e+03 2.949234377702181575e+01 3.347094623365862165e-01
1.351428148745909311e+03 2.921958701361583621e+01 3.348633982829781752e-01
1.351448981777626159e+03 3.030740440400832014e+01 3.358395123071080679e-01
1.351469814808788897e+03 2.958284166320149211e+01 3.354050164341755846e-01
1.351490647839428675e+03 3.052200779632676131e+01 3.359994941995707585e-01
1.351511480869515026e+03 2.991097028563185489e+01 3.358018734413356632e-01
1.351532313899047949e+03 3.008753918744267963e+01 3.358336110602966884e-01
1.351553146928027445e+03 2.951883166187057128e+01 3.352853410819490731e-01
1.351573979956454878e+03 3.040168534537311018e+01 3.357331741303719586e-01
1.351594812984300461e+03 2.965537539985346882e+01 3.361678110240950423e-01
1.351615646011592162e+03 3.029631098420130542e+01 3.370873047288623359e-01
1.351636479038303150e+03 2.896816816124295002e+01 3.347219498764256174e-01
1.351657312064402049e+03 2.996761859682821694e+01 3.354786911279009631e-01
1.351678145089947975e+03 2.955382182519076650e+01 3.356279677076924317e-01
1.351698978114882493e+03 2.973132003397552126e+01 3.359698900975705005e-01
1.351719811139235389e+03 2.933542031675700201e+01 3.355537928977218032e-01
1.351740644162948456e+03 2.925257709154440988e+01 3.352857188491320528e-01
1.351761477186048978e+03 2.978706434491142829e+01 3.356620413303064709e-01
1.351782310208539911e+03 2.969593885306395720e+01 3.357515929603991367e-01
1.351803143230418982e+03 2.951705568600117857e+01 3.363874549239714296e-01
1.351823976251657086e+03 3.063317705160346094e+01 3.369393048989041128e-01
1.351844809272226030e+03 2.993260568570347502e+01 3.359117830768157953e-01
1.351865642292184930e+03 2.964303040164296021e+01 3.360987320712041093e-01
1.351886475311473987e+03 3.023701084107724668e+01 3.364034570559426562e-01
1.351907308330092974e+03 3.017243147539150527e+01 3.362707547692152521e-01
1.351928141348043027e+03 2.931155237927372070e+01 3.359761881174805342e-01
1.351948974365323920e+03 3.004208663581767169e+01 3.359120159685244911e-01
1.351969807381934515e+03 2.975844172362123885e+01 3.354747268329113519e-01
1.351990640397847528e+03 2.968255800866931793e+01 3.358597110907218797e-01
1.352011473413061594e+03 3.052792724256557833e+01 3.369018110176205671e-01
1.352032306427577169e+03 2.945750191999976408e+01 3.364729273832510748e-01
1.352053139441394023e+03 2.980931275241314182e+01 3.367710418102697889e-01
1.352073972454484192e+03 2.971389991895230054e+01 3.359173502534594791e-01
1.352094805466846083e+03 2.973871332788041144e+01 3.361113674985592437e-01
1.352115638478451501e+03 2.937044559930949816e+01 3.362718515138262143e-01
1.352136471489358428e+03 2.898183814395483182e+01 3.357058214128603169e-01
1.352157304499508427e+03 2.991176127414293973e+01 3.369652308432673493e-01
1.352219803525390034e+03 2.998206437416201808e+01 3.365992858568901402e-01
1.352240636532484132e+03 2.987178198010462893e+01 3.370871831633210358e-01
1.352261469538791971e+03 2.976543952549346272e+01 3.363335736372788376e-01
1.352282302544314916e+03 2.915573121944552071e+01 3.368754710333933255e-01
1.352303135549023409e+03 2.961437795802773820e+01 3.364851501966075742e-01
1.352323968552944962e+03 2.930345210523503852e+01 3.374993258045668187e-01
1.352344801556080483e+03 2.978792425474404837e+01 3.367923461425514353e-01
1.352365634558373131e+03 2.898964699318546678e+01 3.362126332653879168e-01
1.352386467559850189e+03 2.893147083153338173e+01 3.363121737819040336e-01
1.352407300560513022e+03 2.933579389281638328e+01 3.363486258254284600e-01
1.352428133560360038e+03 2.963487924967240161e+01 3.366543086403266938e-01
1.352448966559364180e+03 2.893007838364935225e+01 3.362585020054028595e-01
1.352469799557522947e+03 2.986352687286228758e+01 3.373470564729213472e-01
1.352490632554838157e+03 3.009741298346445149e+01 3.370457599153341421e-01
1.352511465551308902e+03 2.905662674660094069e+01 3.367844263093184853e-01
1.352532298546937000e+03 2.918634715696906312e+01 3.368750508154439993e-01
1.352553131541691073e+03 2.972550830086178308e+01 3.373528097755158495e-01
1.352573964535631148e+03 2.994088060108908067e+01 3.369446450326596398e-01
1.352594797528696972e+03 2.923004949732504087e+01 3.370477604613226208e-01
1.352615630520889454e+03 2.938966203369923846e+01 3.382383552824947404e-01
1.352636463512268165e+03 2.953057647964234178e+01 3.374251759555999541e-01
1.352657296502773988e+03 2.844465403247563273e+01 3.364709566344594727e-01
1.352678129492434437e+03 2.943375902939618527e+01 3.374953852443971503e-01
1.352698962481250874e+03 2.951685172185896278e+01 3.386693921377650907e-01
1.352719795469253995e+03 2.917512498560724055e+01 3.371304245760950447e-01
1.352740628456383547e+03 2.918686214290639214e+01 3.372102403087579026e-01
1.352761461442726159e+03 2.865938990628995953e+01 3.368180068927268955e-01
1.352782294428224986e+03 2.860664463525517220e+01 3.368883427187492896e-01
1.352803127412938920e+03 2.940843897535157936e+01 3.375636928115617330e-01
1.352823960396866823e+03 2.941715096943029550e+01 3.379313604242675795e-01
1.352844793380008014e+03 2.860337732683343148e+01 3.367828113483964936e-01
1.352865626362422518e+03 2.903197365351954318e+01 3.378325395877461168e-01
1.352886459344050991e+03 2.938176219908524800e+01 3.376120593215454213e-01
1.352907292325010076e+03 2.847653163196353177e+01 3.374575115762515898e-01
1.352928125305242020e+03 2.874111631680428047e+01 3.378809999186540569e-01
1.352948958284803894e+03 2.899055227242019583e+01 3.381963680629519464e-01
1.352969791263753905e+03 2.898517559096039520e+01 3.377759110311758795e-01
1.352990624242093872e+03 2.896188400890963521e+01 3.380079561826382362e-01
1.353011457219851991e+03 2.886192928686248393e+01 3.382556465097727449e-01
1.353032290197057137e+03 2.874349496491820588e+01 3.400412457005477229e-01
1.353053123173795484e+03 2.908351095108902484e+01 3.385529173913343626e-01
1.353073956150068625e+03 2.891635768415197560e+01 3.379219128890944002e-01
1.353094789125936131e+03 2.956722570692713248e+01 3.391123387848285486e-01
1.353115622101451436e+03 2.947511928237344137e+01 3.391098341006055783e-01
1.353136455076647962e+03 2.925273521491817519e+01 3.388886458668766699e-01
1.353157288051612340e+03 2.954415353493930496e+01 3.388405165496476412e-01
