1.383885482629283160e+03 8.313831367924323956e+01 5.020281665088740519e-01
1.383906315709958562e+03 8.403513328618851119e+01 5.030025096132986206e-01
1.383927148791100080e+03 8.272266411675613540e+01 5.022513249685033321e-01
1.383947981872590844e+03 8.358144518834207304e+01 5.025917176860963398e-01
1.383968814954489062e+03 8.344324563154400209e+01 5.024002102792961555e-01
1.383989648036852032e+03 8.386453989662243202e+01 5.024657248199477788e-01
1.384010481119566066e+03 8.351130937661095288e+01 5.023317208043782678e-01
1.384031314202685962e+03 8.253786660320621138e+01 5.014273416820812512e-01
1.384052147286156014e+03 8.314800423647780292e+01 5.020699569165472109e-01
1.384072980370032838e+03 8.283335442167553708e+01 5.031220892117098664e-01
1.384093813454259816e+03 8.279917039139189683e+01 5.028283470790819720e-01
1.384114646538836041e+03 8.254190931593714708e+01 5.013114895289070283e-01
1.384135479623761512e+03 8.181374969081834081e+01 5.008587317551115303e-01
1.384156312709035547e+03 8.237543718426134376e+01 5.017458714199843905e-01
1.384177145794599937e+03 8.251274062309411761e+01 5.015458410235705822e-01
1.384197978880572009e+03 8.305771235064786140e+01 5.023310088682069185e-01
1.384218811966835801e+03 8.327239807577643660e+01 5.023565192846649596e-01
1.384239645053391541e+03 8.350108926136888954e+01 5.023173039002413187e-01
1.384260478140236955e+03 8.345113683422489714e+01 5.021982151258038707e-01
1.384343810490705891e+03 8.503956146709340658e+01 5.031952388378225782e-01
1.384364643579066069e+03 8.528241071742634460e+01 5.037518641813633069e-01
1.384385476667657485e+03 8.642295728409258970e+01 5.042556615841661261e-01
1.384406309756540395e+03 8.470033812424891551e+01 5.030649836504149652e-01
1.384427142845656817e+03 8.655586333184020020e+01 5.053065456872338768e-01
1.384447975935063369e+03 8.580234634580068587e+01 5.045930189383841524e-01
1.384468809024760958e+03 8.537238213647395924e+01 5.043771303172071008e-01
1.384489642114634080e+03 8.568462511660352732e+01 5.036987054707089406e-01
1.384510475204797331e+03 8.595823028472315741e+01 5.041642822125168566e-01
1.384531308295193867e+03 8.707413667353685582e+01 5.045648750637692359e-01
1.384552141385823461e+03 8.600945219276503906e+01 5.039689076820136338e-01
1.384572974476628133e+03 8.641230968256918743e+01 5.039635854822968053e-01
1.384593807567723161e+03 8.595086158284436806e+01 5.040168640800770650e-01
1.384614640659051020e+03 8.603726612827138354e+01 5.041443609657585423e-01
1.384635473750553501e+03 8.544355934709894029e+01 5.040171597280580507e-01
1.384656306842288814e+03 8.478890202056135195e+01 5.033502098384687873e-01
1.384677139934256957e+03 8.499794470007273617e+01 5.031153660201342914e-01
1.384697973026400177e+03 8.490088703674278747e+01 5.032894588394346558e-01
1.384718806118776001e+03 8.646292363835956962e+01 5.041521640404644788e-01
1.384739639211326903e+03 8.449456416513832835e+01 5.035027359525411361e-01
1.384760472304109499e+03 8.290164209168399623e+01 5.034143279394441839e-01
1.384781305397067172e+03 8.591859728016559927e+01 5.049012289617446081e-01
1.384802138490198558e+03 8.564027080201638853e+01 5.035325964175343394e-01
1.384822971583505023e+03 8.496136389655379162e+01 5.030556826495080625e-01
1.384843804676987020e+03 8.574259745964967294e+01 5.034577791473555664e-01
1.384864637770700938e+03 8.488142147106168522e+01 5.029940073308540871e-01
1.384885470864589934e+03 8.501641776997797706e+01 5.032345634723276451e-01
1.384906303958595799e+03 8.479376907686275899e+01 5.031597611165193884e-01
1.384927137052775834e+03 8.457320250119377647e+01 5.037436999360088707e-01
1.384947970147189153e+03 8.426720771455835290e+01 5.025873296681357960e-01
1.384968803241718888e+03 8.369591065931749085e+01 5.019381034770497019e-01
1.384989636336422336e+03 8.521703750127853993e+01 5.034224383269546577e-01
1.385010469431242655e+03 8.468772793404652077e+01 5.039240811763834316e-01
1.385031302526295804e+03 8.418595376612361747e+01 5.024167305954798657e-01
1.385052135621465823e+03 8.324032977581305204e+01 5.019449611845994141e-01
1.385072968716751802e+03 8.359238845508339466e+01 5.026017981228008136e-01
1.385093801812212860e+03 8.294743793068340665e+01 5.019400034573556768e-01
1.385114634907848085e+03 8.345130312864910138e+01 5.020465392827837547e-01
1.385135468003598817e+03 8.201687617173109857e+01 5.012887796065130797e-01
1.385156301099468010e+03 8.263699825839486834e+01 5.021595215139803559e-01
1.385197967291670011e+03 8.207082176627926628e+01 5.009997624608008016e-01
1.385218800387945976e+03 8.259731559814863999e+01 5.016726292713121760e-01
1.385239633484396109e+03 8.311610438033358150e+01 5.014723616559301211e-01
1.385260466580962202e+03 8.160746199189539141e+01 5.007271247929534486e-01
1.385281299677645620e+03 8.161497843221107473e+01 5.012639283031157245e-01
1.385302132774444999e+03 8.200914351420863113e+01 5.011022755795958572e-01
1.385322965871360793e+03 8.323441751194215499e+01 5.017654424304777150e-01
1.385343798968451665e+03 8.148958587684515464e+01 5.009195693168929653e-01
1.385364632065599835e+03 8.228824191052051162e+01 5.036132907183196172e-01
1.385385465162864875e+03 8.216003377376173944e+01 5.012367271987222539e-01
1.385406298260304993e+03 8.172000185438329822e+01 5.006796866276201907e-01
1.385427131357802864e+03 8.214131546629786840e+01 5.012440701559631728e-01
1.385447964455418060e+03 8.211199933471625911e+01 5.010171617263979860e-01
1.385468797553148534e+03 8.242849058140103580e+01 5.014522740349692809e-01
1.385489630650994968e+03 8.208627569696763260e+01 5.010394378527941450e-01
1.385510463748901202e+03 8.205620028412486988e+01 5.013975044360327038e-01
1.385531296846981149e+03 8.085215890752085954e+01 5.004412075327971943e-01
1.385552129945120214e+03 8.144261054290619484e+01 5.006514715846828167e-01
1.385572963043374784e+03 8.169032806714736239e+01 5.008008622779065444e-01
1.385593796141687108e+03 8.172105674217746696e+01 5.007456643349650349e-01
1.385614629240115846e+03 8.122310803110529775e+01 5.006585254944874164e-01
1.385635462338661910e+03 8.293857921843165570e+01 5.017803206393901538e-01
1.385656295437323934e+03 8.210353275600428447e+01 5.012435350453042782e-01
1.385677128536045075e+03 8.105341244856521143e+01 5.004346865358967333e-01
1.385697961634823514e+03 8.217990736865924362e+01 5.013499810922340538e-01
1.385718794733717914e+03 8.112314102755000533e+01 5.005407985022509720e-01
1.385739627832729184e+03 8.199930416771007913e+01 5.012778107022354268e-01
1.385760460931799116e+03 8.062254056994659379e+01 4.999951421978525712e-01
1.385781294030927484e+03 8.187510307496307860e+01 5.014149493362987098e-01
1.385802127130173176e+03 8.200256265134702005e+01 5.011679003253888265e-01
1.385822960229474575e+03 8.101003018129587474e+01 5.005191551548203721e-01
1.385843793328892843e+03 8.238205564261454583e+01 5.013344956525727092e-01
1.385968791926860831e+03 8.407478193020988044e+01 5.035515949194843133e-01
1.385989625026746126e+03 8.289443075985737153e+01 5.019608137083650945e-01
1.386010458126746926e+03 8.299001495025052577e+01 5.016919952263422244e-01
1.386031291226806843e+03 8.390150282258163372e+01 5.027744090539375543e-01
1.386052124326924059e+03 8.372674787796162832e+01 5.025795022977330717e-01
1.386072957427099482e+03 8.329252597994873497e+01 5.021335559540514026e-01
1.386093790527333113e+03 8.445087528593256820e+01 5.031335213928778138e-01
1.386114623627683159e+03 8.350585608961343098e+01 5.023555107579121826e-01
1.386135456728033205e+03 8.317948351247000005e+01 5.029971475634076317e-01
1.386156289828501031e+03 8.344182256442766743e+01 5.027900279673757078e-01
1.386177122928968402e+03 8.273758162895448720e+01 5.040780299538306641e-01
1.386197956029551051e+03 8.364634175242831304e+01 5.026643812513803544e-01
1.386218789130133473e+03 8.304017898167582246e+01 5.021879188806464001e-01
1.386239622230832992e+03 8.390924676752787548e+01 5.031362165065587089e-01
1.386260455331533194e+03 8.268724158937465063e+01 5.030923524772350497e-01
1.386281288432348902e+03 8.380453960836810268e+01 5.026109889330044878e-01
1.386302121533165064e+03 8.287788466903739959e+01 5.023591592421665641e-01
1.386322954634038524e+03 8.275547356807881272e+01 5.019652962600548163e-01
1.386343787734970192e+03 8.294449232509943215e+01 5.025866773919249741e-01
1.386364620835960977e+03 8.255680110091904567e+01 5.015528229347352429e-01
1.386385453937009970e+03 8.268029097251239534e+01 5.016973712254634288e-01
1.386406287038117625e+03 8.276213099422894004e+01 5.017341997256128394e-01
1.386427120139224371e+03 8.221876229049739493e+01 5.018626328176146734e-01
1.386447953240388870e+03 8.347187331203616623e+01 5.026246858931183725e-01
1.386468786341612940e+03 8.322704326478027781e+01 5.039228096540179225e-01
1.386489619442894991e+03 8.262084610426109066e+01 5.032591694177944719e-01
1.386510452544234795e+03 8.329243076900132792e+01 5.034380075368093399e-01
1.386531285645574826e+03 8.180946788366794920e+01 5.016921140335751650e-01
1.386552118746971928e+03 8.226262455785730765e+01 5.012177896020105772e-01
1.386572951848428147e+03 8.322290101880295765e+01 5.019079997043645047e-01
1.386593784949884139e+03 8.334538119725738170e+01 5.024813533283933875e-01
1.386614618051399020e+03 8.334309997132071146e+01 5.020961038329286863e-01
1.386635451152973019e+03 8.367788441753791062e+01 5.029580710095972185e-01
1.386656284254604088e+03 8.333324058364748055e+01 5.021784235971420429e-01
1.386677117356234021e+03 8.299307555911853740e+01 5.018742718340958309e-01
1.386697950457863953e+03 8.357635664370259576e+01 5.023352508063235744e-01
1.386718783559553003e+03 8.328303334271822678e+01 5.029418943831099886e-01
1.386739616661301170e+03 8.285625452633514954e+01 5.019583794582258562e-01
1.386760449763105953e+03 8.272570688885760148e+01 5.015778678845137506e-01
1.386781282864912555e+03 8.338720198262353733e+01 5.032641437587715982e-01
1.386802115966718475e+03 8.318573835912243908e+01 5.020983296709781163e-01
1.386822949068580783e+03 8.302285792499058914e+01 5.028887982088611208e-01
1.386843782170502891e+03 8.222655636105024257e+01 5.023275678291542201e-01
1.386864615272424999e+03 8.321098682006490321e+01 5.021499960187824074e-01
1.386885448374405541e+03 8.251221361143031174e+01 5.024162560517849707e-01
1.386906281476384947e+03 8.240456963518025191e+01 5.013998225327045422e-01
1.386927114578422788e+03 8.322089643999808573e+01 5.022447681353878757e-01
1.386947947680461994e+03 8.239213880086177255e+01 5.013579762663658013e-01
1.386968780782501199e+03 8.320683223211212010e+01 5.020008583973388783e-01
1.386989613884597929e+03 8.164279688536213087e+01 5.009792989615200476e-01
1.387010446986694205e+03 8.340680011197900967e+01 5.022443527675110042e-01
1.387031280088848462e+03 8.314767081638130719e+01 5.021983931570047632e-01
1.387052113191003173e+03 8.240113572769007533e+01 5.017889028786300942e-01
1.387072946293215864e+03 8.341209583077305467e+01 5.025184209018793702e-01
1.387093779395429465e+03 8.311661507467773902e+01 5.021016535707621964e-01
1.387114612497643066e+03 8.374876470686000118e+01 5.024679193647014763e-01
1.387135445599913965e+03 8.208695874106589940e+01 5.014062418214031425e-01
1.387156278702126656e+03 8.257528823562704190e+01 5.017943372310375016e-01
1.387177111804454853e+03 8.315874495164172231e+01 5.029274357124954298e-01
1.387197944906727116e+03 8.272088465279487934e+01 5.017701940022295526e-01
1.387218778009057132e+03 8.284550174497269381e+01 5.020524160539937553e-01
1.387239611111387148e+03 8.361813727937068563e+01 5.024656061956339625e-01
1.387260444213774917e+03 8.304358424738383349e+01 5.020384066677423540e-01
1.387281277316161550e+03 8.383525435785800539e+01 5.031559407452572685e-01
1.387302110418549091e+03 8.344061941114243552e+01 5.026634919199537421e-01
1.387322943520935951e+03 8.275696125669831815e+01 5.021470878876718169e-01
1.387343776623324629e+03 8.326923053918741857e+01 5.022311794937824869e-01
1.387364609725771061e+03 8.367141033805586403e+01 5.045911584788640436e-01
1.387385442828217037e+03 8.388371397350557856e+01 5.027695780583655294e-01
1.387406275930662559e+03 8.264991278107335404e+01 5.020506352214975099e-01
1.387427109033108081e+03 8.317599314034397651e+01 5.022201421605745342e-01
1.387447942135611811e+03 8.247730181933356164e+01 5.018838619433136916e-01
1.387468775238058015e+03 8.402129677252433737e+01 5.039114840923206717e-01
1.387489608340562881e+03 8.308037102122681006e+01 5.025095842405862268e-01
1.387510441443066611e+03 8.354341814393497145e+01 5.026235000238850059e-01
1.387531274545569886e+03 8.307971967368442279e+01 5.032520927408427047e-01
1.387552107648131823e+03 8.291585938472540818e+01 5.024280601931017110e-01
1.387572940750636917e+03 8.335119413518236797e+01 5.022293399550925574e-01
1.387593773853142011e+03 8.296928797552146762e+01 5.018415512586942295e-01
1.387614606955703948e+03 8.285628667987568008e+01 5.015627757039010648e-01
1.387635440058265431e+03 8.292927254152678529e+01 5.019728660412368093e-01
1.387656273160769160e+03 8.379402553300283785e+01 5.027865900698202939e-01
1.387677106263331098e+03 8.342236847293449387e+01 5.025125792338018815e-01
1.387697939365893944e+03 8.362067060527347451e+01 5.029163840302834920e-01
1.387718772468456791e+03 8.316252900219231492e+01 5.021954853061539881e-01
1.387781271776143512e+03 8.408561155006860588e+01 5.029705142143999774e-01
1.387802104878705904e+03 8.364288257950911998e+01 5.024825395330958511e-01
1.387822937981268524e+03 8.347980179483504060e+01 5.026221955644968320e-01
1.387843771083831143e+03 8.287971546147576873e+01 5.020412857472551504e-01
1.387864604186393080e+03 8.393725476430272181e+01 5.028749010188844348e-01
1.387885437288955472e+03 8.400010122432135518e+01 5.031084354114280233e-01
1.387906270391460112e+03 8.370068380228778437e+01 5.025701626621749130e-01
1.387927103494022049e+03 8.326213398929994014e+01 5.025082794854844881e-01
1.387947936596583986e+03 8.278425998412656384e+01 5.019645838041836283e-01
1.387968769699146378e+03 8.185093902347129813e+01 5.014528089228784680e-01
1.387989602801650562e+03 8.317690146992315192e+01 5.026597270661516959e-01
1.388010435904212954e+03 8.235537480046342296e+01 5.019668399109733503e-01
1.388031269006717139e+03 8.309484397691760194e+01 5.031962456815576301e-01
1.388052102109279076e+03 8.206295940214285167e+01 5.027317287135335544e-01
1.388072935211783943e+03 8.281265017960556918e+01 5.019496219972915396e-01
1.388093768314288809e+03 8.275245069675673903e+01 5.019753002211256865e-01
1.388114601416792084e+03 8.266216717780865508e+01 5.022706389432808338e-01
1.388135434519237151e+03 8.167456676840807006e+01 5.011621023817475207e-01
1.388156267621742018e+03 8.210307272882299401e+01 5.014369997727876616e-01
1.388177100724246884e+03 8.310821051054610109e+01 5.025172940879424344e-01
1.388197933826692861e+03 8.244833986693198824e+01 5.017082715551505201e-01
1.388218766929138837e+03 8.273265553055712473e+01 5.021479781336780635e-01
1.388239600031584814e+03 8.285347159362424918e+01 5.034837060108291462e-01
1.388260433133972128e+03 8.214569912231192461e+01 5.018504293752538148e-01
1.388281266236418105e+03 8.348449964867046447e+01 5.027743497781995696e-01
1.388302099338805874e+03 8.266881459839255797e+01 5.025570868807960334e-01
1.388322932441194098e+03 8.270690591780565626e+01 5.027986226084224519e-01
1.388343765543581867e+03 8.285245225037266437e+01 5.025009550019104987e-01
1.388364598645969636e+03 8.273969946016468668e+01 5.021501740670788472e-01
1.388385431748297833e+03 8.293918965827248257e+01 5.030048499375977533e-01
1.388406264850628531e+03 8.236490880546774918e+01 5.018671162462314816e-01
1.388427097952957865e+03 8.317767384732060520e+01 5.025194291016811254e-01
1.388447931055230129e+03 8.320725446259258717e+01 5.024406351541398363e-01
1.388468764157500573e+03 8.211410039416004736e+01 5.022435813691141782e-01
1.388489597259771472e+03 8.153963334415364272e+01 5.016037136745021829e-01
1.388510430361985073e+03 8.257568976682175332e+01 5.021923697329867542e-01
1.388531263464256881e+03 8.368093120930254258e+01 5.028609738120771722e-01
1.388552096566470027e+03 8.293870902920284038e+01 5.026599049338951186e-01
1.388572929668624965e+03 8.265207184535555029e+01 5.017593544134115735e-01
1.388593762770779904e+03 8.307195413679275475e+01 5.027153373142870807e-01
1.388614595872933933e+03 8.288239367569751437e+01 5.023242157598255542e-01
1.388635428975031573e+03 8.212385339606512957e+01 5.019294050378776406e-01
1.388656262077129213e+03 8.239663612932554315e+01 5.018087691599426581e-01
1.388677095179225034e+03 8.290788674661193625e+01 5.022967457471656516e-01
1.388697928281264012e+03 8.134554519652105853e+01 5.012518886521067918e-01
1.388718761383302081e+03 8.310916500995914191e+01 5.024696097507472814e-01
1.388739594485341058e+03 8.237704315772568009e+01 5.022742880440380642e-01
1.388760427587263166e+03 8.222732596799666283e+01 5.016086153120239421e-01
1.388781260689243481e+03 8.128819715440437221e+01 5.010482707021282067e-01
1.388802093791166044e+03 8.170172453049158889e+01 5.021306774035906306e-01
1.388822926893088152e+03 8.200083447416116655e+01 5.021974436565375122e-01
1.388843759994951597e+03 8.256966736052629585e+01 5.023053191629198722e-01
1.388864593096815497e+03 8.283446355892037616e+01 5.028821311613840273e-01
1.388885426221787839e+03 8.089979184148356239e+01 5.010764039251618396e-01
1.388906259323593986e+03 8.228085134074530060e+01 5.018631078847957117e-01
1.388927092425341471e+03 8.267665290214733886e+01 5.024550485195425908e-01
1.388947925527089865e+03 8.257848438984326833e+01 5.028990504738488632e-01
1.388968758628778460e+03 8.248921716877660515e+01 5.024119554791133258e-01
1.388989591730467509e+03 8.139149509850953734e+01 5.022596024772083556e-01
1.389010424832099034e+03 8.186430503259693126e+01 5.033221741043497621e-01
1.389031257933671895e+03 8.107679784544379231e+01 5.011810718147450272e-01
1.389052091035245212e+03 8.165661296075954567e+01 5.017958814078692376e-01
1.389072924136817619e+03 8.173328367665845917e+01 5.023893842837541257e-01
1.389093757238331818e+03 8.300474393363606396e+01 5.030571933333269907e-01
1.389114590339787810e+03 8.222452164626882620e+01 5.024973075471931283e-01
1.389156256542586107e+03 8.140020203104212726e+01 5.014863571410698162e-01
1.389177089643983891e+03 8.222286298886930922e+01 5.021954853061539881e-01
1.389197922745323922e+03 8.227628510244116455e+01 5.028943391988411893e-01
1.389218755846606200e+03 8.263813956018928764e+01 5.034206031412187254e-01
1.389239588947828906e+03 8.259309929289373997e+01 5.024585776550540839e-01
1.389260422049053432e+03 8.236732187800694760e+01 5.021758123627028114e-01
1.389281255150219522e+03 8.223149656340035563e+01 5.023269745441765188e-01
1.389302088251385157e+03 8.296848332208956833e+01 5.029876379310310730e-01
1.389322921352434150e+03 8.459717237978914284e+01 5.042273511173681610e-01
1.389343754453483143e+03 8.238351103833684874e+01 5.030421159130803455e-01
1.389364587554531454e+03 8.339152306075848742e+01 5.031413993769072723e-01
1.389385420655464486e+03 8.243999154287827480e+01 5.025655669047719432e-01
1.389427086857272116e+03 8.199481343483714113e+01 5.024904573777563277e-01
1.389447919958146031e+03 8.136707568506042776e+01 5.022532237639196762e-01
1.389468753058903985e+03 8.290148798311719247e+01 5.029051839544239622e-01
1.389489586159661940e+03 8.273703840661546849e+01 5.028590476786466423e-01
1.389510419260362596e+03 8.204198415406526124e+01 5.023574684844651639e-01
1.389531252361005045e+03 8.289637990793499966e+01 5.029898301986777120e-01
1.389552085461646129e+03 8.332982289414975696e+01 5.035930813682253371e-01
1.389572918562170798e+03 8.249015568003201793e+01 5.029674034420592577e-01
1.389593751662695922e+03 8.301322664165492426e+01 5.036157465577232317e-01
1.389614584763163521e+03 8.242016791144833121e+01 5.031570661289530566e-01
1.389635417863572911e+03 8.224818988059961100e+01 5.028934502740789458e-01
1.389656250963922957e+03 8.243921750719442798e+01 5.046719197327829143e-01
1.389677084064273913e+03 8.193339247141483384e+01 5.027538399533105773e-01
1.389697917164507999e+03 8.263101243462016043e+01 5.039476185458989788e-01
1.389718750264742084e+03 8.198667544071871305e+01 5.031274499300429914e-01
1.389739583364859982e+03 8.239652496045434305e+01 5.038414551232471839e-01
1.389760416464977880e+03 8.192770628723313564e+01 5.027531878931316145e-01
1.389781249565038024e+03 8.322683359538198999e+01 5.035424212775089226e-01
1.389802082665039507e+03 8.158761243883981251e+01 5.025799173886184024e-01
1.389822915764982099e+03 8.312781425055902673e+01 5.036759848446958898e-01
1.389843748864808958e+03 8.313865598704202853e+01 5.038218464506755145e-01
1.389864581964635818e+03 8.229389737531717230e+01 5.036272267083853338e-01
1.389885415064404924e+03 8.200853095087511235e+01 5.036176993853279660e-01
1.389906248164115823e+03 8.246137059493537436e+01 5.035133308494513793e-01
1.389927081263766922e+03 8.302054752673757321e+01 5.035334842139648215e-01
1.389947914363360951e+03 8.257901148141377234e+01 5.034354324345722276e-01
1.389989580562374158e+03 8.201858891919199834e+01 5.034958698667749699e-01
1.390010413661794018e+03 8.190813803302522444e+01 5.027619609955921165e-01
1.390052079860399317e+03 8.184461713688544648e+01 5.028884426352270287e-01
1.390072912959586120e+03 8.215387786291817918e+01 5.030437747476482757e-01
1.390093746058772922e+03 8.188724745777814462e+01 5.025964910945610598e-01
1.390114579157843309e+03 8.087380261414705274e+01 5.021002290449776417e-01
1.390135412256855034e+03 8.232250656876122719e+01 5.030438339916387669e-01
1.390156245355809006e+03 8.165764861637100580e+01 5.027449185111276808e-01
1.390177078454703860e+03 8.241858827851737601e+01 5.034570688035376884e-01
1.390197911553540962e+03 8.102308150297197642e+01 5.023064761178537285e-01
1.390218744652262558e+03 8.179945308447909724e+01 5.031228000284752033e-01
1.390281243948076508e+03 8.037201802897141079e+01 5.018854058447000943e-01
1.390302077046564136e+03 8.092159397531349896e+01 5.021560792998056577e-01
1.390322910144936031e+03 8.166509618861745423e+01 5.031358611077787479e-01
1.390343743243248809e+03 8.202003399663219341e+01 5.029719362753477530e-01
1.390364576341504517e+03 8.084255717717206835e+01 5.026147245045986534e-01
1.390385409439702016e+03 8.196721501789151887e+01 5.029092432699960868e-01
1.390406242537782418e+03 8.189822046076633910e+01 5.030738697963834660e-01
1.390427075635805068e+03 8.163431063315317715e+01 5.034710091177988511e-01
1.390447908733710392e+03 8.164951090353287100e+01 5.028108326734326283e-01
1.390468741831558873e+03 8.247079911003471864e+01 5.035980820003462810e-01
1.390489574929348009e+03 8.192489215634604705e+01 5.028858647188606534e-01
1.390510408027080530e+03 8.190959636934539390e+01 5.034586670757184024e-01
1.390531241124694589e+03 8.178985211832456059e+01 5.033074006869538985e-01
1.390552074222192914e+03 8.211616595205371993e+01 5.031021859345387037e-01
1.390572907319692149e+03 8.219362583904631947e+01 5.032238442606628004e-01
1.390593740417016534e+03 8.158281349503796775e+01 5.029477606924044331e-01
1.390614573514340009e+03 8.181274820162198580e+01 5.029018653655259463e-01
1.390635406611548206e+03 8.180171266141236686e+01 5.029102506863042388e-01
1.390656239708638623e+03 8.144551917829573995e+01 5.029449460575952102e-01
1.390677072805670832e+03 8.146416732815643513e+01 5.029749877675613323e-01
1.390697905902587536e+03 8.208165192323087922e+01 5.032287301175021321e-01
1.390718738999446032e+03 8.169048564853355288e+01 5.031316259196638718e-01
1.390739572096188567e+03 8.150713002787820471e+01 5.029309319045587312e-01
1.390760405192871985e+03 8.207623375800555721e+01 5.040539369843162198e-01
1.390781238289438988e+03 8.119979412825561838e+01 5.034402570406283361e-01
1.390802071385947784e+03 8.134313757529254474e+01 5.030056201685298989e-01
1.390822904482341528e+03 8.145800947248521595e+01 5.039034407189889597e-01
1.390843737578617947e+03 8.145291258973541915e+01 5.037584901382938796e-01
1.390864570674835932e+03 8.051768177387636172e+01 5.035223866460752928e-01
1.390885403770937501e+03 8.270736106756217509e+01 5.038200127198005918e-01
1.390906236866922427e+03 8.294738703975855287e+01 5.042621036187089345e-01
1.390927069962850055e+03 8.151636510318456885e+01 5.032861131766513951e-01
1.390947903058659904e+03 8.215739184504023740e+01 5.033238616214270600e-01
1.390968736154354019e+03 8.163176310632334776e+01 5.028745454354238698e-01
1.390989569249990836e+03 8.186524741875426514e+01 5.042011078454284867e-01
1.391010402345451439e+03 8.118462461841124878e+01 5.030216466291873578e-01
1.391031235440853834e+03 8.138260345483665503e+01 5.031745980972699428e-01
1.391052068536141633e+03 8.168366178637194253e+01 5.029895931972306888e-01
1.391072901631369859e+03 8.196671560589108196e+01 5.032122068469538911e-01
1.391093734726424373e+03 8.183715678011770933e+01 5.031900861354066112e-01
1.391114567821419541e+03 8.155267649995123236e+01 5.036649200020796302e-01
1.391135400916298522e+03 8.184193977369164941e+01 5.033095619554552869e-01
1.391156234011061542e+03 8.123005558937352077e+01 5.029190210489041801e-01
1.391177067105708375e+03 8.187195193631229984e+01 5.045247680682432012e-01
1.391197900200239019e+03 8.134187292122825852e+01 5.041940739435848418e-01
1.391218733294652338e+03 8.091473899260350322e+01 5.030168772552613410e-01
1.391239566388949470e+03 8.155238437551842878e+01 5.037602649333875471e-01
1.391260399483129504e+03 8.180738019926197069e+01 5.032595543387918813e-01
1.391281232577252922e+03 8.182127621843511633e+01 5.035797954239148444e-01
1.391302065671200580e+03 8.251773390636235206e+01 5.037816803012645783e-01
1.391322898765033187e+03 8.183482058466873355e+01 5.044298630458776689e-01
1.391343731858748015e+03 8.124399876504061524e+01 5.037890748991709078e-01
1.391364564952346427e+03 8.129227612781302525e+01 5.040577505494554522e-01
1.391385398045828424e+03 8.198557773071378563e+01 5.047844029039225688e-01
1.391406231139194460e+03 8.138132958402029260e+01 5.046564476451691483e-01
1.391427064232385874e+03 8.108378496664967372e+01 5.047639747525345388e-01
1.391447897325519079e+03 8.177194225345284906e+01 5.059223798597743960e-01
1.391468730418478117e+03 8.128404393551262785e+01 5.057575609412268136e-01
1.391489563511319375e+03 8.156951472853786811e+01 5.056496262653742413e-01
1.391510396604045127e+03 8.163922817936042975e+01 5.062288680199020785e-01
1.391531229696595801e+03 8.146345817015317436e+01 5.066460343706680192e-01
1.391572895881408385e+03 8.178362441623109191e+01 5.061082264689704679e-01
1.391593728973552061e+03 8.146836230313066096e+01 5.063187564265059226e-01
1.391614562065637074e+03 8.147701075164312101e+01 5.060950065519462804e-01
1.391635395157547009e+03 8.060950652409324846e+01 5.053395137041967189e-01
1.391656228249283686e+03 8.210477778096631596e+01 5.062691049149803391e-01
1.391677061340903947e+03 8.140931316733467327e+01 5.059605206441210035e-01
1.391697894432407338e+03 8.226138633578452186e+01 5.064136311323593764e-01
1.391718727523735652e+03 8.222937992428379061e+01 5.063946223020134862e-01
1.391739560614947550e+03 8.203380864504440240e+01 5.063742296829334411e-01
1.391760393705984825e+03 8.207609554864814072e+01 5.073237487967025006e-01
1.391781226796906594e+03 8.138352170211068426e+01 5.059942117329816469e-01
1.391802059887652831e+03 8.167515189880909077e+01 5.064619739055878922e-01
1.391843726068681008e+03 8.247172015747298701e+01 5.071896180809672972e-01
1.391864559159019791e+03 8.139105068896694206e+01 5.060198319510400555e-01
1.391885392249126653e+03 8.141043465023952308e+01 5.065577042839185529e-01
1.391906225339117100e+03 8.202840089858686667e+01 5.063151659055377118e-01
1.391927058428932014e+03 8.219356667135785699e+01 5.065894142922133803e-01
1.391947891518630968e+03 8.182420317816773547e+01 5.059081830960900916e-01
1.391968724608097091e+03 8.160558473226861054e+01 5.062293978608062295e-01
1.391989557697445889e+03 8.253138689617237844e+01 5.069881203386377155e-01
1.392010390786621429e+03 8.192468404101614965e+01 5.072277810864651570e-01
1.392031223875622345e+03 8.223593559639556361e+01 5.064234000988639961e-01
1.392052056964506846e+03 8.124437229391486426e+01 5.063903849422647374e-01
1.392072890053158062e+03 8.234410699569973247e+01 5.061205627838559762e-01
1.392093723141633973e+03 8.221630569561610002e+01 5.063224352125648142e-01
1.392114556229993468e+03 8.166476717490849069e+01 5.060170344041117207e-01
1.392135389318120815e+03 8.202896134122035221e+01 5.066317402362822131e-01
1.392156222406132656e+03 8.171850078337666901e+01 5.062761982861833099e-01
1.392177055493910984e+03 8.229772534641408299e+01 5.063765544241289884e-01
1.392197888581514007e+03 8.131266421551001145e+01 5.054250494861139975e-01
1.392218721668942635e+03 8.127705430396225950e+01 5.057738537464141482e-01
1.392239554756196867e+03 8.197920188315511325e+01 5.065284340080210557e-01
1.392302054016795864e+03 8.100105935060376794e+01 5.052679721461489359e-01
1.392343720189558098e+03 8.224297644847094091e+01 5.059680306528060445e-01
1.392364553275705930e+03 8.162856121464389503e+01 5.060263398687923075e-01
1.392385386361564088e+03 8.123550595015433373e+01 5.055063849799609210e-01
1.392406219447304920e+03 8.117728800162284131e+01 5.067459349937354363e-01
1.392427052532754942e+03 8.202991329574958002e+01 5.063012744698408563e-01
1.392447885618087639e+03 8.123294805083682490e+01 5.056950954139824983e-01
1.392468718703129525e+03 8.178855950522152796e+01 5.058318907587805446e-01
1.392489551788056360e+03 8.119978347485303516e+01 5.052265642422706371e-01
1.392510384872690793e+03 8.217081454801295592e+01 5.058445873087424882e-01
1.392531217957151512e+03 8.167311517737164195e+01 5.054790879007532434e-01
1.392552051041378945e+03 8.137211499133813675e+01 5.054675318896372227e-01
1.392572884125431528e+03 8.120041207213523649e+01 5.062277789007465501e-01
1.392593717209193528e+03 8.198908064608944812e+01 5.052797096668258936e-01
1.392614550292781132e+03 8.175242592564708843e+01 5.056056266251274245e-01
1.392635383376134996e+03 8.114025651540180206e+01 5.049958683543632754e-01
1.392656216459256939e+03 8.201378778573098316e+01 5.053661991195641523e-01
1.392677049542145141e+03 8.172195700023409870e+01 5.064938664286198211e-01
1.392697882624800968e+03 8.122815947882166654e+01 5.047932292626987616e-01
1.392718715707223964e+03 8.213109165187026406e+01 5.054846889335334881e-01
1.392781214953096878e+03 8.175044139352669958e+01 5.054465417243068082e-01
1.392802048034529889e+03 8.186803470826738760e+01 5.051170705839845843e-01
1.392822881115787823e+03 8.174183816556093518e+01 5.049881963483469072e-01
1.392843714196756537e+03 8.137994272039057364e+01 5.048674354203745995e-01
1.392864547277433530e+03 8.135304256966647074e+01 5.046805118513961741e-01
1.392885380357878148e+03 8.203953842581682920e+01 5.069696327234237687e-01
1.392906213438089026e+03 8.142622721856301382e+01 5.049616680138504510e-01
1.392927046518067527e+03 8.192436389983046752e+01 5.054284989192439070e-01
1.392947879597696101e+03 8.230818660278106336e+01 5.055887684141945337e-01
1.392968712677150506e+03 8.194556016893537276e+01 5.054031730458655725e-01
1.392989545756256575e+03 8.217541170981813536e+01 5.052906801682770510e-01
1.393010378835128904e+03 8.152285317005348020e+01 5.067165579617561866e-01
1.393031211913710649e+03 8.155540104775290899e+01 5.048751092614558456e-01
1.393052044992000901e+03 8.251599979831475196e+01 5.050539947669765439e-01
1.393072878070057868e+03 8.148872565836603599e+01 5.044195532708556362e-01
1.393093711147766044e+03 8.139112167935525122e+01 5.044909788465032907e-01
1.393114544225242525e+03 8.046513680191050355e+01 5.048037675558254556e-01
1.393135377302427059e+03 8.075131203722800421e+01 5.039625801715947873e-01
1.393156210379262120e+03 8.256108138058608859e+01 5.053114998736183416e-01
1.393177043455806142e+03 8.125793867285628380e+01 5.039253231253640886e-01
1.393197876532116879e+03 8.196988633743309549e+01 5.054007258919113177e-01
1.393218709608078370e+03 8.141772251953426576e+01 5.042500468997810348e-01
1.393239542683692434e+03 8.197236217318658191e+01 5.047661002634677985e-01
1.393260375759071849e+03 8.170772352805974492e+01 5.042801586072412912e-01
1.393281208834043809e+03 8.196235962625432592e+01 5.043881499929111500e-01
1.393302041908783394e+03 8.285625679094300722e+01 5.050078777605248037e-01
1.393322874983174188e+03 8.147698788759500133e+01 5.044449580670056221e-01
1.393343708057215508e+03 8.187224920890855628e+01 5.049729995307936647e-01
1.393364541130908492e+03 8.184698856860613603e+01 5.052180403992707625e-01
1.393385374204308846e+03 8.296024232141776622e+01 5.062820848258294815e-01
1.393406207277359954e+03 8.225537750887237110e+01 5.054758746486691656e-01
1.393427040350062498e+03 8.156675124118586950e+01 5.056398423495520600e-01
1.393447873422415796e+03 8.210009364378917951e+01 5.066728568430933777e-01
1.393468706494478056e+03 8.073985047677103921e+01 5.074372298785788660e-01
1.397239488591364079e+03 8.230604859441548626e+01 5.017895561918679359e-01
1.397260321698599910e+03 8.116724582646924091e+01 5.004975704168443951e-01
1.397281154806710219e+03 8.072930946006925979e+01 5.007661671383067947e-01
1.397301987915693189e+03 8.103563960068439087e+01 5.014216953275006938e-01
1.397322821025549047e+03 8.112404853827477780e+01 5.015955441721899888e-01
1.397343654136161149e+03 8.117167732907324762e+01 5.002281741214152921e-01
1.397364487247588841e+03 8.105076504245121782e+01 5.002924242822743839e-01
1.397385320359831439e+03 8.061649518298071371e+01 4.999534466052118487e-01
1.397406153472830511e+03 8.123006732631078819e+01 5.009807861625986680e-01
1.397426986586586509e+03 8.062184946370631167e+01 5.011580586480162136e-01
1.397447819701039862e+03 8.086418504482054459e+01 5.003572618140694761e-01
1.397468652816251961e+03 8.056748507818716121e+01 4.999268299446812391e-01
1.397489485932161642e+03 7.996430659428382626e+01 4.999410773367592986e-01
1.397510319048768906e+03 8.046698763097872131e+01 5.000580515540282711e-01
1.397531152166076026e+03 8.093186746854684088e+01 5.001344797961201349e-01
1.397551985284023431e+03 8.040005259134655091e+01 4.997305591107060185e-01
1.397572818402611119e+03 8.116361870236333687e+01 5.005751222773501263e-01
1.397593651521837955e+03 8.074553993437760369e+01 4.999233127435611657e-01
1.397614484641705985e+03 8.026241180134421427e+01 4.994416248292979366e-01
1.397635317762214072e+03 8.049818604280008572e+01 5.000932129757698075e-01
1.397656150883304008e+03 8.088031657606956060e+01 5.006012877374196313e-01
1.397676984004976021e+03 7.987083999590940664e+01 4.993717597884950732e-01
1.397697817127230792e+03 8.094672084631349662e+01 5.001917411798847413e-01
1.397718650250066503e+03 8.125376844772949880e+01 5.008505501012074923e-01
1.397739483373426538e+03 8.060354347765448324e+01 5.001542628259816325e-01
1.397760316497310669e+03 8.068104071948933154e+01 5.013370518233664086e-01
1.397781149621775967e+03 8.076457107915436495e+01 4.999874828679185534e-01
1.397801982746766953e+03 8.076198524946205737e+01 4.999652194800889848e-01
1.397822815872222009e+03 8.004282430854006236e+01 4.997441710208022081e-01
1.397843648998201388e+03 8.030451081980753258e+01 4.995740029442330976e-01
1.397864482124704864e+03 8.044903498368202577e+01 4.999030287406864836e-01
1.397885315251674001e+03 8.071019876059608578e+01 5.000809961518731805e-01
1.397906148379108799e+03 8.024033264087560724e+01 5.006816509068507948e-01
1.397926981507009941e+03 8.075420734761469532e+01 5.001913241071374028e-01
1.397947814635376517e+03 8.135857354955595611e+01 5.003003470036677669e-01
1.397968647764149864e+03 8.050055266070350513e+01 4.998212733317414225e-01
1.397989480893447080e+03 8.081871337698589741e+01 5.000609122366598269e-01
1.398010314023093088e+03 8.053563989043456672e+01 4.996989357064978154e-01
1.398031147153205893e+03 8.097674687139786442e+01 4.998939371864629666e-01
1.398051980283725470e+03 8.092782337341947141e+01 5.001527731672410493e-01
1.398072813414652046e+03 8.012199186032823661e+01 4.992517893190367984e-01
1.398093646546045875e+03 8.123101311024677784e+01 5.000648456485574656e-01
1.398114479677729378e+03 8.024299893651060245e+01 5.001069193009901603e-01
1.398135312809878542e+03 8.022084541042809747e+01 5.002269229932597705e-01
1.398156145942376952e+03 8.061722875826121992e+01 4.999439983000431020e-01
1.398176979075225518e+03 7.959030658894802457e+01 4.991020842387713374e-01
1.398197812208481992e+03 8.020283785901612816e+01 4.999706438506646422e-01
1.398218645342086347e+03 8.072792600959918730e+01 5.009940815440864226e-01
1.398239478476039949e+03 8.024382450788628773e+01 4.998289352086541792e-01
1.398260311610344161e+03 8.051553670740626956e+01 5.009407491691623138e-01
1.398281144744996482e+03 8.064295122764110602e+01 5.002465236415299943e-01
1.398301977879998049e+03 8.110392202368863934e+01 5.006846270728194659e-01
1.398322811015289972e+03 8.059306028358727758e+01 5.000823072399530611e-01
1.398343644150932050e+03 8.069858408052785137e+01 4.999648618272137246e-01
1.398364477286923830e+03 8.020694071852166473e+01 4.996470159051584758e-01
1.398385310423147985e+03 8.002039210260714697e+01 4.997468844131057741e-01
1.398406143559780048e+03 8.090488212339431584e+01 5.002313317166549034e-01
1.398426976696644942e+03 8.001109545555149793e+01 5.000603758599130311e-01
1.398447809833858628e+03 8.125702419347355487e+01 5.008934799814104277e-01
1.398468642971304462e+03 8.086687458255157424e+01 5.000650244392722543e-01
1.398489476109099996e+03 8.023612998769142735e+01 5.017002225607335442e-01
1.398510309247186342e+03 8.074230912633535695e+01 5.007059061440712888e-01
1.398551975524116642e+03 8.005799834755558209e+01 4.996133143528418974e-01
1.398572808663018350e+03 8.106277724951297614e+01 5.011210985990518507e-01
1.398593641802153797e+03 8.021866772837628901e+01 4.997629855588501258e-01
1.398614474941579374e+03 8.059509093608160413e+01 5.001330496672471426e-01
1.398635308081237781e+03 8.062714442832034933e+01 5.004004126848947687e-01
1.398656141221187454e+03 8.100069176877786958e+01 5.000995894433624134e-01
1.398676974361369503e+03 8.045733847741536238e+01 5.008362988285278705e-01
1.398739473783371977e+03 8.037619894338389770e+01 4.995579404504735255e-01
1.398760306924543784e+03 8.028241879012847448e+01 4.996692785599211595e-01
1.398781140065889986e+03 7.996001353570444792e+01 4.995153880054475359e-01
1.398801973207526999e+03 7.995572188270922709e+01 4.994714297456807617e-01
1.398822806349339999e+03 8.144676930801151116e+01 5.003104140400811417e-01
1.398843639491384010e+03 8.073858665907287957e+01 5.011792284217179150e-01
1.398864472633662444e+03 7.967325706032549704e+01 4.992205534709895920e-01
1.398885305776173482e+03 7.976799218852778495e+01 4.991842559454952588e-01
1.398906138918857778e+03 7.934280515669345846e+01 4.990147927686965357e-01
1.398926972061777178e+03 8.095237679014391574e+01 4.998768565407436526e-01
1.398947805204926908e+03 8.015433911655962618e+01 5.001779180121578294e-01
1.398968638348252171e+03 8.011797452605522096e+01 4.995769260537545886e-01
1.398989471491753648e+03 8.132515040276457796e+01 5.002064576670560703e-01
1.399010304635486591e+03 8.018598762965599747e+01 4.995019488530521579e-01
1.399031137779394157e+03 8.127544610379030132e+01 5.004816119982473666e-01
1.399051970923534100e+03 8.146149545436222184e+01 5.003889776198273687e-01
1.399072804067790912e+03 8.017400799857152549e+01 4.994015390364764939e-01
1.399093637212280555e+03 8.044118229310367951e+01 4.991178180704270440e-01
1.399114470356944821e+03 8.055721459194488432e+01 4.995313623766493571e-01
1.399135303501784620e+03 8.046592441655117511e+01 4.994269007232498558e-01
1.399156136646856794e+03 8.098681276257318018e+01 4.996093475604254652e-01
1.399176969792044474e+03 8.081830232542981207e+01 4.996658191903816104e-01
1.399197802937406777e+03 8.049224891660777814e+01 5.000454166766443720e-01
1.399218636082945068e+03 8.099133951806534526e+01 4.997364034811620503e-01
1.399239469228657072e+03 8.042235239898847965e+01 4.990457876914938806e-01
1.399260302374544153e+03 8.095323691801567634e+01 4.996230671596862405e-01
1.399281135520604948e+03 8.051125067886002284e+01 4.993033771691385292e-01
1.399301968666782159e+03 7.993731097842442068e+01 4.988619698056039886e-01
1.399322801813134902e+03 8.109466629181740416e+01 5.007526871603875662e-01
1.399343634959661813e+03 8.086844034861229602e+01 4.993917968226367909e-01
1.399364468106363802e+03 8.056785059442329100e+01 4.993635090113395791e-01
1.399385301253240414e+03 8.039248143571339256e+01 4.990755863898438949e-01
1.399406134400232531e+03 8.066908985174801217e+01 4.995597003403494107e-01
1.399426967547341064e+03 8.094276128940461490e+01 4.997066889186370098e-01
1.399447800694625130e+03 8.148120708495464726e+01 5.014563153961535402e-01
1.399468633842083818e+03 7.981942896570073742e+01 4.988072742713717256e-01
1.399489466989658922e+03 8.158676660585247475e+01 4.999323441508660149e-01
1.399510300137349532e+03 8.052446698945379921e+01 4.996202337950551020e-01
1.399531133285215219e+03 8.087717073536330759e+01 4.994527981520009430e-01
1.399551966433256439e+03 8.053604846876483236e+01 5.000789103228435728e-01
1.399572799581354957e+03 7.954596695593511413e+01 4.987885879943345091e-01
1.399593632729628098e+03 7.976134109959508578e+01 4.989769721747498998e-01
1.399614465878017654e+03 8.021654436809446054e+01 5.005215368619877481e-01
1.399635299026580924e+03 8.048793790613065369e+01 4.991489409349408879e-01
1.399656132175262883e+03 8.045725436422512189e+01 4.992903799805351595e-01
1.399676965324059893e+03 7.940375018070226076e+01 4.984139828530229077e-01
1.399697798472972863e+03 7.995409591400995453e+01 4.990040426348524294e-01
1.399718631622003613e+03 7.946744200040734540e+01 4.988949007343728703e-01
1.399739464771149869e+03 7.990902971287185608e+01 4.986485904239922884e-01
1.399760297920471203e+03 7.998851569650986448e+01 4.991778677854886159e-01
1.399781131069851199e+03 8.023725600508629441e+01 4.990813787158460135e-01
1.399801964219403999e+03 8.008095179413540166e+01 4.992178969159545843e-01
1.399822797369074124e+03 7.985719597107038226e+01 4.989126870122082003e-01
1.399843630518802911e+03 7.994463041684825555e+01 4.993269980590643864e-01
1.399864463668705866e+03 7.870512134059545417e+01 4.981321074913241942e-01
1.399885296818667484e+03 8.015414756443239241e+01 4.991195198023816171e-01
1.399906129968803043e+03 8.003493956121907615e+01 4.990561935513632141e-01
1.399926963118997492e+03 7.997017424087722759e+01 4.997333918498199079e-01
1.399947796269309038e+03 8.008629782585288126e+01 4.994469057098980813e-01
1.399968629419734953e+03 8.025470030777259467e+01 4.994818565712562664e-01
1.399989462570278192e+03 8.126323166285324362e+01 5.000207419861518732e-01
1.400010295720937847e+03 7.909551131446052352e+01 4.996779268789892647e-01
1.400031128871656620e+03 7.996202386459138722e+01 4.993661349515887693e-01
1.400051962022490898e+03 7.993895243669976480e+01 4.996016077507101083e-01
1.400072795173441591e+03 8.009917748765660406e+01 4.995300200121750023e-01
1.400093628324508927e+03 8.001880244873181880e+01 4.992558037225215961e-01
1.400114461475634926e+03 7.980353802303426392e+01 4.994659104509063252e-01
1.400135294626876657e+03 8.015128570451034307e+01 4.996147161441342188e-01
1.400156127778234804e+03 8.036691369514399241e+01 4.997091937768485814e-01
1.400176960929651159e+03 7.951600329618845819e+01 4.992289260042039323e-01
1.400197794081183929e+03 7.990688554200464466e+01 4.998085728412691164e-01
1.400218627232775816e+03 7.984106312382003523e+01 4.994947891125833261e-01
1.400239460384483209e+03 7.927863241684353568e+01 4.991457167858452393e-01
1.400260293536307472e+03 7.942729538504003983e+01 4.996057088208887831e-01
1.400281126688189943e+03 8.060130256135157367e+01 4.997886717758140973e-01
1.400301959840187919e+03 7.952249447271096017e+01 4.992736517576397137e-01
1.400322792992245013e+03 7.975002002652533406e+01 4.997273088955200837e-01
1.400343626144418522e+03 7.965780947386653565e+01 4.990996659018839821e-01
1.400364459296648874e+03 8.066176035046858317e+01 5.005056387519836170e-01
1.400385292448938799e+03 7.978661804627840581e+01 4.990193913663404923e-01
1.400406125601346048e+03 8.033842190622252133e+01 4.991559712989471764e-01
1.400426958753867893e+03 7.923459811949936693e+01 4.983002261367030505e-01
1.400447791906391103e+03 8.014164182293356475e+01 4.993421130517295414e-01
1.400468625059029819e+03 8.032066742383256042e+01 4.992252546432894844e-01
1.400489458211784950e+03 7.983943259814493842e+01 4.988535911135626999e-01
1.400510291364599198e+03 7.987780542943717421e+01 4.993185674843289568e-01
1.400531124517470516e+03 8.009223693268074840e+01 5.006644780836682074e-01
1.400551957670400498e+03 7.968245060552229120e+01 4.986059603724652400e-01
1.400572790823447122e+03 8.008372079889849715e+01 4.988069307250331264e-01
1.400593623976551044e+03 7.929026871222258421e+01 4.985067600453815251e-01
1.400614457129772518e+03 7.995839635603037721e+01 4.986837765222024155e-01
1.400635290282993992e+03 8.072826471799537273e+01 4.991732258702739067e-01
1.400676956589727524e+03 8.051302322675029188e+01 4.998406215807124631e-01
1.400739456050321223e+03 7.987926397923654065e+01 4.988128606003677801e-01
1.400760289204008131e+03 7.942118864342073437e+01 4.982138858594329922e-01
1.400781122357752793e+03 7.971495541097539217e+01 4.998476869333285943e-01
1.400801955511556116e+03 8.009790049682345625e+01 4.990637029538976810e-01
1.400822788665416965e+03 8.007385523217698164e+01 4.990407862325720312e-01
1.400843621819337841e+03 7.996021723250946422e+01 4.986711964698991029e-01
1.400864454973314423e+03 8.039452405868642870e+01 4.990000112749530259e-01
1.400885288127409012e+03 8.013923612117909556e+01 4.986198271193557630e-01
1.400906121281502919e+03 8.009062865520556329e+01 4.983404005175752216e-01
1.400926954435654807e+03 8.100389555382488993e+01 4.991812708341719640e-01
1.400947787589924474e+03 8.000888126191104277e+01 4.988057059057264819e-01
1.400968620744251893e+03 7.936705935097411668e+01 4.982424034318564399e-01
1.400989453898578176e+03 8.050873130804434652e+01 4.989491088216246317e-01
1.401010287053022466e+03 8.080612894446113614e+01 4.993041680319225128e-01
1.401031120207465392e+03 8.118076198579710478e+01 4.994627480166861089e-01
1.401051953361967207e+03 8.031226575380836152e+01 4.991153848822026950e-01
1.401072786516585438e+03 7.960547074119988054e+01 4.997936806579226787e-01
1.401093619671204124e+03 7.940535025309696948e+01 4.997894171483547310e-01
1.401114452825937860e+03 7.979005696119276081e+01 4.984550748016668420e-01
1.401135285980672052e+03 7.980973899138332683e+01 4.981101201609873241e-01
1.401156119135464905e+03 8.004929719664514209e+01 4.986613055170918130e-01
1.401176952290315967e+03 7.957450822139048796e+01 4.982442576904834164e-01
1.401197785445224781e+03 8.014732330869958332e+01 4.987218135622758508e-01
1.401218618600134050e+03 7.928266587505470397e+01 4.980151895653957550e-01
1.401239451755160644e+03 7.965198986859256536e+01 4.989270230970535014e-01
1.401260284910185874e+03 7.988571474917219462e+01 4.986728997259594620e-01
1.401281118065327064e+03 8.012690688446645026e+01 4.987840320812383932e-01
1.401301951220470073e+03 8.045366562851852166e+01 4.988871498406229343e-01
1.401322784375669926e+03 7.982948616268593867e+01 4.983688959006699060e-01
1.401343617530869778e+03 7.992313427912679913e+01 4.985171921021951391e-01
1.401364450686186501e+03 8.047484143151035596e+01 4.988680782463993379e-01
1.401385283841503224e+03 7.875745874235263955e+01 4.977042721465164132e-01
1.401406116996878154e+03 7.948604989497253825e+01 4.986469468512798042e-01
1.401426950152310837e+03 7.924818182696701285e+01 4.975823423878011353e-01
1.401447783307743975e+03 8.044017745934914387e+01 4.988161914566007771e-01
1.401468616463234866e+03 7.949951903158361688e+01 4.980144564979600563e-01
1.401489449618784874e+03 7.898852640222825983e+01 4.982422538945697199e-01
1.401510282774392635e+03 7.908759853214868940e+01 4.979156321218216052e-01
1.401531115929999942e+03 8.011005871950648327e+01 4.986464388367999878e-01
1.401551949085665910e+03 7.984046567045430720e+01 4.983884051787428326e-01
1.401572782241390087e+03 7.865605088993686422e+01 4.980112549254916976e-01
1.401593615397113808e+03 7.935223725433137076e+01 4.980806975006408788e-01
1.401614448552954855e+03 7.923292135299146821e+01 4.980888049857093436e-01
1.401635281708736784e+03 7.964027800527246370e+01 4.989718505711436269e-01
1.401656114864636038e+03 7.979660098063541795e+01 4.982680035538271102e-01
1.401676948020476175e+03 7.926822405319103382e+01 4.981900177742331626e-01
1.401697781176433182e+03 7.915589928817098553e+01 4.978879338384325504e-01
1.401718614332390189e+03 7.957342764934503521e+01 4.989226476481679606e-01
1.401739447488405403e+03 7.980139019370096776e+01 4.982163832684303739e-01
1.401760280644421073e+03 7.878484401282160832e+01 4.981099705839878711e-01
1.401781113800494040e+03 7.975242645986631373e+01 4.980339048604126573e-01
1.401801946956567463e+03 7.960845983643811508e+01 4.984696781450418945e-01
1.401822780112699093e+03 7.916031993802954503e+01 4.978924081657605805e-01
1.401843613268888930e+03 7.971838468569531244e+01 4.983117240852832364e-01
1.401864446425078540e+03 7.870231308157568151e+01 4.980412351999536358e-01
1.401885279581325904e+03 8.011215994883707481e+01 4.984781978099966371e-01
1.401906112737574404e+03 7.968666061904211517e+01 4.984217560532788194e-01
1.401926945893822449e+03 7.883910766087960553e+01 4.975964173380403310e-01
1.401947779050128474e+03 8.016002965184576112e+01 4.984605006588271880e-01
1.401968612206494072e+03 7.865378360992495743e+01 4.972122079786768789e-01
1.401989445362858078e+03 7.989211025515237452e+01 4.982613045835506127e-01
1.402010278519222084e+03 7.897234336738901561e+01 4.994374478220420244e-01
1.402031111675644524e+03 7.903207268291036769e+01 4.977560054142788903e-01
1.402051944832124946e+03 7.974571865634747780e+01 4.984680937702383186e-01
1.402072777988606504e+03 7.879892195054817705e+01 4.973823152739006992e-01
1.402093611145086925e+03 7.878449440998653586e+01 4.976932691522120700e-01
1.402114444301567801e+03 7.965301201289986466e+01 4.985284758147304207e-01
1.402135277458107339e+03 7.896854256329694977e+01 4.979349646404996332e-01
1.402156110614705085e+03 7.912804477102615408e+01 4.979448550583536193e-01
1.402176943771301467e+03 7.905212712092510685e+01 4.989668483711034441e-01
1.402197776927899213e+03 7.870555323448971308e+01 4.976342979392333055e-01
1.402218610084496049e+03 7.901235435629972415e+01 4.975819830221571705e-01
1.402239443241152003e+03 7.875606692991190982e+01 4.976449279455395502e-01
1.402260276397807502e+03 7.920266977093406524e+01 4.977643726454183959e-01
1.402281109554520981e+03 7.873565360998097162e+01 4.976021969363419450e-01
1.402301942711234915e+03 7.967713317848868826e+01 4.980851401794672006e-01
1.402322775867947939e+03 7.992759853384772839e+01 4.982552784239628330e-01
1.402343609024720081e+03 7.890830552532275988e+01 4.974587202677984710e-01
1.402364442181433787e+03 7.926610965930679242e+01 4.979265104967409705e-01
1.402385275338264364e+03 7.993555050469959156e+01 4.982709343250021905e-01
1.402406108495035824e+03 8.018457756059378028e+01 4.984534156434708985e-01
1.402426941651865945e+03 7.879664039012779142e+01 4.977787418018502219e-01
1.402447774808637860e+03 7.929864911780860837e+01 4.980728591423742024e-01
1.402468607965527099e+03 7.856564309334115137e+01 4.975097452579830826e-01
1.402489441122356993e+03 7.847788535583617886e+01 4.972837847849596038e-01
1.402510274279245550e+03 7.804225866444647863e+01 4.971402611820323614e-01
1.402531107436076127e+03 7.884784393676193304e+01 4.974964316398278186e-01
1.402551940616538104e+03 7.921779155924680538e+01 4.979430744983834867e-01
1.402572773773485096e+03 7.798911456998300196e+01 4.969956017727495956e-01
1.402593606930372516e+03 7.919136238290566610e+01 4.980303294107550904e-01
1.402614440087318599e+03 7.914511073717034151e+01 4.979671190017883053e-01
1.402635273244266045e+03 7.733116725301402994e+01 4.974599783580745949e-01
1.402656106401212128e+03 7.795873453051255808e+01 4.970818388975860591e-01
1.402739439029056939e+03 7.942242872972876455e+01 4.982334012072194285e-01
1.402760272186061457e+03 7.949501970311287380e+01 4.980641231168153049e-01
1.402781105343007994e+03 7.911864489453628835e+01 4.979108886569711956e-01
1.402801938500012966e+03 7.838839024833042401e+01 4.975692103996829929e-01
1.402822771657018166e+03 7.877173253047163826e+01 4.982021164640878519e-01
1.402843604814022910e+03 7.889666938430212895e+01 4.977045416045499104e-01
1.402864437971028110e+03 7.928815051010523973e+01 4.984108436416313515e-01
1.402885271128032400e+03 7.831149222755988148e+01 4.978685695636133612e-01
1.402906104285037600e+03 7.918743076615324128e+01 4.981221011327539028e-01
1.402926937442101007e+03 7.892577360001997988e+01 4.977351091745015887e-01
1.402947770599105525e+03 7.918631806539670492e+01 4.981727590604217992e-01
1.402968603756110042e+03 7.919148153350258212e+01 4.978444604378312044e-01
1.402989436913114787e+03 7.848010167317409014e+01 4.976487157661549920e-01
1.403010270070178194e+03 7.978838427318834192e+01 4.984771664898802190e-01
1.403031103227182939e+03 7.850923072872036812e+01 4.975037848745555435e-01
1.403051936384187911e+03 7.844062815681861878e+01 4.973122807840609783e-01
1.403072769541192429e+03 7.845591897157289907e+01 4.974507972213977891e-01
1.403093602698255836e+03 7.905831432656415814e+01 4.979550594893267790e-01
1.403114435855261036e+03 7.808600721247512411e+01 4.980927390130134857e-01
1.403135269012264871e+03 7.861175936769527084e+01 4.974733828128742874e-01
1.403156102169270071e+03 7.787539775579003276e+01 4.982923912317183124e-01
1.403176935326274815e+03 7.854679644868781452e+01 4.980143368133783111e-01
1.403197768483279560e+03 7.866615861536428156e+01 4.974993519802761166e-01
1.403218601640226552e+03 7.777423554567403130e+01 4.970228401103381488e-01
1.403239434797230388e+03 7.893559110773132659e+01 4.976566955468595399e-01
1.403260267954236951e+03 7.910791084887100055e+01 4.976395979989295948e-01
1.403281101111183489e+03 7.731517543770060286e+01 4.970269774487459657e-01
1.403301934268129571e+03 7.879092122559589484e+01 4.979498076748699043e-01
1.403322767425076563e+03 7.905318112521351281e+01 4.979469797518349394e-01
1.403343600582022646e+03 7.832839106441758759e+01 4.983314598674494222e-01
1.403364433738970092e+03 7.851357336435442846e+01 4.976863229189870674e-01
1.403385266895916175e+03 7.848980559142428604e+01 4.975898890063710778e-01
1.403406100052804504e+03 7.842845091318980622e+01 4.976615612040050096e-01
1.403426933209693516e+03 7.891250067799772694e+01 4.978763213498076934e-01
1.403447766366581618e+03 7.900874685891557192e+01 4.980795756057814772e-01
1.403468599523469948e+03 7.870658575333541762e+01 4.976399273793075673e-01
1.403489432680358505e+03 7.870743508024024493e+01 4.975727442412875012e-01
1.403510265837188399e+03 7.856445334922500479e+01 4.973901794937780063e-01
1.403531098994019430e+03 7.855321002695167465e+01 4.974835220320495965e-01
1.403551932150849552e+03 7.869502866550323006e+01 4.979440321112595935e-01
1.403572765307679674e+03 7.841542218356819660e+01 4.977759129069700417e-01
1.403593598464452043e+03 7.866658658334557686e+01 4.976591508382574025e-01
1.403635264777995872e+03 7.804418120426838357e+01 4.974440273350808073e-01
1.403656097934710488e+03 7.783855877717334693e+01 4.973320412463482221e-01
1.403676931091423512e+03 7.835911493452154275e+01 4.976944368284513254e-01
1.403697764248137446e+03 7.923028073547754957e+01 4.983815284322459238e-01
1.403718597404793400e+03 7.825039857293280932e+01 4.981044810770358100e-01
1.403739430561448899e+03 7.830429671242286815e+01 4.978074489368383149e-01
1.403760263718104397e+03 7.843718499189770910e+01 4.985179244303613033e-01
1.403781096874701916e+03 7.912796663153855548e+01 4.983797942811917792e-01
1.403801930031299435e+03 7.846827921274129380e+01 4.980081879792925270e-01
1.403822763187838973e+03 7.938916558823858338e+01 4.995421757366808602e-01
1.403843596344378057e+03 7.842895917221348157e+01 4.977470093612839652e-01
1.403864429500917595e+03 7.952367484250807195e+01 4.984382737013214326e-01
1.403885262657398471e+03 7.892408250697387473e+01 4.983218611982991320e-01
1.403906095813879347e+03 7.900424807419638285e+01 4.980262153678829407e-01
1.403926928970302470e+03 7.926487288343855653e+01 4.979805995751008241e-01
1.403947762126725138e+03 7.946852679369402495e+01 4.986467675521107368e-01
1.403968595283148488e+03 7.867655583467126235e+01 4.982614840214283913e-01
1.403989428439454969e+03 7.972720807282377109e+01 4.984356727686188315e-01
1.404010261595819884e+03 7.899529964076455713e+01 4.981758249934633009e-01
1.404031094752126137e+03 7.813501363137027056e+01 4.973444004995374867e-01
1.404051927908374182e+03 7.840676273445104982e+01 4.978122083539761045e-01
1.404072761064622682e+03 7.834549204057680072e+01 4.975130548872934155e-01
1.404093594220812975e+03 7.858380904206035211e+01 4.995373433122994311e-01
1.404114427377002812e+03 7.937681005399527123e+01 4.986615146933509601e-01
1.404135260533133987e+03 7.878839905500608154e+01 4.983417161849912347e-01
1.404156093689207864e+03 7.845176061154347735e+01 4.977760027134038312e-01
1.404176926845282196e+03 7.986968849698774875e+01 4.987397255233604332e-01
1.404197760001355164e+03 7.868221057492846171e+01 4.979286801579461685e-01
1.404218593157313080e+03 7.835181282368941424e+01 4.987259218670849759e-01
1.404239426313270087e+03 7.895817131861889493e+01 4.985446611445469856e-01
1.404260259469226639e+03 7.780527941557960503e+01 4.977467998007072958e-01
1.404281092625125893e+03 7.855071594134246027e+01 4.990737202911181836e-01
1.404301925780966940e+03 7.880636893466689230e+01 4.986564794976043880e-01
1.404322758936749324e+03 7.844418006761281958e+01 4.992781285894336563e-01
1.404343592092531935e+03 7.898750778458945376e+01 4.990590151890268444e-01
1.404364425248255884e+03 7.809230460143780306e+01 4.983682082033702998e-01
1.404385258403923672e+03 7.878447966201554209e+01 4.988529339552941200e-01
1.404406091559530978e+03 7.851748137208383582e+01 4.988487072121037258e-01
1.404426924715138512e+03 7.785538906269874815e+01 4.983182878147375261e-01
1.404447757870689202e+03 7.822946002601651116e+01 4.991043831407508957e-01
1.404468591026180093e+03 7.915323373688616471e+01 4.992142254739291296e-01
1.404489424181671893e+03 7.993145112508638306e+01 4.998342119972177811e-01
1.404510257337046369e+03 7.870216867770524516e+01 5.010237048836121421e-01
1.404531090492421527e+03 7.876625241644308062e+01 4.988389243298935183e-01
1.404551923647739386e+03 7.925072614016667671e+01 5.003597634154387519e-01
1.404572756802997901e+03 7.847141296630076113e+01 4.987832553312467887e-01
1.404593589958256416e+03 7.831945408180770585e+01 4.991285508266204984e-01
1.404635256268482863e+03 7.991414588106191275e+01 4.993303404068135665e-01
1.404656089423567664e+03 7.848055770527138009e+01 4.987053800045997409e-01
1.404676922578593803e+03 7.789652143607017365e+01 4.980964935119957526e-01
1.404739422043263858e+03 7.895037273452621207e+01 4.999456078031313533e-01
1.404760255198057166e+03 7.877108444320957403e+01 4.987601315274785008e-01
1.404781088352791812e+03 7.873291138658112231e+01 4.986589298662769676e-01
1.404801921507410498e+03 7.800408975636742070e+01 4.983689557003902482e-01
1.404822754662029183e+03 7.844588433855481924e+01 4.985409996893321871e-01
1.404843587816589206e+03 7.894658839912905535e+01 4.988528144718795687e-01
1.404864420971091477e+03 7.840835157078501538e+01 4.988152056449656757e-01
1.404885254125477786e+03 7.807818236905595199e+01 4.984433409967456985e-01
1.404906087279863186e+03 7.791780421058396655e+01 4.986270890764725183e-01
1.404926920434132626e+03 7.814288832691971720e+01 4.986075144236321588e-01
1.404947753588402065e+03 7.879131901910082547e+01 4.990937991470371093e-01
1.404968586742555090e+03 7.843604636118995188e+01 4.988883744599768022e-01
1.404989419896649451e+03 7.818091109682265483e+01 4.984098719769554098e-01
1.405010253050685606e+03 7.906745180012403296e+01 4.991090854072740002e-01
1.405031086204663552e+03 7.811031521189553928e+01 4.984270327912959653e-01
1.405051919358526447e+03 7.958849475345446933e+01 4.995463816976293825e-01
1.405072752512329544e+03 7.879313060092212595e+01 4.985169230834148868e-01
1.405093585666074432e+03 7.759100175637968277e+01 4.979342164919739466e-01
1.405114418819762932e+03 7.856116456411805871e+01 4.985566466180234024e-01
1.405135251973391405e+03 7.867845726894522329e+01 4.989209751114941915e-01
1.405156085126903463e+03 7.913648159142599070e+01 4.991076821958697063e-01
1.405176918280358223e+03 7.794884759339403502e+01 4.982359433801590298e-01
1.405197751433695885e+03 7.711786303607711091e+01 4.975330170261652585e-01
1.405218584587034002e+03 7.867321138163298144e+01 4.988068709778196719e-01
1.405239417740197950e+03 7.782816410009129982e+01 4.981409619788106924e-01
1.405260250893361444e+03 7.846376083743648167e+01 4.982257746105727692e-01
1.405281084046408523e+03 7.809675982425649465e+01 4.986821480059976941e-01
1.405301917199396939e+03 7.824862680128703118e+01 4.983569956135284751e-01
1.405322750352269395e+03 7.832105313432589355e+01 4.981705306387112508e-01
1.405343583505082961e+03 7.861045167960517688e+01 4.990556859534766576e-01
1.405364416657780566e+03 7.863091474763412236e+01 4.986267155215879932e-01
1.405385249810420646e+03 7.821246568385114983e+01 4.983253149463437448e-01
1.405406082962943856e+03 7.908013946442353870e+01 4.992870672101593077e-01
1.405426916115408858e+03 7.845888054481712004e+01 4.984178844167662659e-01
1.405447749267757445e+03 7.799021641707666674e+01 4.988127709806103316e-01
1.405468582420047824e+03 7.837054800871129601e+01 4.987080691692757362e-01
1.405489415572220878e+03 7.778450595638216214e+01 4.978697068988725549e-01
1.405510248724278881e+03 7.750088742901945693e+01 4.981102099071654243e-01
1.405531081876279131e+03 7.834261565878318834e+01 4.983382475997656935e-01
1.405551915028161602e+03 7.849333732730057989e+01 4.987056788013909392e-01
1.405572748179985410e+03 7.724308092302312900e+01 4.972744056184137396e-01
1.405593581331635505e+03 7.794347104121786174e+01 4.979650692045152760e-01
1.405614414483228529e+03 7.805762193699293050e+01 4.977244960635015536e-01
1.405635247634761527e+03 7.818264107205023095e+01 4.981787563069222102e-01
1.405656080786119674e+03 7.796754416793528719e+01 4.985419860431792305e-01
1.405676913937421432e+03 7.726353912246864297e+01 4.975360869014459619e-01
1.405697747088605865e+03 7.762757034611456675e+01 4.969855275570257969e-01
1.405718580239673429e+03 7.867311683985604986e+01 4.984153581203564776e-01
1.405739413390625032e+03 7.720065946442795735e+01 4.975110930734817916e-01
1.405760246541517972e+03 7.775772765545843868e+01 4.973525050067106879e-01
1.405781079692237654e+03 7.761168714765388188e+01 4.977509311215147503e-01
1.405801912842839556e+03 7.746238121202043203e+01 4.972801140459585101e-01
1.405822745993383478e+03 7.822549080830692958e+01 4.977786220605938117e-01
1.405843579143811439e+03 7.793950891957234717e+01 4.974104161812714087e-01
1.405864412294065005e+03 7.812996820252891439e+01 4.976637320203077808e-01
1.405885245444258999e+03 7.739420727595410199e+01 4.971397216541204589e-01
1.405906078594278824e+03 7.764923089796505451e+01 4.972804436644455151e-01
1.405926911744182917e+03 7.804555531062023022e+01 4.989158529330519620e-01
1.405947744894029483e+03 7.780362364031466882e+01 4.974185196128422248e-01
1.405968578043700063e+03 7.823118270491735871e+01 4.980742054340565605e-01
1.405989411193254000e+03 7.796950540387766182e+01 4.976096384446219156e-01
1.406010244342693113e+03 7.780634084597954825e+01 4.975116022472754751e-01
1.406031077491957149e+03 7.861093614290938092e+01 4.976528928155410370e-01
1.406051910641162067e+03 7.723007277209349297e+01 4.967508844791058142e-01
