1518.6204172158136 6.2024695169297885 0.7499335577462416
1518.6412512468107 5.803658679707024 0.7455128910170552
1518.662085277343 7.435500976379987 0.745977342721739
1518.6829193069434 6.915041098126192 0.7466382341704848
1518.7037533360776 6.517763249655072 0.7457370804279163
1518.724587364747 7.629491339084872 0.7470482118616188
1518.7454213924855 6.339018051900279 0.7458647930891059
1518.7662554197575 5.1111495694945965 0.7454235402048518
1518.787089446098 5.8666536140177215 0.7455774088377912
1518.8079234719735 5.394330645116572 0.7458343054766864
1518.8287574973829 7.043152964511339 0.745683367443967
1518.8495915218618 6.640143079473791 0.745718137451094
1518.8704255454084 4.583276378964651 0.7462612583199334
1518.8912595684897 7.075307955541762 0.7451659020414492
1518.9120935906385 7.873825834603362 0.745510172671549
1518.932927612323 5.2539169010439295 0.746170599210134
1518.9537616330765 7.558227653010211 0.7461780280801215
1518.9745956533632 8.55473346950593 0.746426413305452
1518.9954296727192 7.949104972008957 0.7459037898436739
1519.0162636916093 7.4115824567358 0.74677868305823
1519.037097709568 9.369780943510449 0.7464016184304773
1519.0579317265965 7.944260839726095 0.7466070197185434
1519.0787657431583 8.281093521273977 0.7463776612471534
1519.0995997587884 8.044696592580635 0.7468401785039309
1519.120433773487 8.51724991705198 0.7462113372653093
1519.141267787721 9.063279504430776 0.7464650213985511
1519.1621018010246 8.543027323491469 0.7462701239500283
1519.1829358138607 9.020522193054166 0.7470543554259874
1519.2037698253 12.960145422497511 0.7499532685026076
1519.22460383674 14.717703365710786 0.749711974787193
1519.2454378467824 11.746932334152904 0.7488194552194793
1519.26627185636 11.544438755680137 0.7495726321440604
1519.2871058650055 12.516078423364448 0.748857979734035
1519.3079398727195 17.116765122732293 0.7510642606922991
1519.328773879968 19.064298858126545 0.7523034802965952
1519.3496078862859 17.653921344518523 0.7535021791103876
1519.3704418916718 16.024530135156542 0.7517383615539868
1519.391275896126 18.507300395732045 0.7511795622798768
1519.4121099001147 15.20551361973337 0.7498150041033925
1519.4329439031735 15.920307255940685 0.7493111307830227
1519.4537779052998 12.410124630674513 0.747964799725915
1519.4746119069605 12.01175874738822 0.7496386690762069
1519.4954459076891 16.75087293905762 0.7507195597221346
1519.5162799074878 15.556889306420883 0.7499093954671537
1519.5371139063548 20.42075182207913 0.752841573227447
1519.5579479042904 20.128854164794934 0.752270757792555
1519.5787819017603 23.96619027360347 0.7552127881850469
1519.5996158982985 30.745219305569275 0.7573774996620402
1519.620449893905 35.14040059426344 0.7597511505866368
1519.641283888582 27.416658078524687 0.7571195993745709
1519.662117882792 27.942808473440895 0.7574443119339879
1519.6829518756044 34.404815535092084 0.7598223824372577
1519.7037858679514 46.13640300254799 0.7671773315501662
1519.724619859834 37.50513761962172 0.7615305350149743
1519.745453850319 35.671723616096756 0.7595784169964103
1519.7662878398723 36.74626715753518 0.7606915712963009
1519.7871218289606 37.110378160401886 0.7606464761603112
1519.8079558171166 33.61746307467497 0.7615810171951197
1519.8287898043416 34.41843511082208 0.7598211665310742
1519.8496237911015 32.14134372317064 0.7582311751823867
1519.8704577764645 30.43415918869483 0.7572457071776445
1519.8912917613616 29.68441853424284 0.7571024763772956
1519.9121257448608 30.363654271696735 0.7572381901038925
1519.9329597278956 29.074139762798858 0.7575234717330152
1519.953793710464 30.071440319949925 0.7579385711569242
1519.9746276916353 33.7625986970843 0.7588439685884213
1519.9954616718755 35.971499559310566 0.7607340781645164
1520.0162956516504 43.59485871160906 0.7636326148046398
1520.0371296304938 44.91146072761751 0.764699532274273
1520.0579636084067 41.89329412258396 0.7654041828209681
1520.0787975853864 42.322057840614754 0.7645030072154944
1520.0996315614348 41.66463235183801 0.7634372594694803
1520.120465536554 29.320595515742735 0.7564355197058883
1520.1412995112064 25.639170779245966 0.7553799313679844
1520.1621334844615 33.23198280213221 0.759984629626196
1520.1829674572505 31.99012044493788 0.7579403012452695
1520.20380142911 32.34573214400454 0.7583579234094305
1520.2246354000376 30.791736859004807 0.7568460574550224
1520.2454693700324 27.131972127372492 0.7573670326590756
1520.2663033395625 27.01344804693404 0.7550425687372309
1520.287137307695 25.759141111994303 0.7554470781060105
1520.3079712753631 28.74903051722801 0.756873975228609
1520.3288052420994 29.691854043510357 0.7566927866761683
1520.3496392074385 29.78378693287698 0.7574231435480852
1520.370473172312 28.12553525021911 0.7556815714519565
1520.3913071362535 28.44820961129376 0.7573383853849063
1520.4121410997304 27.4835293378915 0.7557258586605204
1520.4329750618099 25.326327805131093 0.7575549445038694
1520.453809022958 25.950706068763335 0.7552060006642765
1520.4746429836405 28.299262013772292 0.7574053584988851
1520.4954769433916 27.380431649048734 0.7555008464255598
1520.5163099433917 29.280038512491583 0.0
1520.5371429433917 31.17964537593443 0.0
1520.5579788165915 29.308345950717303 0.7578343260463335
1520.5788127726173 27.95986359647931 0.756513760811554
1520.5996467277118 26.25748274315854 0.7550380295529272
1520.6204806823407 20.890514763449197 0.7529618272465115
1520.641314635573 17.97959864346498 0.7507134858511235
1520.6621485883395 17.36472264822134 0.7505947774604261
1520.682982539708 23.67211711974893 0.753355783898809
1520.703816490612 26.01504031315651 0.755025674939172
1520.7246504405844 23.63558791741584 0.7545022535726515
1520.7454843896248 29.377252079572884 0.7572555068109574
1520.7663183377344 25.184652736395535 0.7550699611484953
1520.7871522849125 30.180612658789183 0.7568439310943792
1520.8079862311595 28.21316472307398 0.758725353890196
1520.8288201764758 30.666014638844025 0.7583912085012514
1520.8496541208604 28.71056295530329 0.759659276741655
1520.8704880647783 28.643237927809157 0.7579299992973222
1520.8913220073 28.604585075206018 0.7574314063713399
1520.9121559493565 26.65752063924261 0.7561769040304368
1520.9329898904812 27.335928550028434 0.7569565018637505
1520.9538238302089 31.28982984098707 0.7590447857777604
1520.9746577694705 40.296529470515615 0.7627713095965006
1520.9954917078012 41.54232451687704 0.763219050329996
1521.0163256452004 41.48350216055265 0.7637007139570479
1521.0371595816691 44.5291624460038 0.7653111963039024
1521.0579935172054 45.10657031691154 0.7660068416140525
1521.0788274522763 42.210351653421675 0.7631252508139607
1521.0996613859506 40.62322474032889 0.761855049654434
1521.1204953186934 34.61245130079804 0.7592011539220331
1521.141329250971 34.87666179882206 0.75943660721653
1521.1621631818505 32.96127463430681 0.7580742138286165
1521.1829971122645 31.831532037954467 0.7586223561543662
1521.2038310412825 32.90106218229258 0.7592349123367902
1521.2246649698343 31.689215936052513 0.7575996335919953
1521.245498897455 33.174581291804486 0.759041958841527
1521.2663328241447 31.577788909501407 0.7574440365126912
1521.287166749902 31.609247858151825 0.7579799742330587
1521.3080006747286 27.59874614256556 0.7562753089894318
1521.3288345986234 25.411734684428012 0.7551808231648659
1521.3496685215875 24.871400355210422 0.7551051277585693
1521.3705024436204 25.687777346101303 0.7554766649622544
1521.3913363647216 28.949744844545343 0.7582864753862237
1521.4121702848915 25.878654230683207 0.7561869145712781
1521.4330042045951 26.269486453272428 0.7553020857573206
1521.4538381229027 26.52187275287672 0.7555066451279693
1521.4746720407445 28.10521611047252 0.7552626272394151
1521.4955059571887 25.4468888352222 0.7544203275448944
1521.5163398731684 24.773653321190004 0.7552546958284893
1521.5371737877495 24.95860238076328 0.7562009842806435
1521.558007701865 25.567269288496878 0.756223329751603
1521.5788416145856 28.15367815517784 0.7568938202412037
1521.59967552684 32.75100800785636 0.757807387501883
1521.6205094381617 27.421101866871226 0.7556654018332057
1521.6413433485525 22.271698611494934 0.753109288348536
1521.6621772580115 24.182877695448678 0.7542986861394377
1521.6830111665404 25.827875560763506 0.7548505571390463
1521.7038450741384 27.298430034864488 0.7562673881990819
1521.7246789808037 25.24410896045873 0.7548138388327864
1521.7455128865377 24.162822756283006 0.7552063952892472
1521.7663467913394 28.098282587944848 0.7564678650716617
1521.787180695212 24.564250664108 0.7559622366848819
1521.808014598153 28.241814395913423 0.7571023582863146
1521.8288485001626 26.129719173134532 0.7554684991057019
1521.8496824012395 23.830276888680707 0.7537524209687431
1521.870516301852 25.23368004480752 0.7547745522153858
1521.891350201067 28.26047545854671 0.7560895229346782
1521.9121840993505 25.400022255366565 0.7544283467340255
1521.9330179971687 25.773541943953184 0.7553609540341386
1521.95385189359 25.234786434061675 0.7548201560879595
1521.9746857895454 24.048133038798255 0.754822209184507
1521.9955196841047 25.35863046691972 0.756499696919342
1522.0163535781967 23.75246511830991 0.7535777191475501
1522.037187470892 21.41429708402469 0.7535037216266746
1522.0580213631215 20.02751091014588 0.7547843444480287
1522.078855253956 22.44961058241391 0.7534738595322624
1522.099689144324 20.3354278780446 0.7521089466696447
1522.1205230332944 20.28123516994376 0.7540655807767332
1522.1413569217984 23.099858906895506 0.7546702649535652
1522.1621908093716 23.250793884757897 0.7542827634513714
1522.1830246955478 20.669380178725124 0.7530630663973241
1522.20385858126 19.018791031501497 0.7515286126695448
1522.2246924660399 17.49118178848294 0.7523774374196539
1522.245526349887 17.731368856985704 0.7504445983444255
1522.2663602323391 15.033475650569551 0.7494376378928151
1522.2871941143244 14.142549230256511 0.749558676575129
1522.3080279953783 15.861262702011938 0.7494479372800752
1522.3288618755012 14.168094597151397 0.7494896503393017
1522.3496957546931 14.533570652423174 0.7503789103525415
1522.3705296324888 13.285709743936364 0.748626962146745
1522.3913635098174 12.283140207493027 0.7487343599599715
1522.4121973862148 11.7598619705487 0.748779456079825
1522.4330312616803 10.841581759672108 0.7482241826292176
1522.4538651362154 12.112393401992428 0.7500809387402185
1522.474699009819 13.156977003483336 0.748919980937817
1522.4955328824915 14.641293351563757 0.7500381062681678
1522.5163667537674 15.054493469493313 0.7499455988545453
1522.5372006245775 15.280342215669583 0.751121993052672
1522.558034494456 13.835606545000052 0.7489591369483114
1522.5788683634037 10.545908011870008 0.74941338008942
1522.5997022314186 13.169266209188828 0.7483167833680222
1522.6205360985025 12.435995208706666 0.7485871119673674
1522.6413699646555 12.36308293095008 0.7484375653037917
1522.662203829412 12.16033716573084 0.7499054213335403
1522.6830376937037 13.78333001956578 0.7499661040593811
1522.7038715570625 11.98457593079302 0.7485795477577091
1522.7247054194895 12.792764899601764 0.7496406966082021
1522.7455392809857 11.966332559729471 0.7489979725951602
1522.7663731415507 12.073269257798415 0.7503466202533768
1522.7872070007195 11.489574275644888 0.7481666648308417
1522.8080408594215 12.314307414763196 0.7490327876774413
1522.8288747171923 11.47670175866035 0.7483050346617046
1522.8497085740319 11.49929067208026 0.7482201597137292
1522.870542429942 12.096470062256508 0.7483013706206448
1522.8913762844536 10.00650937450603 0.7481089832627799
1522.9122101384987 11.939624713532393 0.7493384940805707
1522.9330439916134 11.98043220373743 0.7505381163690305
1522.9538778433312 15.415200067376034 0.750325331063843
1522.9747116945837 13.018568882163752 0.749182573544939
1522.9955455449035 14.33857098172004 0.7503843911908393
1523.0163793938264 12.184158444200767 0.7506577468577011
1523.0372132422845 12.523331366712384 0.7483686347768466
1523.0580470893465 12.04828616015861 0.7491517833579265
1523.0788809359424 11.788326577649244 0.7497391247038494
1523.09971478114 14.847692603436888 0.7498308229375418
1523.1205486258723 17.174939978461495 0.7508534899838104
1523.1413824692077 10.756178830947288 0.7485353155067507
1523.1622163120778 13.153891845828097 0.7511611533032119
1523.1830501535508 14.128854580549868 0.7505891393374331
1523.2038839940924 22.585882901685643 0.7539432496790274
1523.2247178341677 31.636608300690497 0.7579975885312616
1523.245551672848 26.356811432258848 0.7555721239847634
1523.2663855105964 15.520016322649647 0.7516344063793725
1523.2872193474125 15.550159363307392 0.7514384304111625
1523.3080531832975 22.084301426942083 0.7542281575364037
1523.3288870182505 22.2344722588242 0.7539074359153155
1523.349720852273 18.46534817120275 0.7521305023646365
1523.3705546853644 13.660736853001051 0.7494428074871247
1523.3913885175234 14.557605224805474 0.750524575839395
1523.412222348752 12.474706061523328 0.7494208961157357
1523.4330561790484 11.26261057347872 0.748086992985812
1523.4538900084149 11.683983451514056 0.7481090230996517
1523.4747238363839 12.075118775335625 0.7490481853748574
1523.4955576638868 13.658644891490296 0.751474242867328
1523.5163914904597 13.309607304720451 0.7503909045987897
1523.5372253100459 13.848639267336928 0.7501576575830368
1523.55805913429 12.767614060339648 0.7490277744053265
1523.5788929580676 14.022880174881147 0.7508488460918276
1523.5997267804487 14.166125882660422 0.7509394166487777
1523.6205606018975 13.982603621074983 0.7508067322216301
1523.6413936018976 11.53949033619846 0.0
1523.6622266018976 9.096377051321937 0.0
1523.683062061124 9.38776291933554 0.7474999482655585
1523.7038958788476 10.264090462857244 0.7483728560083586
1523.7247296956407 9.363418350629315 0.7480384288340894
1523.7455635110368 10.376197136817431 0.7485971443801581
1523.766397325968 10.260001220591464 0.7478433436701518
1523.7872311399672 9.220454386024752 0.7489383256244414
1523.8080649530343 10.641623342211599 0.7484058285823149
1523.8288987647045 11.336218191469415 0.7482582371363805
1523.84973257591 9.859916954015384 0.7486172486122254
1523.8705663857183 11.062658211592444 0.7488574225754283
1523.8914001945943 11.000653594822127 0.7480824514350339
1523.9122340025397 11.30916822285834 0.7479317280165783
1523.933067809554 10.991875010127451 0.7484919566051665
1523.9539016156375 10.68710811562616 0.7484286855286096
1523.974735420788 8.95774719575624 0.7471476196980233
1523.995569225007 11.948043682566016 0.7493699129137158
1524.0164030282965 11.544222595116803 0.748909475318399
1524.037236830654 12.64871657687626 0.7505266009781315
1524.0580706316143 17.20276676266354 0.7515224263695833
1524.0789044321086 11.732064270919047 0.7491557614894511
1524.0997382312066 10.658055288219115 0.7487086463933371
1524.1205720293724 9.331601649261712 0.7495168878333561
1524.1414058266087 10.719912306809904 0.748216136776611
1524.1622396229136 10.790383640232896 0.7491621264559517
1524.1830734182854 10.794120111815491 0.7493071137031929
1524.2039072127263 10.300415120870264 0.7483470901960787
1524.2247410057712 11.843202049068054 0.7493361077862529
1524.2455747983495 11.3462658562438 0.750138627592008
1524.2664085895303 11.175955946206413 0.749935942139475
1524.2872423802464 11.90044538641721 0.7487093628823864
1524.3080761695646 10.68464929701568 0.7492671008215733
1524.3289099579529 11.906508812707752 0.7492085890732307
1524.3497437454091 10.518367022189311 0.7499131708745792
1524.3705775314684 10.399063365860679 0.7486361978495641
1524.3914113170615 8.572095480352921 0.747987550619123
1524.412245101723 9.98449080866371 0.7482460892151641
1524.4330788849888 9.427871921175502 0.7484442549303119
1524.4539126673235 10.957243271370505 0.7488526867105341
1524.4747464487255 7.567407075213786 0.7485394959843418
1524.4955802291963 7.874887201469593 0.7486215082514861
1524.5164140087363 8.132188894469028 0.7504320092532916
1524.5372477873448 7.953495991801952 0.7492450649823194
1524.5580815645576 8.682219318076873 0.7483942007389601
1524.5789153408375 9.840381874761293 0.7487549381379843
1524.5997491166513 10.415495756735854 0.7509872773079487
1524.6205828910695 8.009918046225424 0.7489870701680981
1524.6414166645563 7.413277774171346 0.7479934075671903
1524.6622504366455 8.657292478491929 0.7477841227049533
1524.6830842082686 8.467031562416384 0.7484006120037021
1524.7039179784956 7.406432133608888 0.7484315127330367
1524.7247517477908 8.386886288939863 0.7479346367918344
1524.7455855161556 8.733765687548713 0.7483106899942116
1524.7664192835873 6.6735002973126685 0.7475682413087874
1524.787253050089 8.814627411312646 0.7491077042468263
1524.8080868151935 9.077947131944894 0.748982414703812
1524.8289205798324 8.417951007544545 0.7485502854900442
1524.8497543430744 10.905737527687023 0.7492403315676699
1524.8705881053845 10.198379200764297 0.7496612101529162
1524.8914218667635 12.163266657207984 0.7500034173251817
1524.912255626746 10.17731953773072 0.7493916269323787
1524.9330893857973 10.186531555417648 0.7497173412469245
1524.9539231443823 9.344811941693273 0.7495202278374886
1524.9747569015703 8.891875053512749 0.7497299820891491
1524.9955906573607 9.163852719039118 0.7494263839603534
1525.016424412687 7.502555943907774 0.749804749504975
1525.0372581666156 9.359936781532435 0.7492687713822365
1525.0580919196125 7.846236469778265 0.7481581403487656
1525.0789256716785 10.508449573939503 0.7491517833579265
1525.0997594228124 8.668631690944231 0.7487403304760497
1525.1205931725508 9.919827980772114 0.7489565504863742
1525.1414269218235 8.085435695466451 0.7489908502246508
1525.1622606696972 7.810801671019144 0.7496354091113061
1525.183094416641 10.85870127756324 0.7503418143510646
1525.2039281621871 9.077921015135846 0.7489350626110853
1525.2247619068028 9.723631140406255 0.7487719734164605
1525.2455956504873 11.069400617549032 0.748896104316904
1525.2664293932398 10.368752158279968 0.7492905281059798
1525.2872631350615 10.576290705995264 0.749851688979693
1525.308096875486 11.765934200155703 0.7501666360750708
1525.3289306149795 15.201345810403172 0.750681210143522
1525.3497643535406 11.814093592673784 0.7515192142322104
1525.3705980911705 12.839666079730389 0.7519451983145516
1525.391431827404 11.684998858608989 0.7514946270469524
1525.4122655627064 11.774563418131132 0.7502501785725548
1525.4330992970777 11.746189940706588 0.7513307844703763
1525.4539330300513 11.150351783081083 0.7499816018073171
1525.4747667625595 12.2570553304187 0.7507618769628132
1525.4956004936691 11.277663784274692 0.7517753093583237
1525.5164342233843 12.085441430324519 0.7510382697618958
1525.5372679526336 11.363599320712083 0.7513808413544876
1525.5581016804845 13.330329284717703 0.7514557221313266
1525.5789354069384 12.220012303742951 0.7518822971031117
1525.599769132928 11.088219493551083 0.7502684112903211
1525.6206028575207 11.681549654159628 0.750161471468888
1525.6414365811806 7.945909191171613 0.7497190903069811
1525.662270303444 9.010031168112013 0.7494917975645542
1525.6831040252412 11.641758920400576 0.7505754409044177
1525.703937745643 9.93385174644117 0.7503619909904774
1525.7247714646471 10.34116073939764 0.7521643800118184
1525.7456051831855 9.023631334903609 0.7512315334646456
1525.7664388998603 9.014154453457927 0.7498434221219686
1525.7872726160704 8.75861017844956 0.7494904853720754
1525.808106330884 9.840423713996737 0.7497479889586094
1525.828940044766 10.046481758170444 0.7507811293269446
1525.8497737577154 11.020824541337632 0.7502783020564113
1525.8706074692675 7.779846655370144 0.748303162816883
1525.8914411798896 9.493335553180028 0.7499707931553667
1525.9122748891148 10.405129665894348 0.750436854291282
1525.9331085974095 9.354005856403584 0.7507344067555061
1525.953942304771 9.101881062791946 0.7495277030309011
1525.9747760112025 9.269221252277504 0.7492325750672488
1525.9956097162365 9.033198728062434 0.7494524705562479
1526.0164434198743 9.504631496030624 0.7497229461749657
1526.037277122579 10.280388321113774 0.7502946672143546
1526.0581108243537 10.171065032394912 0.7526026311064545
1526.0789445251967 8.777296002753456 0.7500899578822339
1526.0997782246436 10.270260066242159 0.7506438908673365
1526.1206119226931 8.077731012912446 0.749821204490214
1526.1414456198104 7.791489528898907 0.7496009003208376
1526.1622793159963 8.076211324927062 0.7496711486839601
1526.1831130112514 8.388027209140493 0.7500230865104183
1526.2039467046443 9.261944983655352 0.7515696947542511
1526.2247803975715 8.691085069669873 0.7498989831923902
1526.2456140891004 8.147248396460622 0.7496191090741465
1526.2664477792327 7.578791591388273 0.7496895147426129
1526.2872814689008 6.9976772883483696 0.7513833798080999
1526.3081151567055 7.569678448810378 0.7500390598934259
1526.3289488435785 5.9333516816887455 0.7498478337737298
1526.3497825295203 6.852216963065381 0.749388564737086
1526.3706162140656 7.443074473983225 0.7514220505019128
1526.3914498976796 6.109171374108236 0.7493571466859693
1526.4122835798967 7.661732655414659 0.7494060230594402
1526.4331172611815 7.970018526137186 0.7492417237515534
1526.4539509410695 4.521623959758324 0.7502480732410963
1526.4747846200266 6.606123913671745 0.7498880541225255
1526.4956182975864 6.237104997999658 0.7489846827541302
1526.5164519742143 6.647736878239801 0.751316266556823
1526.5372856494464 8.338588680194785 0.754241157421742
1526.5581193237465 5.784876372447066 0.7509634664160039
1526.5789529966496 5.475876277782524 0.7501677087195882
1526.599786668622 7.814818117452399 0.7504199759498447
1526.6206203391976 8.125901264637918 0.7498343602693706
1526.6414540083756 6.347007546828182 0.7492179767179029
1526.6622876766223 7.163558218108145 0.7495112416020467
1526.6831213434723 7.142511649871279 0.7498534774705744
1526.7039550093912 6.528984661192005 0.7500993742275641
1526.724788673912 7.097901452956124 0.7499347499438059
1526.7456223370355 5.942735610980521 0.7505829849999054
1526.7664553370355 6.580383297492586 0.0
1526.7872883370355 7.218030984004652 0.0
1526.8081233198905 7.734462500581666 0.7509973173411033
1526.8289569783583 7.867499975338857 0.7509944997959405
1526.8497906354296 8.37071046036436 0.7500382254713915
1526.8706242915687 7.694853054837843 0.7496757998712291
1526.891457946312 6.90103715653478 0.7492606174199117
1526.912291599658 6.616505667730303 0.7511119943636467
1526.9331252520715 6.480153420785886 0.7513629132816838
1526.9539589030871 8.082816657385903 0.7509952934717037
1526.974792552709 6.237080558499699 0.7493188864702819
1526.9956262013984 7.537466237156547 0.7512623177532524
1527.01645984869 8.726297701769415 0.750509248141567
1527.0372934945844 7.40950042389128 0.7513598987849539
1527.0581271390824 7.87982012012792 0.7508207439788329
1527.07896078265 6.799504446972811 0.7519284330995674
1527.0997944248206 7.793086247684733 0.7502816783924937
1527.120628065592 7.554205633125116 0.7501886448443441
1527.1414617049663 9.637235456118782 0.7516792888667062
1527.1622953434116 9.912495353414329 0.7526434169860765
1527.183128980459 7.639038564930709 0.7506803764352725
1527.2039626161104 8.436842509344924 0.751112510172289
1527.2247962503632 8.959761545243827 0.7514804692220906
1527.2456298832194 7.776936680772233 0.7508013735484756
1527.2664635151455 8.447736179349798 0.7511754758434114
1527.287297145208 7.808680792399955 0.7510849734309979
1527.3081307743387 8.512494048400416 0.7504911404060696
1527.3289644020724 8.07328359810128 0.7504373705639777
1527.3497980284096 8.641195724807234 0.7518787297689848
1527.3706316533498 7.544462728380262 0.7507910133385931
1527.3914652768935 9.362781330321384 0.7506306301671275
1527.4122988995055 10.992011915044827 0.7515427299326038
1527.4331325202545 7.880249479533633 0.7514615123890582
1527.453966139606 9.908153904812076 0.7518800377934634
1527.474799758027 9.604569734965459 0.7520810501472568
1527.4956333745859 10.414961893160315 0.7526940596770672
1527.5164669897476 12.006100550612622 0.7557168673446242
1527.5373006039767 13.646915042095888 0.7533801916692631
1527.5581342163443 14.439195142304595 0.7546172273193549
1527.5789678273147 16.25390217202783 0.7565643807804976
1527.599801437354 22.66374754276653 0.7600605056544557
1527.6206350455295 31.946522449017735 0.7628508932976142
1527.6414686523094 25.680759009034524 0.7617905020542594
1527.6623022576919 22.01064740230061 0.7577378934335481
1527.683135861678 31.15908588165632 0.7624792361949992
1527.7039694642665 31.43584653117464 0.763414461504183
1527.7248030649923 25.369268164744863 0.7600135692840692
1527.745636664786 25.484511713166007 0.7615226688855645
1527.766470262718 23.38736053120055 0.7604672445608005
1527.7873038592527 23.185587185943543 0.7593392006555579
1527.8081374543904 26.21876144624411 0.7606840099179116
1527.8289710476656 26.770600596862074 0.7622272457005766
1527.8498046400096 24.205553608530252 0.7602409699796558
1527.8706382304904 19.28185085638805 0.7572710915087482
1527.8914718191095 25.612041295701705 0.7607909592161507
1527.9123054067963 28.607627346659143 0.762397581007163
1527.933138992621 24.66998920903034 0.7600874427634413
1527.9539725765835 29.187622410115 0.7618190601519278
1527.9748061596151 32.4363907128443 0.763518647336545
1527.9956397403166 26.628203543852404 0.760354448847531
1528.0164733200863 24.667311590731153 0.7604234686420995
1528.0373068979948 26.389085134739215 0.7619214692937772
1528.0581404740415 25.320286865519137 0.7606086662751683
1528.0789740486905 30.54908859187068 0.762646037328203
1528.0998076219423 26.460706664371212 0.7632265084978201
1528.120641193331 29.16073990050704 0.7624209566264225
1528.1414747628564 23.25039848246078 0.7602209379266843
1528.1623083309864 19.841164390274656 0.7586730711272195
1528.183141897254 16.891969635407055 0.7581598724496309
1528.2039754616585 16.531634905493213 0.7557686448164956
1528.224809024665 13.295816379665602 0.7550796706119197
1528.245642585809 12.62693083756454 0.7553530236556707
1528.2664761455565 11.989380474678688 0.7538219661739775
1528.2873097029765 11.099078314289244 0.7533541224010848
1528.3081432589984 9.880755267364915 0.7546700280103984
1528.3289768131583 10.731549617539988 0.7535809225105493
1528.3498103654556 8.449674416069902 0.7522904469274075
1528.3706439158896 9.291891103736829 0.7524024710709443
1528.391477464461 8.551254451646981 0.7525884941255568
1528.4123110116357 9.926574090747264 0.7539272799548262
1528.4331445564826 8.715045887400052 0.7527893964833483
1528.4539780994655 9.090303348102916 0.7544157056089876
1528.4748116410524 7.926295328011725 0.7528178209850723
1528.4956451803107 8.339442919831196 0.7535981650700675
1528.5164787177064 8.41448775499465 0.7523114824357091
1528.5373122527744 8.676651712865782 0.7524621602933531
1528.5581457864444 9.135363817674031 0.7532016446063725
1528.578979317787 8.105841058689808 0.7549881756721859
1528.5998128477327 9.433320937437417 0.7532268091297742
1528.6206463748836 9.104405088383023 0.7534381025668708
1528.641479900638 12.395945067338037 0.7549156981259616
1528.662313424064 17.533861586479993 0.7592569722573624
1528.6831469451615 29.30296598435698 0.7635047905427523
1528.7039804643964 25.273706643375295 0.7610690745310708
1528.7248139817684 28.22074590000934 0.7640859354555721
1528.745647496813 25.77140818614568 0.7624388982961856
1528.766481009529 21.636624915724195 0.7599446299108874
1528.7873145203816 19.015859660899945 0.758949567199841
1528.808148028906 15.765643354118064 0.7580079288772535
1528.8289815351027 13.675147554548191 0.7553764989125658
1528.8498150389703 11.093744807697714 0.7547589949393743
1528.8706485409766 12.764616587881301 0.7561143548550033
1528.8914820406535 10.451459138387884 0.755272018553607
1528.9123150406535 10.430799706719771 0.0
1528.9331480406536 10.410140275051656 0.0
1528.9539810406536 10.389480843383543 0.0
1528.9748140406537 10.368821411715428 0.0
1528.9956470406537 10.348161980047315 0.0
1529.0164800406537 10.327502548379202 0.0
1529.0373130406538 10.306843116711088 0.0
1529.0581460406538 10.286183685042975 0.0
1529.0789790406538 10.26552425337486 0.0
1529.099812040654 10.244864821706747 0.0
1529.120645040654 10.224205390038632 0.0
1529.141478040654 10.203545958370519 0.0
1529.162311040654 10.182886526702406 0.0
1529.183144040654 10.162227095034291 0.0
1529.203977040654 10.141567663366178 0.0
1529.2248100406541 10.120908231698063 0.0
1529.2456430406542 10.10024880002995 0.0
1529.2664760406542 10.079589368361837 0.0
1529.2873090406542 10.058929936693723 0.0
1529.3081420406543 10.03827050502561 0.0
1529.3289750406543 10.017611073357495 0.0
1529.3498080406544 9.996951641689382 0.0
1529.3706410406544 9.976292210021267 0.0
1529.3914740406544 9.955632778353154 0.0
1529.4123070406545 9.934973346685041 0.0
1529.4331400406545 9.914313915016926 0.0
1529.4539730406545 9.893654483348813 0.0
1529.4748060406546 9.872995051680698 0.0
1529.4956390406546 9.852335620012585 0.0
1529.5164720406547 9.831676188344472 0.0
1529.5373050406547 9.811016756676358 0.0
1529.5581380406547 9.790357325008245 0.0
1529.5789710406548 9.76969789334013 0.0
1529.5998040406548 9.749038461672017 0.0
1529.6206370406549 9.728379030003904 0.0
1529.641470040655 9.707719598335789 0.0
1529.662303040655 9.687060166667676 0.0
1529.683136040655 9.666400734999561 0.0
1529.703969040655 9.645741303331448 0.0
1529.724802040655 9.625081871663333 0.0
1529.745635040655 9.60442243999522 0.0
1529.7664680406551 9.583763008327107 0.0
1529.7873010406552 9.563103576658992 0.0
1529.8081340406552 9.54244414499088 0.0
1529.8289670406552 9.521784713322765 0.0
1529.8498000406553 9.501125281654652 0.0
1529.8706330406553 9.480465849986539 0.0
1529.8914660406554 9.459806418318424 0.0
1529.9122990406554 9.43914698665031 0.0
1529.9331320406554 9.418487554982196 0.0
1529.9539650406555 9.397828123314083 0.0
1529.9747980406555 9.37716869164597 0.0
1529.9956310406556 9.356509259977855 0.0
1530.0164640406556 9.335849828309742 0.0
1530.0372970406556 9.315190396641627 0.0
1530.0581300406557 9.294530964973514 0.0
1530.0789630406557 9.2738715333054 0.0
1530.0997960406557 9.253212101637287 0.0
1530.1206290406558 9.232552669969174 0.0
1530.1414620406558 9.211893238301059 0.0
1530.1622950406559 9.191233806632946 0.0
1530.183128040656 9.170574374964831 0.0
1530.203961040656 9.149914943296718 0.0
1530.224794040656 9.129255511628605 0.0
1530.245627040656 9.10859607996049 0.0
1530.266460040656 9.087936648292377 0.0
1530.287293040656 9.067277216624262 0.0
1530.3081260406561 9.04661778495615 0.0
1530.3289590406562 9.025958353288036 0.0
1530.3497920406562 9.005298921619922 0.0
1530.3706250406563 8.984639489951808 0.0
1530.3914580406563 8.963980058283694 0.0
1530.4122910406563 8.94332062661558 0.0
1530.4331240406564 8.922661194947466 0.0
1530.4539570406564 8.902001763279353 0.0
1530.4747900406564 8.88134233161124 0.0
1530.4956230406565 8.860682899943125 0.0
1530.5164560406565 8.840023468275012 0.0
1530.5372890406566 8.819364036606897 0.0
1530.5581220406566 8.798704604938784 0.0
1530.5789550406566 8.778045173270671 0.0
1530.5997880406567 8.757385741602556 0.0
1530.6206210406567 8.736726309934443 0.0
1530.6414540406568 8.716066878266329 0.0
1530.6622870406568 8.695407446598216 0.0
1530.6831200406568 8.674748014930103 0.0
1530.7039530406569 8.654088583261988 0.0
1530.724786040657 8.633429151593875 0.0
1530.745619040657 8.61276971992576 0.0
1530.766452040657 8.592110288257647 0.0
1530.787285040657 8.571450856589532 0.0
1530.808118040657 8.55079142492142 0.0
1530.828951040657 8.530131993253306 0.0
1530.8497840406571 8.509472561585191 0.0
1530.8706170406572 8.488813129917078 0.0
1530.8914500406572 8.468153698248964 0.0
1530.9122830406573 8.44749426658085 0.0
1530.9331160406573 8.426834834912736 0.0
1530.9539490406573 8.406175403244623 0.0
1530.9747820406574 8.38551597157651 0.0
1530.9956150406574 8.364856539908395 0.0
1531.0164480406575 8.344197108240282 0.0
1531.0372810406575 8.323537676572169 0.0
1531.0581140406575 8.302878244904054 0.0
1531.0789470406576 8.282218813235941 0.0
1531.0997800406576 8.261559381567826 0.0
1531.1206130406576 8.240899949899713 0.0
1531.1414460406577 8.220240518231599 0.0
1531.1622790406577 8.199581086563485 0.0
1531.1831120406578 8.178921654895372 0.0
1531.2039450406578 8.158262223227258 0.0
1531.2247780406578 8.137602791559145 0.0
1531.2456110406579 8.116943359891032 0.0
1531.266444040658 8.096283928222917 0.0
1531.287277040658 8.075624496554802 0.0
1531.308110040658 8.054965064886689 0.0
1531.328943040658 8.034305633218576 0.0
1531.349776040658 8.013646201550461 0.0
1531.370609040658 7.992986769882348 0.0
1531.3914420406581 7.972327338214234 0.0
1531.4122750406582 7.95166790654612 0.0
1531.4331080406582 7.931008474878007 0.0
1531.4539410406583 7.910349043209893 0.0
1531.4747740406583 7.88968961154178 0.0
1531.4956070406583 7.869030179873666 0.0
1531.5164400406584 7.848370748205552 0.0
1531.5372730406584 7.827711316537438 0.0
1531.5581060406585 7.807051884869324 0.0
1531.5789390406585 7.786392453201211 0.0
1531.5997720406585 7.765733021533097 0.0
1531.6206050406586 7.745073589864983 0.0
1531.6414380406586 7.724414158196869 0.0
1531.6622710406587 7.703754726528755 0.0
1531.6831040406587 7.683095294860642 0.0
1531.7039370406587 7.662435863192528 0.0
1531.7247700406588 7.6417764315244145 0.0
1531.7456030406588 7.621116999856301 0.0
1531.7664360406588 7.600457568188187 0.0
1531.7872690406589 7.579798136520074 0.0
1531.808102040659 7.559138704851959 0.0
1531.828935040659 7.538479273183846 0.0
1531.849768040659 7.517819841515732 0.0
1531.870601040659 7.497160409847618 0.0
1531.891434040659 7.476500978179504 0.0
1531.9122670406591 7.45584154651139 0.0
1531.9331000406592 7.435182114843277 0.0
1531.9539330406592 7.4145226831751625 0.0
1531.9747660406592 7.3938632515070495 0.0
1531.9955990406593 7.373203819838936 0.0
1532.0164320406593 7.352544388170822 0.0
1532.0372650406593 7.331884956502709 0.0
1532.0580980406594 7.311225524834594 0.0
1532.0789310406594 7.290566093166481 0.0
1532.0997640406595 7.269906661498367 0.0
1532.1205970406595 7.249247229830253 0.0
1532.1414300406595 7.22858779816214 0.0
1532.1622630406596 7.207928366494025 0.0
1532.1830960406596 7.187268934825912 0.0
1532.2039290406597 7.166609503157798 0.0
1532.2247620406597 7.145950071489684 0.0
1532.2455950406597 7.1252906398215705 0.0
1532.2664280406598 7.104631208153457 0.0
1532.2872610406598 7.083971776485344 0.0
1532.3080940406599 7.063312344817229 0.0
1532.32892704066 7.042652913149116 0.0
1532.34976004066 7.021993481481002 0.0
1532.37059304066 7.001334049812888 0.0
1532.39142604066 6.980674618144775 0.0
1532.41225904066 6.96001518647666 0.0
1532.43309204066 6.939355754808547 0.0
1532.4539250406601 6.918696323140433 0.0
1532.4747580406602 6.898036891472319 0.0
1532.4955910406602 6.877377459804206 0.0
1532.5164240406602 6.8567180281360915 0.0
1532.5372570406603 6.8360585964679785 0.0
1532.5580900406603 6.815399164799865 0.0
1532.5789230406604 6.794739733131751 0.0
1532.5997560406604 6.774080301463637 0.0
1532.6205890406604 6.753420869795523 0.0
1532.6414220406605 6.73276143812741 0.0
1532.6622550406605 6.712102006459295 0.0
1532.6830880406606 6.691442574791182 0.0
1532.7039210406606 6.670783143123068 0.0
1532.7247540406606 6.650123711454954 0.0
1532.7455870406607 6.629464279786841 0.0
1532.7664200406607 6.6088048481187265 0.0
1532.7872530406607 6.5881454164506135 0.0
1532.8080860406608 6.5674859847825 0.0
1532.8289190406608 6.546826553114386 0.0
1532.8497520406609 6.526167121446273 0.0
1532.870585040661 6.505507689778158 0.0
1532.891418040661 6.484848258110045 0.0
1532.912251040661 6.464188826441931 0.0
1532.933084040661 6.443529394773817 0.0
1532.953917040661 6.422869963105703 0.0
1532.974750040661 6.402210531437589 0.0
1532.9955830406611 6.381551099769475 0.0
1533.0164160406612 6.360891668101362 0.0
1533.0372490406612 6.340232236433248 0.0
1533.0580820406612 6.3195728047651345 0.0
1533.0789150406613 6.298913373097021 0.0
1533.0997480406613 6.278253941428907 0.0
1533.1205810406614 6.257594509760794 0.0
1533.1414140406614 6.23693507809268 0.0
1533.1622470406614 6.216275646424566 0.0
1533.1830800406615 6.195616214756452 0.0
1533.2039130406615 6.174956783088338 0.0
1533.2247460406616 6.154297351420224 0.0
1533.2455790406616 6.133637919752111 0.0
1533.2664120406616 6.112978488083997 0.0
1533.2872450406617 6.092319056415883 0.0
1533.3080780406617 6.071659624747769 0.0
1533.3289110406618 6.0510001930796555 0.0
1533.3497440406618 6.030340761411542 0.0
1533.3705770406618 6.009681329743429 0.0
1533.3914100406619 5.989021898075315 0.0
1533.412243040662 5.968362466407201 0.0
1533.433076040662 5.947703034739087 0.0
1533.453909040662 5.927043603070973 0.0
1533.474742040662 5.90638417140286 0.0
1533.495575040662 5.885724739734746 0.0
1533.516408040662 5.865065308066632 0.0
1533.5372410406621 5.844405876398518 0.0
1533.5580740406622 5.823746444730404 0.0
1533.5789070406622 5.8030870130622905 0.0
1533.5997400406623 5.7824275813941775 0.0
1533.6205730406623 5.7617681497260635 0.0
1533.6414060406623 5.74110871805795 0.0
1533.6622390406624 5.720449286389836 0.0
1533.6830720406624 5.699789854721722 0.0
1533.7039050406624 5.679130423053608 0.0
1533.7247380406625 5.658470991385495 0.0
1533.7455710406625 5.637811559717381 0.0
1533.7664040406626 5.617152128049267 0.0
1533.7872370406626 5.596492696381153 0.0
1533.8080700406626 5.575833264713039 0.0
1533.8289030406627 5.555173833044925 0.0
1533.8497360406627 5.534514401376812 0.0
1533.8705690406628 5.5138549697086985 0.0
1533.8914020406628 5.493195538040585 0.0
1533.9122350406628 5.472536106372471 0.0
1533.9330680406629 5.451876674704357 0.0
1533.953901040663 5.431217243036244 0.0
1533.974734040663 5.41055781136813 0.0
1533.995567040663 5.389898379700016 0.0
1534.016400040663 5.369238948031902 0.0
1534.037233040663 5.348579516363788 0.0
1534.058066040663 5.327920084695674 0.0
1534.0788990406631 5.307260653027561 0.0
1534.0997320406632 5.286601221359447 0.0
1534.1205650406632 5.265941789691333 0.0
1534.1413980406633 5.2452823580232195 0.0
1534.1622310406633 5.224622926355106 0.0
1534.1830640406633 5.203963494686992 0.0
1534.2038970406634 5.183304063018879 0.0
1534.2247300406634 5.162644631350765 0.0
1534.2455630406635 5.141985199682651 0.0
1534.2663960406635 5.121325768014537 0.0
1534.2872290406635 5.100666336346423 0.0
1534.3080620406636 5.08000690467831 0.0
1534.3288950406636 5.059347473010196 0.0
1534.3497280406636 5.038688041342082 0.0
1534.3705610406637 5.018028609673968 0.0
1534.3913940406637 4.9973691780058545 0.0
1534.4122270406638 4.9767097463377405 0.0
1534.4330600406638 4.9560503146696275 0.0
1534.4538930406638 4.935390883001514 0.0
1534.4747260406639 4.9147314513334 0.0
1534.495559040664 4.894072019665286 0.0
1534.516392040664 4.873412587997172 0.0
1534.537225040664 4.852753156329058 0.0
1534.558058040664 4.832093724660945 0.0
1534.578891040664 4.811434292992831 0.0
1534.5997240406641 4.790774861324717 0.0
1534.6205570406642 4.770115429656603 0.0
1534.6413900406642 4.749455997988489 0.0
1534.6622230406642 4.7287965663203755 0.0
1534.6830560406643 4.7081371346522625 0.0
1534.7038890406643 4.687477702984149 0.0
1534.7247220406643 4.666818271316035 0.0
1534.7455550406644 4.646158839647921 0.0
1534.7663880406644 4.625499407979807 0.0
1534.7872210406645 4.604839976311694 0.0
1534.8080540406645 4.58418054464358 0.0
1534.8288870406645 4.563521112975466 0.0
1534.8497200406646 4.542861681307352 0.0
1534.8705530406646 4.522202249639238 0.0
1534.8913860406647 4.501542817971124 0.0
1534.9122190406647 4.480883386303011 0.0
1534.9330520406647 4.460223954634897 0.0
1534.9538850406648 4.4395645229667835 0.0
1534.9747180406648 4.41890509129867 0.0
1534.9955510406649 4.398245659630556 0.0
1535.016384040665 4.377586227962442 0.0
1535.037217040665 4.356926796294329 0.0
1535.058050040665 4.336267364626215 0.0
1535.078883040665 4.315607932958101 0.0
1535.099716040665 4.294948501289987 0.0
1535.120549040665 4.274289069621873 0.0
1535.1413820406651 4.25362963795376 0.0
1535.1622150406652 4.232970206285646 0.0
1535.1830480406652 4.212310774617532 0.0
1535.2038810406652 4.191651342949418 0.0
1535.2247140406653 4.1709919112813045 0.0
1535.2455470406653 4.150332479613191 0.0
1535.2663800406654 4.129673047945078 0.0
1535.2872130406654 4.109013616276964 0.0
1535.3080460406654 4.08835418460885 0.0
1535.3288790406655 4.067694752940736 0.0
1535.3497120406655 4.047035321272622 0.0
1535.3705450406655 4.026375889604508 0.0
1535.3913780406656 4.005716457936395 0.0
1535.4122110406656 3.985057026268281 0.0
1535.4330440406657 3.9643975946001673 0.0
1535.4538770406657 3.9437381629320534 0.0
1535.4747100406657 3.9230787312639395 0.0
1535.4955430406658 3.9024192995958265 0.0
1535.5163760406658 3.8817598679277125 0.0
1535.5372090406659 3.8611004362595986 0.0
1535.558042040666 3.8404410045914847 0.0
1535.578875040666 3.819781572923371 0.0
1535.599708040666 3.799122141255257 0.0
1535.620541040666 3.778462709587144 0.0
1535.641374040666 3.75780327791903 0.0
1535.662207040666 3.737143846250916 0.0
1535.6830400406661 3.716484414582802 0.0
1535.7038730406662 3.6958249829146883 0.0
1535.724870700691 4.559871244752543 0.7512605326163314
1535.7457041039754 3.02347261067138 0.7531287577048614
1535.766537506328 5.874674431660946 0.7535513798688205
1535.7873709077503 6.3727079025244 0.7522378753922336
1535.8082043077757 7.857379895807046 0.7523638507696973
1535.8290377073351 6.640791928103891 0.7531382547692117
1535.849871105964 5.234828258659576 0.7519726639227917
1535.870704494812 3.412513106782427 0.7516273089915351
1535.8915378915776 4.300265417858473 0.7514206623575985
1535.9123712869464 6.184622639740551 0.7526090065207611
1535.9332046818495 6.438220649915504 0.7567426070226165
1535.9540380753556 6.918361798655113 0.7534881776642898
1535.9748714683951 9.840164021519303 0.7549802808523283
1535.9957048600374 9.846159720145618 0.7543953608536093
1536.0165382507498 10.648913098092596 0.7551346885465015
1536.0373716409968 7.1073657300788495 0.752962698008733
1536.0582050298456 1.2130762405243407 0.7522034463749232
1536.0790384177635 2.5583998576324376 0.751788549867686
1536.0998718047504 2.9007322897362577 0.7521969090417242
1536.1207051908054 3.3931930274444007 0.751710609862951
1536.1415385759296 2.4743062558633855 0.7518899866324451
1536.162371960122 1.55181217151463 0.7501382303010382
1536.1832053433825 3.087199110880896 0.7516406314073909
1536.2040387252464 4.4092148951465004 0.752515270610493
1536.2248721066453 3.224775828614458 0.7516974076274439
1536.245705487113 3.595214382774511 0.7519704048846522
1536.2665388661826 0.5900790497943014 0.7510079128036462
1536.2873722447875 2.834429682692921 0.7523911426547083
1536.3082056219955 3.6110077994333665 0.7522846630498998
1536.3290389982715 1.7442345769103047 0.7509560452003616
1536.3498723736163 2.9767149678342406 0.751703790719209
1536.370705748496 2.1542836833928725 0.7522460763181753
1536.3915391219784 2.0941988803222635 0.7519759533872451
1536.412372494529 2.503737830976238 0.7512129670725128
1536.433205865684 3.104514302099432 0.7513936128622569
1536.4540392363715 1.7996802298863237 0.7519081399515805
1536.4748726061284 1.8935325303210924 0.7508794476202895
1536.4957059749547 0.40088115263267454 0.7503478117946427
1536.5165393423836 4.858822463366945 0.7523489566674307
1536.537372709346 2.092496450980548 0.7517311462128754
1536.558205709346 4.383367816647537 0.0
1536.5790387093462 6.674239182314526 0.0
1536.5998728032505 7.783119892586027 0.7519042952895684
1536.6207061660227 6.424074680681796 0.7524639821858582
1536.641539527864 6.605930222155765 0.7528126349791474
1536.6623728887723 6.588180189127945 0.7517087861445216
1536.68320624875 7.783001427158819 0.7524331678450679
1536.7040396077975 8.395178698840638 0.7525178052373572
1536.724872965448 7.446139822180752 0.7520654371532833
1536.7457063226316 8.172014402107154 0.7524340788269721
1536.7665396784187 14.365900820014712 0.7552452253779813
1536.7873730332751 11.618323716141102 0.7570881872348688
1536.8082063872 9.057743108015229 0.7525273100120654
1536.8290397401925 7.462922187081968 0.7523992230809331
1536.849873092254 8.136911357139512 0.7524842603437792
1536.8707064433847 8.570246709491139 0.7529823690505931
1536.8915397931187 9.76468726951459 0.7528642559193749
1536.9123731423863 5.610823543826552 0.7515368609902803
1536.933206490258 7.739801100305211 0.7521603781704012
1536.9540398376623 6.57331180435501 0.7554435670554905
1536.97487318367 7.300058470480477 0.751722503570275
1536.995706528748 6.381237181168382 0.7514808658034487
1537.016539872894 7.353086804846547 0.7527496082959888
1537.037373215642 6.950667897126287 0.7535480181829141
1537.0582065579244 6.950919266447292 0.7517868452642894
1537.0790398992765 7.563706514878754 0.752774114900931
1537.099873239232 6.835445544943761 0.7520795047130685
1537.1207065782546 7.81063291685041 0.7533977157234093
1537.141539916346 9.518123349649198 0.7525218843845413
1537.1623732535063 7.483356570194997 0.7532039395191324
1537.1832065897363 7.30184923117255 0.7526249250213326
1537.2040399250347 8.608385768937552 0.7522141833261627
1537.2248732589355 5.923696541704913 0.751600742754993
1537.2457065919057 8.221279209577913 0.7521526914053784
1537.2665399244095 6.764631164943925 0.7512818746421764
1537.2873732555165 5.344103816573558 0.7509343764184192
1537.308206585692 4.445510558814476 0.7509075872247507
1537.3290399144707 5.089465661090204 0.7504051226953473
1537.349873242784 3.166609919220715 0.7514895112250484
1537.3707065696995 5.322475068312196 0.749571518888839
1537.3915398956847 6.28851817634267 0.7510863621957264
1537.4123732212047 5.180280318883565 0.7504668372322659
1537.4332065448612 6.82001063742174 0.7500305964268905
1537.454039868051 4.983553212040354 0.7507847018762915
1537.4748731903103 3.9272598959456526 0.752714094077825
1537.495706511174 6.186435627204473 0.7496941658159368
1537.516539831105 6.235019397298956 0.7495166492610631
1537.5373731501045 3.792788939685245 0.749248247093006
1537.5582064681723 5.209446447893907 0.7502962957663691
1537.5790397853104 4.8892729781830715 0.7498330884216454
1537.5998731010516 8.344483827470617 0.7502081899970322
1537.6207064163254 4.810389806599602 0.7495133092409834
1537.641539730202 4.852687945109471 0.7509267167909786
1537.662373043148 6.985858835081002 0.7503339500808835
1537.683206354698 7.451894571592798 0.751471625403427
1537.704039665782 6.023237634319493 0.7495781586365754
1537.7248729754683 6.422646611915413 0.7502588778983934
1537.7457062842227 5.364426356282152 0.7532029107660013
1537.766539592048 5.298593310755406 0.7488793106375284
1537.7873728989407 4.096970149642171 0.7499058982306858
1537.808206204436 6.376495639551083 0.7497834449296803
1537.829039509 4.21798558790727 0.748726558413879
1537.8498728126324 5.702376411480643 0.7492902894616142
1537.8707061153348 6.483804170693649 0.7493569080628192
1537.891539417106 4.4807505106102425 0.7487973664065248
1537.912372717479 6.672726448512709 0.7492581115502496
1537.93320601692 5.681292111140788 0.7487003669145821
1537.9540393154305 5.602566426996628 0.7489234827782079
1537.974872613011 5.439653200216736 0.7497033486195701
1537.995705909194 7.191104200673106 0.7496713872070863
1538.01653920491 6.112814403460753 0.7492894542057357
1538.0373724992291 8.775852919638746 0.7505965641807065
1538.0582057921524 4.593652987968426 0.7487939037767681
1538.07903908461 5.744724514591887 0.7491893758574493
1538.0998723756704 6.1335066473822994 0.7490167530462815
1538.1207056657984 5.709579626757671 0.7487421216215895
1538.1415389549954 3.0739106642814007 0.7504770827838465
1538.1623722427967 5.522050837828122 0.7484770252725462
1538.1832055296663 6.265771206362661 0.7497457232173632
1538.204038815604 4.972745761014632 0.7501818118659582
1538.22487210061 4.780072159489068 0.7499521955513798
1538.245705384219 5.4671893029110326 0.7483379703992603
1538.2665386668973 5.838684629028745 0.7491306193430765
1538.2873719486445 6.573590596361006 0.7488702371185085
1538.3082052294603 6.701434863009416 0.748976724652609
1538.3290385088787 5.960538256164505 0.7484364503602251
1538.3498717873656 4.210509043961439 0.7480529705227541
1538.3707050649211 7.618320110605514 0.7500846338203253
1538.391538341081 6.4431071173042875 0.7488465976973752
1538.412371616308 6.8417289553629805 0.7485834493069725
1538.4332048906044 4.4875193613173465 0.7487493657665083
1538.4540381635045 6.72577261250893 0.7490935808782874
1538.4748714354723 7.0269138658783845 0.748921771653699
1538.495704706509 6.304059160387848 0.7488531642780996
1538.5165379766136 6.76521683157109 0.7500114042686621
1538.5373712453215 5.2599710055244335 0.7488737789876982
1538.558204513099 7.126917814569113 0.7498655993518902
1538.57903777948 6.384537404590453 0.7496631581153822
1538.599871045394 4.968077814083417 0.7487123084412746
1538.6207043094455 5.291979394364052 0.7489512581594973
1538.6415375730307 6.169826969805813 0.7485538288731223
1538.6623708352204 4.899792448689841 0.7483264211520928
1538.6832040964787 4.853512121503648 0.748303162816883
1538.7040373568054 5.6337245979022414 0.750255223399369
1538.724870615734 4.685452341720396 0.7487525499838582
1538.7457038732664 6.722694154964099 0.7496599380114306
1538.766537130334 5.3789507358252 0.7482658444226864
1538.7873703860034 6.990447102059399 0.7500240401547734
1538.8082036407409 4.9679492866310815 0.7493499084166142
1538.8290368940825 7.19896426087498 0.7504783138290809
1538.849870146494 7.899426002340552 0.7491407240412941
1538.8707033975074 4.9681182945139595 0.7492988806108957
1538.8915366475887 4.8213707951202975 0.7482679951597648
1538.9123698967385 5.403319784986194 0.7480287076571648
1538.9332031444915 6.322379689642696 0.74954543643621
1538.9540363913145 6.130352623025814 0.7494134993920137
1538.974869637206 5.473609012368249 0.7513706874542787
1538.9957028817 5.079505765460226 0.7483485238658185
1539.0165361252623 5.285876706425819 0.7483086588585818
1539.0373693674276 4.805650379219534 0.7480834872297437
1539.0582026086613 5.973900023029572 0.7494574809874843
1539.0790358484994 6.80580931435386 0.7495156949711304
1539.099869087405 5.1372755248176 0.7485682809247699
1539.1207023249135 8.071135967433037 0.7519493202014129
1539.141535561492 5.9713736300544005 0.7491276754289805
1539.1623687971392 5.8435136175975435 0.7490298035909388
1539.1832020313884 7.721118899604179 0.7496840288241676
1539.2040352647055 8.327348119688768 0.750008900907469
1539.2248684966264 9.044176662793616 0.7500816141863288
1539.2457017271504 12.270108872658389 0.7509768006085041
1539.2665349572087 12.302602053028286 0.7520773252492003
1539.2873681854046 12.2280250728195 0.7518168140071642
1539.308201413134 14.926187671426929 0.7536591436181321
1539.3290346390015 16.84937102785043 0.7529618272465115
1539.3498678639385 14.242961436579 0.7530779068021659
1539.3707010879439 12.095811552426731 0.750967038097925
1539.3915343105507 12.233001544114137 0.7508752801703154
1539.4123675322276 11.375706237122849 0.751879799971
1539.4332007525068 11.340350198323073 0.7520762157015326
1539.45403397139 11.793385780705028 0.7516297276619571
1539.4748671893403 10.578522858905975 0.7514901060898499
1539.49570040636 15.1831788966926 0.7542423428104738
1539.5165336219825 15.945312033537816 0.7541672645130914
1539.537366836209 19.21159777255517 0.7566006202343286
1539.5582000495044 12.27551683633861 0.7516952667025392
1539.579033261402 12.955149062134456 0.7517126318064725
1539.599866471902 11.879136103649916 0.7506232453642577
1539.620699681471 14.90058580495448 0.7522236523183428
1539.6415328896435 15.022747806145803 0.7523919744672971
1539.6623660968844 11.999751628794103 0.7513657691095349
1539.6831990968844 13.35325321410551 0.0
1539.7040320968845 14.706754799416917 0.0
1539.72486571069 16.2463670626871 0.75209931773127
1539.7456989132745 15.982220582689177 0.7538434728862213
1539.7665321139966 18.72340364642292 0.7530840803244457
1539.7873653137876 17.7227724031317 0.7531280058488179
1539.8081985121808 20.184580206153697 0.7539524597869582
1539.8290317096435 25.876326825081303 0.7564203117842844
1539.849864905243 30.319545153010846 0.7583519107163988
1539.8706981003763 25.599179738259455 0.7565634747719108
1539.8915312936467 25.267367237097172 0.7561777316786026
1539.9123644859865 17.303582073493764 0.7520034178722099
1539.9331976769295 15.372517456414752 0.7523375086064974
1539.9540308664755 15.064083788652168 0.7515674345048791
1539.974864054624 19.746439518208263 0.753475006574964
1539.995697241841 15.5595411933198 0.7504411830282739
1540.016530427661 14.493087491997269 0.7506384913290581
1540.0373636120848 17.365883727927447 0.7512881025912048
1540.058196795112 14.94752170666076 0.751429070506741
1540.0790299772063 17.243644108246954 0.755066408874584
1540.0998631579055 21.241117723353383 0.7538438286906394
1540.1206963372072 18.39470272098255 0.7522445312230217
1540.1415295151119 21.27058148901252 0.7534337514928842
1540.162362691619 18.881458537675034 0.7532262947690017
1540.1831958671944 19.174155802841405 0.752746480578174
1540.2040290409075 25.26635139938329 0.7553002707107284
1540.2248622136894 20.62875857875417 0.754415863624358
1540.2456953850751 19.714146587081583 0.7526273008880645
1540.2665285550625 20.682551283498377 0.753505817861695
1540.2873617236535 20.156414874843367 0.7539502857372907
1540.308194890847 16.373410004910685 0.7512366113723254
1540.3290280566443 13.378277058575678 0.7516870994144956
1540.3498612210444 14.406268612738227 0.7502414394222036
1540.3706943840475 17.69902610413124 0.7511581379967927
1540.391527546119 16.269911752195043 0.7505790541385603
1540.4123607063275 15.557509127779406 0.7508451150808801
1540.4331938651399 16.720280478808505 0.7525263991430237
1540.4540270225555 15.056837844946456 0.751573580781141
1540.474860179039 15.587745211288835 0.753453093802087
1540.49569333366 18.21642294003428 0.7511194933928937
1540.5165264868847 13.467577836835384 0.7502283305058028
1540.5373596387115 14.534626188179995 0.7495941017427723
1540.5581927891415 15.63846080630522 0.7504612775720889
1540.5790259381745 15.510967154226591 0.7500201063639936
1540.5998589381745 15.449285565482839 0.0
1540.6206919381746 15.387603976739086 0.0
1540.6415249381746 15.325922387995334 0.0
1540.6623579381746 15.264240799251581 0.0
1540.6831909381747 15.202559210507827 0.0
1540.7040239381747 15.140877621764075 0.0
1540.7248569381748 15.079196033020322 0.0
1540.7456899381748 15.01751444427657 0.0
1540.7665229381748 14.955832855532817 0.0
1540.7873559381749 14.894151266789065 0.0
1540.808188938175 14.832469678045312 0.0
1540.829021938175 14.77078808930156 0.0
1540.849854938175 14.709106500557805 0.0
1540.870687938175 14.647424911814053 0.0
1540.891520938175 14.5857433230703 0.0
1540.912353938175 14.524061734326548 0.0
1540.9331869381751 14.462380145582795 0.0
1540.9540199381752 14.400698556839043 0.0
1540.9748529381752 14.33901696809529 0.0
1540.9956859381753 14.277335379351538 0.0
1541.0165189381753 14.215653790607785 0.0
1541.0373519381753 14.15397220186403 0.0
1541.0581849381754 14.092290613120278 0.0
1541.0790179381754 14.030609024376526 0.0
1541.0998509381755 13.968927435632773 0.0
1541.1206839381755 13.90724584688902 0.0
1541.1415169381755 13.845564258145268 0.0
1541.1623499381756 13.783882669401516 0.0
1541.1831829381756 13.722201080657761 0.0
1541.2040159381756 13.660519491914009 0.0
1541.2248489381757 13.598837903170256 0.0
1541.2456819381757 13.537156314426504 0.0
1541.2665149381758 13.475474725682751 0.0
1541.2873479381758 13.413793136938999 0.0
1541.3081809381758 13.352111548195246 0.0
1541.3290139381759 13.290429959451494 0.0
1541.349846938176 13.228748370707741 0.0
1541.370679938176 13.167066781963989 0.0
1541.391512938176 13.105385193220235 0.0
1541.412345938176 13.043703604476482 0.0
1541.433178938176 12.98202201573273 0.0
1541.454011938176 12.920340426988977 0.0
1541.4748449381761 12.858658838245224 0.0
1541.4956779381762 12.796977249501472 0.0
1541.5165109381762 12.735295660757718 0.0
1541.537349057715 11.204341227740683 0.7491363480076166
1541.558182126654 12.54726565798977 0.7499006523454034
1541.579015193731 9.987777390936024 0.7474184110379187
1541.5998482584796 12.006097595201924 0.7482313919583066
1541.620681321365 10.447410513992288 0.7476307879569741
1541.641514381922 9.4679118146912 0.747770492451463
1541.6623474406165 9.767416812346513 0.7483006537409476
1541.6831804969825 10.149672994949908 0.7481512888254767
1541.7040135514872 11.65066204927264 0.74825680329365
1541.724846603663 11.69328310669588 0.7483523469716976
1541.74567965351 9.86665104710595 0.7475933562704538
1541.7665127010284 10.656234942151368 0.7477252557653001
1541.7873457462197 11.546275591560152 0.7487833963884557
1541.8081787895485 12.76652587717659 0.7488261016356702
1541.8290118305474 12.26388130846328 0.7495896090813253
1541.849844868753 13.48335889858082 0.749588177785297
1541.870677905096 12.29933596963948 0.7491215886509861
1541.8915109386455 10.695441814625411 0.748040420862945
1541.9123439703324 10.133065660621792 0.7484592665531439
1541.933176999224 10.790339840142646 0.7474629087399699
1541.9540100257875 8.656394988477993 0.7469637925745111
1541.974843050023 7.079877836506329 0.7465240276350905
1541.995676071931 8.554956716110201 0.7472730972227528
