1.492099578919142914e+03 4.434022564450352206e+02 6.343066155167000897e-01
1.492120412986525935e+03 4.439617767063533620e+02 6.355285754438493306e-01
1.492141247052511062e+03 4.450579411423222496e+02 6.343494165833536425e-01
1.492162081118030983e+03 4.426118649394739464e+02 6.360311012835795363e-01
1.492182915182153920e+03 4.449970617739816703e+02 6.349228649523623869e-01
1.492203749245345534e+03 4.445296625585766037e+02 6.347242605963581141e-01
1.492224583307605371e+03 4.449994779555028686e+02 6.343239524108899019e-01
1.492245417368934568e+03 4.453251693805734703e+02 6.347584181156383787e-01
1.492266251429331987e+03 4.448002960849296414e+02 6.345818591043335122e-01
1.492287085488797857e+03 4.461488173132021871e+02 6.355380479121082171e-01
1.492307919546867424e+03 4.436694737896939955e+02 6.350860021954153334e-01
1.492328753604005442e+03 4.460381576707634963e+02 6.350643687401408277e-01
1.492349587660211910e+03 4.456514214949064581e+02 6.345452733147037838e-01
1.492370421715486827e+03 4.465152295954634951e+02 6.348812056732169307e-01
1.492391255769830877e+03 4.476398842401677598e+02 6.354922551914460316e-01
1.492412089822777943e+03 4.458810173401157044e+02 6.349128435050406249e-01
1.492432923874795051e+03 4.465377922331254581e+02 6.349447379132936442e-01
1.492453757925879472e+03 4.479475933542186681e+02 6.376157889210298801e-01
1.492474591976032571e+03 4.481571667213925139e+02 6.357006991160690790e-01
1.492495426024788458e+03 4.471104389107391057e+02 6.359903112129351443e-01
1.492516260072613477e+03 4.473117379904219888e+02 6.358585983554715382e-01
1.492537094119506946e+03 4.467694207286576216e+02 6.366271438697356233e-01
1.492557928165469548e+03 4.478033860073482515e+02 6.367561703784742067e-01
1.492578762210034483e+03 4.468717407009920066e+02 6.357427265967736663e-01
1.492599596253668096e+03 4.479455063108699164e+02 6.357728215350557655e-01
1.492620430296370614e+03 4.476575295418908240e+02 6.348883407522014632e-01
1.492641264337676148e+03 4.492605535484892698e+02 6.386749080854249305e-01
1.492662098378049905e+03 4.523244443933056118e+02 6.358161566811122434e-01
1.492682932417493021e+03 4.449965548070649675e+02 6.348885989278983955e-01
1.492703766455538926e+03 4.484624773191061990e+02 6.352176641260811607e-01
1.492724600492652826e+03 4.454008590733096185e+02 6.355813052857505197e-01
1.492745434528836540e+03 4.453026165567486601e+02 6.343837352207648550e-01
1.492766268564088023e+03 4.458472381939477032e+02 6.329833847836291438e-01
1.492787102597942976e+03 4.445804418278444814e+02 6.332188231906755727e-01
1.492807936630867061e+03 4.441930007915677834e+02 6.348152728105166398e-01
1.492828770662393481e+03 4.467458026970297738e+02 6.341173588393695937e-01
1.492849604693454012e+03 4.442235373117271706e+02 6.339821778433868404e-01
1.492870438722652580e+03 4.439265123767224850e+02 6.334186758924503780e-01
1.492891272751385031e+03 4.445605428068972742e+02 6.338811022871534417e-01
1.492912106778720499e+03 4.440907235550918131e+02 6.339253894679997003e-01
1.492932940805125327e+03 4.443832591341135867e+02 6.334079484110822778e-01
1.492953774830599059e+03 4.463048365110574878e+02 6.345541499067629543e-01
1.492974608854674898e+03 4.431826930799745696e+02 6.331822763125291020e-01
1.492995442877820096e+03 4.442080885718535228e+02 6.345624862756561457e-01
1.493016276900033063e+03 4.426709928801740261e+02 6.338226826689332682e-01
1.493037110920849500e+03 4.435184710889660096e+02 6.336486849035309898e-01
1.493057944940734615e+03 4.467247665668360810e+02 6.346450456387865424e-01
1.493078778959687952e+03 4.457134324546761945e+02 6.346320613312701475e-01
1.493099612977244988e+03 4.464688052604815880e+02 6.345138519990539683e-01
1.493120446993870473e+03 4.455821064308950099e+02 6.368514314732288684e-01
1.493141281009564409e+03 4.429631984117239085e+02 6.355905425222744265e-01
1.493162115023861588e+03 4.429148348620252591e+02 6.350719944999068112e-01
1.493182949037226990e+03 4.395876768562741290e+02 6.337287533225113290e-01
1.493203783049661979e+03 4.432587103702773561e+02 6.347246831748364349e-01
1.493224617061164963e+03 4.417597426307213482e+02 6.344923399469613035e-01
1.493245451071270963e+03 4.447682480895911681e+02 6.350025615114827104e-01
1.493266285079979980e+03 4.422013245593528836e+02 6.347860714480433320e-01
1.493287119088223562e+03 4.415033268084616793e+02 6.368705708927159259e-01
1.493307953095069934e+03 4.406227490358907062e+02 6.349951695836687504e-01
1.493328787100985437e+03 4.423999746859328752e+02 6.351063210169953788e-01
1.493349621105503502e+03 4.424318642364588641e+02 6.366454474256799667e-01
1.493370455109556133e+03 4.426250521622836231e+02 6.369544219115299555e-01
1.493391289112211552e+03 4.439691487417483131e+02 6.360172081184809478e-01
1.493412123113469988e+03 4.423821265010084289e+02 6.369240318718314420e-01
1.493432957113796874e+03 4.437254720966009245e+02 6.361878410808392559e-01
1.493453791113192892e+03 4.435725137996545868e+02 6.370451389021588584e-01
1.493474625111658497e+03 4.424564385619445943e+02 6.363720330158124661e-01
1.493495459109192552e+03 4.408170071659940277e+02 6.356379457203817918e-01
1.493516293105329169e+03 4.429007584199607663e+02 6.358220625945457671e-01
1.493537127100069029e+03 4.425769838198311845e+02 6.360229247358067939e-01
1.493557961094342545e+03 4.442765302483409755e+02 6.371719292220385800e-01
1.493578795087219078e+03 4.430513969485875805e+02 6.359249385558521928e-01
1.493599629079164515e+03 4.421734451550229892e+02 6.364137586061234808e-01
1.493620463069712969e+03 4.408168257856461310e+02 6.361638793292939686e-01
1.493641297059795534e+03 4.405803630350851563e+02 6.368107875464369405e-01
1.493662131048481115e+03 4.396811122783697101e+02 6.361850537876027056e-01
1.493682965035769939e+03 4.444392582669734111e+02 6.373963290422131056e-01
1.493703799022593103e+03 4.444494944295736900e+02 6.388498460777081167e-01
1.493724633008019055e+03 4.422865690776683891e+02 6.375324689786985299e-01
1.493745466992514139e+03 4.457708837650295095e+02 6.382513032235730410e-01
1.493766300975611557e+03 4.435013502071483913e+02 6.383444737249932555e-01
1.493787134958243996e+03 4.468310950054705017e+02 6.393419536131084158e-01
1.493807968939478997e+03 4.442469574817488933e+02 6.390088093781696177e-01
1.493828802919317013e+03 4.460720284881913358e+02 6.390440436871575036e-01
1.493849636898689369e+03 4.447821040174560494e+02 6.392302565750029864e-01
1.493870470876664967e+03 4.461710861829022861e+02 6.406148118860460761e-01
1.493891304853709016e+03 4.439999839741623759e+02 6.415138823403807589e-01
1.493912138829356081e+03 4.466097106172700251e+02 6.404182286472006602e-01
1.493932972804537940e+03 4.462725994403040772e+02 6.411009392926777517e-01
1.493953806778322587e+03 4.464765762845202630e+02 6.411359424174171151e-01
1.493974640750710023e+03 4.449533276306392509e+02 6.406027161979197526e-01
1.493995474722632025e+03 4.445442264006354662e+02 6.395614215398497393e-01
1.494016308693157043e+03 4.441209405433821757e+02 6.401795257292188790e-01
1.494037142662750512e+03 4.438516118415360552e+02 6.393453564302274961e-01
1.494057976631412430e+03 4.447263289259275325e+02 6.402771400752814701e-01
1.494078810598678047e+03 4.448688245484798927e+02 6.405482362485440673e-01
1.494099644565013023e+03 4.439607332006236220e+02 6.430714113913988950e-01
1.494120478530415994e+03 4.436937986532548734e+02 6.399956845346630452e-01
1.494141312494886961e+03 4.419010429173916918e+02 6.390108381435745111e-01
1.494162146457962081e+03 4.412902257356773816e+02 6.396666778992172731e-01
1.494182980420104968e+03 4.414729353498320279e+02 6.382713345115836878e-01
1.494203814381316533e+03 4.405406586258972084e+02 6.389725703454847139e-01
1.494224648341597003e+03 4.391002050278369211e+02 6.375387329601827080e-01
1.494245482300480035e+03 4.379175740560335157e+02 6.379038074110080503e-01
1.494266316258431971e+03 4.380109954848284701e+02 6.367436737611967823e-01
1.494287150215453039e+03 4.388438847949619230e+02 6.366375596406479431e-01
1.494307984171542557e+03 4.362855688142883537e+02 6.357812825500824827e-01
1.494328818126235092e+03 4.367228081629740473e+02 6.362985265696466941e-01
1.494349652079996076e+03 4.362514679997214557e+02 6.362953182261646967e-01
1.494370486032825966e+03 4.353733058814700030e+02 6.375052386423922801e-01
1.494391319984724078e+03 4.360607119736818049e+02 6.377717187040206070e-01
1.494412153935225888e+03 4.374951742141868749e+02 6.367378934077000396e-01
1.494432987884795921e+03 4.337288161471509511e+02 6.353046886603727073e-01
1.494453821833435086e+03 4.360881052565122786e+02 6.371409882561438476e-01
1.494474655781143156e+03 4.336571853526635323e+02 6.349208465939596424e-01
1.494495489727453560e+03 4.354580933121221733e+02 6.353041491918954842e-01
1.494516323672833096e+03 4.342687083581010938e+02 6.352794269710311248e-01
1.494537157617280627e+03 4.335570418729827793e+02 6.362171186333198669e-01
1.494557991560796836e+03 4.332088635156507053e+02 6.349279342893582312e-01
1.494578825502916970e+03 4.333375474628566622e+02 6.353508232480616913e-01
1.494599659444104873e+03 4.348014309892020606e+02 6.357759856397284803e-01
1.494620493384361907e+03 4.341536264911606509e+02 6.358635430598366112e-01
1.494641327323687619e+03 4.355200911754502613e+02 6.366997932467297616e-01
1.494662161262082009e+03 4.336023376104200793e+02 6.363898521912613182e-01
1.494682995199078960e+03 4.348717922192595324e+02 6.365261605723339100e-01
1.494703829135145043e+03 4.346475872507514282e+02 6.387124704880672299e-01
1.494724663070280030e+03 4.346987495593554058e+02 6.373305862313020098e-01
1.494745497004017579e+03 4.334695086664103769e+02 6.370164842089613977e-01
1.494766330937289467e+03 4.350548545872238151e+02 6.375586464029402434e-01
1.494787164869164371e+03 4.366951252085629562e+02 6.376869002484001347e-01
1.494828832729655005e+03 4.397713925899552123e+02 6.382492720438791567e-01
1.494849666658736169e+03 4.359026676577035460e+02 6.369035136809465536e-01
1.494870500586419894e+03 4.381518242429944507e+02 6.369540709955588964e-01
1.494891334513172978e+03 4.384528461603769642e+02 6.379808893480586329e-01
1.494912168438994968e+03 4.389468203596788953e+02 6.375651905910626471e-01
1.494933002363885862e+03 4.369803693337886443e+02 6.372417104353256256e-01
1.494953836287379090e+03 4.355271692266715036e+02 6.362729764660592924e-01
1.494974670209940996e+03 4.365150932327479154e+02 6.387299910768895472e-01
1.494995504131571124e+03 4.341108036176447627e+02 6.369472631874641966e-01
1.495016338052270385e+03 4.363423855829565241e+02 6.380570044612011715e-01
1.495037171971572434e+03 4.378301610513533433e+02 6.385102373719908631e-01
1.495058005889943615e+03 4.372248839602117414e+02 6.385409719723712518e-01
1.495078839807383019e+03 4.349031860144343682e+02 6.374568288808494243e-01
1.495099673723891101e+03 4.372772164696762616e+02 6.389220328187948938e-01
1.495120507639468087e+03 4.379526486197906934e+02 6.384517511988925254e-01
1.495141341553648090e+03 4.357633220389036524e+02 6.383600903008551652e-01
1.495162175467362431e+03 4.341682695769166003e+02 6.375145414975283975e-01
1.495183009379214127e+03 4.360110886922782925e+02 6.376783243110093480e-01
1.495203843290599934e+03 4.324849592474521955e+02 6.368730042251298240e-01
1.495224677201054419e+03 4.321828844642622585e+02 6.365175221751523393e-01
1.495245511110111920e+03 4.331383592042664077e+02 6.374512420034790239e-01
1.495266345018238098e+03 4.335893809863466117e+02 6.372084577405608963e-01
1.495287178925432954e+03 4.324148711197497619e+02 6.379180565920021806e-01
1.495308012831696942e+03 4.321176573269027017e+02 6.366307718542256744e-01
1.495328846737028925e+03 4.331945915156838964e+02 6.371999922908032632e-01
1.495349680640964834e+03 4.329076267502760516e+02 6.392091596802906839e-01
1.495370514543968966e+03 4.324796579683230675e+02 6.378443778864136826e-01
1.495391348446041548e+03 4.332547908183331060e+02 6.374027112512944404e-01
1.495412182347183034e+03 4.314653381317810954e+02 6.372060724594678094e-01
1.495433016246926854e+03 4.334137886010602756e+02 6.372541739026681418e-01
1.495453850145740944e+03 4.321443090138928937e+02 6.371347905275482892e-01
1.495474684044088463e+03 4.316485709155272730e+02 6.378781814436054187e-01
1.495495517940572881e+03 4.329830142564528614e+02 6.375366995102536016e-01
1.495516351836592548e+03 4.325836640323562392e+02 6.375998269253188022e-01
1.495537185731679983e+03 4.287077478520455998e+02 6.374430135426205624e-01
1.495558019625370889e+03 4.308184664158428063e+02 6.382952871845191112e-01
1.495578853518130472e+03 4.299987476367974750e+02 6.373714775606068583e-01
1.495599687409958960e+03 4.325418408124091911e+02 6.375551171878937051e-01
1.495620521300855444e+03 4.314256601995691085e+02 6.373428141593374674e-01
1.495641355190354943e+03 4.311373015258204191e+02 6.374691712648143938e-01
1.495662189078924030e+03 4.307436036900990644e+02 6.376475714999897404e-01
1.495683022966561111e+03 4.311830297588855956e+02 6.373877491952391061e-01
1.495703856853267098e+03 4.329010199330879232e+02 6.402767211613885623e-01
1.495724690739041534e+03 4.335110857850970660e+02 6.397097725617751918e-01
1.495745524623418987e+03 4.317618920481388614e+02 6.391098433961189818e-01
1.495766358507331006e+03 4.348145045611648811e+02 6.398239244456714880e-01
1.495787192389846041e+03 4.339186398037359140e+02 6.409984756026091413e-01
1.495808026271429526e+03 4.324983995532239760e+02 6.389865858135602705e-01
1.495828860151616027e+03 4.313353984259740628e+02 6.391890645319936448e-01
1.495849694031337094e+03 4.299243226303998995e+02 6.384633741770012749e-01
1.495870527909661178e+03 4.325737409722926827e+02 6.397572199215433297e-01
1.495891361787053938e+03 4.318348807789310513e+02 6.388940920364507559e-01
1.495912195663514922e+03 4.314467166968617562e+02 6.405279737359804715e-01
1.495933029539045037e+03 4.300537058952785401e+02 6.381157603328166950e-01
1.495953863413178169e+03 4.318540431799943917e+02 6.389108846397907326e-01
1.495974697286845412e+03 4.317897822886882295e+02 6.388891941106684680e-01
1.495995531159116126e+03 4.281948570623267756e+02 6.375458850428930013e-01
1.496016365030455063e+03 4.303543253113573996e+02 6.396649540523259292e-01
1.496037198900863132e+03 4.315736643153272780e+02 6.389842538102419311e-01
1.496058032769873535e+03 4.280896123289565480e+02 6.377885408588018779e-01
1.496078866637953070e+03 4.276757034999309894e+02 6.374507043516094429e-01
1.496099700505566943e+03 4.276701791084814772e+02 6.372804095232262878e-01
1.496120534371783833e+03 4.284150909803047398e+02 6.373207663104445420e-01
1.496141368236603512e+03 4.283552168229027188e+02 6.375198940838087136e-01
1.496162202100957984e+03 4.267270891828251820e+02 6.362958568543025661e-01
1.496183035963915017e+03 4.279054284576087639e+02 6.376671777567964883e-01
1.496203869825940501e+03 4.266252618889655537e+02 6.375749132608115044e-01
1.496224703687034889e+03 4.260888308462632494e+02 6.360843751273196345e-01
1.496245537547198182e+03 4.275489871710641410e+02 6.383466680053582198e-01
1.496266371406429926e+03 4.268318440081343965e+02 6.369202183926340188e-01
1.496287205264265140e+03 4.268071877780855061e+02 6.370521093999629292e-01
1.496308039121168576e+03 4.264408857639402868e+02 6.364664385248804956e-01
1.496328872977141145e+03 4.273711259134244074e+02 6.372305796280360868e-01
1.496349706832181937e+03 4.261616681487791425e+02 6.369587732535093583e-01
1.496370540686291406e+03 4.252668588110526002e+02 6.359523537140640004e-01
1.496391374539004119e+03 4.257725675659277726e+02 6.366823338117112430e-01
1.496412208391251170e+03 4.257305059603228869e+02 6.360993912666189631e-01
1.496433042242101465e+03 4.268566352391875398e+02 6.370849492427008709e-01
1.496453876091554548e+03 4.248290498210843111e+02 6.365410024227429187e-01
1.496474709940541970e+03 4.247510580400081608e+02 6.363643994187448971e-01
1.496495543788598070e+03 4.271570825597461862e+02 6.366464538719326383e-01
1.496516377635256958e+03 4.262334787548878694e+02 6.374017527551074647e-01
1.496537211480984979e+03 4.258821952593156652e+02 6.384121194538197042e-01
1.496558045325780995e+03 4.256568205886442229e+02 6.368002342085911094e-01
1.496578879169180482e+03 4.269765379987894676e+02 6.383277829412812299e-01
1.496599713012114080e+03 4.269755662789603434e+02 6.395395433758191972e-01
1.496620546853650922e+03 4.287847516081841377e+02 6.395125383053126278e-01
1.496641380694255986e+03 4.283577863978370033e+02 6.394780288721793049e-01
1.496662214533930637e+03 4.301244703786748005e+02 6.409075276821829537e-01
1.496683048372673056e+03 4.296166587519297764e+02 6.405802455248882366e-01
1.496703882210018946e+03 4.305278467037264818e+02 6.411620889230396081e-01
1.496724716046899175e+03 4.311966049320018897e+02 6.407896388559840561e-01
1.496745549882381965e+03 4.295910603668935437e+02 6.402355964467452143e-01
1.496766383716933888e+03 4.304725034983770797e+02 6.409677890965481684e-01
1.496787217550089053e+03 4.314676755531801859e+02 6.412212341950572769e-01
1.496808051382778103e+03 4.292050039048049257e+02 6.407877785034539198e-01
1.496828885214069942e+03 4.285471797048033409e+02 6.415855370876075714e-01
1.496849719044430913e+03 4.283643914619266297e+02 6.409485860355921272e-01
1.496870552873861016e+03 4.322885073696758127e+02 6.425578105463383149e-01
1.496891386702358886e+03 4.304202572684183110e+02 6.422899985830510250e-01
1.496912220529460456e+03 4.307278566185979685e+02 6.429921355693531959e-01
1.496933054356095909e+03 4.303269881479325818e+02 6.410421083548182297e-01
1.496953888181334605e+03 4.280653862385753996e+02 6.409236165462935952e-01
1.496974722005641979e+03 4.298817999252946720e+02 6.412573461502198979e-01
1.496995555828551915e+03 4.281754885108201734e+02 6.412494686191432258e-01
1.497016389650997098e+03 4.303284194117096035e+02 6.412883441087076086e-01
1.497037223472043934e+03 4.288983304989798739e+02 6.406470039124344540e-01
1.497058057292161038e+03 4.300516926019419088e+02 6.410372268412256602e-01
1.497078891111345456e+03 4.298812933160016314e+02 6.410743021682412390e-01
1.497099724929599006e+03 4.288466296713187944e+02 6.444121510834067701e-01
1.497120558746456027e+03 4.300840275623936009e+02 6.421885599466380379e-01
1.497141392562381043e+03 4.278321421271465397e+02 6.412811872918093847e-01
1.497162226377375418e+03 4.282827313565369991e+02 6.438275512722381189e-01
1.497183060191438017e+03 4.283107895641498430e+02 6.420560994727390058e-01
1.497203894004569520e+03 4.291276912762418192e+02 6.424681038861839166e-01
1.497224727816304039e+03 4.278361923371610374e+02 6.412221869818997000e-01
1.497245561627572442e+03 4.258939456494854312e+02 6.429479166875974316e-01
1.497266395437444544e+03 4.304317891684289634e+02 6.442612978559308923e-01
1.497287229245919434e+03 4.320809221414267540e+02 6.439986137751355644e-01
1.497308063053928436e+03 4.344914425682160299e+02 6.457933264820823194e-01
1.497328896860540453e+03 4.341868370256477192e+02 6.452758418424681119e-01
1.497349730666687037e+03 4.365858963017510064e+02 6.470105660326040953e-01
1.497370564471436865e+03 4.336443528123853639e+02 6.467700569056833437e-01
1.497391398274789935e+03 4.387348971685170227e+02 6.489354485221531244e-01
1.497412232077676890e+03 4.388288565953745888e+02 6.490671708476606350e-01
1.497433065879166406e+03 4.388552340589399137e+02 6.491009638652071034e-01
1.497453899679725055e+03 4.367199510201935482e+02 6.475311517401952655e-01
1.497474733479351926e+03 4.360491168667325610e+02 6.474915694273377653e-01
1.497495567278047929e+03 4.344545733303220914e+02 6.471272755244454888e-01
1.497516401075346948e+03 4.377768558148776492e+02 6.489187545912602495e-01
1.497537234871715100e+03 4.389034412571856478e+02 6.490541077219584842e-01
1.497558068667151019e+03 4.382616528963202427e+02 6.495928066615858087e-01
1.497578902461656071e+03 4.377987637742136258e+02 6.493418258990232284e-01
1.497599736255229573e+03 4.383135649858439820e+02 6.491442815530971133e-01
1.497620570047406090e+03 4.407545488517737340e+02 6.508657879090498088e-01
1.497641403838651513e+03 4.387758626261214658e+02 6.498299321188912847e-01
1.497662237628966068e+03 4.421640450710256118e+02 6.517604572904365234e-01
1.497683071418347936e+03 4.397306212124916556e+02 6.507659608068462331e-01
1.497703905206333957e+03 4.428386474141328222e+02 6.527469097328744141e-01
1.497724738993387973e+03 4.425232995805487803e+02 6.523005305609562710e-01
1.497745572779510894e+03 4.419395481914658603e+02 6.513668901022442448e-01
1.497766406558183917e+03 4.388918874732239601e+02 6.518224586386651698e-01
1.497787240341978986e+03 4.362492569290507731e+02 6.488694050958644377e-01
1.497808074125307940e+03 4.349133105483874715e+02 6.476493549785171666e-01
1.497828907907240136e+03 4.356314267234466797e+02 6.475700643182491500e-01
1.497849741687774895e+03 4.328046596267378732e+02 6.462109728083739180e-01
1.497870575467844446e+03 4.321247592064627838e+02 6.456699369732079585e-01
1.497891409246517014e+03 4.316726103451655945e+02 6.459104404770318331e-01
1.497912243024723466e+03 4.330225980280821432e+02 6.469582840384769939e-01
1.497953910576945873e+03 4.366393100074946005e+02 6.471726824483865492e-01
1.497974744351893605e+03 4.369221784404328446e+02 6.478514723365129679e-01
1.497995578125443899e+03 4.379737035713745854e+02 6.493491463016788368e-01
1.498016411898062415e+03 4.385384748931084573e+02 6.489564818044082362e-01
1.498037245669283948e+03 4.371957466090522075e+02 6.483711530454734362e-01
1.498058079440038910e+03 4.367056320274288623e+02 6.483126830421894748e-01
1.498078913209398479e+03 4.357922859911898854e+02 6.469995341925735000e-01
1.498099746977826499e+03 4.355300508217030142e+02 6.476671629792708496e-01
1.498120580745322968e+03 4.349874679107579141e+02 6.467438375948422191e-01
1.498141414511422454e+03 4.325218179122555853e+02 6.460124249459210377e-01
1.498162248276591072e+03 4.322910304966978288e+02 6.455066121100317966e-01
1.498183082040827912e+03 4.328065912143889022e+02 6.451514294759048695e-01
1.498203915804133430e+03 4.339779952754316241e+02 6.473550839436714721e-01
1.498224749566041964e+03 4.318979102443859688e+02 6.463162990259583296e-01
1.498245583327484837e+03 4.325698335735735327e+02 6.466454941890130703e-01
1.498266417087530954e+03 4.363006013494830313e+02 6.482093363658898433e-01
1.498287250846180086e+03 4.352277681493108616e+02 6.482550582688394458e-01
1.498308084604364012e+03 4.368276114953360434e+02 6.480625861196638304e-01
1.498328918361150045e+03 4.362298600592654907e+02 6.485553312674672277e-01
1.498349752117006119e+03 4.370978977117297859e+02 6.488818519023283882e-01
1.498370585871929961e+03 4.378360916730865711e+02 6.499847199404630294e-01
1.498391419625455910e+03 4.389592777721048833e+02 6.498827856088714716e-01
1.498412253378051901e+03 4.364905571726615108e+02 6.495226088135578335e-01
1.498433087129716114e+03 4.404887281179433103e+02 6.506649275152943668e-01
1.498453920879982888e+03 4.396918350630982104e+02 6.514682262471798158e-01
1.498474754629784456e+03 4.432919255406935122e+02 6.534492354066651076e-01
1.498495588378189041e+03 4.457673222272374574e+02 6.558260910922029119e-01
1.498516422125661848e+03 4.454069778696935487e+02 6.553935411338124295e-01
1.498537255871738580e+03 4.457291935261396247e+02 6.564152827341716012e-01
1.498558089616883080e+03 4.487782589938855153e+02 6.559780329320543668e-01
1.498578923361096940e+03 4.460456050479046439e+02 6.567025213893434854e-01
1.498599757104379023e+03 4.494867478747474934e+02 6.591343842939257902e-01
1.498620590846263894e+03 4.532344658783718501e+02 6.603202164754681247e-01
1.498641424587217898e+03 4.530842683366905703e+02 6.606329150704667308e-01
1.498662258327241034e+03 4.529076358381934710e+02 6.604005711356037978e-01
1.498683092066331938e+03 4.541995608308886858e+02 6.615639299423196062e-01
1.498703925804026085e+03 4.538501457678101474e+02 6.619253212203974890e-01
1.498724759540788909e+03 4.574619629624069717e+02 6.634346855272779120e-01
1.498745593276154523e+03 4.583007233915683969e+02 6.645086472697092628e-01
1.498766427011054020e+03 4.592715416770242314e+02 6.654980121958312678e-01
1.498787260744557443e+03 4.584472015266142080e+02 6.654467572395685870e-01
1.498808094477129544e+03 4.618215154584406719e+02 6.661095650835878734e-01
1.498828928208304433e+03 4.596288402238166668e+02 6.660140812204317085e-01
1.498849761938547999e+03 4.595852937543525627e+02 6.658813251662564214e-01
1.498870595667860471e+03 4.601868393074012715e+02 6.673092179417321468e-01
1.498891429396242074e+03 4.606755995419874239e+02 6.657776841034792614e-01
1.498912263123226012e+03 4.603696307804459025e+02 6.666499945423478568e-01
1.498933096849278627e+03 4.645150382809483744e+02 6.686785312147028870e-01
1.498953930573934031e+03 4.622981869103039685e+02 6.674605550076723182e-01
1.498974764298124001e+03 4.585850652439318083e+02 6.661251123549584152e-01
1.498995598020917441e+03 4.580025449845289813e+02 6.653329029242717185e-01
1.499016431742313443e+03 4.549466726917551682e+02 6.653142015427331302e-01
1.499037265463244012e+03 4.565826066031268624e+02 6.640180460692314268e-01
1.499058099182777369e+03 4.586391077804066185e+02 6.653435188039710235e-01
1.499078932901379630e+03 4.601880826166836869e+02 6.661140391557019980e-01
1.499099766618584908e+03 4.619977698546080092e+02 6.678813631774507265e-01
1.499120600334858409e+03 4.626090116564015489e+02 6.690818702926284445e-01
1.499141434050201042e+03 4.655263340442514846e+02 6.698098714637561457e-01
1.499162267764146918e+03 4.644038530321892608e+02 6.707119300721989807e-01
1.499183101477161017e+03 4.624075034846306949e+02 6.691409973392908883e-01
1.499203935189244021e+03 4.623712107692348923e+02 6.675528185017109983e-01
1.499224768899930041e+03 4.599909497971817132e+02 6.675898497898387074e-01
1.499245602609684511e+03 4.588063679058492994e+02 6.659386106470192024e-01
1.499266436318506976e+03 4.568129905758354994e+02 6.644082011039932345e-01
1.499287270025933140e+03 4.582217654530132336e+02 6.648776044642168426e-01
1.499308103732428435e+03 4.568357194135955979e+02 6.635583646900000687e-01
1.499328937437991954e+03 4.569416064146839744e+02 6.651986892635096682e-01
1.499349771142158943e+03 4.558711171600749026e+02 6.646265439382731399e-01
1.499370604845394155e+03 4.559032933081870169e+02 6.638839257182019837e-01
1.499391438547698044e+03 4.568735629930075106e+02 6.649471000912777763e-01
1.499412272248604950e+03 4.567658925175963418e+02 6.641401582076134069e-01
1.499433105948580987e+03 4.557571742070873597e+02 6.646305347489824822e-01
1.499453939647159586e+03 4.559131727474041895e+02 6.642450642673369821e-01
1.499474773344807090e+03 4.553057996841561135e+02 6.635363120956399019e-01
1.499495607041522817e+03 4.527974903211531910e+02 6.627366012361372016e-01
1.499516440736842014e+03 4.523269215142427697e+02 6.606387570192964187e-01
1.499537274431229889e+03 4.463261854735588940e+02 6.581652259669212857e-01
1.499558108124686441e+03 4.448534461833655769e+02 6.564206401043967132e-01
1.499578941816746010e+03 4.458620258736731330e+02 6.566358748791207844e-01
1.499599775507874028e+03 4.451656199605334336e+02 6.580628152144208931e-01
1.499620609198071179e+03 4.446191899002359946e+02 6.559829622736900179e-01
1.499641442886870436e+03 4.445021432679168356e+02 6.555632449249594318e-01
1.499662276574273619e+03 4.434685712592777236e+02 6.548507168325738981e-01
1.499683110260745025e+03 4.424373484824079696e+02 6.554321688059374651e-01
1.499703943946284426e+03 4.399132976192621527e+02 6.540251438064157430e-01
1.499724777630892959e+03 4.415033253205403412e+02 6.549797707629746446e-01
1.499745611314104508e+03 4.419540112342489238e+02 6.543548786017316932e-01
1.499766444995919528e+03 4.435343448618007756e+02 6.555622220598399386e-01
1.499787278677269114e+03 4.456610544844233459e+02 6.573874289452373842e-01
1.499808112356755373e+03 4.444705021970877965e+02 6.564329210296186989e-01
1.499828946035776426e+03 4.449058325429748493e+02 6.572117796733177864e-01
1.499849779713400494e+03 4.456558943860280237e+02 6.567227159662182290e-01
1.499870613389627124e+03 4.445984227934711726e+02 6.570168737410382320e-01
1.499891447064922886e+03 4.461654045573899907e+02 6.573776592905180571e-01
1.499912280739286871e+03 4.464872342381484600e+02 6.573573261561010961e-01
1.499933114412255009e+03 4.450294763926035557e+02 6.581963332190854388e-01
1.499953948084290914e+03 4.478431087422966925e+02 6.601587555064671875e-01
1.499974781754930063e+03 4.484120821701923205e+02 6.585972904639599834e-01
1.499995615424637435e+03 4.480058557671288781e+02 6.590672828063049993e-01
1.500016449092948505e+03 4.482944044284445795e+02 6.594492721309487271e-01
1.500037282760328026e+03 4.490568378563614260e+02 6.594088007864633560e-01
1.500058116426775541e+03 4.458267316171824746e+02 6.599576527202468679e-01
1.500078950091825391e+03 4.490030211061355203e+02 6.594283475583280207e-01
1.500099783755479621e+03 4.469885725051238410e+02 6.600649392446202857e-01
1.500120617418202983e+03 4.452637081561528021e+02 6.588428682305900175e-01
1.500141451079994113e+03 4.460599888232877674e+02 6.584041752504408151e-01
1.500162284740388486e+03 4.444082974196307987e+02 6.592800035791729352e-01
1.500183118399851992e+03 4.462127298082842799e+02 6.587171047618506359e-01
1.500203952057917832e+03 4.428423303074876003e+02 6.573400980360805113e-01
1.500224785714586915e+03 4.442349145076286163e+02 6.571628488659846390e-01
1.500245619370791019e+03 4.440904361349661258e+02 6.580102337922600908e-01
1.500266453025132023e+03 4.466890311690456201e+02 6.584504339235972559e-01
1.500287286678541932e+03 4.437095982882083263e+02 6.572359716413559427e-01
1.500308120331019836e+03 4.411180048511366181e+02 6.557606507475131075e-01
1.500328953982101439e+03 4.407943567347214753e+02 6.548645517571917152e-01
1.500349787632251036e+03 4.415428948411988586e+02 6.550325727007633159e-01
1.500370621281004560e+03 4.404114833281566916e+02 6.547265535054986874e-01
1.500391454928359963e+03 4.401278558825057985e+02 6.548127603081610459e-01
1.500412288574783588e+03 4.396750422346834739e+02 6.545174753465774486e-01
1.500433122220277028e+03 4.397690953712316286e+02 6.551643656021708395e-01
1.500453955864373484e+03 4.401800117418295599e+02 6.544224632779148676e-01
1.500474789507072501e+03 4.402580329614601737e+02 6.551079121722838128e-01
1.500495623148840423e+03 4.411136878176972118e+02 6.551130300286096553e-01
1.500516456789212043e+03 4.405494404992082877e+02 6.544451189775269961e-01
1.500537290428651431e+03 4.408099906838687048e+02 6.563420912295694354e-01
1.500558124066693836e+03 4.406307931332333965e+02 6.547716154992642146e-01
1.500578957703806054e+03 4.394400327088952736e+02 6.554350333925367256e-01
1.500599791339519925e+03 4.378724703707105732e+02 6.535152720321003583e-01
1.500620624973837948e+03 4.385668727371900673e+02 6.559078596232490455e-01
1.500641458607223967e+03 4.398568151131315176e+02 6.543583855254968551e-01
1.500662292239213002e+03 4.402191146713603302e+02 6.549147919202769064e-01
1.500683125870270032e+03 4.403174777777965119e+02 6.546691063457035220e-01
1.500703959499930534e+03 4.434634162133555151e+02 6.569870034649565316e-01
1.500724793128194051e+03 4.420723409019855694e+02 6.562653721416790153e-01
1.500745626755526928e+03 4.438914294411222841e+02 6.570702830365031666e-01
1.500766460381461911e+03 4.427842894826255815e+02 6.584173470822611840e-01
1.500787294006001048e+03 4.425184237101975668e+02 6.566234842817036954e-01
1.500808127629607952e+03 4.438335311326625288e+02 6.595455934310961998e-01
1.500828961251818555e+03 4.464773121866564338e+02 6.594264494001029764e-01
1.500849794873097380e+03 4.442175109135759499e+02 6.588537017659794603e-01
1.500870628492979449e+03 4.461321422518650479e+02 6.593143353871968593e-01
1.500891462111464079e+03 4.467389381556498620e+02 6.594712806302058805e-01
1.500912295729018069e+03 4.467712159038975983e+02 6.603410902211203082e-01
1.500933129345175075e+03 4.448757107531102406e+02 6.595955448221099138e-01
1.500953962959934415e+03 4.475069813659700344e+02 6.595886318293587847e-01
1.500974796573761978e+03 4.496923513353627868e+02 6.608124355372775316e-01
1.500995630186193011e+03 4.488949047267426522e+02 6.609929217105294796e-01
1.501016463797227061e+03 4.489650218336281000e+02 6.607307778144914101e-01
1.501037297406864582e+03 4.458310396792193160e+02 6.594449336132166550e-01
1.501078964622879994e+03 4.506877791550867869e+02 6.611985550033855352e-01
1.501099798228791997e+03 4.494457693679999011e+02 6.619634101687240646e-01
1.501120631833773132e+03 4.494458503878856277e+02 6.611406108897760481e-01
1.501141465437357056e+03 4.514942305492251080e+02 6.616923276271673426e-01
1.501162299039543541e+03 4.509094790449100287e+02 6.621491861893318287e-01
1.501183132640333042e+03 4.506601526939152791e+02 6.616366564057014621e-01
1.501203966239726924e+03 4.502749842397948328e+02 6.607417382608905543e-01
1.501224799838187664e+03 4.501609229324809007e+02 6.607126678719468238e-01
1.501245633435251875e+03 4.491854660699874557e+02 6.604800812593260018e-01
1.501266467030919102e+03 4.473012198238070027e+02 6.591425454307396903e-01
1.501287300625655462e+03 4.496397542378249454e+02 6.606675374493343744e-01
1.501308134218528949e+03 4.499990058440953362e+02 6.603714857280513773e-01
1.501328967810471113e+03 4.484550946548849311e+02 6.595804084364363939e-01
1.501349801401016975e+03 4.489672817646118688e+02 6.596804828713319635e-01
1.501370634990164945e+03 4.501428137498576802e+02 6.596160574591131143e-01
1.501391468577916385e+03 4.487222121391481551e+02 6.597530329910299418e-01
1.501412302164736502e+03 4.483339760496324971e+02 6.593172509093396805e-01
1.501433135749693975e+03 4.457845616261313353e+02 6.582831721772389733e-01
1.501453969333720124e+03 4.473618443015834600e+02 6.576579748318223118e-01
1.501474802916348381e+03 4.454272293239758937e+02 6.585314240383667306e-01
1.501495636497580108e+03 4.459667099144533040e+02 6.577048297394444409e-01
1.501516470077415079e+03 4.459435947829597922e+02 6.571535520542196585e-01
1.501537303655853066e+03 4.467814022388161561e+02 6.580010621836243079e-01
1.501558137232894069e+03 4.463677483709317926e+02 6.578058011400276239e-01
1.501578970808538088e+03 4.430456407482859618e+02 6.565406927511610036e-01
1.501599804382784896e+03 4.445051704039679521e+02 6.575961158034431264e-01
1.501620637956100836e+03 4.448955122840437184e+02 6.576523103276509241e-01
1.501641471527554586e+03 4.445261784680375854e+02 6.573077940939704433e-01
1.501662305097610442e+03 4.451208082431598427e+02 6.571557515557097107e-01
1.501683138666735431e+03 4.447178965976413565e+02 6.583869518906614315e-01
1.501703972233997092e+03 4.446114702208204221e+02 6.562834458683817207e-01
1.501724805800327431e+03 4.449729756245278054e+02 6.573454252003623210e-01
1.501745639364795579e+03 4.419953713845831658e+02 6.553434741004297015e-01
1.501766472927866971e+03 4.427818333138797584e+02 6.560586695821369885e-01
1.501787306490007040e+03 4.413146536521593362e+02 6.546335748937988086e-01
1.501808140050284010e+03 4.398746083435196965e+02 6.536310936429811091e-01
1.501828973609164450e+03 4.421172427382827550e+02 6.540982756328496128e-01
1.501849807166648134e+03 4.412428786835452570e+02 6.533564855485897160e-01
1.501870640722734151e+03 4.407497956499088900e+02 6.538842337672298166e-01
1.501891474277423413e+03 4.411493312763721519e+02 6.546632566492703864e-01
1.501912307830715463e+03 4.410651775267292578e+02 6.547071849986348946e-01
1.501933141382610074e+03 4.434006893241863168e+02 6.538885863913923568e-01
1.501953974932643177e+03 4.418207249677696495e+02 6.545947862768891623e-01
1.501974808481744503e+03 4.445964686767834451e+02 6.561914145340822513e-01
1.501995642028983184e+03 4.442648340750172338e+02 6.566284995516813439e-01
1.502016475574825108e+03 4.440762810534893106e+02 6.568847946612738076e-01
1.502037309119270049e+03 4.433514924826901620e+02 6.569405736959281761e-01
1.502058142661851889e+03 4.477420809769764674e+02 6.577268286436475098e-01
1.502078976203502862e+03 4.457086619571247752e+02 6.567233739813098659e-01
1.502099809743290962e+03 4.459322570285099232e+02 6.566585222899428143e-01
1.502120643281681623e+03 4.477266870594397687e+02 6.569632332847862299e-01
1.502141476818675073e+03 4.476948354482271952e+02 6.574543619090532642e-01
1.502162310353807015e+03 4.460460622199262275e+02 6.573584142327328905e-01
1.502183143887541974e+03 4.467177143813217981e+02 6.575152824351829794e-01
1.502203977419879948e+03 4.471644295747756246e+02 6.574376123078111700e-01
1.502224810950354822e+03 4.456435754414414419e+02 6.560312542331818708e-01
1.502245644479432940e+03 4.470414150393074806e+02 6.588257015748689716e-01
1.502266478007114074e+03 4.460567419075483144e+02 6.580729596392476122e-01
1.502287311532932108e+03 4.464265253283960533e+02 6.562601951533797440e-01
1.502308145057352931e+03 4.486843580960110103e+02 6.556959765465139034e-01
1.502328978580376997e+03 4.464388264981326415e+02 6.577940668708381899e-01
1.502349812101538419e+03 4.462405136965733163e+02 6.554079557285767965e-01
1.502370645621303538e+03 4.463113772238058345e+02 6.544688895418041552e-01
1.502391479139205558e+03 4.458069976960125018e+02 6.559561571118515122e-01
1.502412312655710593e+03 4.452727649932568283e+02 6.547332447248807030e-01
1.502433146170352984e+03 4.458703052023000737e+02 6.546726798699461503e-01
1.502453979683598391e+03 4.447726761550590027e+02 6.539795974558761937e-01
1.502474813194981834e+03 4.445946199923565132e+02 6.549613425444167358e-01
1.505933181462429957e+03 4.432107889585575435e+02 6.439055902912302898e-01
1.505954015030623850e+03 4.406318597129037471e+02 6.438106323132144482e-01
1.505974848597885511e+03 4.407750064835650505e+02 6.437965135529117866e-01
1.505995682164215850e+03 4.404278159323740169e+02 6.433886949242639819e-01
1.506016515729149887e+03 4.416481389165363112e+02 6.439721659278505594e-01
1.506037349293153056e+03 4.418780208106264809e+02 6.438639104854980699e-01
1.506058182855758560e+03 4.401609634395749140e+02 6.438249359218518597e-01
1.506079016417432513e+03 4.435952581489499948e+02 6.437436927560500344e-01
1.506099849978174461e+03 4.411322066029570124e+02 6.437581830291638774e-01
1.506120683537985997e+03 4.417362562723001247e+02 6.439832496286148622e-01
1.506141517096401003e+03 4.424300570089815210e+02 6.439948653274103485e-01
1.506162350653418571e+03 4.404857031823241869e+02 6.436770008881759209e-01
1.506183184209970022e+03 4.401659339904728654e+02 6.433215724861619522e-01
1.506204017765124036e+03 4.429316726575290772e+02 6.446519449685610414e-01
1.506224851318881974e+03 4.424373943026552070e+02 6.440132371403908262e-01
1.506245684872174934e+03 4.408260821975026715e+02 6.440547684636230841e-01
1.506266518424069545e+03 4.408446302854529222e+02 6.449189840491117431e-01
1.506287351974566946e+03 4.399527074808544285e+02 6.439165362892826927e-01
1.506308185524600049e+03 4.425765263473959408e+02 6.455020413739511742e-01
1.506329019072770052e+03 4.405882783652348280e+02 6.437639697883125178e-01
1.506349852620474394e+03 4.401246968585845707e+02 6.441782822945516518e-01
1.506370686166781525e+03 4.407403196296569376e+02 6.440074526210456396e-01
1.506391519712156878e+03 4.422288844764823352e+02 6.446884888249856393e-01
1.506412353256135930e+03 4.415472786370457356e+02 6.453421144871599457e-01
1.506433186799650002e+03 4.421824951317803425e+02 6.448791027615154992e-01
1.506454020341300520e+03 4.406043666183120422e+02 6.442471658424503422e-01
1.506474853882484922e+03 4.408913484964126610e+02 6.441103167600904511e-01
1.506495687422272567e+03 4.414388535396799398e+02 6.463559302573129717e-01
1.506516520960663911e+03 4.429113779574286127e+02 6.449798872125800386e-01
1.506537354498588911e+03 4.416044722007730456e+02 6.452257056438485128e-01
1.506558188035116927e+03 4.444658516254555138e+02 6.460370362931965316e-01
1.506579021570714076e+03 4.418634496218549543e+02 6.463084831559327004e-01
1.506599855104914013e+03 4.422253763933058508e+02 6.456645134783428608e-01
1.506620688638183083e+03 4.413010423443097352e+02 6.478253657990535874e-01
1.506641522170521057e+03 4.421849748314890007e+02 6.463611635192653138e-01
1.506662355701460456e+03 4.401521695111204053e+02 6.461667435914706381e-01
1.506683189231469441e+03 4.419497619178367245e+02 6.460075348571122644e-01
1.506704022760081443e+03 4.433605240483074681e+02 6.481510356871553746e-01
1.506724856288228466e+03 4.417632940611554773e+02 6.457004000126824739e-01
1.506745689814977595e+03 4.430421674380691570e+02 6.464172512830607120e-01
1.506766523340329513e+03 4.412299742562644838e+02 6.457594065245069181e-01
1.506787356865216452e+03 4.420163757655859627e+02 6.456127687386860048e-01
1.506808190388706862e+03 4.402937642440869013e+02 6.453798429805041037e-01
1.506829023910800061e+03 4.407440217776651821e+02 6.462319564145042605e-01
1.506849857431961027e+03 4.427551983601618986e+02 6.458444568742573999e-01
1.506870690952190444e+03 4.410798453839773856e+02 6.470882211792470251e-01
1.506891524471489902e+03 4.408047993702865028e+02 6.455717069597337598e-01
1.506912357989391921e+03 4.418848217423761753e+02 6.465915925241281226e-01
1.506933191506361936e+03 4.406225218833528743e+02 6.453759640204916881e-01
1.506954025022401083e+03 4.402587836957532659e+02 6.452162830214904776e-01
1.506974858537043474e+03 4.393206706928418157e+02 6.446682177575606687e-01
1.506995692050754997e+03 4.388610362508984508e+02 6.441112190044179231e-01
1.507016525563534515e+03 4.388335899550129966e+02 6.438307220810246534e-01
1.507037359075382028e+03 4.392183442751181701e+02 6.449822668476695720e-01
1.507058192585833922e+03 4.386989046479690160e+02 6.444971480162193789e-01
1.507079026094888377e+03 4.392594663508997996e+02 6.441765473888194649e-01
1.507099859603477398e+03 4.375600585937500000e+02 6.430042326581714152e-01
1.507120693110668981e+03 4.384209707099280990e+02 6.433745669046073701e-01
1.507141526616928559e+03 4.378631235976203584e+02 6.439279912042720211e-01
1.507162360121792062e+03 4.368946192756175151e+02 6.445409600653517757e-01
1.507183193625724471e+03 4.359804497711546105e+02 6.433707453377851548e-01
1.507204027128725102e+03 4.386182989714799305e+02 6.441168869206443937e-01
1.507224860630793955e+03 4.371176204788151267e+02 6.434529387598219019e-01
1.507245694131466507e+03 4.368618501972305808e+02 6.434698671237966128e-01
1.507266527631207964e+03 4.356179160533416166e+02 6.427887684359518961e-01
1.507287361130016961e+03 4.362526667638562117e+02 6.427163436324524470e-01
1.507308194627429430e+03 4.359679710356585929e+02 6.438811520427168977e-01
1.507329028123911030e+03 4.361721655618859472e+02 6.434661155959106038e-01
1.507349861619461990e+03 4.397712054861804063e+02 6.437372576739457397e-01
1.507370695113614602e+03 4.381413682743328195e+02 6.429480325691444564e-01
1.507391528607301552e+03 4.395322647548700843e+02 6.429405234017219195e-01
1.507412362099592428e+03 4.392193710305954824e+02 6.429757971858304222e-01
1.507433195590486093e+03 4.401805449882111816e+02 6.435226177740108744e-01
1.507454029080447981e+03 4.388520187296717836e+02 6.433955966964797213e-01
1.507474862569478546e+03 4.404493561384308578e+02 6.432786039641291698e-01
1.507495696057578016e+03 4.404214766722293461e+02 6.431139071798904761e-01
1.507516529544280957e+03 4.409871711554824287e+02 6.432743648654452029e-01
1.507537363030517554e+03 4.423414874775036196e+02 6.435311389834639240e-01
1.507558196514891506e+03 4.373846045114344179e+02 6.426982361563503554e-01
1.507579029998800024e+03 4.401452256894645529e+02 6.433605543819472805e-01
1.507599863481312013e+03 4.405850136107673620e+02 6.432081571743769599e-01
1.507620696962891998e+03 4.393288510860843417e+02 6.437556136914267535e-01
1.507641530443540432e+03 4.401224713706815805e+02 6.432026665874854832e-01
1.507662363922793020e+03 4.391867394693917959e+02 6.436420664996297392e-01
1.507683197401114057e+03 4.400914239874622353e+02 6.433894592181211847e-01
1.507704030878502635e+03 4.382393325815982053e+02 6.443598895146619432e-01
1.507724864354960573e+03 4.379902550342004020e+02 6.427601611500057821e-01
1.507745697830021982e+03 4.360679707942470031e+02 6.430146610003525387e-01
1.507766531304151613e+03 4.381606473012489005e+02 6.429055953499251963e-01
1.507787364777349467e+03 4.386418503134877369e+02 6.431804257560703730e-01
1.507808198249150564e+03 4.389960088893648162e+02 6.427943784675046457e-01
1.507829031720021021e+03 4.380894147304580883e+02 6.437024423013329999e-01
1.507849865189959928e+03 4.368981577323706347e+02 6.426004098662948527e-01
1.507891532126576976e+03 4.376963144091666891e+02 6.428380515843815646e-01
1.507912365593256482e+03 4.367597267003931734e+02 6.427025717956715845e-01
1.507933199059004892e+03 4.358779743769053425e+02 6.434522208576617386e-01
1.507954032523821525e+03 4.372565218107257579e+02 6.428224510717069906e-01
1.507974865987240491e+03 4.384319750057222222e+02 6.452178303733306919e-01
1.507995699449729045e+03 4.357610551422406502e+02 6.433865410003271057e-01
1.508016532911286049e+03 4.371936756508300164e+02 6.432501111243604797e-01
1.508037366371445387e+03 4.363184361378258131e+02 6.446123014408379204e-01
1.508058199830673857e+03 4.364939575515241472e+02 6.438345872063819808e-01
1.508079033288971004e+03 4.361260347050953214e+02 6.439171379666557282e-01
1.508099866746336374e+03 4.378317496642822562e+02 6.435092800022548243e-01
1.508120700202304988e+03 4.385848969355850500e+02 6.445131935133505685e-01
1.508141533657808850e+03 4.366956817332075502e+02 6.449625595078846141e-01
1.508162367111915046e+03 4.373873922668577165e+02 6.436413488084181678e-01
1.508183200564624030e+03 4.373720348568559757e+02 6.449122372143369919e-01
1.508204034016866899e+03 4.373717789972587866e+02 6.441913286359773894e-01
1.508224867467713921e+03 4.364868621117472571e+02 6.447558387412101188e-01
1.508245700917163958e+03 4.366771343970419821e+02 6.434676671563923644e-01
1.508266534366147880e+03 4.365411281194368485e+02 6.442612515978000109e-01
1.508287367813734363e+03 4.373033963256483503e+02 6.435918724882853104e-01
1.508308201260856094e+03 4.398094445674712460e+02 6.441509165037138107e-01
1.508329034706114498e+03 4.359850124248789598e+02 6.454666286148305065e-01
1.508349868150907014e+03 4.375466688868046390e+02 6.451206171381738130e-01
1.508370701594303455e+03 4.374232206043797646e+02 6.446879572087791388e-01
1.508391535036767891e+03 4.389887519553586230e+02 6.452859101809577114e-01
1.508412368478301460e+03 4.410674082167906818e+02 6.470674265420922611e-01
1.508433201918903023e+03 4.395005548259228476e+02 6.477431750893145601e-01
1.508454035358108513e+03 4.402661357955694257e+02 6.451947120884965470e-01
1.508474868796382452e+03 4.407045770109692739e+02 6.460266798049015824e-01
1.508495702233724387e+03 4.418133188980186787e+02 6.455998434463060542e-01
1.508516535669670020e+03 4.417969601331370200e+02 6.464012299975057108e-01
1.508537369105149992e+03 4.425711467013536549e+02 6.472194675892652960e-01
1.508558202539232070e+03 4.379565481989436648e+02 6.470388702481831844e-01
1.508579035972383508e+03 4.420511724102171343e+02 6.468745549518325477e-01
1.508599869404137962e+03 4.386889997211128502e+02 6.458933915136373383e-01
1.508620702834961548e+03 4.428883315893434656e+02 6.459611002352979581e-01
1.508641536265319019e+03 4.421176633601775166e+02 6.463843553508240580e-01
1.508662369693812934e+03 4.428969301367226876e+02 6.476992345518295391e-01
1.508683203121843007e+03 4.407754413937428239e+02 6.475942022882277271e-01
1.508704036548474505e+03 4.448969706987716108e+02 6.472783126001944165e-01
1.508724869974174908e+03 4.596642249302751679e+02 6.478118865934450188e-01
1.508745703398944897e+03 4.686666327838087227e+02 6.474238136200796134e-01
1.508766536822784019e+03 4.716981510796343855e+02 6.472111330824181774e-01
1.508787370245224338e+03 4.613875263768152308e+02 6.476842112654180861e-01
1.508808203666734016e+03 4.509068411491339816e+02 6.488934258402365707e-01
1.508829037087313054e+03 4.421701413144564299e+02 6.487997720622145081e-01
1.508849870506960087e+03 4.431518068872091476e+02 6.487655039865938278e-01
1.508870703925209909e+03 4.410364849027709511e+02 6.472103502779188444e-01
1.508891537342528864e+03 4.406455396892910699e+02 6.470662290454060050e-01
1.508912370758917859e+03 4.430236326259313273e+02 6.479051771913564295e-01
1.508933204174373486e+03 4.426968830310350427e+02 6.498233050656715415e-01
1.508954037588433039e+03 4.454920100441909199e+02 6.498818455192670873e-01
1.508974871001561041e+03 4.435003073774180962e+02 6.489686284440090436e-01
1.508995704413757494e+03 4.432132120280693357e+02 6.497794363964938258e-01
1.509016537825022624e+03 4.455869592885205748e+02 6.500285976794653031e-01
1.509037371235357114e+03 4.469312693538011558e+02 6.513985507626293137e-01
1.509058204644293482e+03 4.455408189711210980e+02 6.501891594524303875e-01
1.509079038052298984e+03 4.425538674014292155e+02 6.498287855747261199e-01
1.509099871459374071e+03 4.458072754696957531e+02 6.510274936404873980e-01
1.509120704865051493e+03 4.475359219188393354e+02 6.530643754410663249e-01
1.509141538269797366e+03 4.459825280930072040e+02 6.529666873034859487e-01
1.509162371673612142e+03 4.480617902173952416e+02 6.516526267384016302e-01
1.509183205076495597e+03 4.492400994213526246e+02 6.549810675440130847e-01
1.509204038478447501e+03 4.492858258423706275e+02 6.547045220686331657e-01
1.509224871879001967e+03 4.493563905932624039e+02 6.535146791915297237e-01
1.509245705278626474e+03 4.434638137888287588e+02 6.513473988147913118e-01
1.509266538677318522e+03 4.445207731702924434e+02 6.512834532304050406e-01
1.509287372074614041e+03 4.437333691338597532e+02 6.522321091563599849e-01
1.509308205471444126e+03 4.432759304545622285e+02 6.497734738814168187e-01
1.509329038866876999e+03 4.445361883419027436e+02 6.493105239360753567e-01
1.509349872261378550e+03 4.448308882021067348e+02 6.498710458557789282e-01
1.509370705654947869e+03 4.435750549935797267e+02 6.498498358032225308e-01
1.509391539047122023e+03 4.432005489052740472e+02 6.493994001296491403e-01
1.509412372438363491e+03 4.429323759327774610e+02 6.483998804784755210e-01
1.509433205828674090e+03 4.406806351582891921e+02 6.478357395359370940e-01
1.509454039218053367e+03 4.401675256466255064e+02 6.474021781391556818e-01
1.509474872606035660e+03 4.391717453243377349e+02 6.484208621912479487e-01
1.509495705993086176e+03 4.398441718446366053e+02 6.479065341300269676e-01
1.509516539379206051e+03 4.408317180998975573e+02 6.487451306198923628e-01
1.509537372764393922e+03 4.399245284373682239e+02 6.474698211382678981e-01
1.509558206148650470e+03 4.401765020335194549e+02 6.475010509924293833e-01
1.509579039531511171e+03 4.380403291586911791e+02 6.472628651515802689e-01
1.509599872913439413e+03 4.403598764989689585e+02 6.469395812595113426e-01
1.509620706294437014e+03 4.394340186237605508e+02 6.471083703839808354e-01
1.509641539674036949e+03 4.380216397690714984e+02 6.461912337613232582e-01
1.509662373053171905e+03 4.358535003134932708e+02 6.456992692134172485e-01
1.509683206430909649e+03 4.362671574571191400e+02 6.455148993722051864e-01
1.509704039807716072e+03 4.345731393591390770e+02 6.444467893805354564e-01
1.509724873183125965e+03 4.349335177550395883e+02 6.443931431625733453e-01
1.509745706558069060e+03 4.373455758798643274e+02 6.457936725949157131e-01
1.509766539931615625e+03 4.356898665776795951e+02 6.451756348380383033e-01
1.509787373304231096e+03 4.357968019925455678e+02 6.453577233602250107e-01
1.509808206675449583e+03 4.354331069047044593e+02 6.451187230783977933e-01
1.509829040046201953e+03 4.345682178884687232e+02 6.442222085508798601e-01
1.509849873415558477e+03 4.346929709759493221e+02 6.431453253793752989e-01
1.509870706783982541e+03 4.339364030196069280e+02 6.438791849085148122e-01
1.509891540151475965e+03 4.337925289042640884e+02 6.428302629656461598e-01
1.509912373517572632e+03 4.355521447614202089e+02 6.434361257441157944e-01
1.509933206882737068e+03 4.320127078814994661e+02 6.423324300760959726e-01
1.509954040246969953e+03 4.334561078494820663e+02 6.419668797865583088e-01
1.509974873610272880e+03 4.324941596969405282e+02 6.417399682456065291e-01
1.509995706963330576e+03 4.327023026956066474e+02 6.418880247003665440e-01
1.510016540324304060e+03 4.328035501819031197e+02 6.423684331688540583e-01
1.510037373684347131e+03 4.336874095205780577e+02 6.442999222360623612e-01
1.510058207043457969e+03 4.325525132433494377e+02 6.432818701358647973e-01
1.510079040401637485e+03 4.367365554695982155e+02 6.424314337261319841e-01
1.510099873758420927e+03 4.347719758266227359e+02 6.418423599962858050e-01
1.510120707114272591e+03 4.345608665413936933e+02 6.443930275409013309e-01
1.510141540469192023e+03 4.348673786623072601e+02 6.414492119956969329e-01
1.510162373822716063e+03 4.339938323420695951e+02 6.417076685013439752e-01
1.510183207175773532e+03 4.333010438644025726e+02 6.416189577482181994e-01
1.510204040527434017e+03 4.327373012788902429e+02 6.409109221871294171e-01
1.510224873878163635e+03 4.332354522446978535e+02 6.411256229697339659e-01
1.510245707227495586e+03 4.332869628124141741e+02 6.417106407959092262e-01
1.510266540576361876e+03 4.324594015820578079e+02 6.406089036361480860e-01
1.510287373923832092e+03 4.346812954985538227e+02 6.413508002117610518e-01
1.510308207269904415e+03 4.335619248439037960e+02 6.417451462705148213e-01
1.510329040615511076e+03 4.337076279935553202e+02 6.404860043347813114e-01
1.510349873959722117e+03 4.336453913284036616e+02 6.407680584345686325e-01
1.510370707303466133e+03 4.335613680581085418e+02 6.410222566344100370e-01
1.510391540645347504e+03 4.317582840293030131e+02 6.404310491093118118e-01
1.510412373986764123e+03 4.330673456668042149e+02 6.405853631387867786e-01
1.510433207326783076e+03 4.315055912935923743e+02 6.404632271060657356e-01
1.510454040666335914e+03 4.327172568215414685e+02 6.413311903939890035e-01
1.510474874004027015e+03 4.318492010446940981e+02 6.407841508004852304e-01
1.510495707341252000e+03 4.315474371769922755e+02 6.398025210631683724e-01
1.510516540677080002e+03 4.316114015827593562e+02 6.399030106038640087e-01
1.510537374012443024e+03 4.323022436399387516e+02 6.401555504491297510e-01
1.510558207345942492e+03 4.336301553678359255e+02 6.420379965848480586e-01
1.510579040678976526e+03 4.306245560789596993e+02 6.406969402206827979e-01
1.510599874010613576e+03 4.318283418164985505e+02 6.412176554220764269e-01
1.510620707341319076e+03 4.319190545632139333e+02 6.418035644999893208e-01
1.510641540671093935e+03 4.337089382263196740e+02 6.408671177423431731e-01
1.510662373999936790e+03 4.340184079401599320e+02 6.420614141980302003e-01
1.510683207327383116e+03 4.312895290609627637e+02 6.407639422587261269e-01
1.510704040653898574e+03 4.346028804095539044e+02 6.420215410810703460e-01
1.510724873979482027e+03 4.331799830491406738e+02 6.418568467616215800e-01
1.510745707304133930e+03 4.343078228216218122e+02 6.412858345846025321e-01
1.510766540627389531e+03 4.321856980084924089e+02 6.412608085152706749e-01
1.510787373949713583e+03 4.345590333187706733e+02 6.414760890765166534e-01
1.510808207271105402e+03 4.320602541286615974e+02 6.421340056922723027e-01
1.510829040591102057e+03 4.341601768367378327e+02 6.409525847833640322e-01
1.510849873910166480e+03 4.358096623210697089e+02 6.410505695569886919e-01
1.510870707228299125e+03 4.302286291886413210e+02 6.397814663299864479e-01
1.510891540545500447e+03 4.311816723118772643e+02 6.406492600848380237e-01
1.510912373861770902e+03 4.304788843246757324e+02 6.411956013737452054e-01
1.510933207176644373e+03 4.336914680423697064e+02 6.399275774882716705e-01
1.510954040490586522e+03 4.304049375198515008e+02 6.389588111010807703e-01
1.510974873803131459e+03 4.312172999644677134e+02 6.400090489641865332e-01
1.511016540425893481e+03 4.287340650092659189e+02 6.389616795781734027e-01
1.511037373735643996e+03 4.313158710518829366e+02 6.390520416747079713e-01
1.511058207043998436e+03 4.305671016752733067e+02 6.390308689413091159e-01
1.511079040351421554e+03 4.324038315544017905e+02 6.385708416926636488e-01
1.511099873657912440e+03 4.305736812056288159e+02 6.381540795107142339e-01
1.511120706963472458e+03 4.292628954943754138e+02 6.384825819682214965e-01
1.511141540268100925e+03 4.306155320189869258e+02 6.391405491630118840e-01
1.511162373571332864e+03 4.302617656301666784e+02 6.382449295000920397e-01
1.511183206873633480e+03 4.300410844421073193e+02 6.393300203031010431e-01
1.511204040174537113e+03 4.315713404028742843e+02 6.388969374808523005e-01
1.511224873474975084e+03 4.324712333237953317e+02 6.409320328143107703e-01
1.511245706774016071e+03 4.348688827433805955e+02 6.412544182296150419e-01
1.511266540071659620e+03 4.340339096946611903e+02 6.404887496457493112e-01
1.511287373368837962e+03 4.342617143576468379e+02 6.413593270426356518e-01
1.511308206664618410e+03 4.303655795868338032e+02 6.403629185573619376e-01
1.511329039959468901e+03 4.306053403539914939e+02 6.401249166487475994e-01
1.511349873253387614e+03 4.307233822699939196e+02 6.400318190741282054e-01
1.511370706545908888e+03 4.315688641680624187e+02 6.397880809447028527e-01
1.511391539837499522e+03 4.308510611388443863e+02 6.413714781615965643e-01
1.511412373128157924e+03 4.309207513516923314e+02 6.408433309534988798e-01
1.511433206417420024e+03 4.329861445138961926e+02 6.419242616376059640e-01
1.511454039705750574e+03 4.308668030547933654e+02 6.397993535812155352e-01
1.511474872993149575e+03 4.311403338803781367e+02 6.401638371523326043e-01
1.511495706279617934e+03 4.303292686735682082e+02 6.399032434697552452e-01
1.511516539564689083e+03 4.287121807261372624e+02 6.394633017949495901e-01
1.511537372848828454e+03 4.304948364197006754e+02 6.394848330401472492e-01
1.511558206131571978e+03 4.295425203063692834e+02 6.390209818739852610e-01
1.511579039413848477e+03 4.316059934203246371e+02 6.416389303488085893e-01
1.511599872694728447e+03 4.334271523596231077e+02 6.410424105425330810e-01
1.511620705974677094e+03 4.326490653804301587e+02 6.438062115543503605e-01
1.511641539253228530e+03 4.331413325710491335e+02 6.419249116088364682e-01
1.511662372530849098e+03 4.342666552879385904e+02 6.423282079317302884e-01
1.511683205807538343e+03 4.359954343053485672e+02 6.413247078697535963e-01
1.511704039082830150e+03 4.356637509159301089e+02 6.404966597979938614e-01
1.511724872357656523e+03 4.371634977490257938e+02 6.409977781983312584e-01
1.511745705630620023e+03 4.333661804439369121e+02 6.395435975329960554e-01
1.511766538903118999e+03 4.332912771925234665e+02 6.396663750615863009e-01
1.511787372174220081e+03 4.341561168197000029e+02 6.402401815061515844e-01
1.511808205444389841e+03 4.319141061276964138e+02 6.400166158083854251e-01
1.511829038713628506e+03 4.315062612304095637e+02 6.409486557814064733e-01
1.511849871981469960e+03 4.333072415425334043e+02 6.406948005052682804e-01
1.511870705248380546e+03 4.329254496350799286e+02 6.386954160312290352e-01
1.511891538513893465e+03 4.309852920671950187e+02 6.379160944285983126e-01
1.511912371778940951e+03 4.307211590577481388e+02 6.386066601789728292e-01
1.511933205042591453e+03 4.289215350020300548e+02 6.384837722254563808e-01
1.511954038304844971e+03 4.290539589336943891e+02 6.381286971071992165e-01
1.511974871566632828e+03 4.292111667189905120e+02 6.383532274580696608e-01
1.511995704826558494e+03 4.289605083414842852e+02 6.383722985088911006e-01
1.512016538086018045e+03 4.310033786911525340e+02 6.398403666014407243e-01
1.512037371344080384e+03 4.309567984264780307e+02 6.395407316659300623e-01
1.512058204601211401e+03 4.304373716173506068e+02 6.397017827976245741e-01
1.512079037857412004e+03 4.287090862595260887e+02 6.383407154187599186e-01
1.512099871112214942e+03 4.286878751914231884e+02 6.389209599899438041e-01
1.512120704366086102e+03 4.285400971901875096e+02 6.373460406098349074e-01
1.512141537618560960e+03 4.291681086823173814e+02 6.380954906354504574e-01
1.512162370870104041e+03 4.268449954177444283e+02 6.379967250291482816e-01
1.512183204120716482e+03 4.266133653608096665e+02 6.370679213874109736e-01
1.512204037370397600e+03 4.271957031376904297e+02 6.373084210524065929e-01
1.512224870618681052e+03 4.295339691640669457e+02 6.393225152557625579e-01
1.512245703865567521e+03 4.278362634083583771e+02 6.374710179267116805e-01
1.512266537111987873e+03 4.275485013441564206e+02 6.379842760680596303e-01
1.512287370357013060e+03 4.284325481538829195e+02 6.379380282690149118e-01
1.512308203600639899e+03 4.292258009911062118e+02 6.398543164844449072e-01
1.512329036843801077e+03 4.283212597266751231e+02 6.379036906131273499e-01
1.512349870085565499e+03 4.290559249516240357e+02 6.382733656210681783e-01
1.512370703325932936e+03 4.280302366441135860e+02 6.376873208636157919e-01
1.512391536565369506e+03 4.270597884701088560e+02 6.382185233961460424e-01
1.512412369803874526e+03 4.277694857153725820e+02 6.377072997667955212e-01
1.512433203040981880e+03 4.277665592580456178e+02 6.389376586000398150e-01
1.512454036277158593e+03 4.292000371533417251e+02 6.392090897446751629e-01
1.512474869512403075e+03 4.282564954741914107e+02 6.390040522478231955e-01
1.512495702746251482e+03 4.288118257796742228e+02 6.382719882026978153e-01
1.512516535979168111e+03 4.285492337151257516e+02 6.373443572463958207e-01
1.512537369210688439e+03 4.298995727399582165e+02 6.385654279095314134e-01
1.512558202441276990e+03 4.283613205891820144e+02 6.383571024055817444e-01
1.512579035670933990e+03 4.322181175746644044e+02 6.389474303496192054e-01
1.512599868899194462e+03 4.287666973822522891e+02 6.384894200824836608e-01
1.512620702126522929e+03 4.283366270250083403e+02 6.383451273412099614e-01
1.512641535352454866e+03 4.313588807532044029e+02 6.391772682457950161e-01
1.512662368577455481e+03 4.294611790466445314e+02 6.399341905927249385e-01
1.512683201801525456e+03 4.290463959275649586e+02 6.378679260962044628e-01
1.512704035024197537e+03 4.299744205880487016e+02 6.393533972617322370e-01
1.512724868245472862e+03 4.300208510299308955e+02 6.382427815642867097e-01
1.512745701466282981e+03 4.298875162620981882e+02 6.380661124426939557e-01
1.512766534685229999e+03 4.321041082266459625e+02 6.384461496880997622e-01
1.512787367903711129e+03 4.316331491635266957e+02 6.379520898232372561e-01
1.512808201120795502e+03 4.306327243871185146e+02 6.382052849116522930e-01
1.512829034336482891e+03 4.325843218877836875e+02 6.384921039639729345e-01
1.512849867551239640e+03 4.303352358797894226e+02 6.385741319436089025e-01
1.512870700765064157e+03 4.309821344075924685e+02 6.384314221481683926e-01
1.512891533977491463e+03 4.317875018740263613e+02 6.393437482517912995e-01
1.512912367188987901e+03 4.309702478646653958e+02 6.373393538899276844e-01
1.512933200399087582e+03 4.299459643683599666e+02 6.375878376379302548e-01
1.512954033608255486e+03 4.317278537400613345e+02 6.377657140218708776e-01
1.512974866816492977e+03 4.309930065719957497e+02 6.376171210168085635e-01
1.512995700023332574e+03 4.312945379556758780e+02 6.392434738327315014e-01
1.513016533228774961e+03 4.305084147988805512e+02 6.382572099507795027e-01
1.513037366433286934e+03 4.310670999650494650e+02 6.401970294443134479e-01
1.513058199636866448e+03 4.319222554785192756e+02 6.375494610541608820e-01
1.513079032839049887e+03 4.313213848265089041e+02 6.402362481323174981e-01
1.513099866039835888e+03 4.323041782827767747e+02 6.380001817332281444e-01
1.513120699239691021e+03 4.331893938853251598e+02 6.384161107480343933e-01
1.513141532438613922e+03 4.310704403749526819e+02 6.385913529804922995e-01
1.513162365636141431e+03 4.341441528831449546e+02 6.385169585043797280e-01
1.513183198832271046e+03 4.306728154047035559e+02 6.374189820886124735e-01
1.513204032027935000e+03 4.323769586042195670e+02 6.381315693157526558e-01
1.513224865221735854e+03 4.324470929708290328e+02 6.395553870624302029e-01
1.513245698414606068e+03 4.320348060108567552e+02 6.376012525370869932e-01
1.513266531606544504e+03 4.336581896161511054e+02 6.377551063907389572e-01
1.513287364797085957e+03 4.325300172109840560e+02 6.379413685001622536e-01
1.513308197986230425e+03 4.329743876293780431e+02 6.382658481490584013e-01
1.513329031174444026e+03 4.337227800338832822e+02 6.376879751533996998e-01
1.513349864361726532e+03 4.326912162347371691e+02 6.384126562960145135e-01
1.513370697547611599e+03 4.339252023049796776e+02 6.380391150729337602e-01
1.513391530732099454e+03 4.334787251738949863e+02 6.386831440062661347e-01
1.513412363915655988e+03 4.331699878503062564e+02 6.387697430674311727e-01
1.513433197097815992e+03 4.347625812906890133e+02 6.376087077335941267e-01
1.513454030279043991e+03 4.361790905336750370e+02 6.391599231133789916e-01
1.513474863458875461e+03 4.338965394077479232e+02 6.381156435737309618e-01
1.513495696637775382e+03 4.343458997486560520e+02 6.395758900742555264e-01
1.513516529815279000e+03 4.323037072438132213e+02 6.374285199725668871e-01
1.513537362991384953e+03 4.329784959224272711e+02 6.378685802007336703e-01
1.513558196166559583e+03 4.323281562954603601e+02 6.374320498885333031e-01
1.513579029340337456e+03 4.347684785577117168e+02 6.381568348534776280e-01
1.513599862513184007e+03 4.323162613413517192e+02 6.375937505115429893e-01
1.513620695684634029e+03 4.321708944374511248e+02 6.386404000555513383e-01
1.513641528855152046e+03 4.348610829448567756e+02 6.378757285850830128e-01
1.513662362024273079e+03 4.344435321815679458e+02 6.385984932742218012e-01
1.513683195191997584e+03 4.346373496119999800e+02 6.383878677203674856e-01
1.513704028358789856e+03 4.349521941572308492e+02 6.390641433955842610e-01
1.513724861524186963e+03 4.339360934882218999e+02 6.389353264181455438e-01
1.513745694688185949e+03 4.323619433007978046e+02 6.375527332037603800e-01
1.513766527851252931e+03 4.344249019160143348e+02 6.392413991842561538e-01
1.513787361012924066e+03 4.333512953480571923e+02 6.385921230160097606e-01
1.513808194173662969e+03 4.348700811560560737e+02 6.386787344187980775e-01
1.513829027333004888e+03 4.356048986585086595e+02 6.386354535184908254e-01
1.513849860490950505e+03 4.341589580629943725e+02 6.386385567749930381e-01
1.513870693647964572e+03 4.337100244283487882e+02 6.389997614724276520e-01
1.513891526803581428e+03 4.333364043920702784e+02 6.379302732593318259e-01
1.513912359957801527e+03 4.346187763149767989e+02 6.392852684066629987e-01
1.513933193110624416e+03 4.348342061126134581e+02 6.383852300845686001e-01
1.513954026262516436e+03 4.350577966587545120e+02 6.385586372804522570e-01
1.513974859413477134e+03 4.377710484517244254e+02 6.395193887072431194e-01
1.513995692562574959e+03 4.352830495001310283e+02 6.391604593274802237e-01
1.514016525710741462e+03 4.374268678513869872e+02 6.395239789014922627e-01
1.514037358857510526e+03 4.349496677526050235e+02 6.389466607423053279e-01
1.514058192002883061e+03 4.362267188109828453e+02 6.391880620892590459e-01
1.514079025147324501e+03 4.358683983175603771e+02 6.395456712011576839e-01
1.514099858290368502e+03 4.381334957885956669e+02 6.390820740404538070e-01
1.514141524572266007e+03 4.382466901316570898e+02 6.411028452225037144e-01
1.514162357711584491e+03 4.373686751763068514e+02 6.397823746790158861e-01
1.514183190849506445e+03 4.377905150401331298e+02 6.411210210003230880e-01
1.514204023986031643e+03 4.374752547198485786e+02 6.402249831883404241e-01
1.514224857121158948e+03 4.372997844070653741e+02 6.406674952485121866e-01
1.514245690255355385e+03 4.384549669681799173e+02 6.404249762908302834e-01
1.514266523388154837e+03 4.384761541639495022e+02 6.401477990257196105e-01
1.514287356519557534e+03 4.425619553712996890e+02 6.417520657184019317e-01
1.514308189649563474e+03 4.397206568966133204e+02 6.400023202183507953e-01
1.514329022778172657e+03 4.422127144899587279e+02 6.409703463614987440e-01
1.514349855905849381e+03 4.403235821665512049e+02 6.406341179919907702e-01
1.514370689031664369e+03 4.434160606342278470e+02 6.413273798858890595e-01
1.514391522156547126e+03 4.416551522924263509e+02 6.416894164531888878e-01
1.514412355280033353e+03 4.413136151283231357e+02 6.418976818931906303e-01
1.514433188402123051e+03 4.435373660120590671e+02 6.423963388171206601e-01
1.514454021522815538e+03 4.440401253477989485e+02 6.414527197857852192e-01
1.514474854642576474e+03 4.439207494687503868e+02 6.418556627594166342e-01
1.514495687760474993e+03 4.434900425657226037e+02 6.421392501562747102e-01
1.514516520877441963e+03 4.431472546501709076e+02 6.419045300548642530e-01
1.514537353992546514e+03 4.438220686978337426e+02 6.419778356291254706e-01
1.514558187106719515e+03 4.428663376847505901e+02 6.436941548540627833e-01
1.514579020219495533e+03 4.447214212223178151e+02 6.424717916612121549e-01
1.514599853330875021e+03 4.454811651109644117e+02 6.425065345654508153e-01
1.514620686440857526e+03 4.446417301938489004e+02 6.420922805101694220e-01
1.514641519548977158e+03 4.434630044762161560e+02 6.422877945743550310e-01
1.514662352656165467e+03 4.463700293799332712e+02 6.425867051128579810e-01
1.514683185761957020e+03 4.432844695293292716e+02 6.418427778883274426e-01
1.514704018866350907e+03 4.451486756435553502e+02 6.429213329087338780e-01
1.514724851969348492e+03 4.449275990040770239e+02 6.428790098210261927e-01
1.514745685070948412e+03 4.452908625728296101e+02 6.452276686728531940e-01
1.514766518171152029e+03 4.464945879361592347e+02 6.427557563494299409e-01
1.514787351269957981e+03 4.460053361480789249e+02 6.428260209103897616e-01
1.514808184367367630e+03 4.456362860731591127e+02 6.441979442329730521e-01
1.514829017463380069e+03 4.469515637967871839e+02 6.440922716081304289e-01
1.514849850557529408e+03 4.476316162283322910e+02 6.440187670923076535e-01
1.514870683650748106e+03 4.444093726574160996e+02 6.437743858236998351e-01
1.514891516742103931e+03 4.425476261527537645e+02 6.428436148257032912e-01
1.514912349832527980e+03 4.472446750592582134e+02 6.431816304874727885e-01
1.514933182921090065e+03 4.457278641018954772e+02 6.429398049274022142e-01
1.514954016008254484e+03 4.458534548378526665e+02 6.429138234294620169e-01
1.514974849094021920e+03 4.452030478537373597e+02 6.426370240091838770e-01
1.514995682178393054e+03 4.450176758048846182e+02 6.422309285350688013e-01
1.515016515260901087e+03 4.472747718565778428e+02 6.426261025927407777e-01
1.515037348342478026e+03 4.476158020498136807e+02 6.436479006049468099e-01
1.515058181422192547e+03 4.448232824036244324e+02 6.419852400015891858e-01
1.515079014500509402e+03 4.469833665551894342e+02 6.424099316531151072e-01
1.515099847577429500e+03 4.468642745706873711e+02 6.431087170051188462e-01
1.515120680652486499e+03 4.458008430247243155e+02 6.423171652690994327e-01
1.515141513726147423e+03 4.462794710184019209e+02 6.438231537743518418e-01
1.515162346798410908e+03 4.467444667742373667e+02 6.435379929178860481e-01
1.515183179869277410e+03 4.474487504078684310e+02 6.432520801823380374e-01
1.515204012938281494e+03 4.459509359700172695e+02 6.423301102199896473e-01
1.515224846005888594e+03 4.467355942496424746e+02 6.434614145763870585e-01
1.515245679071632821e+03 4.476575857206191813e+02 6.426539506785307054e-01
1.515266512136445499e+03 4.478497530805020119e+02 6.431641616612695511e-01
1.515287345199395986e+03 4.486363815756469648e+02 6.434916348169267275e-01
1.515308178260484055e+03 4.485758037187320610e+02 6.432201343679567751e-01
1.515329011320175141e+03 4.506147680639948021e+02 6.430526882553532220e-01
1.515349844378468333e+03 4.520611930153975209e+02 6.448494790268471943e-01
1.515370677434900017e+03 4.523054687756621206e+02 6.450948158702185520e-01
1.515391510489468601e+03 4.515422482846061030e+02 6.440579844265135190e-01
1.515412343543105180e+03 4.513486048497130128e+02 6.440555551035115345e-01
1.515433176594414363e+03 4.517562009092632707e+02 6.441184369135400933e-01
1.515454009644791086e+03 4.531640364588143370e+02 6.435987257759325786e-01
1.515474842692839957e+03 4.526448405922694178e+02 6.439445599732934733e-01
1.515495675739492526e+03 4.551187634534375093e+02 6.435513995582976543e-01
1.515516508784747430e+03 4.525216849936985000e+02 6.437568636407959843e-01
1.515537341828139915e+03 4.539442644121481294e+02 6.435991425275573441e-01
1.515558174869670438e+03 4.543042280071924779e+02 6.457569605267219348e-01
1.515579007909803067e+03 4.540661484937916157e+02 6.442086770849773103e-01
1.515599840948073506e+03 4.538263846420766185e+02 6.441588973489369430e-01
1.515620673984481073e+03 4.550099928081690450e+02 6.445150893526182534e-01
1.515641507019493019e+03 4.562219833040238655e+02 6.451231348431697432e-01
1.515662340052640502e+03 4.568646073584108649e+02 6.452164677801142112e-01
1.515683173083925567e+03 4.579341782106737924e+02 6.454048709476931656e-01
1.515704006113814103e+03 4.584287487231673026e+02 6.470728613068930102e-01
1.515724839141839539e+03 4.613623784812353392e+02 6.460245346763254792e-01
1.515745672168003011e+03 4.613378030219672041e+02 6.467395981688336404e-01
1.515766505192302930e+03 4.608364514412995163e+02 6.458416651116553053e-01
1.515787338215207001e+03 4.613920974645787396e+02 6.451220492284590602e-01
1.515808171235782083e+03 4.602054924480441969e+02 6.454820036237305381e-01
1.515829004254959955e+03 4.626356414188059034e+02 6.452345738686041665e-01
1.515849837272741524e+03 4.610751992330569919e+02 6.450034983488327489e-01
1.515870670288193651e+03 4.622405188069400879e+02 6.450812796087885825e-01
1.515891503301784041e+03 4.629536055947531281e+02 6.453469403476999044e-01
1.515912336313977448e+03 4.637162692468435239e+02 6.460882396532208194e-01
1.515933169324307983e+03 4.606306377811764037e+02 6.455925728556228815e-01
1.515954002332775417e+03 4.607538823565403732e+02 6.460267259366206938e-01
1.515974835339381116e+03 4.613526947849399562e+02 6.454169228144663872e-01
1.515995668344123942e+03 4.628745187641048915e+02 6.456958075707034395e-01
1.516016501347004123e+03 4.628858704477045762e+02 6.452430493757491670e-01
1.516037334348487548e+03 4.645483298094576412e+02 6.459419072060351708e-01
1.516058167348106963e+03 4.641211085833957668e+02 6.462848735822288582e-01
1.516079000345865097e+03 4.667376502518305870e+02 6.459650448858087479e-01
