1438.640636566908 29.874142146786696 0.6944699915849207
1438.66147011429 30.61375476406541 0.6939362825707502
1438.682303660275 29.85772022328152 0.6962816149726617
1438.7031372048637 29.943047966873564 0.6947049476193111
1438.7239707485214 29.93840291567432 0.6935002788235105
1438.744804290316 30.893819445159725 0.6948927137186388
1438.765637830712 29.61511156421641 0.6933982945654212
1438.7864713701783 29.452857692127 0.6934993333998971
1438.807304907782 29.660812154525427 0.69401019002733
1438.828138444453 29.337247695582278 0.6938224428174221
1438.8489719792624 29.23882064412597 0.6937500189016529
1438.8698055131415 28.74430377471744 0.6933621688571573
1438.890639045157 28.965103294094764 0.6933445243856914
1438.9114725762415 30.392116579955452 0.6937909784328685
1438.9323061054629 28.499024630351325 0.6950090582003444
1438.953139633752 30.08762220357876 0.6937721420741129
1438.9739731601794 29.389205174425268 0.6934617732554319
1438.994806685676 29.84774367442392 0.6943278251850068
1439.0156402097743 28.904851641164058 0.6935575604949976
1439.036473732012 28.6856509371217 0.693175191996836
1439.057307253318 29.429886596895052 0.6934438949434493
1439.0781407732252 28.44774782680999 0.6929757574817336
1439.0989742917363 29.115958128301592 0.6935840296466996
1439.1198078088507 29.65635093368621 0.6971704327226778
1439.140641324568 29.70098635753584 0.6937444128206731
1439.161474838888 29.607159527600167 0.6944886373657345
1439.1823083518116 30.25546893939908 0.6933933518372423
1439.2031418633371 29.41883028579104 0.6930984220921326
1439.2239753739336 29.332353052883903 0.6939048233481406
1439.244808882666 29.17849099614945 0.6938853887812118
1439.265642390466 29.872350824759717 0.6935430793789835
1439.2864758968703 30.50087306401519 0.693791987892617
1439.307309401877 29.48512771005576 0.6954106036638649
1439.3281429054875 28.51258617908621 0.6927532501763951
1439.348976407701 28.734667949089125 0.693401689984364
1439.3698099085175 29.480462853706022 0.6937203985205215
1439.3906434084024 28.91046620905696 0.6927952795508242
1439.411476906891 28.803032394810508 0.6929370722362939
1439.4323104039809 28.986887723134803 0.6926125386095903
1439.4531438996746 29.642659832091407 0.6946295480927637
1439.4739773939718 30.005700395129608 0.6940251552216784
1439.4948108873364 28.925429730785595 0.6927856865814418
1439.515644379305 30.703369210919725 0.6936608532170547
1439.5364778698774 29.77985778916788 0.6931980858839654
1439.5573113590526 30.19180287565303 0.6930425215442383
1439.5781448472956 28.963179184081003 0.6925431511101101
1439.598978334142 28.169440088449527 0.691832890318886
1439.6198118195907 28.29608999985737 0.6920078914280574
1439.640645304109 29.748527113685498 0.6929658014520751
1439.6614787867643 30.22663233231444 0.6937727864277862
1439.6823122689539 29.270699633089176 0.6926897710927981
1439.7031457492815 29.641661733970352 0.693263237964015
1439.7239792286775 28.83728137277044 0.6935198316138188
1439.7448127066764 29.542726611675285 0.6927822881433838
1439.7656461832776 30.30050341453666 0.6932451180892496
1439.7864796589479 29.513767794638365 0.6929005353827272
1439.8073131336869 29.70021738774769 0.6929169868824812
1439.8281466065635 30.222542544039843 0.692971112785913
1439.8489800785092 30.69357764187537 0.6934264244649465
1439.8698135490567 29.261538749333795 0.6932405826728221
1439.8906470186744 30.195996823081828 0.6938004501144476
1439.9114804868943 30.59925177867835 0.6932049431546453
1439.9323139541827 28.364327699745527 0.6947838134169286
1439.9531474200749 29.58019206560377 0.6968941647413255
1439.9739808845688 29.2945123001079 0.6926561039520668
1439.9948143481315 28.44000898572132 0.6922947837062219
1440.015647810764 29.148169710834743 0.692413738297184
1440.0364812719995 29.972326270870884 0.6930192784893469
1440.057314731838 28.143380552946045 0.6919164553165705
1440.0781481907438 29.29358720070084 0.6927430543348286
1440.0989816482531 28.207307581027123 0.6915994363497329
1440.119815104832 28.86780152399912 0.6922861308832098
1440.1406485600135 28.14883327654996 0.6923880637417665
1440.161482014264 28.80209103837644 0.6926055033565648
1440.1823154671165 30.393385267295375 0.6931701831864482
1440.2031489190388 29.32547443006192 0.6930342865825049
1440.223982369564 29.583083468456863 0.6930015607805277
1440.244815819157 30.87351750475455 0.6932384331759998
1440.265649267354 28.04820658857768 0.6917576731899733
1440.2864827146186 29.72414448580889 0.6926659998948661
1440.3073161609525 29.00999855043121 0.6925994146854043
1440.3281496058892 29.41783841912112 0.6931527273068724
1440.3489830498952 30.06808509008186 0.6929325993170982
1440.3698164925036 29.49939552368219 0.6947668699293909
1440.3906499341815 29.901384908844303 0.6930876293375646
1440.4114833744616 29.06045379286624 0.6918896423899372
1440.4323168138103 29.46058931994431 0.6929385560348418
1440.453150252228 28.311260567897712 0.6931223289500196
1440.4739836892484 30.626657036945765 0.6924457602140359
1440.494817125338 29.14176101954676 0.6921469605502926
1440.5156505600287 30.02006243009072 0.6926525327727748
1440.536483993791 29.556371330156967 0.6948718485588339
1440.557317426621 29.018764843896395 0.6921719336212484
1440.5781508585196 30.112572874289775 0.6925717675723553
1440.5989842890208 29.538113878342916 0.6923167811921972
1440.6198177181254 29.768574556126246 0.6924216147930935
1440.640651146764 29.967220502865505 0.693900464039598
1440.6614845740055 28.30989567521325 0.6919728559851038
1440.68231799985 28.545518667267512 0.692249129158759
1440.7031514252294 29.852701608581043 0.692226698994724
1440.723984849212 28.7522501060156 0.6921640112273528
1440.7448182717972 29.044566232031197 0.6921553567695184
1440.7656516939164 28.24629250918704 0.6917253178314203
1440.7864851146392 29.99290732088413 0.6932052440991401
1440.8073185344304 29.296600091504143 0.6916562291204224
1440.828151952824 27.44468464141158 0.6917791923274876
1440.8489853707524 29.67182848510368 0.6926595030092301
1440.8698187872842 29.26968354801904 0.6934322050286982
1440.8906522024195 30.060422794052865 0.6923356571469208
1440.911485617089 28.822222523164022 0.6921011240090893
1440.9323190303603 28.65983339619416 0.6919569419435987
1440.9531524427011 29.334925723989585 0.6920906386620483
1440.973985853644 29.290096070587612 0.692221403475669
1440.9948192641225 29.308945684423964 0.6922651441094784
1441.015652673203 28.952424836790424 0.6924306102444008
1441.036485673203 29.02138646497332 0.0
1441.057318673203 29.090348093156223 0.0
1441.0781528943935 28.67809902313216 0.6932883212795214
1441.0989858943935 28.42206725341922 0.0
1441.1198188943936 28.166035483706278 0.0
1441.1406518943936 27.910003713993337 0.0
1441.1614861062692 28.761583722589027 0.0
1441.1823191062692 29.613178624797726 0.0
1441.203153308832 29.910461418327312 0.6938873429998493
1441.2239867076687 29.91271842406989 0.6931642284591961
1441.2448201051095 27.9818002291139 0.6914982276557281
1441.2656531051095 28.353640784862773 0.0
1441.2864861051096 28.72548134061164 0.0
1441.3073202923051 28.25060616614462 0.6922844089154786
1441.3281536860195 30.051888575581525 0.6949573853004049
1441.348987078802 29.96551575436488 0.692532844590852
1441.3698204706532 29.4715697431334 0.6951611600613705
1441.3906538611086 29.11688599026724 0.6921960662242849
1441.411487251098 30.20168610924086 0.6927645858831537
1441.4323206396898 29.852788540386104 0.6957935640730415
1441.4531540273504 28.404450427230376 0.6916224901232052
1441.473987413614 28.962409233305348 0.6928174547182585
1441.4948207994116 29.484970733213498 0.6922615063373329
1441.515654184278 28.830956283237672 0.6958627773573054
1441.5364875677471 29.938250978451197 0.6931028939411958
1441.5573209502863 28.688236230698863 0.6960049299608119
1441.578154331894 28.387827027153794 0.6927272010088441
1441.5989877125699 27.67710338085132 0.6928660182215879
1441.619821092314 30.56682145842312 0.6928981052588037
1441.6406544711272 29.23526674273012 0.6923890106827648
1441.6614878485425 29.996557540720797 0.6921908781085453
1441.682321225493 30.4224738236494 0.6933340363506579
1441.7031546010467 30.027138570782927 0.6922959029689607
1441.7239879756687 28.693855522399968 0.691915163151166
1441.7448213493603 28.812615410569894 0.692081574199109
1441.7656547221195 29.35557068019205 0.6921779614689032
1441.7864880939471 30.4671575201348 0.6927059264368295
1441.8073214648439 29.40190698050776 0.6922162155498305
1441.8281548348095 29.234730253373414 0.6918814152434817
1441.848988203378 29.57342635317891 0.6921878427198952
1441.8698215714803 28.369309403464722 0.6920945572292246
1441.8906549381875 29.65031272019472 0.6927592084362795
1441.911488303962 29.458421370080742 0.6922395286208923
1441.932321669271 29.507877174404047 0.6927707806502127
1441.9531550331826 29.360306483686195 0.6920963442607356
1441.9739883961631 29.2122077832996 0.6919094345221414
1441.9948217582128 29.288460877889108 0.692670409997745
1442.0156551193304 28.758881624939708 0.6922202195126155
1442.0364884795172 29.331266938038446 0.6938091484836281
1442.0573218383074 28.856966580169484 0.6950212790298516
1442.078155196632 30.277330958323432 0.6922339748857312
1442.0989885540243 30.00940403466429 0.6927320409365261
1442.11982191002 29.17068012369215 0.6923124118841725
1442.1406552655494 29.72404554304462 0.6924053452111343
1442.161488619683 28.37441518542545 0.6915467329679954
1442.1823219733496 29.523245665022728 0.6928531571822777
1442.20315532562 27.515827541341746 0.6918232409268671
1442.2239886774255 30.12228904302979 0.6928465975301615
1442.2448220278343 30.043686904824106 0.69252598066517
1442.2656553773108 29.92443609247091 0.6925714663525946
1442.2864887258556 29.457739713163505 0.6925103590634598
1442.307322073469 29.437831455042186 0.692082456966751
1442.328155420617 28.994321700740343 0.6918777754537572
1442.348988766368 28.704661957659727 0.6929058472168493
1442.3698221111877 30.028290564397995 0.6925014292017101
1442.3906554550765 30.496183127355835 0.6927407957420268
1442.4114887980345 29.937025266022975 0.6928757391162985
1442.4323221400605 28.65502886693028 0.6922233193388657
1442.4531554811551 29.187680280018 0.6927815138133929
1442.4739888213185 29.997208524754782 0.6925666898503081
1442.494822160084 30.92587885807448 0.692957931141655
1442.5156554983846 28.773901700907487 0.6932675797853761
1442.5364888357535 29.576957835811704 0.6926157442516427
1442.557322172192 29.57383006489209 0.6936614547103214
1442.5781555076996 29.76996176535346 0.6932995407721422
1442.598988842275 28.394750281533582 0.6923763775223821
1442.6198221759184 29.561828771276385 0.6934003790967426
1442.6406555086307 29.40558413293759 0.6931376357857357
1442.6614888399463 29.403495016697548 0.692478361652414
1442.6823221707964 29.429786071124838 0.693091219774572
1442.7031555007147 28.71150279126276 0.6930432955826078
1442.7239888297036 27.957363007278616 0.6918612777052136
1442.74482215776 28.982867011230447 0.6924549920642484
1442.7656554848843 30.86513223345038 0.6932780688257764
1442.786488810612 29.694150049285284 0.696391586310237
1442.8073221358736 30.187549660459887 0.6933812527495832
1442.8281554602047 30.216269162240526 0.6932806265800033
1442.848988783604 30.41539094579322 0.6936174583980633
1442.8698221060727 28.931224761385007 0.6924264998971784
1442.8906554276095 28.412448331103825 0.6924279847898277
1442.9114887482156 29.013267982036247 0.6925315750924836
1442.9323220678891 28.686332788242336 0.6936059647610535
1442.953155386632 28.98517984379796 0.6924722288257711
1442.973988704444 28.397983943262968 0.6923758394780659
1442.994822021324 27.95435102920445 0.6925792765083357
1443.0156553372726 28.229069704551645 0.6922523364836669
1443.0364886522896 29.976115776080004 0.6930246969214997
1443.0573219663763 27.969745659479113 0.6932688909241049
1443.0781552799983 29.70782863871364 0.6937316110252995
1443.098988592222 29.86709785863476 0.692417913281585
1443.1198219035136 28.680058724507823 0.6919565758517338
1443.1406552138747 29.122452057042487 0.6922831604861952
1443.1614885237695 30.08717931386493 0.6931445581481889
1443.1823218322684 29.459966817693683 0.6939381936994136
1443.203155140301 29.51282002987309 0.6924306102444008
1443.2239884469363 29.151268948299496 0.6926208646423996
1443.244821753108 28.75992657255372 0.69197440645402
1443.2656550578808 29.71458483966912 0.692514189185743
1443.2864883621871 30.2975435983006 0.6925778349710665
1443.307321665098 30.14931307613976 0.6929644252293792
1443.3281549675423 30.524600680734007 0.6927179727863594
1443.3489882690565 29.58466184011417 0.696099810675579
1443.369821569638 29.664969268289397 0.6926955578039427
1443.3906548688235 29.42096831305268 0.6922644983525047
1443.4114881675437 29.727688244898776 0.6920362070387979
1443.4323214653311 29.52429219348077 0.6922933415765635
1443.4531547621887 29.758090712828697 0.6923668433151594
1443.473988058114 28.89851157554823 0.6930110432514192
1443.4948213535736 30.213350426668985 0.6924487944720901
1443.5156546476364 29.78187654159554 0.6922609897290876
1443.536487940768 29.378765386741023 0.6949413466231733
1443.5573212329684 30.192432718300832 0.6927871061772133
1443.578154524704 29.841753429751055 0.6919748156049601
1443.5989878150408 29.970090520519477 0.6928002265459025
1443.6198211049127 29.095611484729034 0.6924836121696124
1443.640654393388 28.11190235694385 0.6919428149641056
1443.6614876813965 29.45648137562669 0.6923047924337623
1443.6823209684744 28.904859737629398 0.6941134368603831
1443.703154254621 28.85561695809228 0.6915635398791424
1443.723987539837 30.714283904731992 0.6931656042851994
1443.744820824122 28.866255483227803 0.6919872192238914
1443.765654107474 29.264668008963746 0.6918548378767736
1443.7864873898955 30.29160205828632 0.6921626334104626
1443.8073206713855 29.89726944277619 0.6924675161957622
1443.828153951944 29.470799185267545 0.6925174598351943
1443.8489872320367 28.832970354057903 0.6917204277754109
1443.8698205107335 28.7304356940484 0.6918044586886036
1443.890653788964 29.192837831625184 0.6919544869709168
1443.911487065798 29.823957157221248 0.6920375205104934
1443.9323203421648 29.045500837466765 0.6916788285882884
1443.9531536176014 29.434378047550332 0.6921959585874239
1443.9739868921067 29.981796461468697 0.6921251944923507
1443.9948201656798 30.189456121813087 0.6971874887833195
1444.0156534383225 27.838334943443314 0.6917165501733841
1444.0364864383225 27.991268804091604 0.0
1444.0573194383226 28.14420266473989 0.0
1444.0781524383226 28.29713652538818 0.0
1444.0989865200463 29.3395742932508 0.6916411480351721
1444.119819788032 30.04634240533655 0.6931445581481889
1444.1406530555514 29.58198164930695 0.6922845165385872
1444.1614863221407 29.081598973642755 0.6924362700019556
1444.1823195873324 28.999905198966225 0.6926069878654454
1444.2031528520583 29.544275082581358 0.6923008535324493
1444.2239861158544 29.1005282608112 0.6916778160445184
1444.244819378718 29.219806049356908 0.6915820916491014
1444.2656526406504 29.802965466075488 0.6924506451477795
1444.2864859021167 30.521496525558536 0.692097248539983
1444.3073191621863 29.29017932195748 0.6936198430353433
1444.3281524217905 29.857293806679177 0.6917291307585955
1444.3489856799974 28.203911174105986 0.6911506611459701
1444.3698189377387 29.701493860948847 0.691536131475495
1444.3906521945491 29.269194353394887 0.6923412746349895
1444.4114854504276 27.96285753251636 0.6912288761532857
1444.4323187053765 29.561835893501335 0.6917083209681777
1444.453151959392 29.52334231031901 0.6919412644244007
1444.4739852124765 29.26125547570905 0.6917389107129988
1444.49481846463 30.85466638318741 0.6926808435439816
1444.5156517163168 30.1772424530969 0.6922287440014023
1444.5364849666075 29.21110030328368 0.691721741846722
1444.5573182164335 29.218565185005858 0.6923605803671838
1444.5781514569455 29.300112782324955 0.6944896672676919
1444.5989847049086 29.516353442099653 0.6916025820500794
1444.6198179519395 29.638270845479312 0.6920927701930993
1444.64065119804 29.256846850761143 0.6914722820582604
1444.6614844432079 29.72772589578103 0.6925564912621939
1444.6823176874443 28.961053625022743 0.691764006218875
1444.7031509312164 29.64217037271727 0.6914079741548065
1444.723984173591 28.921901022473296 0.6917336545432379
1444.7448174155 29.407490436353235 0.6913543293741861
1444.7656506564783 30.052300028065133 0.6915910764737945
1444.786483896059 27.679911629863106 0.6909142807501504
1444.8073171351728 30.14306266055852 0.6922544890423857
1444.8281503738226 28.585952498988505 0.6915554381370683
1444.8489836110755 28.829402183557168 0.6915090667657036
1444.869816847396 29.568712011269167 0.6915046061585128
1444.8906500832504 29.21136623774937 0.6920281108303535
1444.9114833177105 29.916905997020468 0.6914926248682572
1444.932316551703 28.32014153281952 0.6914365298434969
1444.953149784764 28.652885189306247 0.6912459063624321
1444.9739830168946 28.32561644326012 0.6907282376694207
1444.9948162480935 30.06470830454961 0.6925830201881252
1445.01564947836 30.39225998185116 0.6924250150013447
1445.036482707696 28.99244785833553 0.6911322487188633
1445.0573159365665 30.359645406137822 0.6914969131596667
1445.0781491640405 28.41179850703444 0.6910004583390368
1445.0989823910484 29.88845121194359 0.6913145187647808
1445.1198156171247 30.32853197150145 0.69221783005374
1445.1406488422704 29.71553337060304 0.6914482750486247
1445.161482066484 29.52822979369824 0.6912606942796461
1445.182315289766 28.547870685562145 0.6912161140000144
1445.2031485121174 29.08875367229661 0.6938980159429895
1445.223981734003 29.343297658260216 0.69283889792484
1445.2448149544916 29.234418458532556 0.6912209429505847
1445.2656481745144 29.882073358116273 0.691646641897161
1445.2864813936067 29.287418046598997 0.6917434990580502
1445.3073146117667 30.11732125356639 0.6933373891004205
1445.3281478289955 29.00997498424739 0.691453878195458
1445.3489810452925 29.71436984498485 0.6912152732417792
1445.3698142606595 29.782098811303957 0.694472201640329
1445.390647475559 29.33132012963273 0.6928002265459025
1445.4114806890627 28.201412180482112 0.6908690957620666
1445.432313902102 30.048819718457263 0.6922714724959411
1445.453147114209 29.83753396678568 0.691452261907762
1445.473980325384 29.057898150158064 0.6910930290451274
1445.4948135356276 30.23824379626574 0.6916334565550732
1445.5156467449403 29.009595144336686 0.6911361727198679
1445.5364799533215 29.871418301721583 0.6915627641845419
1445.5573131612368 29.223768171496385 0.6912869280424188
1445.5781463682215 28.50378611458152 0.691111679689784
1445.5989795738096 27.81076367563824 0.6910370525274682
1445.6198127789316 29.618107554332727 0.6911735574144076
1445.6406459831219 29.674625055061423 0.6916003197327818
1445.6614791863803 28.160063496777568 0.6909863333696225
1445.682312389174 30.437637294457073 0.6922166891380342
1445.7031455905703 29.477883545498173 0.6913825208826975
1445.7239787915012 29.30949322599553 0.6915600276994189
1445.7448119910355 29.088059227995625 0.6914780143089247
1445.765645190104 30.93665333813052 0.6925176319742112
1445.7864783882408 28.21285307850473 0.6906875927208519
1445.8073115854463 29.876429735343596 0.6916441427339804
1445.8281447817199 30.361555564073527 0.6916792379140726
1445.8489779775286 29.12371881937233 0.6913805595840661
1445.8698111719405 29.827346520770885 0.6912512740249345
1445.8906443658866 30.274630865917512 0.6915504391424812
1445.9114775584355 29.13065802596559 0.6911821379297918
1445.9323107505184 29.687104173550516 0.6920776340273681
1445.9531439416708 28.845567837443248 0.691191904065173
1445.9739771318912 28.874710032703355 0.6909379396821085
1445.994810321647 30.979717257393165 0.6939561451679211
1446.0156435100043 29.681000304062536 0.6954609144596893
1446.036476697896 29.275593156649105 0.6911731909076094
1446.0573098843915 30.51761818892404 0.6916784623492236
1446.078143070422 29.376796358651 0.6913099275725121
1446.0989762555207 29.64037553793713 0.6921700176158206
1446.1198094396875 29.9609439932853 0.6915611696984639
1446.1406426229228 29.111918360013764 0.6915181818300544
1446.1614758056935 29.26397714372417 0.6916693493971062
1446.1823089870663 29.045360783470382 0.6912850095840584
1446.203142167973 29.902099356957436 0.6917423573600132
1446.223975347949 29.991449037299486 0.6917903501352617
1446.2448085269943 28.561554569963004 0.691409353475556
1446.2656417051087 28.289093871856196 0.6904873749671966
1446.2864748822915 29.463120748631628 0.692044367748796
1446.307308058541 28.752957719708846 0.6919831062429471
1446.328141234326 28.398919589836694 0.6910235320954806
1446.3489744087146 29.56597344331055 0.6917378982571751
1446.3698075826364 29.102091449990848 0.6915121697798224
1446.3906407556285 28.46861774063068 0.6938855605808729
1446.4114739276883 29.303223406672675 0.6919332101761452
1446.4323070988166 29.029040794938066 0.6909716689737513
1446.4531402690145 29.837542416529452 0.6931884984889812
1446.473973438746 29.82212819490101 0.6930626677613456
1446.4948066070804 30.915428809521888 0.6931960007443217
1446.5156397749488 29.577514631082895 0.6919820295423273
1446.536472941886 30.56576968747263 0.6917799677794068
1446.5573061078926 30.877968471025078 0.6918491087482456
1446.578139272968 30.655994618147584 0.691777878365307
1446.5989724371125 30.032001431663655 0.6914482103966655
1446.6198056003248 28.96850204982951 0.6910737094651409
1446.640638763071 29.10691327010444 0.6911746784928189
1446.661471924886 30.106714279666267 0.6916448537037353
1446.6823050853045 29.14039321626156 0.6910713376044815
1446.7031382452572 29.460210793267272 0.6910246534172844
1446.7239714042785 28.459291678397744 0.690674669542336
1446.7448045628344 28.73946652110132 0.6916022804082006
1446.7656377199935 29.51582261696711 0.6910583353509655
1446.7864708762204 29.684987376155647 0.6909238134345878
1446.8073040319823 29.152600560048135 0.6909417569543902
1446.8281371868131 28.95165030763965 0.6912731538243898
1446.8489703407126 29.46255154104818 0.6911191398067201
1446.86980349368 29.62905547168471 0.6912897302753995
1446.8906366457154 29.654953583182166 0.6911244437715166
1446.9114697968216 30.76490784237553 0.6921145372707412
1446.9323029474615 29.816071482572426 0.6914218103414344
1446.9531360967044 29.54592644857632 0.6916876398108639
1446.9739692454812 29.10626784132369 0.6914566151006747
1446.994802393326 30.197163085878152 0.6913040214869126
1447.0156355402396 30.552484013742173 0.6924318153677566
1447.0364685402396 30.639444492505394 0.0
1447.0573015402397 30.726404971268614 0.0
1447.078134975861 29.620326383769903 0.6914704934139274
1447.0989681190504 30.843906910358125 0.6923842329217844
1447.1198012617729 29.79616198241801 0.6911698492190155
1447.1406344035645 28.592071876309497 0.6907749203174293
1447.1614675444255 28.58616739500444 0.6913856244647681
1447.1823006843545 29.47081269580317 0.6915916151286404
1447.2031338233523 28.942861958246866 0.6910337748712777
1447.2239669618855 30.258777545838605 0.6920757392919865
1447.2448000990207 29.25500950900099 0.6915111569920227
1447.2656332356908 28.71584612502684 0.6911823104013707
1447.2864663714283 28.171111920634992 0.6910999503257512
1447.3072995062355 29.45069721465274 0.6920424083258868
1447.3281326401116 29.240638402589894 0.6923050291976082
1447.348965773056 29.41596223117806 0.6916292983803517
1447.3697989050695 28.6387633336099 0.6915171690510598
1447.3906320366164 28.762631248023727 0.691273261604939
1447.411465166767 29.931571571260452 0.6919918059224996
1447.432298296452 30.452466159659966 0.6925076908758674
1447.4531314252051 30.122474013421066 0.6922125129399777
1447.4739645530276 29.40880842425053 0.6920490186644777
1447.4947976799183 29.689061884501797 0.692216990512177
1447.5156308063436 29.327452243363343 0.6929292015995666
1447.5364639313716 31.03972800743396 0.6927211779405037
1447.557297055934 29.42104842426956 0.6938794831419911
1447.578130179565 29.370323595023276 0.6933079875117275
1447.5989633022655 29.48364229306548 0.6926960955999211
1447.619796424034 28.39117070367676 0.6920574376036429
1447.6406295448714 29.22279123237409 0.6924620288464337
1447.6614626647774 29.617776681204692 0.6926422709081225
1447.6822957842176 30.560181070735975 0.6932303939988076
1447.7031289022607 27.8189630398032 0.6921691349598503
1447.723962019838 30.062445770874753 0.6928709647116026
1447.7447951364832 29.757306175602313 0.6936494677104185
1447.765628252199 29.959890240349026 0.6936237314803513
1447.7864613674487 30.12644984288528 0.693281765744815
1447.8072944813016 30.103595729137965 0.6934120050791723
1447.8281275946879 29.69717855435815 0.6933791036888425
1447.8489607066776 29.141285418515615 0.6943753388246934
1447.8697938182015 28.246295812628777 0.6948855514425211
1447.8906269287943 28.54531942569649 0.692472336419689
1447.911460038455 29.014124651578765 0.6929591353479486
1447.932293147651 29.02504467944837 0.693193141728223
1447.9531262554503 29.634701206304143 0.6934545532233859
1447.9739593627835 29.14227678758447 0.6930392318715232
1447.9947924687194 29.03575731991755 0.692925459790097
1448.01562557419 30.37469202514144 0.6933070418258973
1448.036458678729 29.573879203921727 0.6935516090937076
1448.0572917828026 29.428635041704844 0.693251545002946
1448.0781248854787 28.194711892404 0.6926193156206181
1448.0989579876896 29.769137717700488 0.6935144170501562
1448.1197910885035 28.23168144622886 0.694088512175386
1448.140624188852 29.40483353547953 0.6934601616476529
1448.1614572882684 30.37915689799211 0.6935388467108188
1448.1822903872192 29.191230371099685 0.6932176257022349
1448.203123484774 28.31818493230986 0.6927539600078789
1448.2239565818625 28.95893803072152 0.6931173842538867
1448.244789677554 29.664026579953617 0.6936882206326804
1448.2656227727805 29.17441800756616 0.6940917324692746
1448.2864558670751 29.607532435684774 0.6953746039269263
1448.3072889609043 30.143896375987513 0.6942000973823125
1448.3281220533358 29.336243147374397 0.6940091164715715
1448.3489551453015 29.75275655054159 0.6942770459487856
1448.3697882363365 30.084760615513083 0.6946719358608027
1448.39062132644 28.623505886770303 0.6939932061805518
1448.4114544156123 30.43193228925758 0.6949811638879887
1448.432287503854 28.888697179693228 0.6939407490205262
1448.45312059163 29.262581954944263 0.6964876552468171
1448.473953678474 29.630905134520486 0.6951174087288257
1448.4947867643864 29.697998940936127 0.6950638787326494
1448.515619849368 29.892370139926314 0.6971707319554079
1448.536452933418 28.69835437787568 0.6943570333674968
1448.5572860170023 29.05524669819343 0.698781798667926
1448.5781190996552 30.536631378997487 0.6963694607622736
1448.5989521813767 29.59401351753547 0.6953831326044944
1448.6197852621676 29.925870990839105 0.6953371665093979
1448.6406183424924 29.046706006864717 0.6948732210038057
1448.66145142142 29.938274795073934 0.6959021778846622
1448.682284499882 29.48244531105972 0.6954262243985062
1448.7031175778784 28.24856789132574 0.6965710468888844
1448.723950654478 28.20017064386832 0.6950123814296404
1448.7447837306115 29.792699333521455 0.6962748094038865
1448.7656168058147 29.57820524093692 0.6956068337494176
1448.7864498800864 29.27394532426228 0.6957789581624305
1448.807282953892 29.741195668730096 0.6962831558469226
1448.8281160263004 30.485302790353497 0.6964892170599222
1448.8489490987088 28.444975427447496 0.6968939295365998
1448.8697821697203 30.469731357963468 0.6970413231907446
1448.8906152402665 30.53722028329709 0.6991788117494752
1448.911448309881 29.875199205981296 0.6970669118638484
1448.9322813785643 29.343193713873536 0.6964351506149512
1448.9531144467815 29.66461874350241 0.6964732350535229
1448.973947514068 30.130719908466276 0.697805585609138
1448.9947805804225 29.971218649543143 0.696766800456486
1449.015613646312 28.852453414195743 0.6966983614066621
1449.03644671127 29.573543735901556 0.6966017439660216
1449.0572797752964 29.284865204867305 0.6959358378725797
1449.0781128388576 29.64571341802147 0.6961801023685273
1449.0989459014875 29.36388179409353 0.6962230806266104
1449.1197789636526 28.720364391665868 0.6979135873831007
1449.1406120248844 29.4367022422694 0.6972881495152755
1449.161445085186 28.854107348054725 0.6987885798208935
1449.1822781450214 29.455853248199713 0.6968118596232697
1449.2031112039265 30.24253613687939 0.6966427497279505
1449.2239442623645 28.507786842534284 0.6968467800772983
1449.2447773203376 28.998212919314135 0.6969642735934308
1449.2656103769143 29.83147205648574 0.6966261295300548
1449.2864434334915 29.30102778828825 0.6963114046040763
1449.3072764891351 29.884717085031056 0.6966900199378463
1449.3281095438488 29.31502032551659 0.6962964457458852
1449.3489425980963 29.241731616032627 0.6979592343534211
1449.3697756518786 30.53590207467519 0.6969688489183787
1449.3906087047294 28.716125084888272 0.6959778677474282
1449.4114417571143 27.17901590572411 0.6953182220223539
1449.4322748090344 29.05965193864012 0.6962236156977637
1449.4531078600235 28.605184992891672 0.6958462027732095
1449.4739409110111 28.53819790823512 0.6959611246169928
1449.4947739606012 29.712905899212448 0.6964445649396083
1449.5156070101923 30.135286107096327 0.6974599444602064
1449.5364400593176 29.82841428422857 0.6979503101571457
1449.5572731075115 29.345961415824796 0.6960580878750302
1449.57810615524 29.4676867498706 0.6960889788291785
1449.5989392025035 28.721966343127384 0.6962856597603236
1449.6197722497675 28.51507707145833 0.6997506020949849
1449.6406052960983 30.173774461369053 0.6967542252852181
1449.6614383419646 29.32253080144673 0.696623562668776
1449.6822713873644 29.467976580837135 0.6991055572782707
1449.7031044327643 28.158393789425723 0.6977691755499386
1449.7239374327644 28.177170467940698 0.0
1449.7447704327644 28.195947146455676 0.0
1449.7656034327645 28.21472382497065 0.0
1449.7864364327645 28.23350050348563 0.0
1449.8072694327645 28.252277182000604 0.0
1449.8281024327646 28.27105386051558 0.0
1449.8489354327646 28.289830539030557 0.0
1449.8697684327647 28.308607217545532 0.0
1449.8906014327647 28.32738389606051 0.0
1449.9114344327647 28.346160574575485 0.0
1449.9322674327648 28.364937253090464 0.0
1449.9531004327648 28.38371393160544 0.0
1449.9739334327649 28.402490610120413 0.0
1449.994766432765 28.42126728863539 0.0
1450.015599432765 28.440043967150366 0.0
1450.036432432765 28.458820645665345 0.0
1450.057265432765 28.47759732418032 0.0
1450.078098432765 28.496374002695294 0.0
1450.098931432765 28.515150681210272 0.0
1450.1197644327651 28.533927359725247 0.0
1450.1405974327652 28.552704038240226 0.0
1450.1614304327652 28.5714807167552 0.0
1450.1822634327652 28.59025739527018 0.0
1450.2030964327653 28.609034073785153 0.0
1450.2239294327653 28.627810752300128 0.0
1450.2447624327654 28.646587430815107 0.0
1450.2655954327654 28.66536410933008 0.0
1450.2864284327654 28.68414078784506 0.0
1450.3072614327655 28.702917466360034 0.0
1450.3280944327655 28.72169414487501 0.0
1450.3489274327655 28.740470823389987 0.0
1450.3697604327656 28.759247501904962 0.0
1450.3905934327656 28.77802418041994 0.0
1450.4114264327657 28.796800858934915 0.0
1450.4322594327657 28.815577537449894 0.0
1450.4530924327657 28.83435421596487 0.0
1450.4739254327658 28.853130894479843 0.0
1450.4947584327658 28.87190757299482 0.0
1450.5155914327659 28.890684251509796 0.0
1450.536424432766 28.909460930024775 0.0
1450.557257432766 28.92823760853975 0.0
1450.578090432766 28.947014287054724 0.0
1450.598923432766 28.965790965569703 0.0
1450.619756432766 28.984567644084677 0.0
1450.640589432766 29.003344322599656 0.0
1450.6614224327661 29.02212100111463 0.0
1450.6822554327662 29.04089767962961 0.0
1450.7030884327662 29.059674358144584 0.0
1450.7239214327662 29.07845103665956 0.0
1450.7447544327663 29.097227715174537 0.0
1450.7655874327663 29.11600439368951 0.0
1450.7864204327664 29.13478107220449 0.0
1450.8072534327664 29.153557750719465 0.0
1450.8280864327664 29.17233442923444 0.0
1450.8489194327665 29.191111107749418 0.0
1450.8697524327665 29.209887786264392 0.0
1450.8905854327666 29.22866446477937 0.0
1450.9114184327666 29.247441143294346 0.0
1450.9322514327666 29.26621782180932 0.0
1450.9530844327667 29.2849945003243 0.0
1450.9739174327667 29.303771178839273 0.0
1450.9947504327668 29.32254785735425 0.0
1451.0155834327668 29.341324535869227 0.0
1451.0364164327668 29.360101214384205 0.0
1451.0572494327669 29.37887789289918 0.0
1451.078082432767 29.397654571414154 0.0
1451.098915432767 29.416431249929133 0.0
1451.119748432767 29.435207928444107 0.0
1451.140581432767 29.453984606959086 0.0
1451.161414432767 29.47276128547406 0.0
1451.182247432767 29.491537963989035 0.0
1451.2030804327671 29.510314642504014 0.0
1451.2239134327672 29.52909132101899 0.0
1451.2447464327672 29.547867999533967 0.0
1451.2655794327673 29.56664467804894 0.0
1451.2864124327673 29.58542135656392 0.0
1451.3072454327673 29.604198035078895 0.0
1451.3280784327674 29.62297471359387 0.0
1451.3489114327674 29.641751392108848 0.0
1451.3697444327674 29.660528070623823 0.0
1451.3905774327675 29.6793047491388 0.0
1451.4114104327675 29.698081427653776 0.0
1451.4322434327676 29.71685810616875 0.0
1451.4530764327676 29.73563478468373 0.0
1451.4739094327676 29.754411463198704 0.0
1451.4947424327677 29.773188141713682 0.0
1451.5155754327677 29.791964820228657 0.0
1451.5364084327678 29.81074149874363 0.0
1451.5572414327678 29.82951817725861 0.0
1451.5780744327678 29.848294855773585 0.0
1451.5989074327679 29.867071534288563 0.0
1451.619740432768 29.885848212803538 0.0
1451.640573432768 29.904624891318516 0.0
1451.661406432768 29.92340156983349 0.0
1451.682239432768 29.942178248348466 0.0
1451.703072432768 29.960954926863444 0.0
1451.723905432768 29.97973160537842 0.0
1451.7447384327681 29.998508283893397 0.0
1451.7655714327682 30.01728496240837 0.0
1451.7864044327682 30.03606164092335 0.0
1451.8072374327683 30.054838319438325 0.0
1451.8280704327683 30.0736149979533 0.0
1451.8489034327683 30.092391676468278 0.0
1451.8697364327684 30.111168354983253 0.0
1451.8905694327684 30.12994503349823 0.0
1451.9114024327685 30.148721712013206 0.0
1451.9322354327685 30.16749839052818 0.0
1451.9530684327685 30.18627506904316 0.0
1451.9739014327686 30.205051747558134 0.0
1451.9947344327686 30.223828426073112 0.0
1452.0155674327686 30.242605104588087 0.0
1452.0364004327687 30.26138178310306 0.0
1452.0572334327687 30.28015846161804 0.0
1452.0780664327688 30.298935140133015 0.0
1452.0988994327688 30.317711818647993 0.0
1452.1197461088025 29.792731813920494 0.6918114374696949
1452.1405792544451 29.699932101122727 0.6908090026982301
1452.1614123982251 30.944965559988688 0.6914031465105136
1452.182245540608 29.856679396095252 0.6929541894873191
1452.2030786820592 29.080663191690167 0.6907931481289955
1452.2239118216485 30.63503300906586 0.6916642219622814
1452.2447449598403 28.696089802989597 0.6905406770968583
1452.2655780966356 29.267821941690016 0.6909792384287168
1452.2864112320344 29.43178074680582 0.6903583322474888
1452.3072443660355 29.4638067859274 0.6909856217223019
1452.3280774986395 30.04393499512768 0.6910262707051426
1452.3489106298466 29.583068378768655 0.6906204715424944
1452.3697437596563 29.56315145795587 0.6910031970401456
1452.3905768880695 29.754830954365605 0.6908286316607731
1452.411410015086 30.28916929577976 0.6949366936221395
1452.4322431407052 30.460482927682296 0.6917664403268039
1452.4530762644624 30.462032305876782 0.6916228563919092
1452.4739093872874 29.18185521352326 0.6912743394095067
1452.4947425087166 29.41727952948903 0.6917105398472844
1452.515575628747 30.840566448555403 0.6910806309392532
1452.5364087473804 29.32184701215058 0.6908371517511485
1452.5572418646184 30.7794533639196 0.6909323323512485
1452.5780749804594 29.70462930725037 0.6911852855293334
1452.5989080949028 28.25625702428496 0.6897091916833933
1452.6197412084143 29.095076521983888 0.6913008744279939
1452.6405743200644 30.332406782343952 0.6907377944942071
1452.6614074307824 30.206903231163054 0.6920938467214384
1452.6822405396374 30.602756347793097 0.6922433387157567
1452.7030736475608 29.480347039647096 0.690398694412438
1452.723906754089 28.38949224465442 0.6899539760084415
1452.7447398592199 30.088312535116536 0.6913088498234291
1452.7655729629523 29.91357324949333 0.6907308695846993
1452.786406065754 29.31586642732228 0.6901466836367793
1452.8072391671587 28.766637958605763 0.6909304776087177
1452.8280722667012 29.68842256474779 0.6914546540122102
1452.8489053653125 29.903251627608444 0.69074862396429
1452.8697384629925 29.447924268942387 0.6926680866299719
1452.8905715588091 28.370136752850573 0.6896798082691072
1452.9114046536956 28.988467332512272 0.6905949676681079
1452.932237747184 30.105868583261127 0.6905966506939208
1452.9530708397403 30.927213049006465 0.6915235473791321
1452.9739039304343 29.660302180091957 0.6908124108438272
1452.9947370201987 30.34586071439532 0.6928011083978372
1453.0155701085664 28.791009266164988 0.6905327359877654
1453.0364031960005 31.17869132175086 0.6909806186052994
1453.0572362820385 30.477849018632124 0.6906416377484343
1453.0780693666795 28.90499301368958 0.6913011115356718
1453.0989024499236 28.886377617563717 0.6898660692900755
1453.1197355322363 29.698447572029128 0.6929485124559521
1453.1405686136184 29.628798189984536 0.6913398452163639
1453.1614016931376 27.482413184171907 0.6892737136264865
1453.182234771725 30.257225725828615 0.6904619956651937
1453.2030678493807 29.94183917684817 0.6908491875478552
1453.223900925639 30.574097126458167 0.6912428668242181
1453.244734000502 29.429312655839095 0.6917954766352524
1453.2655670739684 30.224403945084187 0.6911706253545811
1453.286400146967 29.660965240098104 0.690216355231597
1453.3072332181036 29.864633691150345 0.690435104672602
1453.3280662883094 30.05318473024563 0.6907053050651961
1453.3488993575843 30.224596472460338 0.6904386225746761
1453.369732424996 28.601928585273168 0.6896395768876861
1453.3905654919415 29.62929449156829 0.6906892755209622
1453.4113985574904 30.14294409398659 0.6927231569544494
1453.4322316216424 29.391208268064524 0.6938889106657671
1453.4530646848627 30.087647278746434 0.6923333326557669
1453.473897746687 29.632052455008417 0.6901905557553919
1453.49473080758 29.87856922590983 0.6906886714393431
1453.5155638675415 29.69898116320257 0.6906298356728396
1453.5363969261043 29.722093473878697 0.690031937951916
1453.5572299832716 29.82909908458715 0.6907882083317155
1453.578063039508 30.16403561311879 0.6943205497742753
1453.5988960948134 29.292034548418734 0.6900541155436789
1453.61972914872 28.53898091667708 0.6893802852894904
1453.6405622016955 29.487489098821737 0.6903445179163848
1453.6613952532743 29.65415808913972 0.690058175239869
1453.6822283039235 29.436335274589975 0.6899983786826505
1453.70306135364 31.17860207956143 0.6917813463584501
1453.7238944019591 30.663250055440272 0.6913551699633146
1453.7447274488816 29.575216788009246 0.6899409311000001
1453.7655604953384 30.432509292427415 0.69135409228476
1453.7863935403984 28.423026982240703 0.6892166164298579
1453.8072265840615 28.375271231167943 0.6898265400140602
1453.8280596272589 29.573154385864257 0.692338950162696
1453.8488926690595 29.87232233483736 0.6905223131434897
1453.8697257094618 30.94565053107984 0.6907440505832924
1453.890558748934 29.237155788381397 0.691058809732674
1453.9113917874756 30.040587561406046 0.6909684557042641
1453.9322248250855 29.543851101947176 0.6925405906321713
1453.953057861297 29.844465168181394 0.6910207287830108
1453.9738908965771 28.68537030392385 0.6922556729468282
1453.994723930462 28.023137890567927 0.6916202925069069
1454.0155569638814 29.938452361254836 0.6927934297957649
1454.0363899954364 29.83199606986193 0.6907475669119386
1454.057223026526 29.222067022530506 0.6904532982918105
1454.078056056685 29.467976864761088 0.6905989594534273
1454.0988890854471 30.18396424536444 0.6911147844881185
1454.1197221128136 29.711050518832028 0.6913795466034732
1454.1405551397115 29.818535690396025 0.6927542181282381
1454.1613881652136 28.124016608586967 0.6898702380926142
1454.1822211897847 28.915643462255527 0.6901606314729256
1454.2030542134255 28.64232582958448 0.6927536158472504
1454.2238872361327 29.39125476166535 0.6906500954189577
1454.2447202574435 29.98999162860045 0.6908861348397302
1454.2655532778235 29.205467949104296 0.6904851737381523
1454.2863862972727 29.88834334015306 0.6912758267770504
1454.3072193153243 29.97299202423991 0.6911811246583962
1454.3280523329095 29.823543927218736 0.6908768388886927
1454.3488853490985 29.735578553012367 0.690574231590421
1454.369718364357 28.649257501175267 0.6929631780252001
1454.3905513782179 31.29167059810747 0.6914314653356876
1454.4113843916125 29.608260536777248 0.6918471487723313
1454.4322174036104 29.875201989825744 0.6915709951217709
1454.453050414678 29.95700776674276 0.6912953778181221
1454.4738834248128 29.089036910657327 0.6905482944336264
1454.4947164340165 29.480465674528375 0.6915918521366398
1454.5155494418236 29.64811193018905 0.691777878365307
1454.536382449165 30.21887711267535 0.6902623169299867
1454.5572154551096 29.209850337418608 0.6897694453726543
1454.5780484601223 29.443557118009757 0.6902854369467971
1454.5988814601224 29.813144291763194 0.0
1454.6197144601224 30.182731465516632 0.0
1454.6405474691085 29.529393168411936 0.6898521154982977
1454.6613804699305 29.898652577583167 0.689608461857588
1454.6822134702875 29.588169509160217 0.6896085050738812
1454.7030464692466 30.65055406284717 0.6910205562711027
1454.7238794672749 30.088632167995318 0.6898963951336256
1454.7447124639064 29.876942076222377 0.6903905790008878
1454.7655454600715 29.31830253693426 0.6892926080600419
1454.7863784553065 29.89725720348774 0.6897435211604629
1454.8072114491436 29.92619783962938 0.6897478635339394
1454.8280444420495 28.97601240209996 0.6894992672443991
1454.8488774344896 29.95467952489119 0.6897497214565288
1454.8697104255327 30.405770394365994 0.6892394472282207
1454.8905434156443 28.82590224988832 0.6900503581440078
1454.9113764048254 31.13350569470293 0.6907741437372601
1454.9322093926091 30.90583121529568 0.6906681754999113
1454.9530423799274 29.44927673362587 0.689276761848174
1454.973875366314 30.326409675352252 0.689966135196041
1454.9947083513034 29.38976265140048 0.6930386513394229
1455.0155413353625 29.141160446356537 0.6891002021907164
1455.036374318956 28.80094339799068 0.6893272393041492
1455.0572073011515 30.247166255686547 0.6894932375902009
1455.078040282415 29.72718675618469 0.6894423400208274
1455.0988732627484 28.82556762004967 0.688553090272478
1455.1197062421506 29.327287234622226 0.6926029861385822
1455.1405392206211 29.28442479788556 0.688670462500324
1455.1613721981591 30.396554588120903 0.6893823171246297
1455.1822051747674 29.64833030817753 0.6897835088501126
1455.2030381504446 29.82559630517368 0.6891492654924506
1455.223871124724 29.87494977743909 0.6902394336111365
1455.2447040985376 29.7655657989968 0.6892297182872985
1455.2655370714194 29.234536174903617 0.6889970908401152
1455.286370042906 28.776916727454942 0.6904630099919287
1455.3072030139265 30.047927541206008 0.6899721607175956
1455.3280359835485 28.55779948383542 0.6883648071490355
1455.348868952706 30.58417619816468 0.6902847893378203
1455.3697019204665 29.415467491721188 0.6885858110905492
1455.3905348872954 29.757170691919207 0.6924278126285244
1455.4113678536587 28.88358154794668 0.6887926390684888
1455.432200818625 29.623181703465864 0.6901549098714539
1455.4530337826604 28.145346432279563 0.68794500514009
1455.473866745764 30.45080036927711 0.6892358151063409
1455.494699708402 30.202560508154978 0.6893097077244911
1455.515532669643 29.66264766253948 0.6890263519839662
1455.5363656299523 30.11251765484649 0.6889228835058607
1455.5571985893305 30.22983428697725 0.6889277717895319
1455.5780315482434 30.087097604257956 0.6881426495221094
1455.5988645057596 29.543175095155 0.6918485702938771
1455.6196974623435 29.06871705944761 0.6887687982738927
1455.6405304179975 30.062333978843967 0.688554886495287
1455.6613633727188 30.78208265370457 0.6891177823473921
1455.682196326509 29.61357714420794 0.6885080966085548
1455.7030292798336 29.11107807012799 0.6887034806535929
1455.723862231762 29.500112781704654 0.6883197362317294
1455.7446951827585 28.821313123494168 0.6888784764021647
1455.7655281328225 29.43845517979919 0.6878678248199512
1455.786361082423 30.463019770479 0.6894914005882992
1455.8071940306263 31.19292543232644 0.6889894563535346
1455.8280269778963 29.58292788015729 0.6887260039246227
1455.8488599242364 29.76251731127532 0.6882064830686409
1455.8696928701115 30.302645137434887 0.6883996149444944
1455.8905258145885 30.3393982029269 0.688460935591158
1455.9113587585991 29.60772491641556 0.6881065943765785
1455.932191701214 29.847724904867825 0.6880605319917823
1455.953024642898 30.067150679800417 0.6890476320353782
1455.9738575841154 30.023064396600823 0.6883010315839826
1455.994690523936 28.881073860822063 0.6877937339638718
1456.0155234632905 30.02454245257677 0.692377690348759
1456.0363564017143 30.403502169199744 0.6883570574127311
1456.057189338742 29.777552439071904 0.6883375095059093
1456.0780222753028 30.0212558344212 0.6886156739721544
1456.0988552109316 30.855523140441804 0.6890410794066479
1456.119688145165 29.78741077420768 0.6881488642422029
1456.1405210789324 29.947217956736576 0.68853711883228
1456.1613540117671 29.765312252903463 0.6885952245299616
1456.182186943672 29.889261946451423 0.6881296135854286
1456.2030198746456 29.30903654594599 0.6876617588133731
1456.2238528046876 29.89073054669829 0.6890329696313401
1456.2446857337968 30.317857013153116 0.6888091670479115
1456.265518662442 30.51492353415637 0.6914928619101853
1456.2863515896906 30.46021543769294 0.6883287419919575
1456.3071845160066 30.934039463563423 0.6888177986491568
1456.3280174418571 29.47458381008933 0.6882541811379916
1456.3488503663111 29.718524450163287 0.6884570612749537
1456.3696832898336 30.361669934459247 0.6881546458303625
1456.390516212891 28.649225453520657 0.6875867355426482
1456.4113491350165 28.30093484320284 0.6871841528768935
1456.4321820562095 31.46694688330316 0.6893290335097151
1456.4530149760076 31.69061356968624 0.6889748575954913
1456.4738478953395 29.623430217077072 0.6880697577093121
1456.4946808137395 30.972675681233248 0.6882762861126958
1456.5155137312083 29.868188026196748 0.6886243729158331
1456.5363466482115 30.623623807968183 0.688681713949232
1456.5571795638184 29.643909674158675 0.6898081354471658
1456.578012478494 30.087626494562286 0.6879718201876546
1456.5988453927027 29.808111858237705 0.6882920254611855
1456.6196783055143 30.549390311655948 0.6884123643744456
1456.640511217862 30.850554008222186 0.6885884511945873
1456.6613441288112 29.3241660626036 0.6887567693928057
1456.6821770392949 28.098951606149765 0.687375967801681
1456.703009948848 29.48641970843713 0.6878546536954733
1456.7238428574694 28.646968265654344 0.6876510974263671
1456.7446757651596 28.697838018263877 0.6878735437823158
1456.7655086719185 29.033616008855823 0.6874510140740239
1456.7863415782115 29.300549155236222 0.6872817256525
1456.8071744831075 29.842483980090776 0.690936861352785
1456.8280073870724 29.271190286536463 0.6873378128867168
1456.8488402905712 27.778313985703782 0.6877142182308015
1456.869673193139 29.96495207307201 0.6919068716990643
1456.890506094776 30.238014374679828 0.6878880792643259
1456.9113389954814 29.102044122894263 0.6880316196109209
1456.9321718952544 30.19350131099223 0.6884939637927235
1456.9530047940975 29.983590231471617 0.6877381822506027
1456.9738376920086 30.37573258220005 0.6883093664724416
1456.994670588989 29.96638976066911 0.6879913135080001
1457.015503485503 28.666349446690823 0.6873787643002114
1457.0363363806196 29.9253058956038 0.68767417522038
1457.0571692752715 29.406549250846965 0.6876297091454748
1457.0780021689925 29.11236829242165 0.687654369536301
1457.0988350617804 29.642897993723388 0.6877235135962029
1457.1196679536374 29.742006001919073 0.6876113324619553
1457.1405008445645 28.21094605437492 0.6871796208268656
1457.1613337350254 29.99183995534335 0.6876993757202102
1457.1821666240887 31.080226351891067 0.6894023325422206
1457.2029995126863 29.442677823268674 0.6883210567952888
1457.223832400353 30.515414115775005 0.6899838444642884
1457.2446652866236 29.934903147152937 0.6875119208256052
1457.2654981724268 29.68622975550523 0.6890359540397529
1457.2863310572995 29.68656240149777 0.6875132862887987
1457.3071639417071 28.92896533459301 0.6875313621650252
1457.327996824717 28.945874147845945 0.6872578324447144
1457.3488297072608 28.80547434210086 0.6870865228701144
1457.3696625884083 29.02682557412371 0.6873732146486029
1457.3904954690906 28.993894624840472 0.6870878891787096
1457.4113283488412 29.28671246908204 0.6912928773850511
1457.43216122766 30.481570513276417 0.6876984873262038
1457.4529941055475 29.027603539274107 0.687108687096317
1457.4738269829704 30.035141263018623 0.6875466200887441
1457.4946598589954 29.5005085118221 0.6885319897139502
1457.5154927345543 31.113105656793422 0.6881816908917103
1457.5363256087164 29.568321907809384 0.6875787386454256
1457.557158482414 30.388525886613095 0.6895914776446934
1457.57799135518 29.57404742469019 0.6883346519580739
1457.59882435518 29.305515634185895 0.0
1457.6404899683534 30.42828834256881 0.6882586411606755
1457.6613228378596 28.259333286350145 0.6872273034351045
1457.682155706434 29.339625323045627 0.6874148792977816
1457.7029885740776 30.000485195637463 0.6891912119537047
1457.72382143427 29.471510252124663 0.687560685687224
1457.7446543000515 29.2870356070132 0.6915448367780196
1457.7654871649006 30.24557146376627 0.6878220497449364
1457.786320029284 30.595365163357155 0.6909261858016785
1457.807152892736 29.33074746433848 0.6875538154693701
1457.8279857552575 30.231131093627027 0.6900992891151272
1457.8488186168474 30.08168831433132 0.6882075007197028
1457.8696514775052 28.760628468168143 0.6873089134647916
1457.890484337232 31.442679753701647 0.6885072525434732
1457.9113171964934 28.774899183419368 0.6874856947364244
1457.9321500543588 29.559972383607395 0.6890211183746945
1457.952982911757 29.86123037499226 0.6880956800140876
1457.9738157682236 29.998165388372808 0.6881399210906803
1457.99464862376 29.90678487982297 0.6877387239231355
1458.0154814783655 30.02839953562799 0.6885526790882843
1458.0363143325044 29.073379537349958 0.6873418669469958
1458.0571471852463 29.241616377089624 0.6872752862762702
1458.0779800375224 29.523953864340346 0.69052315474545
1458.098812888868 29.177656122330546 0.6905577242780461
1458.119645739282 29.742568155843017 0.6881990996403391
1458.14047858923 30.25856399576986 0.687936254284475
1458.1613114377815 29.403618137782743 0.6898342948429768
1458.1821442858663 29.881409845107488 0.6875191382431971
1458.2029771325551 30.40260014466364 0.6880923450354625
1458.2238099787771 29.963670941565912 0.6877748416850119
1458.24464282407 30.64160373010496 0.6882784294564241
1458.2654756688964 29.680153378833964 0.6876802424930488
1458.286308512324 30.810437949260088 0.6886234857151667
1458.307141355287 29.64707444481035 0.6879196836712316
1458.3279741968536 29.82186288204221 0.6872570518903397
1458.3488070379549 30.579047747582596 0.6878325351707067
1458.369639878124 29.608846943342567 0.6871423224378249
1458.3904727178267 30.101067756431448 0.6877591554995356
1458.4113055561345 28.515794089488494 0.6870991014815324
1458.4321383939755 30.07362342533965 0.6873692908444501
1458.4529712308845 30.354285537252167 0.6877076528970133
1458.4738040668626 31.390470496234876 0.688455351374275
1458.49463690191 30.626640999638862 0.6904697433571577
1458.5154697360265 29.92888752982604 0.6882598319385426
1458.5363025696756 30.40208157370611 0.6878048264362702
1458.557135401928 30.352632750793955 0.6879036325397897
1458.577968233716 30.296643823947175 0.6880168922382671
1458.5988010645724 30.074442276078045 0.688618422157778
1458.6196338944967 31.05002134055146 0.6892144111422354
1458.640466723956 30.409314935315415 0.6881713840120912
1458.6612995520184 30.35913821603171 0.6880683283808913
1458.6821323796144 30.736540827515498 0.6879729681429358
1458.7029652062795 31.16548006683333 0.6884313257384691
1458.7237980320135 28.986161085161303 0.689241176803341
1458.744630856816 29.642716865981225 0.6896877808045272
1458.7654636811535 30.76620440268061 0.6878780062729534
1458.7862965040924 30.601298811063955 0.6882832140683438
1458.8071293265666 30.477773759893378 0.6883489395786258
1458.8279621481095 30.47839601084949 0.6879481025697359
1458.8487949687208 29.65301925370821 0.6871101184209865
1458.869627788867 29.179039165052725 0.6874917853471524
1458.890460607616 29.79956684841996 0.6869900285866174
1458.9112934258994 30.08270531625479 0.687879089397383
1458.932126243252 31.032185304669103 0.688062069619961
1458.9529590596724 30.5789416414161 0.6885507097290051
1458.9737918751616 31.037639835485464 0.6889500714400654
1458.9946246901854 29.20129283665209 0.6876471535380718
1459.0154575038111 31.005262421786664 0.6875828563005976
1459.036290316973 29.366605872086712 0.688207457415433
1459.057123129202 29.814444338454585 0.6873375093732204
1459.0779559405 31.319994886448832 0.6882821965292268
1459.0987887513331 30.21325851013284 0.6876518125245696
1459.1196215607695 29.975049769189496 0.6873810838678798
1459.140454369739 29.124129879593983 0.6871829602350471
1459.161287177778 29.941518354202923 0.6872233137484247
1459.1821199848855 30.463331437576027 0.6884710866290988
1459.2029527910615 30.331284303800647 0.6884635112418207
1459.2237855963056 30.409296925715555 0.6915705210913952
1459.2446184010846 30.45791287722344 0.6873886061502981
1459.265451204933 30.14630895802606 0.6876295791234959
1459.2862840078496 29.891538016128447 0.6877068295173956
1459.3071168098345 29.247897067994295 0.6870136274515952
1459.3279496113535 30.87343715778441 0.6886158687258275
1459.348782411476 29.71594557422924 0.6879808305021498
1459.3696152111336 30.997175638959835 0.6879595607721743
1459.3904480098583 29.419954237090263 0.6901115752968084
1459.4112808076525 30.30536464342247 0.6881074389331263
1459.4321136045155 30.78556676543446 0.6885346733080531
1459.4529464009129 31.342073339251268 0.6880455020368038
1459.4737791959124 30.49900353031102 0.6876400024741322
1459.494611990447 30.318999964849574 0.6873545709596328
1459.5154447840505 29.982961615310234 0.6873509288776293
1459.536277577188 30.04122377583776 0.6875990016053448
1459.5571103689283 30.27539485961808 0.6893122153513749
1459.5779431602027 30.205014551584263 0.6872739203402226
1459.5987759500815 30.142727662216892 0.6879401748548387
1459.619608739494 29.235276517026108 0.6893599017609071
1459.6404415284403 29.1138155551438 0.6869408544500673
1459.6612743159899 29.117909178479003 0.6869242164397156
1459.6821071030745 30.040134364540194 0.6891575468775327
1459.702939888762 29.87668890592041 0.6875999551416885
1459.7237726739831 29.339713800913504 0.6875210455360901
1459.7446054582724 29.065441482348888 0.6879966849036524
1459.7654382420972 30.453282053171367 0.6881390116111333
1459.7862710245245 30.578927941312998 0.6879078782196246
1459.8071038064854 30.371858665260284 0.6911800467084723
1459.8279365875155 30.701356688634405 0.6911200884863395
1459.8487693676148 30.639075191490903 0.6881955269853033
1459.8696021467836 29.300947762771443 0.6875280244490746
1459.8904349250195 29.76736138964617 0.6878892273593549
1459.9112677027895 28.663171459625577 0.6878959642557243
1459.93210047963 30.5691816007077 0.6888631614521983
1459.9529332555385 29.640839092304336 0.6880864546441184
1459.9737660305143 30.22705898956122 0.6885675248461924
1459.9945988045595 30.797796326185168 0.6888297183016322
1460.01543157814 29.23631889439634 0.6884471264762234
1460.0362643507883 29.522652260175622 0.6877813847118897
1460.0570973507884 29.540430457337045 0.0
1460.0779303507884 29.55820865449847 0.0
1460.0987633507884 29.57598685165989 0.0
1460.1195963507885 29.593765048821314 0.0
1460.1404293507885 29.61154324598274 0.0
1460.1612623507885 29.629321443144164 0.0
1460.1820953507886 29.647099640305587 0.0
1460.2029283507886 29.66487783746701 0.0
1460.2237613507887 29.682656034628433 0.0
1460.2445943507887 29.700434231789856 0.0
1460.2654273507887 29.71821242895128 0.0
1460.2862603507888 29.735990626112702 0.0
1460.3070933507888 29.75376882327413 0.0
1460.3279263507889 29.771547020435552 0.0
1460.348759350789 29.789325217596975 0.0
1460.369592350789 29.807103414758398 0.0
1460.390425350789 29.82488161191982 0.0
1460.411258350789 29.842659809081244 0.0
1460.432091350789 29.860438006242667 0.0
1460.452924350789 29.87821620340409 0.0
1460.4737573507891 29.895994400565513 0.0
1460.4945903507892 29.91377259772694 0.0
1460.5154233507892 29.931550794888363 0.0
1460.5362563507892 29.949328992049786 0.0
1460.577916139764 29.29289966558949 0.6875441060223402
1460.598749139764 29.939727756905786 0.0
1460.640414385998 30.43675127536004 0.6874343233816342
1460.661247133501 29.127332872701075 0.6869928266561665
1460.682079879606 29.01479202439715 0.6868499587113506
1460.7029126252464 31.488033695630286 0.6900057860491209
1460.723745369956 30.359039567706695 0.6876528960052777
1460.744578113733 30.921249627279135 0.6875821844743318
1460.765410856579 30.236756618665137 0.687397602431839
1460.786243598494 31.144996366291902 0.6882932161812961
1460.807076339944 31.538234642193757 0.6882867862682266
1460.8279090799956 29.502895073231308 0.6883635516110873
1460.848741819582 30.450710144198997 0.6879236693192397
1460.8695745582374 31.16184702235424 0.6905176735245249
1460.8904072964267 29.936664662864985 0.6868146601545859
1460.9112400332197 30.84812122928816 0.6901820276829828
1460.932072769546 29.819785881045327 0.6901094376464694
1460.9529055049425 30.5885163305152 0.689696552647585
1460.9737382394069 31.06913010564721 0.6874449231020714
1460.9945709729404 29.94167911287173 0.6873297697337788
1461.0154037055415 31.25840118867834 0.6881354386441331
1461.036236437678 29.708359867200954 0.6873175422266353
1461.057069168417 30.156737710890287 0.6869833478783499
1461.07790189869 29.373801242182672 0.6866117070673694
1461.0987346280315 30.23558901745602 0.6874220327036161
1461.119567356908 30.068594393451672 0.6874131017732698
1461.1404000843886 30.06502264081229 0.686922068870553
1461.1612328114015 30.389263452708757 0.6885825434067792
1461.1820655374836 29.80165301194628 0.6873731062565238
1461.202898262635 30.64120069329218 0.6878430854274573
1461.2237309868551 31.155656144708804 0.687022932295934
1461.2445637101434 31.204301482181815 0.6885371837575835
1461.2653964329656 30.520213594374056 0.6871057160037729
1461.286229154392 30.25952791746968 0.6872053815554352
1461.3070618753525 29.753123236919915 0.6869282729409262
1461.3278945953805 30.247098144469973 0.6873637411163546
1461.348727314944 31.152810041575776 0.6874286007652394
1461.3695600331105 30.92721440309452 0.6874976808335461
1461.390392750811 30.66885783170051 0.6876094904323984
1461.4112254671154 31.06820889610072 0.6871745032607592
1461.4320581829525 29.43059752489644 0.6863291263301625
1461.4528908983243 29.995507679036304 0.6887429878445614
1461.4737236123 30.045165465987555 0.6867220985929849
1461.4945563253443 29.361786214948378 0.6871997654519775
1461.5153890379224 31.447935472023634 0.6874632175316059
1461.5362217495683 29.7029922580238 0.6865812578447341
1461.5570544602847 30.249443238104835 0.6875712834596375
1461.5778871705356 29.892902949910734 0.6871845215112272
1461.598719879388 29.42299529141178 0.6861720698566023
1461.6195525877747 30.106690311663517 0.6865134313079356
1461.6403852947656 30.28241923058191 0.686472124377015
1461.661218001756 30.515501924206 0.6873644565135076
1461.6820507073487 31.20109212740264 0.6877232752550697
1461.702883412011 32.1289965047438 0.688278624305523
1461.7237161162075 30.09744264104383 0.687296100203996
1461.744548819473 31.03021796421469 0.6870227370907036
1461.7653815218064 29.689770372312328 0.686462052315424
1461.7862142232084 30.491437866979965 0.6868830426815218
1461.80704692368 29.03881172642212 0.6860449304936496
1461.8278796236855 28.984387146108872 0.6867747816676955
1461.8487123222935 30.400505707414332 0.6874751389950193
1461.869545020436 32.11054305273241 0.6887894805351378
1461.8903777181135 31.05030986973376 0.6874746187900205
1461.9112104143935 29.83696921670157 0.6865121723840716
1461.9320431097426 30.291594576302728 0.6870187028368572
1461.952875804626 30.0498716463376 0.6866200624625576
1461.9737084985775 30.101524997263542 0.687791047478803
1461.9945411915987 32.56253734359652 0.6885923680516021
1462.0153738841532 30.957290904148408 0.687452206250831
1462.0362065753106 30.26362094142042 0.6869992036092992
1462.057039266003 30.340864741428383 0.6883758254786582
1462.077871955764 29.512911769586857 0.6865580130887556
1462.0987046450596 31.15944239103031 0.6871928048894039
1462.1195373329574 30.425127342941977 0.6873755559133393
1462.14037002039 31.09412967859275 0.6880581280873218
1462.1612027068916 30.701230400490267 0.6870505207439848
1462.1820353924616 28.972051994344728 0.6865389348718696
1462.2028680770995 29.63746701536304 0.6867459453453347
1462.2237007612728 30.184690231500852 0.687723448594084
1462.244533444515 29.964754938550296 0.6883224855989094
1462.265366126825 30.5605125084052 0.6872796442445601
1462.286198808204 30.14551345449581 0.6872577023523802
1462.3070314891174 29.28441207769067 0.6864201344545288
1462.3278641691 31.41145516577769 0.6874105872185493
1462.34869684815 30.618351610020543 0.688121319829401
1462.3695295267344 30.84853886291896 0.6876795924306804
1462.3903622039231 31.553778469768098 0.6875812959289078
1462.4111948806465 30.17704156102925 0.6871405875797593
1462.4320275564364 30.280114743994464 0.6868588969640037
1462.4528602317614 29.90115367905332 0.6870025438944598
1462.473692906156 28.519669266707876 0.6859495713685915
1462.4945255796188 31.35581991076088 0.6913833614375505
1462.5153582526154 30.82555350129751 0.6878391426399706
1462.536190924216 31.25725203242729 0.6872270649218779
1462.5570235953503 30.3085796465668 0.6872437606478341
1462.57785626602 28.8213637640068 0.6867331215805208
1462.5986889357575 30.203327528569503 0.6871421272665112
1462.6195216045635 30.33433481133227 0.6868168731475246
1462.640354272438 30.53371188034428 0.6870058190933609
1462.6611869398475 30.894110865053687 0.6872219477090756
1462.682019606326 30.85580830665897 0.6875207421034838
1462.7028522723376 30.31227813272202 0.6867702035212994
1462.723684937418 30.52818125192132 0.6873823412003538
1462.744517602034 30.61208164309804 0.6870938531923505
1462.765350265718 30.005042169629807 0.6871699711470897
1462.7861829284705 30.491446265456208 0.6874777616892275
1462.8070155907565 31.079792613225703 0.6873229188877779
1462.8278482521123 28.98885054695571 0.6887011006299548
1462.848680913003 30.59094006664166 0.6869945618873707
1462.8695135729613 30.494930481072917 0.6870085086489947
1462.890346232454 29.006487462037487 0.686450308625972
1462.9111788914815 29.728212893877217 0.6865608780311728
1462.932011549578 30.52567667199584 0.687313791546983
1462.9528442067426 29.770411060586493 0.6868306933440758
1462.9736768634411 30.299037284660592 0.6864795046731575
1462.9945095196745 29.56845964086996 0.6866040243545343
1463.0153421754424 30.77882770610552 0.68675440759706
1463.0361748302785 29.719039206654795 0.6870153626302619
1463.0570074846487 29.938863890666646 0.6884390746387373
1463.0778401380885 31.61973806075724 0.687982021760859
1463.098672791528 29.230179710933168 0.6863019431281648
1463.119505444036 29.449772780482196 0.6868053090958968
1463.140338096078 30.960792533371823 0.6871818326444887
1463.1611707476548 30.863513197365407 0.6871055425089208
1463.1820033987665 30.2190443211963 0.6889578793915149
1463.2028360494114 29.91773064057618 0.6869490756910395
1463.2236686995905 29.677288135470885 0.6874017645270769
1463.2445013493048 29.282434900078645 0.6866115985550748
1463.2653339985543 29.304783634208263 0.6862940832476923
1463.2861666473364 29.86914035046652 0.687171944463414
1463.3069992956528 29.07843366942914 0.6869155176584961
1463.3278319439703 29.37655388827624 0.6865778069923303
1463.348664591822 29.641635970177308 0.6906266208129092
1463.3694972396731 29.734902727208055 0.6875750327346872
1463.3903298870591 29.913023105296357 0.6875678375760994
1463.4111625339788 29.84071916905872 0.6894605166117361
1463.4319951809 30.13058522121128 0.6878561484574839
1463.4528278278199 29.744208317413484 0.6875627662443878
1463.47366047474 30.153200019537486 0.6875513231020751
1463.49449312166 30.59994498270812 0.6871532736282739
1463.5153257681147 31.748928195795386 0.6876992023751283
1463.536158415035 29.502736160100778 0.6865709920504709
1463.5569910619545 29.97221692685892 0.6883271400143788
