1.410931239278183511e+03 5.522951082744583573e+02 7.663854209254864491e-01
1.410952073193243905e+03 5.481814307658789858e+02 7.657313759531936270e-01
1.411014574934235497e+03 5.444302757127770747e+02 7.661960185142434598e-01
1.411035408846502378e+03 5.409584473862304321e+02 7.659329164975630100e-01
1.411056242758070994e+03 5.385873095096760608e+02 7.644357592559998249e-01
1.411077076668939981e+03 5.403808317113424664e+02 7.643848028045661103e-01
1.411097910578877872e+03 5.393942340862265610e+02 7.649891996556240636e-01
1.411118744488117954e+03 5.411935300291316935e+02 7.674166677011514670e-01
1.411139578396659090e+03 5.398679060030497112e+02 7.654280506534113515e-01
1.411160412304269812e+03 5.391592863181078883e+02 7.658576222685404833e-01
1.411181246210948984e+03 5.343752979062297754e+02 7.646820723540159737e-01
1.411202080116929210e+03 5.365224588385148081e+02 7.639663401748374438e-01
1.411222914021977886e+03 5.316635263991859119e+02 7.649235918495065345e-01
1.411243747926095921e+03 5.349422042712723169e+02 7.651192688062804503e-01
1.411264581829515464e+03 5.346805099106105672e+02 7.633110423213540496e-01
1.411285415731770627e+03 5.333146154606781693e+02 7.633058885640812141e-01
1.411306249633326388e+03 5.337653448021719669e+02 7.631806259439256612e-01
1.411327083533952646e+03 5.327932745207992866e+02 7.621623777008446066e-01
1.411347917433647126e+03 5.337838578131487566e+02 7.634421781192812784e-01
1.411368751332176089e+03 5.344259697454898514e+02 7.626803075508629126e-01
1.411389585230007469e+03 5.313759902778496098e+02 7.610816443053619595e-01
1.411410419126907072e+03 5.293993025381236066e+02 7.615411404638143811e-01
1.411431253022643432e+03 5.340540291764345966e+02 7.626254041139526318e-01
1.411452086917680845e+03 5.260708824076826886e+02 7.626899982809419720e-01
1.411472920811554104e+03 5.299142507173598915e+02 7.621739910034344145e-01
1.411493754704496041e+03 5.354026853396209162e+02 7.636624699084175738e-01
1.411514588596739941e+03 5.335551234266753227e+02 7.618519593182278005e-01
1.411535422487586402e+03 5.330297099529822162e+02 7.622666173758209096e-01
1.411556256377733916e+03 5.357316472814749204e+02 7.621136155394221401e-01
1.411577090266950563e+03 5.355982954567535899e+02 7.638034951038408238e-01
1.411597924155003057e+03 5.362404677538262376e+02 7.628026439837964912e-01
1.411618758042125137e+03 5.380685223932193821e+02 7.621660142085641132e-01
1.411639591928314530e+03 5.364193516518389515e+02 7.627702546757784141e-01
1.411660425813338861e+03 5.370669758787099681e+02 7.631557115378193590e-01
1.411681259697666064e+03 5.397274134905840128e+02 7.645343485913067560e-01
1.411702093580829114e+03 5.392656624779378944e+02 7.644097941129983642e-01
1.411722927463060842e+03 5.387238966838597207e+02 7.645101020175492090e-01
1.411743761344361474e+03 5.396587663655720917e+02 7.650882630137623153e-01
1.411764595224497043e+03 5.425403504847658951e+02 7.649569029293306066e-01
1.411785429103702882e+03 5.400617528430351513e+02 7.656334467830648860e-01
1.411806262981976943e+03 5.411791038683459192e+02 7.654163699148645028e-01
1.411827096859318317e+03 5.409456162685810341e+02 7.640197429902142456e-01
1.411847930735728823e+03 5.377801667395422101e+02 7.646507760081577842e-01
1.411868764610976086e+03 5.414488385762408598e+02 7.638320169567218709e-01
1.411889598485292026e+03 5.392813129424648650e+02 7.636408104395511209e-01
1.411910432358675962e+03 5.424700915049037349e+02 7.652227162304976460e-01
1.411931266231129484e+03 5.434683458821538125e+02 7.644401646657221772e-01
1.411952100102418626e+03 5.418882983229312913e+02 7.643935751977837256e-01
1.411972933973007912e+03 5.403068080272422549e+02 7.637597153041033593e-01
1.411993767842433954e+03 5.380603385590176231e+02 7.642392053637291349e-01
1.412014601710929128e+03 5.407660007307093792e+02 7.648174932101298173e-01
1.412035435578259921e+03 5.380939161778175048e+02 7.635508878046124437e-01
1.412056269444891996e+03 5.385476075178793280e+02 7.637621345742279244e-01
1.412077103310359689e+03 5.432935692947735333e+02 7.655055673049211418e-01
1.412097937175129573e+03 5.451947559143119406e+02 7.657964086365193213e-01
1.412118771038734394e+03 5.419947367323346725e+02 7.640982995880900575e-01
1.412139604901408347e+03 5.437358651663131468e+02 7.649904073475302102e-01
1.412160438763150978e+03 5.419622215207524505e+02 7.636291804171913000e-01
1.412181272623729910e+03 5.442414423501421652e+02 7.642679059292878385e-01
1.412202106483609896e+03 5.444642728523771211e+02 7.651374977560648771e-01
1.412222940342324364e+03 5.472585650717310273e+02 7.659260683362215660e-01
1.412243774200342614e+03 5.472830727810497820e+02 7.672932802449713430e-01
1.412306275768108662e+03 5.406745293307791371e+02 7.648650309609225095e-01
1.412327109622167882e+03 5.478668870678505982e+02 7.669059780737937926e-01
1.412347943475295324e+03 5.448705817050034739e+02 7.675390257838534680e-01
1.412368777327492353e+03 5.450125583217280791e+02 7.687085784049350057e-01
1.412389611178758514e+03 5.494798713870584379e+02 7.671061222090201914e-01
1.412410445029091989e+03 5.440686117959107833e+02 7.658201864135918413e-01
1.412431278878494140e+03 5.462801186399316293e+02 7.664143522030677502e-01
1.412452112726965424e+03 5.441387174954727470e+02 7.676615196527002416e-01
1.412472946574506068e+03 5.407015647076830192e+02 7.675971885429885289e-01
1.412493780421114025e+03 5.459012078962153964e+02 7.688321651185517913e-01
1.412514614266558965e+03 5.467702880379746375e+02 7.689091060331899596e-01
1.412535448111305868e+03 5.459276438399479048e+02 7.661005995255746326e-01
1.412556281955120085e+03 5.463956925983920883e+02 7.664743500142300325e-01
1.412577115798003433e+03 5.432021667490214440e+02 7.657233583758219497e-01
1.412597949639955914e+03 5.432029212088473287e+02 7.663391052759916944e-01
1.412618783481208993e+03 5.450403475280963903e+02 7.673007764921978557e-01
1.412639617321298829e+03 5.442832174866341575e+02 7.680064552030875236e-01
1.412660451160457342e+03 5.436569730659858806e+02 7.665720551272768857e-01
1.412681284998916453e+03 5.438721292423920204e+02 7.678039839710515402e-01
1.412702118836212549e+03 5.470557921698657537e+02 7.670294666871791955e-01
1.412722952672809924e+03 5.479649595237235644e+02 7.671687075300278602e-01
1.412743786508474386e+03 5.422433751397448987e+02 7.667378881447484140e-01
1.412764620342976514e+03 5.465382548061695616e+02 7.671813327518113290e-01
1.412785454176779467e+03 5.445768507643545036e+02 7.655164680628145923e-01
1.412806288009883474e+03 5.439879601265497513e+02 7.646432537814195074e-01
1.412827121841824010e+03 5.432001339652587149e+02 7.651405748222671610e-01
1.412847955673065826e+03 5.447916051007942997e+02 7.657834103251622837e-01
1.412868789503143944e+03 5.501827101530718664e+02 7.679506519005143694e-01
1.412889623332523570e+03 5.494715507619479240e+02 7.693808549027585375e-01
1.412910457160971418e+03 5.519278618688266533e+02 7.690249873889909438e-01
1.412931290988487945e+03 5.545545774040837159e+02 7.690786202053772058e-01
1.412952124815305979e+03 5.540945028140521345e+02 7.714654075125830790e-01
1.412972958641193145e+03 5.556915672784459730e+02 7.723069067549735989e-01
1.412993792466148534e+03 5.551349867975794723e+02 7.723432178715426977e-01
1.413014626290172600e+03 5.556508868682647062e+02 7.720927097460071886e-01
1.413035460113265344e+03 5.555930286816342232e+02 7.733543042992518934e-01
1.413056293935660051e+03 5.595154185172206098e+02 7.734398889986383585e-01
1.413077127757122980e+03 5.590067217294712236e+02 7.735479642031390934e-01
1.413097961577655042e+03 5.569322490462454880e+02 7.732299757472769208e-01
1.413118795397488611e+03 5.560231110241197712e+02 7.719946610211774196e-01
1.413139629216158028e+03 5.569708984333738044e+02 7.717762455334501448e-01
1.413160463034128043e+03 5.545723154433552509e+02 7.711658061486955651e-01
1.413181296851400475e+03 5.541732187234966887e+02 7.716587690425745771e-01
1.413202130667741585e+03 5.527493605868874056e+02 7.720250034137470241e-01
1.413222964483150008e+03 5.479392816204899646e+02 7.677744063606835034e-01
1.413243798297628928e+03 5.468876774581767677e+02 7.677030971215679234e-01
1.413306299736173514e+03 5.723997665009849243e+02 7.693605959897362734e-01
1.413327133547391895e+03 5.713078165202382479e+02 7.693432418503608483e-01
1.413347967357678954e+03 5.705595315880715361e+02 7.703703744437789824e-01
1.413368801167035144e+03 5.760122947028571616e+02 7.721156374546035428e-01
1.413389634975691934e+03 5.771439943740742820e+02 7.720621770096725012e-01
1.413410468783418537e+03 5.791504690288901429e+02 7.723837330428336978e-01
1.413431302590445966e+03 5.782110375479918503e+02 7.727589568868895586e-01
1.413452136396542528e+03 5.836551315619290108e+02 7.741727705620089495e-01
1.413472970201707994e+03 5.803281445816344331e+02 7.727155687725860700e-01
1.413493804006173832e+03 5.750051178445638698e+02 7.705865972004332098e-01
1.413514637809942087e+03 5.746415190804907525e+02 7.702794189778026102e-01
1.413535471612546189e+03 5.757771300020356193e+02 7.703933147263156700e-01
1.413556305414451799e+03 5.759931626219155305e+02 7.696643462514393130e-01
1.413577139215658917e+03 5.763326980300953437e+02 7.710466519304295385e-01
1.413597973015933349e+03 5.767877940419226661e+02 7.717510293719536119e-01
1.413618806815278049e+03 5.768475200551724811e+02 7.726306367183131130e-01
1.413639640613924030e+03 5.782849085567884231e+02 7.732430801328635805e-01
1.413660474411871519e+03 5.793066337414904865e+02 7.723480026310168833e-01
1.413681308208887458e+03 5.774415213273824747e+02 7.725078505823910202e-01
1.413702142004971392e+03 5.784371922585847869e+02 7.723136597485967814e-01
1.413722975800358199e+03 5.707156985609674393e+02 7.709671797835928597e-01
1.413743809594812319e+03 5.728395352778367169e+02 7.707516437925020503e-01
1.413764643388568857e+03 5.758147094852905639e+02 7.706832782647363711e-01
1.413785477181394072e+03 5.748790972621517312e+02 7.713168191636623483e-01
1.413806310973520795e+03 5.732977841365731138e+02 7.704002779147081093e-01
1.413827144764715513e+03 5.689541277305115727e+02 7.691744446765872434e-01
1.413847978555211512e+03 5.701486665445335120e+02 7.689377485682753477e-01
1.413868812345010156e+03 5.714338006835807846e+02 7.685599223907445543e-01
1.413889646133876795e+03 5.672135217048544291e+02 7.679251548834740149e-01
1.413910479921812566e+03 5.685501260631765490e+02 7.695844602826150682e-01
1.413972981281196098e+03 5.723724902770388780e+02 7.687548288333239110e-01
1.413993815065871331e+03 5.676260453412696734e+02 7.700893101978495414e-01
1.414035482633360516e+03 5.685953382304595607e+02 7.700427916018561803e-01
1.414056316415708352e+03 5.681799751669497027e+02 7.678795530844642059e-01
1.414077150197357469e+03 5.725681320801895708e+02 7.682824628198564598e-01
1.414097983978075490e+03 5.658877279331198906e+02 7.664003922202633490e-01
1.414118817758328078e+03 5.662366718178893734e+02 7.649251113338459973e-01
1.414139651537416057e+03 5.630307954091778129e+02 7.654888654854624663e-01
1.414160485316038375e+03 5.649033699929090062e+02 7.638571433975133163e-01
1.414181319093729144e+03 5.626694115718375997e+02 7.640806309083665315e-01
1.414202152870489044e+03 5.610255822367812470e+02 7.634301937345460143e-01
1.414222986646549998e+03 5.608338579919194444e+02 7.642909123978619546e-01
1.414243820421912915e+03 5.591527657289423132e+02 7.622489453361924738e-01
1.414264654196576885e+03 5.578939884779880458e+02 7.625794463121292610e-01
1.414285487970309987e+03 5.566195365571437605e+02 7.618663938191163609e-01
1.414306321743111994e+03 5.562868678733034358e+02 7.611608956715911756e-01
1.414327155515447885e+03 5.533300038401697520e+02 7.602543374552205302e-01
1.414347989286851998e+03 5.521221136598481962e+02 7.604171195529652039e-01
1.414368823057325471e+03 5.520125272785992365e+02 7.609895003016775572e-01
1.414389656827333056e+03 5.551055320940365618e+02 7.623591934019057215e-01
1.414410490596409545e+03 5.540881738055709320e+02 7.618768381248375299e-01
1.414431324364554484e+03 5.586614512745936736e+02 7.627981119076506777e-01
1.414452158132233990e+03 5.532273504025329203e+02 7.623853847473754941e-01
1.414472991898981945e+03 5.564843826576867514e+02 7.634618914373683118e-01
1.414493825664797896e+03 5.536422682746737109e+02 7.629371093714000240e-01
1.414514659429915810e+03 5.551994157536968260e+02 7.609462635702766153e-01
1.414535493194336141e+03 5.539427444859950356e+02 7.609379997486768188e-01
1.414556326958057070e+03 5.518977053467820042e+02 7.606632843037105518e-01
1.414577160720848042e+03 5.512645789513588852e+02 7.595693928131083128e-01
1.414597994483171988e+03 5.564375252471626254e+02 7.593739733276961834e-01
1.414618828244331780e+03 5.502894622233308155e+02 7.590160447687721579e-01
1.414639662005026366e+03 5.485324804242267192e+02 7.577507937762898438e-01
1.414660495764790085e+03 5.487462300269779689e+02 7.607707849496924135e-01
1.414681329523853947e+03 5.502849836931791287e+02 7.589642925030246623e-01
1.414702163281987850e+03 5.485025058334063033e+02 7.569576042579002628e-01
1.414722997039655183e+03 5.481915732635873155e+02 7.590328890167008513e-01
1.414743830796392103e+03 5.501054370759155745e+02 7.583687304175832367e-01
1.414764664552196791e+03 5.513112707152662324e+02 7.585297955348302423e-01
1.414785498307535818e+03 5.488202284904104999e+02 7.579695155498261672e-01
1.414806332061943976e+03 5.476870786317930424e+02 7.570601592631194254e-01
1.414827165815654098e+03 5.459991335838757323e+02 7.568607449311348656e-01
1.414847999568664818e+03 5.481800775711326423e+02 7.569848880015301873e-01
1.414868833320745125e+03 5.478663754585290917e+02 7.576198136278481376e-01
1.414889667072126031e+03 5.447231426992149181e+02 7.564130229051787557e-01
1.414910500822807990e+03 5.435468006327190551e+02 7.579268929572967606e-01
1.414931334572792366e+03 5.430879449803860552e+02 7.551604990224959346e-01
1.414952168322078023e+03 5.398056178976466981e+02 7.548368570766742502e-01
1.414973002070432358e+03 5.409391589108288372e+02 7.545721641218036124e-01
1.414993835818088883e+03 5.406932406161774907e+02 7.558348895697956094e-01
1.415014669565046916e+03 5.425317575468084215e+02 7.547887667050001692e-01
1.415035503311073171e+03 5.354130045393384307e+02 7.536707693182616019e-01
1.415056337056400935e+03 5.341959914085255150e+02 7.539869670449840244e-01
1.415077170801030206e+03 5.345113116137268889e+02 7.523066890853732369e-01
1.415098004544960077e+03 5.388957852893881864e+02 7.534342261567220644e-01
1.415118838288192819e+03 5.318324060394069193e+02 7.521469460915612970e-01
1.415139672030493330e+03 5.323852222812763557e+02 7.521447668231159289e-01
1.415160505772095803e+03 5.395617007967045993e+02 7.532187771484005756e-01
1.415181339512999784e+03 5.298453913647887248e+02 7.524705964107015754e-01
1.415202173253204819e+03 5.332911566045436302e+02 7.513081348160050021e-01
1.415223006992711817e+03 5.349280675558916300e+02 7.509069522100459970e-01
1.415243840731287946e+03 5.358032045811172566e+02 7.510377935837881935e-01
1.415264674469165129e+03 5.357841513871172765e+02 7.519647374433091613e-01
1.415285508206343366e+03 5.312554643083354904e+02 7.511914247219381169e-01
1.415306341942824474e+03 5.311031495700785854e+02 7.496991348794863619e-01
1.415327175678605954e+03 5.350122386150774219e+02 7.508578163188743826e-01
1.415348009413456566e+03 5.350835232510111155e+02 7.514813020427013601e-01
1.415368843147840380e+03 5.325914794336609930e+02 7.501134389282955173e-01
1.415389676881294008e+03 5.317531810917761277e+02 7.499470692076602996e-01
1.415410510614048917e+03 5.315831275479596343e+02 7.496554059898437039e-01
1.415431344345871821e+03 5.338136469439837128e+02 7.506147090768632291e-01
1.415452178077229519e+03 5.307428933842431888e+02 7.494490904845090284e-01
1.415473011807655894e+03 5.292740870165164324e+02 7.495576825788256015e-01
1.415493845537384459e+03 5.305418829213494973e+02 7.500923417783026403e-01
1.415514679266414532e+03 5.287278838012957749e+02 7.501545985147468620e-01
1.415535512994745659e+03 5.253989079858318973e+02 7.502942700060099002e-01
1.415556346722378066e+03 5.271017045841175559e+02 7.478835124226810294e-01
1.415577180449311982e+03 5.292191381367468921e+02 7.472871353555116114e-01
1.415598014175314347e+03 5.265322430617811733e+02 7.480490263666436102e-01
1.415618847900618903e+03 5.267087926445924495e+02 7.487017999078415809e-01
1.415639681625224966e+03 5.281711564843157021e+02 7.477040115136591725e-01
1.415660515349132311e+03 5.252950243225809572e+02 7.476695331601305172e-01
1.415681349072341163e+03 5.251831784112994228e+02 7.472647619566492594e-01
1.415702182794851979e+03 5.248842638146160198e+02 7.476149225721387959e-01
1.415723016516430562e+03 5.272669516596297399e+02 7.475696764721835308e-01
1.415743850237543938e+03 5.267690028301655047e+02 7.474988717928636728e-01
1.415764683957725993e+03 5.269991237827415489e+02 7.473461165601046341e-01
1.415785517677210009e+03 5.235841563651207480e+02 7.467964817416818946e-01
1.415806351395995080e+03 5.256705588420004460e+02 7.476885861346889151e-01
1.415827185114081658e+03 5.255643642930109536e+02 7.475686000998945646e-01
1.415848018831469517e+03 5.253387887678441075e+02 7.472759287991717070e-01
1.415868852547926508e+03 5.290046988598530788e+02 7.477292414863557779e-01
1.415889686263918065e+03 5.268881381335089600e+02 7.480073126547651663e-01
1.415910519978977845e+03 5.268504458505485673e+02 7.469216990535616496e-01
1.415931353693339133e+03 5.288897313805324529e+02 7.477738402560393238e-01
1.415952187407000565e+03 5.297381350257011263e+02 7.474082033061885122e-01
1.415973021119965097e+03 5.244719460268001967e+02 7.468835534918774055e-01
1.415993854832231591e+03 5.252918661748027489e+02 7.466989030293792462e-01
1.416014688543798911e+03 5.264877732767589578e+02 7.464882172346418709e-01
1.416035522254666830e+03 5.277401205337906731e+02 7.482367292069169729e-01
1.416056355964604791e+03 5.258982825463382369e+02 7.492019062714528888e-01
1.416077189674077090e+03 5.239325487033679565e+02 7.464643826045707087e-01
1.416098023382617612e+03 5.267516858366049064e+02 7.468654376578997001e-01
1.416118857090459642e+03 5.256856362676548997e+02 7.474770629196001437e-01
1.416139690797602952e+03 5.255559319170192794e+02 7.476382421798251077e-01
1.416160524504047999e+03 5.245280329353363413e+02 7.477156102324250542e-01
1.416181358209794325e+03 5.252872020775378132e+02 7.472847026298045092e-01
1.416202191914842842e+03 5.248432852666226154e+02 7.470790089618424279e-01
1.416223025619192867e+03 5.241850945460931825e+02 7.489101916153135807e-01
1.416243859322611115e+03 5.269613992502254405e+02 7.484133945477517980e-01
1.416264693025563929e+03 5.258486251633689790e+02 7.474434512893709526e-01
1.416285526727584966e+03 5.236328214196731778e+02 7.468660362056890323e-01
1.416306360429140568e+03 5.269320958414709821e+02 7.471703157000414430e-01
1.416327194129764393e+03 5.277246774781502836e+02 7.481671428363066978e-01
1.416348027829690636e+03 5.269669562569918071e+02 7.478271241278490189e-01
1.416368861528918387e+03 5.268154999465953097e+02 7.487145773098147217e-01
1.416389695227447191e+03 5.275069599254699142e+02 7.477077183402497385e-01
1.416410528925277049e+03 5.250761437255134751e+02 7.491400079648051769e-01
1.416431362622409551e+03 5.276803742181613188e+02 7.476383617656822134e-01
1.416452196318843107e+03 5.271969420891634854e+02 7.469750836083950407e-01
1.416473030014577489e+03 5.279867167718700784e+02 7.474816878892123206e-01
1.416493863709381912e+03 5.271695492040468025e+02 7.478536251634440024e-01
1.416514697403719083e+03 5.258879046838636668e+02 7.475614641110799319e-01
1.416535531097125386e+03 5.280012963979531833e+02 7.487269166499191941e-01
1.416556364790067164e+03 5.299983460124921066e+02 7.487283893962828341e-01
1.416577198482075801e+03 5.286088465838457751e+02 7.482572812415321239e-01
1.416598032173386855e+03 5.294190940133872800e+02 7.499952316132596497e-01
1.416618865863999872e+03 5.278129032618820702e+02 7.489494277219485019e-01
1.416639699554146318e+03 5.309280938931726723e+02 7.496915421370966559e-01
1.416660533243362352e+03 5.295696598653787532e+02 7.483817364459747212e-01
1.416681366931879893e+03 5.310398543722840259e+02 7.487809685239735780e-01
1.416702200619698488e+03 5.275219277512283043e+02 7.480352415768867225e-01
1.416723034306819045e+03 5.297340433268700508e+02 7.490931034639940478e-01
1.416743867993007825e+03 5.318400914473496641e+02 7.496822001757651455e-01
1.416764701678730944e+03 5.289279984779732331e+02 7.498455683341755940e-01
1.416785535363756026e+03 5.288360944991034103e+02 7.496394641874468689e-01
1.416806369048081933e+03 5.292308666457594200e+02 7.497708049888180959e-01
1.416827202731476518e+03 5.294773226194901099e+02 7.490613945167859944e-01
1.416848036414406579e+03 5.278900080439326530e+02 7.488656207245311114e-01
1.416868870096403953e+03 5.304666808043980382e+02 7.495464702092278220e-01
1.416889703777936120e+03 5.284521695464133018e+02 7.489856377206306481e-01
1.416910537458537419e+03 5.273320209175590207e+02 7.486384669487696764e-01
1.416973038496382514e+03 5.229943087258661762e+02 7.479621301361643049e-01
1.417056373203419525e+03 5.294854883351669059e+02 7.497244964668134948e-01
1.417160541571498925e+03 5.267671638128110772e+02 7.496547301597157320e-01
1.417202208913843151e+03 5.269885558874588014e+02 7.505183415544712799e-01
1.417223042583733331e+03 5.254936272048984165e+02 7.506465509197079999e-01
1.417243876253157850e+03 5.315494936903982079e+02 7.517309083433079131e-01
1.417264709921885469e+03 5.289846753938824122e+02 7.512772730670541632e-01
1.417306377257009899e+03 5.283352050213173925e+02 7.512051912676803722e-01
1.417327210923641815e+03 5.313046559483194642e+02 7.528973880474755243e-01
1.417368878254575066e+03 5.280007795818520435e+02 7.511599233770552830e-01
1.417389711918878675e+03 5.240447094417313565e+02 7.523326758087601762e-01
1.417410545584113152e+03 5.237848693411843897e+02 7.517595710842844836e-01
1.417431379247018867e+03 5.304575197064506256e+02 7.524296823389040600e-01
1.417452212909226091e+03 5.309742155097844716e+02 7.534375092400795726e-01
1.417473046570967654e+03 5.271785773934534518e+02 7.552790816919631167e-01
1.417493880231778803e+03 5.346421666911054444e+02 7.549057102061687008e-01
1.417514713891890096e+03 5.326473228204422412e+02 7.541417361893149041e-01
1.417535547551536183e+03 5.353306338728714309e+02 7.548136809007296444e-01
1.417556381210251402e+03 5.365492843498414004e+02 7.552454621406913260e-01
1.417577214868268129e+03 5.333780563772861569e+02 7.558069728459007042e-01
1.417598048525585000e+03 5.365689606262720872e+02 7.556181135723618603e-01
1.417618882182204516e+03 5.376494817964107824e+02 7.554417917990166043e-01
1.417639715838358825e+03 5.383176169110896581e+02 7.560044575716230453e-01
1.417660549493581129e+03 5.370649659932012128e+02 7.565417696331621089e-01
1.417681383148104942e+03 5.413239656544867557e+02 7.572490524482529128e-01
1.417702216801930945e+03 5.371611471295037745e+02 7.573932392438117445e-01
1.417723050455058001e+03 5.422312502125685114e+02 7.581264985801685619e-01
1.417743884107486338e+03 5.385930355341259883e+02 7.568844096750985129e-01
1.417764717759216182e+03 5.407557148510155685e+02 7.583711668854197230e-01
1.417785551410248445e+03 5.420073900966098108e+02 7.573084383807847653e-01
1.417806385060582215e+03 5.409668652931188717e+02 7.582191084327254416e-01
1.417827218710216130e+03 5.427360972413299578e+02 7.601308067588031792e-01
1.417848052359152007e+03 5.440701910907982892e+02 7.598267361498940442e-01
1.417868886007389392e+03 5.480498924899044368e+02 7.632359189616039208e-01
1.417889719654929195e+03 5.484992107300679436e+02 7.613191779263187575e-01
1.417910553301770051e+03 5.514647922989690869e+02 7.623448855107617383e-01
1.417931386947911051e+03 5.498944387969786476e+02 7.647570536557216636e-01
1.417952220593122547e+03 5.463051128448983036e+02 7.625264116309371509e-01
1.417973054237867927e+03 5.472474190301421686e+02 7.631934733370648871e-01
1.417993887881914816e+03 5.474632664022341260e+02 7.621032135839999055e-01
1.418014721525261848e+03 5.466827445308745155e+02 7.612231867786323214e-01
1.418035555167912662e+03 5.467827108994546279e+02 7.607551935966987422e-01
1.418056388809864075e+03 5.447629446386400787e+02 7.609123069148931995e-01
1.418077222450884619e+03 5.497292332754116160e+02 7.631589918509488202e-01
1.418098056091438139e+03 5.453283952311047642e+02 7.613943729769870883e-01
1.418118889731293166e+03 5.454868459136879437e+02 7.613190604894057856e-01
1.418139723370450611e+03 5.451123016197518609e+02 7.605934242458798344e-01
1.418160557008677188e+03 5.444551903169921161e+02 7.604232334915954628e-01
1.418181390646436512e+03 5.457284646738621632e+02 7.617014173834305568e-01
1.418202224283497799e+03 5.451165870497558217e+02 7.639233889639966968e-01
1.418223057919628900e+03 5.477196075522849696e+02 7.611377945938313516e-01
1.418243891555293885e+03 5.436406150603448850e+02 7.607671809467413393e-01
1.418264725190260378e+03 5.505797180505212509e+02 7.619337903216347740e-01
1.418285558824295094e+03 5.465593537939744238e+02 7.615111630573967449e-01
1.418306392457863922e+03 5.472007785284865804e+02 7.607043823720729403e-01
1.418327226090735167e+03 5.466409193976041934e+02 7.611306292018259478e-01
1.425348136770649489e+03 5.524303146664638007e+02 7.472580218887988623e-01
1.425368970335871836e+03 5.549958014087366109e+02 7.469247713623554663e-01
1.425389803900162860e+03 5.527878956513368394e+02 7.473315611173707573e-01
1.425410637463522107e+03 5.524021096360453384e+02 7.471128763278163110e-01
1.425431471025716974e+03 5.529847132112116697e+02 7.495013407134724082e-01
1.425452304586981427e+03 5.532541324316044893e+02 7.482540152582528581e-01
1.425473138147312966e+03 5.494542026382267750e+02 7.474738333979893401e-01
1.425493971706480806e+03 5.514002876161960103e+02 7.481523643594470974e-01
1.425514805264718689e+03 5.502378973014389203e+02 7.485039810885127931e-01
1.425535638822023429e+03 5.528912864033433152e+02 7.482658444226863992e-01
1.425556472378165836e+03 5.551315745029156687e+02 7.492675781250000000e-01
1.425577305933376465e+03 5.519901743440497057e+02 7.485507632505385978e-01
1.425598139487655999e+03 5.561827725160243290e+02 7.505222727337989008e-01
1.425618973040770470e+03 5.548985756345729214e+02 7.502603476375471203e-01
1.425639806593186677e+03 5.574037459987704324e+02 7.501331449580416200e-01
1.425660640144205445e+03 5.538314718384666548e+02 7.507924026470690348e-01
1.425681473694525948e+03 5.560286488853386118e+02 7.489111864710027433e-01
1.425702307243682299e+03 5.567962617285559190e+02 7.499088788309750120e-01
1.425723140791908008e+03 5.565772388863678088e+02 7.503818890739739622e-01
1.425743974339202396e+03 5.562029653353718004e+02 7.500747007679819944e-01
1.425764807885565006e+03 5.535316456813989134e+02 7.505922760448883180e-01
1.425785641430764372e+03 5.518120760884108904e+02 7.504262507658163717e-01
1.425806474975031506e+03 5.548816909103884427e+02 7.495426134333988966e-01
1.425827308518366863e+03 5.535683935573287044e+02 7.499608585952310946e-01
1.425848142060772034e+03 5.544542616440097618e+02 7.504461868582698036e-01
1.425868975602012597e+03 5.525074806916120451e+02 7.491251691146193492e-01
1.425889809142321155e+03 5.548068135503136773e+02 7.478584470554054953e-01
1.425910642681698391e+03 5.552634425395688140e+02 7.510850924680751994e-01
1.425931476220144987e+03 5.526801466233564497e+02 7.504191419513664973e-01
1.425952309757660487e+03 5.544209324062552469e+02 7.491497942842426649e-01
1.425973143294012061e+03 5.550988220710167980e+02 7.492313817523644781e-01
1.425993976829664462e+03 5.487829544030093984e+02 7.477626011385151150e-01
1.426014810364152709e+03 5.530960438437010680e+02 7.482917325139306630e-01
1.426035643897710088e+03 5.508569552766637116e+02 7.474027803920021418e-01
1.426056477430335462e+03 5.519029639768893958e+02 7.475602681286359630e-01
1.426077310962029060e+03 5.473522816793500851e+02 7.469440827282710638e-01
1.426098144492792471e+03 5.496854556882623228e+02 7.466139652465632048e-01
1.426118978022624560e+03 5.459381075902302882e+02 7.469052200907201344e-01
1.426139811551292041e+03 5.486126799508704153e+02 7.473491871241428885e-01
1.426160645079261485e+03 5.443034878499323668e+02 7.457869533062591039e-01
1.426181478606067003e+03 5.446300543762080224e+02 7.453191441013882201e-01
1.426202312132173574e+03 5.420279101127930517e+02 7.444647536148688571e-01
1.426223145657115992e+03 5.446159610311814276e+02 7.446093747438456978e-01
1.426243979181126406e+03 5.431912551177902060e+02 7.441148728447779526e-01
1.426264812704438555e+03 5.434085432442448109e+02 7.446860569769052640e-01
1.426285646226587005e+03 5.418741051281790533e+02 7.453521318115120531e-01
1.426306479747804133e+03 5.414970292705730799e+02 7.438282548783906600e-01
1.426327313268090165e+03 5.438294886396124639e+02 7.442479894685866126e-01
1.426348146787677706e+03 5.418400569783627816e+02 7.438435599840441670e-01
1.426368980306101093e+03 5.433670800515253632e+02 7.448417984601001240e-01
1.426389813823593158e+03 5.413155807561823849e+02 7.438390726558544719e-01
1.426410647340385367e+03 5.438282064882822624e+02 7.435477791283148230e-01
1.426431480856015014e+03 5.424610259996442210e+02 7.430852580051096057e-01
1.426452314370945487e+03 5.430611907345198688e+02 7.431491043249683903e-01
1.426473147884711125e+03 5.425410799435168201e+02 7.434536624031901075e-01
1.426493981397779407e+03 5.441073606099525932e+02 7.432614637351134812e-01
1.426514814909916367e+03 5.433219973377625820e+02 7.443617444655792337e-01
1.426535648420889629e+03 5.435317840556851934e+02 7.438119477831802717e-01
1.426556481931162580e+03 5.435409491250728706e+02 7.446988632609417014e-01
1.426577315440506027e+03 5.454579898059578227e+02 7.440716168302904387e-01
1.426598148948917697e+03 5.433277681690872214e+02 7.447325987612495313e-01
1.426618982456630874e+03 5.445707591234270240e+02 7.439619435529263303e-01
1.426639815963178989e+03 5.440366312605452777e+02 7.456780119194709178e-01
1.426660649469029067e+03 5.426043289101667142e+02 7.443147390525556295e-01
1.426681482973714992e+03 5.429675139529992975e+02 7.452904735965178995e-01
1.426702316477702880e+03 5.450832735443939328e+02 7.485949547777253077e-01
1.426723149980759445e+03 5.413520571769652179e+02 7.449979074179939875e-01
1.426743983482884460e+03 5.438281767499634043e+02 7.459971180596818296e-01
1.426764816984311437e+03 5.411331864102284044e+02 7.459275624796263271e-01
1.426785650484574035e+03 5.470272834048265622e+02 7.475052907367364385e-01
1.426806483984138140e+03 5.417381635995731131e+02 7.461832202571694328e-01
1.426827317482770013e+03 5.447721554292647852e+02 7.460853616133074073e-01
1.426848150980470564e+03 5.430542197429832640e+02 7.466601074589137577e-01
1.426868984477240019e+03 5.440322675308889302e+02 7.466199527188599472e-01
1.426889817973311892e+03 5.439604584135353207e+02 7.464608692279071089e-01
1.426910651468451988e+03 5.434379400765303672e+02 7.457811989135852970e-01
1.426931484962660988e+03 5.430507940073176769e+02 7.455303601479783548e-01
1.426952318455938439e+03 5.438919547952217499e+02 7.459463003763719957e-01
1.426973151948518080e+03 5.445327158424614709e+02 7.459576068113173974e-01
1.426993985440165488e+03 5.425258728390890610e+02 7.445354865835244196e-01
1.427014818930882029e+03 5.424029271231374878e+02 7.447906218479182217e-01
1.427035652420899396e+03 5.438989874348426383e+02 7.472677929732624014e-01
1.427056485909753064e+03 5.416201744077235389e+02 7.444157529832655662e-01
1.427077319397907559e+03 5.435209636919199738e+02 7.437913530537942908e-01
1.427098152885364925e+03 5.421649786813821947e+02 7.459024713391677608e-01
1.427118986371657684e+03 5.449065669105401639e+02 7.452195723399480665e-01
1.427139819857251950e+03 5.411544433125154683e+02 7.445791559328097664e-01
1.427160653342147498e+03 5.453686791210947149e+02 7.459411065502260518e-01
1.427181486825878892e+03 5.436498922572189940e+02 7.467227700846238436e-01
1.427202320308912022e+03 5.434769424420607038e+02 7.444300051335802637e-01
1.427223153791013374e+03 5.417417059188060193e+02 7.454442897374510268e-01
1.427243987272415325e+03 5.437027055841493848e+02 7.478912032175055735e-01
1.427264820752887999e+03 5.420821077946986861e+02 7.440791868143505905e-01
1.427285654232661045e+03 5.426996433107932489e+02 7.460395833270155874e-01
1.427306487711270620e+03 5.435890039414094872e+02 7.456030705081764243e-01
1.427327321189181475e+03 5.410182339546773846e+02 7.449527824083103100e-01
1.427348154666393839e+03 5.422030240908543419e+02 7.451386254902572226e-01
1.427368988142674425e+03 5.413858476130296822e+02 7.448491605606567534e-01
1.427389821618024598e+03 5.420130916038272062e+02 7.454413312652172774e-01
1.427410655092675370e+03 5.389204601197827742e+02 7.445599033089805863e-01
1.427431488566394364e+03 5.418468902706381414e+02 7.446736506792288601e-01
1.427452322039182491e+03 5.423767716544429049e+02 7.454638393466633817e-01
1.427473155511273035e+03 5.441321951525685563e+02 7.450779095817703368e-01
1.427493988982664632e+03 5.404138105473890619e+02 7.451880984980214784e-01
1.427514822453123998e+03 5.437411650376233183e+02 7.450747496592563524e-01
1.427535655922653405e+03 5.435310718331148792e+02 7.448219524352567289e-01
1.427556489391483865e+03 5.448034096228836916e+02 7.455382750885696241e-01
1.427618989792619459e+03 5.454992177124082673e+02 7.456157811019421544e-01
1.427639823258189153e+03 5.450140595715490690e+02 7.450100683005577151e-01
1.427660656722828662e+03 5.458164164693997691e+02 7.459104222855370558e-01
1.427681490186536848e+03 5.464440825997601223e+02 7.452109341624447714e-01
1.427702323649546997e+03 5.460736228994834391e+02 7.469270057608136115e-01
1.427723157111625369e+03 5.512467714828377439e+02 7.461451967087459058e-01
1.427743990573005021e+03 5.460448306646417223e+02 7.475427268329596364e-01
1.427764824033686637e+03 5.490641625302919238e+02 7.466266187148634659e-01
1.427785657493437157e+03 5.451104401791706096e+02 7.454787910535175532e-01
1.427806490952254990e+03 5.487446007158343946e+02 7.465328103026469542e-01
1.427827324410373876e+03 5.462854731149520831e+02 7.468005921396728697e-01
1.427848157867563032e+03 5.481955706930348242e+02 7.462819845607214786e-01
1.427868991324053468e+03 5.464168024501407217e+02 7.463478334792186253e-01
1.427889824779845640e+03 5.496574287064374857e+02 7.488313152501976377e-01
1.427910658234705807e+03 5.449610881841101673e+02 7.462900911996476205e-01
1.427931491688636015e+03 5.507448877899846593e+02 7.472492477448940962e-01
1.427952325141866368e+03 5.450876256887420368e+02 7.462121360284733607e-01
1.427973158594399138e+03 5.482512570092064834e+02 7.462573845656117477e-01
1.427993992046000130e+03 5.461394072791761118e+02 7.463184038437776779e-01
1.428014825496901494e+03 5.482194217155897604e+02 7.473393772259712131e-01
1.428035658946872445e+03 5.452849503562558766e+02 7.462474804425157648e-01
1.428056492396145131e+03 5.461914931954845542e+02 7.459926037357818007e-01
1.428077325844486040e+03 5.459902372275772677e+02 7.460118992830595541e-01
1.428098159292128912e+03 5.455867366513442676e+02 7.458045358976662653e-01
1.428118992739073974e+03 5.454402672812160517e+02 7.451683416843323249e-01
1.428139826185087031e+03 5.461521314223309673e+02 7.459134987596323096e-01
1.428160659630401824e+03 5.447223162173462470e+02 7.453681653106205562e-01
1.428181493074784612e+03 5.468077729193770438e+02 7.457977027125229919e-01
1.428202326518468908e+03 5.447324563443664829e+02 7.457488296274533690e-01
1.428223159961221427e+03 5.460328217889959888e+02 7.464323623558353216e-01
1.428243993403509194e+03 5.446805625267761570e+02 7.447055064340342145e-01
1.428264826844633490e+03 5.491279940619159561e+02 7.454309365399438558e-01
1.428285660285058384e+03 5.456922096220826006e+02 7.452136935911424231e-01
1.428306493724785014e+03 5.457525207840691337e+02 7.441984539640258411e-01
1.428327327163813607e+03 5.446950963122831126e+02 7.446696085827646527e-01
1.428348160601909967e+03 5.458533888820634274e+02 7.444730401675508924e-01
1.428368994039308291e+03 5.443523363540954279e+02 7.447607705348114893e-01
1.428389827475774382e+03 5.460540779418618058e+02 7.452572432213682152e-01
1.428410660911542891e+03 5.447081598893659020e+02 7.446931404799803644e-01
1.428431494346612908e+03 5.448226333853119741e+02 7.433417329684266495e-01
1.428452327780752057e+03 5.434827290139019169e+02 7.436892524722313880e-01
1.428473161214191350e+03 5.455438835844313417e+02 7.446274654186879616e-01
1.428493994646933515e+03 5.435106672645314347e+02 7.440358486152789386e-01
1.428514828078744813e+03 5.450950157907672065e+02 7.437634651183333556e-01
1.428535661509856709e+03 5.420641446147141096e+02 7.443924124960827893e-01
1.428556494940036828e+03 5.439005325540551894e+02 7.433211252110955014e-01
1.428577328369518909e+03 5.423106463745509700e+02 7.439260899430625296e-01
1.428598161798301589e+03 5.440428046903956556e+02 7.439529302381792109e-01
1.428618995226387142e+03 5.404612224327261174e+02 7.436104234788758482e-01
1.428639828653540462e+03 5.427960391866350847e+02 7.436775108081372654e-01
1.428660662079995973e+03 5.430321420050663619e+02 7.435167555957249430e-01
1.428681495505519706e+03 5.441618716900904928e+02 7.434288084685417575e-01
1.428702328930578005e+03 5.425284833941555007e+02 7.436321854442196067e-01
1.428723162354473061e+03 5.441507819442761047e+02 7.429605573810184049e-01
1.428743995777901546e+03 5.437797309875160181e+02 7.446049320551475503e-01
1.428764829200398481e+03 5.454560133421513228e+02 7.445546197575891867e-01
1.428785662622196924e+03 5.429869394311415363e+02 7.430571831381334036e-01
1.428806496043296647e+03 5.438458716446109520e+02 7.432460664477610335e-01
1.428827329463465048e+03 5.433634898335756134e+02 7.421576242959019298e-01
1.428848162882935412e+03 5.443210636778304661e+02 7.428519236334127918e-01
1.428868996301707512e+03 5.423810582698263261e+02 7.425101933919524555e-01
1.428889829719549198e+03 5.456890014111704659e+02 7.420579897668708735e-01
1.428910663136923631e+03 5.422908185407460451e+02 7.423285099392998854e-01
1.428931496553133911e+03 5.428167810088344822e+02 7.419894305502051646e-01
1.428952329968879894e+03 5.426198183951252076e+02 7.442742575657216308e-01
1.428973163383692963e+03 5.457031922247360853e+02 7.427029476175591727e-01
1.428993996797807995e+03 5.402581081949620057e+02 7.423470576587392067e-01
1.429014830211224307e+03 5.440453042146365306e+02 7.417855228240424204e-01
1.429035663623942128e+03 5.405523776693686386e+02 7.418857965109570962e-01
1.429056497035729990e+03 5.428407487049115616e+02 7.429288674930736303e-01
1.429077330446818451e+03 5.412119210176516617e+02 7.415549142275115191e-01
1.429098163856976043e+03 5.444801299706468853e+02 7.421957718237646162e-01
1.429118997266667975e+03 5.410497696614301049e+02 7.429400593927032448e-01
1.429139830675428129e+03 5.401190904946663522e+02 7.400844291258241725e-01
1.429160664083488882e+03 5.379132720504223926e+02 7.407036252679454202e-01
1.429181497490619677e+03 5.416361109971049927e+02 7.404551315262720701e-01
1.429202330897283446e+03 5.382674914666689574e+02 7.405194058370754284e-01
1.429223164303017029e+03 5.391340186466863997e+02 7.411501813069826250e-01
1.429243997708052120e+03 5.392522158701658554e+02 7.402272085683359037e-01
1.429264831112154980e+03 5.399920123846067099e+02 7.402550686885265296e-01
1.429285664515793997e+03 5.383003230526426250e+02 7.408442337756074858e-01
1.429306497918500554e+03 5.398437970603325766e+02 7.404393538858107249e-01
1.429327331320508620e+03 5.386672481504325560e+02 7.415844123390384901e-01
1.429348164721585817e+03 5.394951493889054746e+02 7.405995296170818643e-01
1.429368998122196444e+03 5.398213901329490909e+02 7.422853907226063530e-01
1.429389831521874839e+03 5.407544825887752040e+02 7.407591476957047227e-01
1.429410664920857016e+03 5.383214548498119711e+02 7.403246338905838941e-01
1.429431498319139337e+03 5.400207026256416611e+02 7.407358126895831063e-01
1.429452331716491017e+03 5.399890669575864877e+02 7.405452025356697998e-01
1.429473165113145114e+03 5.422541086100849270e+02 7.405303121952735435e-01
1.429493998509099583e+03 5.406607207879860653e+02 7.404385086455840259e-01
1.429514831904355106e+03 5.412317642255555938e+02 7.403586089628575451e-01
1.429535665298913045e+03 5.386310903014873475e+02 7.397006886462401676e-01
1.429556498692538980e+03 5.437899268456167192e+02 7.407869073490446210e-01
1.429577332085465969e+03 5.415122474143493037e+02 7.423766447281237024e-01
1.429598165477696057e+03 5.424141498928644296e+02 7.419332771582777264e-01
1.429618998869226516e+03 5.417047901327110822e+02 7.407315881702331017e-01
1.429639832260058029e+03 5.441019367581907318e+02 7.406555427015788506e-01
1.429660665649959810e+03 5.407712405252714234e+02 7.409678828374455239e-01
1.429681499039162645e+03 5.424983897241952491e+02 7.414850625213917912e-01
1.429702332427666079e+03 5.393823775835054448e+02 7.417867281171058869e-01
1.429723165815471930e+03 5.417794890058044075e+02 7.408061775691462403e-01
1.429743999202346913e+03 5.413425876704923212e+02 7.412137520275532410e-01
1.429764832588754416e+03 5.422328778787216379e+02 7.412361070382758044e-01
1.429785665974231051e+03 5.381496575583307731e+02 7.404015183782026721e-01
1.429806499359010104e+03 5.399282190139241493e+02 7.400352189987862150e-01
1.429827332742857379e+03 5.398664291153237400e+02 7.407584235169121234e-01
1.429848166126238993e+03 5.422990723512576778e+02 7.413138216407468839e-01
1.429868999508690194e+03 5.399831248857304900e+02 7.414845802082569159e-01
1.429889832890674370e+03 5.400493163520725375e+02 7.415947806063558634e-01
1.429910666271728132e+03 5.414279314025883423e+02 7.419738060345527630e-01
1.429931499651850118e+03 5.434035339980708841e+02 7.444487406913502525e-01
1.429952333031506441e+03 5.402415928955441586e+02 7.414813647793402351e-01
1.429973166410230988e+03 5.419335874728603812e+02 7.442481095991898554e-01
1.429993999788489873e+03 5.407101414350437381e+02 7.416759535033041750e-01
1.430014833165819027e+03 5.425194040206058617e+02 7.417442604436879083e-01
1.430035666542448325e+03 5.402733351259339543e+02 7.420190720433417209e-01
1.430056499918378904e+03 5.419137616861896731e+02 7.406701891025914142e-01
1.430077333293379979e+03 5.422165927072820750e+02 7.413635096877587705e-01
1.430098166667913574e+03 5.434092722421211192e+02 7.425219535150956451e-01
1.430119000041515847e+03 5.396896480194876631e+02 7.404769459754011462e-01
1.430139833414420536e+03 5.429787891850716051e+02 7.407420086077153298e-01
1.430160666786625825e+03 5.413762091980348714e+02 7.420697972174944423e-01
1.430181500157900700e+03 5.417518276855290651e+02 7.424348117970132055e-01
1.430202333528709460e+03 5.400216159127598985e+02 7.409125369471052380e-01
1.430223166898820182e+03 5.417257331256055295e+02 7.411506638377318712e-01
1.430244000268000036e+03 5.396078449000317505e+02 7.407319100392220079e-01
1.430264833636480489e+03 5.398534924471965724e+02 7.407126378869922645e-01
1.430285667004261995e+03 5.399212693644341243e+02 7.403976139657696409e-01
1.430306500371346374e+03 5.397820189781042473e+02 7.407824819667624405e-01
1.430327333737498520e+03 5.404317820487921153e+02 7.412941625861584338e-01
1.430348167103184551e+03 5.396233729738164584e+02 7.408179245137659352e-01
1.430369000467706428e+03 5.379361480454247157e+02 7.404724784929465065e-01
1.430389833831764008e+03 5.371863554744197700e+02 7.404420908475433105e-01
1.430410667195121960e+03 5.396536178904208327e+02 7.418442183217138775e-01
1.430431500557781874e+03 5.389605534954789618e+02 7.408596407535747996e-01
1.430452333919743523e+03 5.372457545519088171e+02 7.403110273224984272e-01
1.430473167280773851e+03 5.372422800665935938e+02 7.405493073876737720e-01
1.430494000641338516e+03 5.367424597402780364e+02 7.403633186543321365e-01
1.430514834000970950e+03 5.370452676817470774e+02 7.393640318417364909e-01
1.430535667359905347e+03 5.354954976573255863e+02 7.400047731245599225e-01
1.430556500718141024e+03 5.369183316925981444e+02 7.396713571596006398e-01
1.430619000788426092e+03 5.384658568027155070e+02 7.404603235844341436e-01
1.430639834143868029e+03 5.368186734624207475e+02 7.398389097093679423e-01
1.430660667498379098e+03 5.370229887991793021e+02 7.386705694081162621e-01
1.430681500852190993e+03 5.400911727059904024e+02 7.395732816272787558e-01
1.430702334205304851e+03 5.388072812406450112e+02 7.384081534657755963e-01
1.430723167557720444e+03 5.391080548259611760e+02 7.388834843362214189e-01
1.430744000909436636e+03 5.397845455025179717e+02 7.390206887674803937e-01
1.430764834260221505e+03 5.398051655633558994e+02 7.399053723171806762e-01
1.430785667610542077e+03 5.381341469140356821e+02 7.388055947648027866e-01
1.430806500959930872e+03 5.380933692383919151e+02 7.379380896969720549e-01
1.430827334308620493e+03 5.387986041181154633e+02 7.383411120815123185e-01
1.430848167656612077e+03 5.388951202429511795e+02 7.381985330413612933e-01
1.430869001003905396e+03 5.386681045387705353e+02 7.383967717933968000e-01
1.430889834350500450e+03 5.378348103927683042e+02 7.386216685693989259e-01
1.430910667696397013e+03 5.394693691808789708e+02 7.395487002649853148e-01
1.430931501041593492e+03 5.369803246842622002e+02 7.384475439989200973e-01
1.430952334385859103e+03 5.378395710075036504e+02 7.389153073861461918e-01
1.430973167729427132e+03 5.391974210285297886e+02 7.399293779490795364e-01
1.430994001072529954e+03 5.372369598864945601e+02 7.386518890243086721e-01
1.431014834414700545e+03 5.369837311298886107e+02 7.387704994210443354e-01
1.431035667756172643e+03 5.380263576408470954e+02 7.389913302907988868e-01
1.431056501096947159e+03 5.363570021163650381e+02 7.385943117375635136e-01
1.431077334436789897e+03 5.366837326252451703e+02 7.379577573869808838e-01
1.431098167776166974e+03 5.354255488881952942e+02 7.383651282078574907e-01
1.431119001114611592e+03 5.377434776061929824e+02 7.390721439434004836e-01
1.431139834452590094e+03 5.368335634061720611e+02 7.402571621812135128e-01
1.431160667789638865e+03 5.364269735336582698e+02 7.384734937860855108e-01
1.431181501125990053e+03 5.359815254992446398e+02 7.401205493707498917e-01
1.431202334461641840e+03 5.369301406522795332e+02 7.384580773817316368e-01
1.431223167796594680e+03 5.345257835376614821e+02 7.386872724182051986e-01
1.431244001130849028e+03 5.360873677400904853e+02 7.376091536872426691e-01
1.431264834464404885e+03 5.341233517606299301e+02 7.372559790279887837e-01
1.431285667797031010e+03 5.377267608546396787e+02 7.382127033685710327e-01
1.431306501129190110e+03 5.346727860717355725e+02 7.378631699777121744e-01
1.431327334460416978e+03 5.380964095091719628e+02 7.376529098658136663e-01
1.431348167790944899e+03 5.359087428345630997e+02 7.373863326587487554e-01
1.431369001120776375e+03 5.346006111867181971e+02 7.367487750604683194e-01
1.431389834449908903e+03 5.357206555339479337e+02 7.383987494724674194e-01
1.431410667778343395e+03 5.371997011693421200e+02 7.387370967867697980e-01
1.431431501106078485e+03 5.373518779963592351e+02 7.384622745498784502e-01
1.431452334433115084e+03 5.373916303078673309e+02 7.383338061805514441e-01
1.431473167759220814e+03 5.372038236894981083e+02 7.389320855273436850e-01
1.431494001084860884e+03 5.366115454914224756e+02 7.387659005972831983e-01
1.431514834409569630e+03 5.356200797592277922e+02 7.372847598584948425e-01
1.431535667733578521e+03 5.356737182059341649e+02 7.381796792213313196e-01
1.431556501056889829e+03 5.371914651188423022e+02 7.394795859912830505e-01
1.431577334379735930e+03 5.363782441149533042e+02 7.386761371201114867e-01
1.431598167701417879e+03 5.361579000012351344e+02 7.394637875360006163e-01
1.431619001022635075e+03 5.369901313620359815e+02 7.408137406918334777e-01
1.431639834343152870e+03 5.358298584853230295e+02 7.383766314538717790e-01
1.431660667662971491e+03 5.363195283191595308e+02 7.408678067242531196e-01
1.431681500981859017e+03 5.359926574857555579e+02 7.395163805748452557e-01
1.431702334300048506e+03 5.359323521203656355e+02 7.383138659503429846e-01
1.431723167617771196e+03 5.375109204293730727e+02 7.393823717770400261e-01
1.431744000934564156e+03 5.370708417755853361e+02 7.385099349493274845e-01
1.431764834250658168e+03 5.378189311092397702e+02 7.392553533515694442e-01
1.431785667566053689e+03 5.384621605616805482e+02 7.398759683846608537e-01
1.431806500880749809e+03 5.378538912555316074e+02 7.388919141495549070e-01
1.431827334194749028e+03 5.377096391948360861e+02 7.401161602711969767e-01
1.431848167507816015e+03 5.403798268924487047e+02 7.405448403417534964e-01
1.431869000820418023e+03 5.376158483032568256e+02 7.405600120907647188e-01
1.431889834132088026e+03 5.402203283815803161e+02 7.397622890399209172e-01
1.431910667443292368e+03 5.373264399657662125e+02 7.396174051379342806e-01
1.431931500753564706e+03 5.426125892998097697e+02 7.414221582022476609e-01
1.431952334063139006e+03 5.395096592283667860e+02 7.396619289347315940e-01
1.431973167372014814e+03 5.417417157166321431e+02 7.405662094797257344e-01
1.431994000680193039e+03 5.399798428291588834e+02 7.405118799538075169e-01
1.432014833987671864e+03 5.424390204586169375e+02 7.406920374537461216e-01
1.432035667294453106e+03 5.415609337252337809e+02 7.421806335131585497e-01
1.432056500600302570e+03 5.440389799207760007e+02 7.408067407830710716e-01
1.432077333905685919e+03 5.424556012036591710e+02 7.420241326677345928e-01
1.432098167210137490e+03 5.438903978870933997e+02 7.401643584058720249e-01
1.432119000514123854e+03 5.401196543142756354e+02 7.404367779125853311e-01
1.432139833817179806e+03 5.426815823247048911e+02 7.404883359213220162e-01
1.432160667119536811e+03 5.407329110034722817e+02 7.404539643143862593e-01
1.432181500421196006e+03 5.400464220038677468e+02 7.399138307662781466e-01
1.432202333722156027e+03 5.396386017256470495e+02 7.404288084386679847e-01
1.432223167022416874e+03 5.409993368096725135e+02 7.405043137480729065e-01
1.432244000321747080e+03 5.392285108611008582e+02 7.402616309631031566e-01
1.432264833620611171e+03 5.411128102951887513e+02 7.410070166442237483e-01
1.432285666918543939e+03 5.386678938380704267e+02 7.407874303470221022e-01
1.432306500216011045e+03 5.376404104853866102e+02 7.390088325999880636e-01
1.432327333512547511e+03 5.402638266710503103e+02 7.406278183637987622e-01
1.432348166808385486e+03 5.379624507633280928e+02 7.396583429544095756e-01
1.432369000103758026e+03 5.381694353833134983e+02 7.401662910977001575e-01
1.432389833398197879e+03 5.409148697098733010e+02 7.405323244209317535e-01
1.432410666691706865e+03 5.384118337113969801e+02 7.401330319886695319e-01
1.432431499984751099e+03 5.397019626436760973e+02 7.397477455246616040e-01
1.432452333277096386e+03 5.384843806846968164e+02 7.409905670224552487e-01
1.432473166568743636e+03 5.397066092048212340e+02 7.398672678189434082e-01
1.432493999859458654e+03 5.391850275171523208e+02 7.404455522846580262e-01
1.432514833149475180e+03 5.391468316674204289e+02 7.397566892160960528e-01
1.432535666439026045e+03 5.383893655388457091e+02 7.397081422040758802e-01
1.432556499727646496e+03 5.380917446764925671e+02 7.392977624376104728e-01
1.432577333015567547e+03 5.384820069807745995e+02 7.410018284166354219e-01
1.432598166302790105e+03 5.386220873588531504e+02 7.395971368567141324e-01
1.432618999589315081e+03 5.374041497799854596e+02 7.398862397541647873e-01
1.432639832875141110e+03 5.384592502448591631e+02 7.400146802528623224e-01
1.432660666160035817e+03 5.375327414254533096e+02 7.397641019234431070e-01
1.432681499444464407e+03 5.392363434163712554e+02 7.401506280957328432e-01
1.432702332727962130e+03 5.391594535530680332e+02 7.398045482138866369e-01
1.432723166010994191e+03 5.385861863611655735e+02 7.406633487865162957e-01
1.432743999293094930e+03 5.379418472102559008e+02 7.398234411914457187e-01
1.432764832574497177e+03 5.376757222525606039e+02 7.398383457586660272e-01
1.432785665855200477e+03 5.372811446454692259e+02 7.412490131313708153e-01
1.432806499135204831e+03 5.356852481162267168e+02 7.409500648079943019e-01
1.432827332414512057e+03 5.374393512607831553e+02 7.406540539028417802e-01
1.432848165693121018e+03 5.346607652462788565e+02 7.390285121207756935e-01
1.432868998970797293e+03 5.366318942674861319e+02 7.415705475690020920e-01
1.432889832248008133e+03 5.340535898843816085e+02 7.396082985832784784e-01
1.432910665524288106e+03 5.334298967056697620e+02 7.417644700560115378e-01
1.432931498800102872e+03 5.341790773635941605e+02 7.392701081194489321e-01
1.432952332074985861e+03 5.345718356049603699e+02 7.389167593557307567e-01
1.432973165349170813e+03 5.336039183455355897e+02 7.393780992173726307e-01
1.432993998622656818e+03 5.339441048152955318e+02 7.403503166127463064e-01
1.433014831895445013e+03 5.319714831849952361e+02 7.398617090706135491e-01
1.433035665167532898e+03 5.340463656153839338e+02 7.411785294555826020e-01
1.433056498438690141e+03 5.324470625372812265e+02 7.395064667708488582e-01
1.433077331709381497e+03 5.324771945755870775e+02 7.402861886523796064e-01
1.433098164979141984e+03 5.327509963087419465e+02 7.399352181276440676e-01
1.433118998248437038e+03 5.338045981890757048e+02 7.398505108855718548e-01
1.433139831516800996e+03 5.320913486502513479e+02 7.392542245593867190e-01
1.433160664784466917e+03 5.343716324347999489e+02 7.393679820200873554e-01
1.433181498051433437e+03 5.312559068506845961e+02 7.391954040388595271e-01
1.433202331317701919e+03 5.338675459977638411e+02 7.407345654530435031e-01
1.433223164583272137e+03 5.351545245724926190e+02 7.412652559945869246e-01
1.433243997847911032e+03 5.368262462447515873e+02 7.404849551782719530e-01
1.433264831112082902e+03 5.347515018350406990e+02 7.402942804338463745e-01
1.433285664375323904e+03 5.347991669783388033e+02 7.403898050791342111e-01
1.433306497638100154e+03 5.351511478195886866e+02 7.407119136627280387e-01
1.433327330899944627e+03 5.356559442887264595e+02 7.404899457935398832e-01
1.433348164161091063e+03 5.320183594403213192e+02 7.395103758882952683e-01
1.433368997421538097e+03 5.354263343153550068e+02 7.415275048487649512e-01
1.433389830681288004e+03 5.342785172875520630e+02 7.401347634319485058e-01
1.433410663940337599e+03 5.350453013392157118e+02 7.406034329650289516e-01
1.433431497198455872e+03 5.319450159144273584e+02 7.396558045533355719e-01
1.433452330456109394e+03 5.328735444945955351e+02 7.401837253604763855e-01
1.433473163712831138e+03 5.349446900646574932e+02 7.405408159529869305e-01
1.433493996969088130e+03 5.351481586133716064e+02 7.420710422098422132e-01
1.433514830224412890e+03 5.331243214901930969e+02 7.398103893778765761e-01
1.433535663479040068e+03 5.330792227151783891e+02 7.405114372524097544e-01
1.433556496732968526e+03 5.329928675929313613e+02 7.403986605113281882e-01
1.433618996490330119e+03 5.376602877295440521e+02 7.410305844145781418e-01
1.433639829741464382e+03 5.394044454034338969e+02 7.426819208557243757e-01
1.433660662991666868e+03 5.376141086314665927e+02 7.400268424810468870e-01
1.433681496241170862e+03 5.404877336938739063e+02 7.410659748802488345e-01
1.433702329489976819e+03 5.410703711604085129e+02 7.410652510012918359e-01
1.433723162738084511e+03 5.416561853853237380e+02 7.402189952691948793e-01
1.433743995985494166e+03 5.411562907703797691e+02 7.407899648704515672e-01
1.433764829232204647e+03 5.415361692215220728e+02 7.414315238479622927e-01
1.433785662478217091e+03 5.418393121131806538e+02 7.412880516899675865e-01
1.433806495723297530e+03 5.421305540532872556e+02 7.405902339324357264e-01
1.433827328967912990e+03 5.410960431751838087e+02 7.424996372183482185e-01
1.433848162211595991e+03 5.443109899637664739e+02 7.420194335176573119e-01
1.433868995454580499e+03 5.421378019617061454e+02 7.411941707358183917e-01
1.433889828696867426e+03 5.426308749205871891e+02 7.407021365658534862e-01
1.433910661938456087e+03 5.435464287683281555e+02 7.427018240651876990e-01
1.433931495179345802e+03 5.418516729651348669e+02 7.403558314384562911e-01
1.433952328419537025e+03 5.411581679258887334e+02 7.407299385894700050e-01
1.433973161658797380e+03 5.427960185066949634e+02 7.403048277973051094e-01
1.433993994897592074e+03 5.429729686367936665e+02 7.408397685080065909e-01
1.434014828135454991e+03 5.422489581723004903e+02 7.418655098594931774e-01
1.434035661372851337e+03 5.424852405269276687e+02 7.417338942658623369e-01
1.434056494609316815e+03 5.420254244929888046e+02 7.430574237843574625e-01
1.434077327845085165e+03 5.422013113654926428e+02 7.446216220186747670e-01
1.434098161080154114e+03 5.423292378688236113e+02 7.418102711155457607e-01
1.434118994314292195e+03 5.442437856837337904e+02 7.426671536136973950e-01
1.434139827547964160e+03 5.426655386617820795e+02 7.426382202040157088e-01
1.434160660780704802e+03 5.446706432604967176e+02 7.427945916661468084e-01
1.434181494012980011e+03 5.395689300146234473e+02 7.415547534716454559e-01
1.434202327244323897e+03 5.412215792382307882e+02 7.418126012692939364e-01
1.434223160474969063e+03 5.420635041819064099e+02 7.418550248578217321e-01
1.434243993704915511e+03 5.435921023619830521e+02 7.418959597139113127e-01
1.434264826934163011e+03 5.420368826594722123e+02 7.423249368405430149e-01
1.434285660162713157e+03 5.440682540973102732e+02 7.425101532546943828e-01
1.434306493390563901e+03 5.415183111986552831e+02 7.428449429306703822e-01
1.434327326617484005e+03 5.451926598914761826e+02 7.423497875869785600e-01
1.434348159843938902e+03 5.414246343573798868e+02 7.425185017576485524e-01
1.434368993069462022e+03 5.425487465516845305e+02 7.417899823985950603e-01
1.434389826294286649e+03 5.431127855840961729e+02 7.411659438156378288e-01
1.434410659518644934e+03 5.456542436463557806e+02 7.422161297546523429e-01
1.434431492742072351e+03 5.428161763030601605e+02 7.424281081642780666e-01
1.434452325964567990e+03 5.448498913114456172e+02 7.418573548709996857e-01
1.434473159186598423e+03 5.457202465849422879e+02 7.424600201256531529e-01
1.434493992407930818e+03 5.475397726527255600e+02 7.436398801303915063e-01
1.434514825628331437e+03 5.451561308178265790e+02 7.432179575562487539e-01
1.434535658848266849e+03 5.485378585333921819e+02 7.435768374647715451e-01
1.434556492067270028e+03 5.457003644204476132e+02 7.429557839274052444e-01
1.434577325285576080e+03 5.457288192346899223e+02 7.428975774167096979e-01
1.434598158503415107e+03 5.443141206516822876e+02 7.416450927754109079e-01
1.434618991720323038e+03 5.450983946601601247e+02 7.421525244251686582e-01
1.434639824936532023e+03 5.438155820286769995e+02 7.419173301054814429e-01
1.434660658151810821e+03 5.463905939891669732e+02 7.432394503278748621e-01
1.434681491366624414e+03 5.461584883094702718e+02 7.428382028795695868e-01
1.434702324580739059e+03 5.462613692343314824e+02 7.436326663644379220e-01
1.434723157793922383e+03 5.438871547895422509e+02 7.429155894293243412e-01
1.434743991006640044e+03 5.446930602118425213e+02 7.436456510927705876e-01
1.434764824218425929e+03 5.451766542493171528e+02 7.433608166855559807e-01
1.434785657429514004e+03 5.438048447339026552e+02 7.437924749603532781e-01
1.434806490640135507e+03 5.442008942241141085e+02 7.429331597469128745e-01
1.434827323849825461e+03 5.435454396114033671e+02 7.430072874710428321e-01
1.434848157058816923e+03 5.441745054871025786e+02 7.418361836203459792e-01
1.434868990267109893e+03 5.427522112028029824e+02 7.424238129905302852e-01
1.434889823474705508e+03 5.453350428074810452e+02 7.420598773651313484e-01
1.434910656681368891e+03 5.418218040504148121e+02 7.428414926740564139e-01
1.434931489887567523e+03 5.466607921523311688e+02 7.432396909150844611e-01
1.434952323093066980e+03 5.433905889059552692e+02 7.421779832731756343e-01
1.434973156297635342e+03 5.466669625614046026e+02 7.424541596670114485e-01
1.434993989501737815e+03 5.438668442614992955e+02 7.425012025919721648e-01
1.435014822704908511e+03 5.457590300040259308e+02 7.413423645343625301e-01
1.435035655907614455e+03 5.434924453426605169e+02 7.411658633955261477e-01
1.435056489109389531e+03 5.463517464223772322e+02 7.424993963913438799e-01
1.435077322310698037e+03 5.449782273209750656e+02 7.417962096875718725e-01
1.435098155511076129e+03 5.432847646722161699e+02 7.412363482757217126e-01
1.435118988710753911e+03 5.444184135592857956e+02 7.413522537876406915e-01
1.435139821909967850e+03 5.457638292572729597e+02 7.416473028962692338e-01
1.435160655108250012e+03 5.425631271861449250e+02 7.406684589109645556e-01
1.435181488305833000e+03 5.453815835900214779e+02 7.414156865925282114e-01
1.435202321502717950e+03 5.444653494175273636e+02 7.406538527135937411e-01
1.435223154699136558e+03 5.435782418315111499e+02 7.416139896487874417e-01
1.435243987894623842e+03 5.467970656047970124e+02 7.427939898375633954e-01
1.435264821089413090e+03 5.437198329591741413e+02 7.412687939967934625e-01
1.435285654283737131e+03 5.458214424147720365e+02 7.445945256535325685e-01
1.435306487477130077e+03 5.434819469816384299e+02 7.410784415735583996e-01
1.435327320669824985e+03 5.440332636176555070e+02 7.409225123839198179e-01
1.435348153862053096e+03 5.429323280850940137e+02 7.417007858129224251e-01
1.435368987053349883e+03 5.449472802995160237e+02 7.429183172684363790e-01
1.435389820244181010e+03 5.430666308985769319e+02 7.412585417848774894e-01
1.435410653434313645e+03 5.427265911998883894e+02 7.405201704947312891e-01
1.435431486623514047e+03 5.402837424083329552e+02 7.421100776846538682e-01
1.435452319812250153e+03 5.453825272265805779e+02 7.422951469657421697e-01
1.435473153000287994e+03 5.419325281104781880e+02 7.420008374438225029e-01
1.435493986187626433e+03 5.424829682746769777e+02 7.408230335719659942e-01
1.435514819374500348e+03 5.434109290806903800e+02 7.422446781017767448e-01
1.435535652560442941e+03 5.435599603051261965e+02 7.416041038857437151e-01
1.435556485745918962e+03 5.416511313909406908e+02 7.416039833268445181e-01
1.435577318930464116e+03 5.431800286615535924e+02 7.410890582050949638e-01
1.435598152114542700e+03 5.429474926496477565e+02 7.416940755458608647e-01
1.435618985297923018e+03 5.455649490941685826e+02 7.428425357765832127e-01
1.435639818480838130e+03 5.421744262291700807e+02 7.416475439999644648e-01
1.435660651662821465e+03 5.439944948901771795e+02 7.414305993474248346e-01
1.435681484844340048e+03 5.429245589233523788e+02 7.406936468832256981e-01
1.435702318025159911e+03 5.420418037013341745e+02 7.415808356550566138e-01
1.435723151205514114e+03 5.418449058334242636e+02 7.402455271180254925e-01
1.435743984385169824e+03 5.402862517049162534e+02 7.393915617273771890e-01
1.435764817564127043e+03 5.427211828235274425e+02 7.402543842761716286e-01
1.435785650742384860e+03 5.397090215027538989e+02 7.411228373845498707e-01
1.435806483920177470e+03 5.414582916868325810e+02 7.406450003325744103e-01
1.435827317097503965e+03 5.408016942328223422e+02 7.399185835666732824e-01
1.435848150274132422e+03 5.429023474481468838e+02 7.424526343345726476e-01
1.435868983450063524e+03 5.388665783060807826e+02 7.395680430448041687e-01
1.435889816625528510e+03 5.416030621259574218e+02 7.417887369345262938e-01
1.435910649800295005e+03 5.395961009687523529e+02 7.402867120041050075e-01
1.435931482974594928e+03 5.388978282842267618e+02 7.396054779462613027e-01
1.435952316148429873e+03 5.372709244123319650e+02 7.403520878021239149e-01
1.435973149321565870e+03 5.416842234743661493e+02 7.418823819648848739e-01
1.435993982494235297e+03 5.383149880698459810e+02 7.406727642640400511e-01
1.436014815666207141e+03 5.415609622749765322e+02 7.419486615216518421e-01
1.436035648837947065e+03 5.398404342490506451e+02 7.428594258097791503e-01
1.436056482008988041e+03 5.395584784608327027e+02 7.417811033993874092e-01
1.436077315179562902e+03 5.388543525248427386e+02 7.411583038660619627e-01
1.436827309145179470e+03 5.409463735248846206e+02 2.269187178932898785e+00
