1438.474616678096 75.90487023113523 0.9769905067927523
1438.495450771698 74.63119977501928 0.9769982548310576
1438.516284864369 76.59686661348462 0.9776490842200862
1438.537118955179 77.82126330258889 0.9776311596636256
1438.557953044126 77.22719966978083 0.9781955340124185
1438.5787871316752 76.60372401681394 0.9785792164497629
1438.5996212173611 76.61663431691917 0.9789580603160317
1438.6204553011853 76.82434455051919 0.9781318262124056
1438.6412893836118 76.86065705609663 0.9771115704965696
1438.6621234646425 77.09164846512788 0.9782871733460095
1438.68295754381 76.85179768777823 0.9780267343124035
1438.7037916211143 77.78413083996573 0.9778254162918851
1438.7246256965575 75.98912222195021 0.9771050128822623
1438.7454597706023 78.19500503260755 0.978658486785754
1438.7662938427839 77.37287469579351 0.9776153077412209
1438.78712791357 74.85022428476945 0.9765907588684792
1438.8079619824928 77.58551986684422 0.9777510772266077
1438.8287960495531 77.0722209787516 0.9777722304510728
1438.8496301147507 76.08277366941007 0.9768048405362536
1438.8704641785516 77.6211176758088 0.9775285748844256
1438.8912982409552 76.41683749205104 0.9770082295773017
1438.9121323010304 76.669871998889 0.977793809926084
1438.932966359709 75.77354426897868 0.9774651589977226
1438.95380041699 76.47328457408214 0.9783534907409496
1438.9746344724083 76.52778235256704 0.9773309354605235
1438.9954685259647 75.84037575367371 0.9780451086890547
1439.0163025776578 75.75487603085823 0.9784416429644544
1439.0371366279546 77.24413756419713 0.977445249219313
1439.057970676855 77.3691812896467 0.9789228981349917
1439.0788047238912 76.81579059523597 0.9774797023314608
1439.0996387690655 76.33066291608375 0.9772495751935025
1439.1204728128423 76.31246755112393 0.9781420940818899
1439.1413068547558 77.41238590308234 0.9785222949868573
1439.162140895274 76.39268561340755 0.9788708070760925
1439.182974933929 76.68209705857254 0.9777717122939816
1439.203808971187 76.24690576137498 0.9775086663976632
1439.2246430070484 76.70915576465667 0.9774963796407091
1439.2454770410468 74.99712207155555 0.9766514241740115
1439.266311073182 77.34974770175597 0.9778865535755251
1439.2871451039207 76.85723498607693 0.9776440848870462
1439.3079791332625 76.77491376694718 0.9789237505664397
1439.3288131607414 78.06330026771231 0.9780440421923838
1439.3496471868239 77.06082986184231 0.9785746786910848
1439.3704812110436 79.6317329761759 0.9791146460708527
1439.3913152338664 76.85645254972732 0.9774296382058812
1439.4121492552922 76.45633150375373 0.9776694775759996
1439.432983274854 76.95536568371854 0.9782163425000739
1439.4538172934851 76.90920964781668 0.97797776476034
1439.474651309789 77.41884985233837 0.9787385423946973
1439.49548532516 75.56348484874958 0.9788472114411421
1439.5163193386695 76.7004756710757 0.978005403757281
1439.5371533507823 77.48485145463266 0.9781393519314489
1439.5579873614984 78.20558534945155 0.9781860588442851
1439.5788213703509 76.17236479240131 0.9777340994517127
1439.599655377806 75.8692407763995 0.9770716446188896
1439.6204893838644 77.79943245699566 0.9780153072871581
1439.641323388526 77.61599198675587 0.9782422687079751
1439.6621573913255 77.43944888473949 0.9778233742528346
1439.6829913931929 75.82901432286758 0.9772497276741011
1439.703825393198 76.17508727770499 0.9784820611797632
1439.7246593918067 76.710656019059 0.9793639322518504
1439.745493389018 78.09861989604732 0.9791275821487623
1439.7663273848311 74.70311656673105 0.9769583243224458
1439.787161378783 77.69985821818845 0.97884952536082
1439.8079953718027 77.79879164684449 0.978838260174037
1439.8288293629605 77.53065774819021 0.9775721404341268
1439.8496633531868 76.88716508774073 0.9785609739230413
1439.8704973415506 76.91575485601525 0.978125823876762
1439.8913313285175 77.34448006485297 0.9809994116401267
1439.912165314087 78.26698621733422 0.9794794996510462
1439.9329992987255 76.59142021157798 0.9782893667355016
1439.9538332815007 78.1116664402547 0.9787510571528896
1439.9746672628787 75.58667280727003 0.9772101124146957
1439.9955012428604 76.48659380523803 0.9778794525817512
1440.0163352214447 75.37765583736017 0.9778263001582118
1440.0371691986331 77.62011769039161 0.9802743179429823
1440.0580031744248 76.99393652442892 0.9794458167223428
1440.078837148818 75.87730668549663 0.9792516685006109
1440.0996711218145 75.68747470335913 0.9774699763104328
1440.12050509388 77.21113935438619 0.9778411428975072
1440.1413390640823 77.25463942277908 0.9789111162385905
1440.1621730328889 75.3068108916768 0.9776311596636256
1440.1830070007627 76.35452099416172 0.9795449452820304
1440.2038409667755 78.07965765067485 0.9791050580440013
1440.224674931856 76.7756798673481 0.9780434327651927
1440.2455088955392 76.90324033919958 0.9791932034785664
1440.2663428578262 75.93539450972047 0.9784576947087584
1440.2871768187156 75.4987483446021 0.9776535043408096
1440.308010778208 76.1507813400313 0.9783728641980409
1440.3288447363032 79.00910574118218 0.9793723918342064
1440.3496786930018 76.85059537828266 0.9784387798173028
1440.3705126487691 75.80049674921283 0.9790919390360893
1440.3913466031404 76.56731033559315 0.9783399047230115
1440.412180556114 75.58181141741845 0.9775026907237453
1440.43301450769 76.08970739972388 0.9795129988675808
1440.4538484578688 78.05964964742778 0.9793746436531667
1440.4746824066515 76.94580067329275 0.9780544633385867
1440.4955163545023 75.43272966428974 0.9780769202264872
1440.516350300956 76.8030847763274 0.9783852008693776
1440.5371842460136 77.9654953702151 0.9783887343070781
1440.55801819014 76.13315969190418 0.978408868566308
1440.5788521324027 78.02246453527982 0.979415236366526
1440.599686073735 76.54172525097728 0.9793549248464285
1440.6205200136696 78.30972802326019 0.9786978302616349
1440.6413539526727 77.74512577359425 0.9796239245166547
1440.662187889814 76.07268460334842 0.9784098737453952
1440.6830218260232 77.25910559884126 0.9791981644670883
1440.7038557613012 77.34992435821901 0.9782804103641168
1440.7246896947177 76.0073761843765 0.9786236792806536
1440.745523627202 76.12856288184874 0.9782190235028976
1440.7663575582887 75.05729532979957 0.9781698503053011
1440.7871914884447 76.52681801207832 0.978567765420973
1440.8080254167385 77.16284818069572 0.9788673667157065
1440.8288593441 77.02551342300951 0.9786884208590577
1440.849693270531 76.13853927461075 0.9782916819746306
1440.8705271955644 76.45558650508201 0.9785811960023256
1440.8913611192015 76.06029475375557 0.9789166570964212
1440.912195041442 76.54647686909433 0.9793160033820979
1440.9330289627503 76.95099245141118 0.9790875862869706
1440.953862882662 76.56614264452163 0.9790895648116963
1440.9746968016411 78.26810921879434 0.9793151512920812
1440.9955307187583 77.73418918558134 0.9787504786152845
1441.01636463541 75.8754296515753 0.9782210647160297
1441.03719763541 76.9937148408891 0.0
1441.05803063541 78.11200003020289 0.0
1441.0788663769845 76.6643081762744 0.9783569024467584
1441.0996993769845 76.74191433645544 0.0
1441.1205323769846 76.81952049663647 0.0
1441.1413653769846 76.8971266568175 0.0
1441.162201107848 76.86929163328796 0.0
1441.183034107848 76.84144643686837 0.0
1441.2038698275346 76.5609945988066 0.9797654688227955
1441.22470373208 75.37161557150158 0.9786986219871754
1441.2455376347625 78.01219893639528 0.9789724901443096
1441.2663706347626 77.59549790117251 0.0
1441.2872036347626 77.17879686594975 0.0
1441.3080393367547 77.66876212948682 0.9788858166485379
1441.3288732352455 76.10570340267347 0.9783960448273248
1441.349707132339 76.55184369116681 0.9795539509401353
1441.370541028502 77.61788593226113 0.9796807211317411
1441.3913749232684 77.99918540881569 0.9796533727709794
1441.4122088166375 76.53812425370258 0.9789464919456592
1441.4330427090747 76.47672499637406 0.9791072496012739
1441.4538766005808 77.6709389779552 0.9789927037233124
1441.47471049069 76.93824636801406 0.9800483440619693
1441.495544379402 76.88820466994771 0.9796010771723284
1441.5163782671827 76.02286065557169 0.9797759020769549
1441.5372121535663 77.80312506428497 0.9804205407680668
1441.5580460390195 76.95779932683159 0.9813324061493882
1441.5788799235415 76.46973082019984 0.9798863417539248
1441.599713806665 75.40162345290112 0.9809480384729661
1441.6205476883924 76.75609312230996 0.9798567788412592
1441.641381569188 76.11217639823525 0.9804128501732424
1441.6622154490524 77.79642753918729 0.9801158801971603
1441.68304932752 76.55951832846662 0.9796500264230232
1441.7038832050566 76.08794152428547 0.9802790910489773
1441.7247170811963 76.74083264206081 0.9796678531994752
1441.7455509564047 77.75997362146308 0.9802105324234383
1441.7663848302159 77.10419210278143 0.9794860413682733
1441.7872187030955 76.77480254569926 0.9796966917345976
1441.808052574578 76.41411396810734 0.9792089385519137
1441.828886445129 75.77608319823783 0.9807365021487848
1441.8497203142829 76.62764624720451 0.9808695912256378
1441.8705541825063 77.70937041064022 0.9809113069836776
1441.8913880497985 76.0292188397803 0.9791364698961811
1441.9122219156934 77.66560407466342 0.9801887933213816
1441.933055780657 76.1679247935541 0.9802877859466653
1441.9538896442236 76.82838258074774 0.9808838410176557
1441.9747235068592 75.7853328432536 0.9790676181828677
1441.995557368563 77.35782815563624 0.979729240538234
1442.0163912288695 77.38367398579301 0.9807923531431773
1442.0372250882451 78.03024761566611 0.9803907811748912
1442.058058946224 76.74551119909202 0.9797632179020802
1442.078892803272 78.00472806726121 0.9823318652560686
1442.0997266589216 76.33940191494946 0.9797775142025272
1442.120560513641 77.16656244773844 0.9799367061436357
1442.141394367428 77.21808946935398 0.979861918959062
1442.1622282198186 76.82551773427521 0.9803726027562877
1442.1830620712776 78.23468416371733 0.980403001260152
1442.2038959218048 75.90477348526366 0.9794809905578861
1442.224729770937 77.10609471518764 0.9801474116842255
1442.2455636191376 77.08681094468558 0.9799476849936438
1442.26639746594 77.66195372843849 0.981502125172736
1442.2872313118114 77.89299334270363 0.981107708764384
1442.3080651567511 75.84595310209683 0.9814022225557096
1442.3288990002943 76.87183866117476 0.9804145220468142
1442.349732842906 76.79353661424909 0.9806863611691324
1442.370566684586 75.24125521316753 0.9806449397474732
1442.39140052487 77.900178711102 0.9811983775269678
1442.4122343642225 77.0490348288953 0.9809582768646429
1442.433068202178 77.24047949286461 0.9810518149672384
1442.4539020396678 77.96895361960321 0.981346831433829
1442.4747358752943 75.82638152074385 0.9796032371970629
1442.4955697104551 79.08613105681405 0.9813020364363728
1442.5164035442187 74.78040270739393 0.9794478553787828
1442.537237377052 76.96683211527363 0.9814602827002716
1442.558071208488 76.82966200530785 0.9811633867561368
1442.5789050394596 76.24640128989948 0.9800432353311184
1442.5997388685669 78.70034157711505 0.9806792804484664
1442.6205726972084 77.33811042673281 0.9824920386557242
1442.641406524453 77.06072214743642 0.9808239844229656
1442.6622403507668 75.57756012414694 0.9801192857682525
1442.683074175683 78.04203931447297 0.9839079520913677
1442.703908000134 79.50243481411873 0.9814873985262782
1442.7247418227234 77.09744581603306 0.9812210054426637
1442.7455756448471 76.70722255303122 0.9825257688156944
1442.766409465572 78.51201240366947 0.9821371951497347
1442.787243285366 78.49407780158356 0.9825983514650424
1442.8080771042296 76.56276730828921 0.9801696989990597
1442.8289109216955 77.80447135599712 0.9822894209953736
1442.84974473823 77.13832933990902 0.9813236597684031
1442.8705785538336 77.56015012704385 0.980889309966017
1442.8914123680406 77.70240885437265 0.982206226137593
1442.912246181316 76.12258726087502 0.9814444926244243
1442.9330799936595 75.63159651032232 0.9818896753779418
1442.9539138050711 76.43156381075242 0.9807915631077617
1442.9747476150872 76.40173430858286 0.9810699808005992
1442.995581424172 76.94169721286961 0.9818457853947608
1443.0164152318584 77.48277867576638 0.9818511579254668
1443.03724903908 77.62892605251535 0.9813162799488104
1443.058082844905 76.96334321684654 0.9850341164543075
1443.078916649799 77.82769207117785 0.9815424780881896
1443.0997504532952 77.17364114918446 0.98151545487458
1443.12058425586 76.61590899976433 0.9810098317710344
1443.1414180574934 77.09278386118547 0.9812663811938152
1443.1622518581955 78.41945504205583 0.9814791089971594
1443.1830856575016 76.68757336138066 0.9822892692970857
1443.2039194558752 77.92920108841747 0.9814789268089198
1443.2247532533179 76.36440699706775 0.9810193708025813
1443.2455870498306 76.71031705667822 0.9808282990813938
1443.266420844945 77.74286578651235 0.98097890522837
1443.2872546391275 78.39506264467231 0.9814866090503309
1443.308088432379 78.290345591575 0.981142883771548
1443.3289222246988 76.83821099610512 0.9808269013772208
1443.3497560156227 77.96534257995445 0.9820684931209313
1443.370589805615 77.2514025502794 0.981564156847566
1443.391423594676 78.63177062759063 0.9813925657759223
1443.41225738234 77.26195639092121 0.9836930531617027
1443.4330911690724 79.66070030226557 0.9820029728838638
1443.453924954874 77.33973287617722 0.9819535642743256
1443.4747587397435 76.62445867059476 0.9803829687520109
1443.495592523216 78.33556691488207 0.9811384793708056
1443.5164263062231 76.69123331547763 0.9821188973315748
1443.537260087834 76.4076774204969 0.9801530975821376
1443.5580938680475 76.26676524470184 0.9808290587023917
1443.578927647796 78.24437658072571 0.982313024963561
1443.599761426146 77.87259139514904 0.9807230706953123
1443.6205952035655 77.38049996238966 0.9815283289477889
1443.6414289800532 77.42601451268396 0.983554589035082
1443.6622627551435 78.21640260784287 0.9825556760645272
1443.6830965297695 78.579982201611 0.9830799060429913
1443.7039303029967 78.88374898923955 0.9824108024564736
1443.7247640752944 75.92027610960179 0.9824022173573822
1443.7455978461956 75.90010385014524 0.9808443117675184
1443.76643161663 78.3680340605091 0.9815631548986525
1443.7872653856666 77.5790620289339 0.9820761100580013
1443.8080991537736 77.17945624533185 0.9820052490191203
1443.8289329204822 77.48077800729254 0.9815806736762045
1443.8497666867256 77.655738309316 0.9815311527195671
1443.8706004515725 76.98018397012268 0.9825001983059981
1443.8914342154876 77.81797611282639 0.9812942008978858
1443.9122679784712 79.0350430485034 0.9821381054800447
1443.933101740058 77.63901189822009 0.9810611713247567
1443.953935501179 78.27626995036972 0.9828351101601837
1443.9747692609035 75.9426003463692 0.981123747266032
1443.9956030196959 77.49065130043346 0.983914858129319
1444.0164367770915 78.23317728393161 0.9818718282355758
1444.0372697770915 77.67871242646974 0.0
1444.0581027770916 77.12424756900788 0.0
1444.0789357770916 76.569782711546 0.0
1444.099771797829 78.83957631541881 0.9824973469860958
1444.120605550102 77.36252763679238 0.9813415472489817
1444.14143930191 77.074984596707 0.9808291194720461
1444.1622730523216 77.93032162610017 0.98152799495274
1444.1831068018005 77.17139985495315 0.9813650221744386
1444.2039405503483 76.26064694573921 0.9806691910929272
1444.2247742975007 78.07249178315105 0.9816204768768488
1444.2456080437207 79.81177403140003 0.98309236553566
1444.2664417894755 77.87047731578642 0.9818144905778745
1444.2872755333672 77.40927883667241 0.9815845599484349
1444.3081092767927 77.98844095769259 0.9814457983518697
1444.3289430192876 77.34866985844401 0.9811878682772541
1444.349776760385 77.70591848175503 0.9828069701895834
1444.3706105005526 77.45226838436726 0.9816144047919104
1444.391444239787 77.33475639374173 0.9814812041594819
1444.4122779780907 75.72233696199643 0.9851616032672009
1444.433111714999 77.84649842944047 0.9815787001726968
1444.45394545144 77.450952373999 0.9813215642697162
1444.4747791864831 77.62716519873662 0.9819005109846847
1444.4956129205966 79.38952759980118 0.9835172276503146
1444.516446653312 76.03997167434623 0.9808853905561203
1444.537280385562 78.41072799230999 0.9821706947493496
1444.5581141164155 78.8729108291716 0.9824771145103848
1444.5789478384215 77.81878048241435 0.9814542399897136
1444.5997815674125 77.54736521004467 0.9820085266446216
1444.6206152950065 76.84285556761066 0.9816163175027184
1444.6414490221343 76.52499303960293 0.9819948091020144
1444.6622827478648 78.58532409806028 0.9824267590137824
1444.68311647313 78.28133453240909 0.98249846931513
1444.703950196999 78.415512526428 0.9819779350478333
1444.72478391947 78.26772593172274 0.9818682769797756
1444.7456176414755 76.27810164851459 0.9811642068666088
1444.7664513625507 78.99434638536952 0.9816352622465929
1444.7872850822282 78.21750234520057 0.9816534476423732
1444.8081188009735 78.21113831241601 0.9822419989695219
1444.8289525187884 77.16047750044467 0.9817456748970099
1444.8497862352067 77.44518138328662 0.9817157429720874
1444.8706199511585 77.55349101631741 0.9813146703511566
1444.8914536657135 76.604147050736 0.9811003880732637
1444.9122873798035 77.2557232812407 0.9836951436085684
1444.9331210924963 77.71295087282151 0.9837580973038672
1444.9539548037915 76.52930176706398 0.9816973158666874
1444.9747885146217 79.0306577025488 0.9823121451343065
1444.9956222240544 77.28818100606559 0.9818619028986867
1445.016455933021 77.96571914546361 0.9829018787200355
1445.0372896405916 77.48657792137406 0.981801377419154
1445.0581233472303 79.37274724486383 0.9824187807675242
1445.0789570524723 78.40669493691865 0.9831183450404493
1445.099790757249 78.76772394910738 0.982107275157271
1445.1206244606285 78.68216129426467 0.9820223957351496
1445.1414581635427 76.79875979384818 0.9816828350156176
1445.1622918650592 79.51882834631124 0.9827294294853176
1445.183125565178 76.92058402609237 0.9823238862391016
1445.2039592648323 77.07588987567283 0.9817119786491784
1445.224792963555 79.81190320448648 0.9827182391014304
1445.245626660881 77.82343115476131 0.9823380845969713
1445.2664603572755 78.00030248945934 0.9822433036368167
1445.2872940527386 76.28827315966004 0.9816858708511487
1445.3081277472706 78.87945886920006 0.9823118417447257
1445.328961440871 78.24017252052147 0.9817467980853528
1445.3497951330735 77.52562287960403 0.9822222467017806
1445.370628824346 78.41029768425241 0.981664589446309
1445.391462515152 78.86277997288515 0.9827462906361097
1445.4122962045615 78.96390130658601 0.9832434129550096
1445.4331298925747 76.50885320383102 0.9818357080262408
1445.4539635801225 78.43428251485831 0.9825098441992143
1445.4747972667367 78.00469029656271 0.9844136911690241
1445.4956309519555 78.03237374654944 0.9829951409232422
1445.5164646362423 78.88002217367757 0.9842582815091732
1445.5372983195984 76.93148591556681 0.9819745359226947
1445.5581320020228 77.60248474684865 0.9839354245078487
1445.5789656830505 77.14588529981427 0.9824026723998528
1445.5997993636136 78.12711280434685 0.9819766907266032
1445.6206330427783 76.987675106783 0.9824963156555827
1445.641466721012 78.79175828903742 0.9830008103492478
1445.6623003983136 76.87518180143074 0.9826260728004031
1445.6831340746844 78.08834857721402 0.9822551669273492
1445.7039677501243 78.71781863049905 0.9861236662505699
1445.7248014241675 79.16256068669395 0.9825354751219924
1445.7456350977443 77.3102812997164 0.9831444147985475
1445.7664687699244 78.60534629978636 0.9834428945756467
1445.7873024411736 78.2111598078975 0.9827995408603216
1445.8081361114914 77.0884704283344 0.9824501170048286
1445.8289697804112 78.03759099477507 0.9825840658763652
1445.8498034488655 77.9604266561278 0.9829781627674291
1445.8706371159235 76.34859977536665 0.982190539081956
1445.8914707825156 77.6179342937415 0.9845312388119971
1445.9123044477108 78.59433928754677 0.9832746926026436
1445.9331381115092 77.49091415895408 0.9827224544642499
1445.9539717748416 77.39322690333941 0.9827380117259175
1445.9748054372435 78.60998257950487 0.9842033236527519
1445.9956390982475 78.064563915714 0.9848906967591293
1446.01647275832 79.19587914838243 0.9834421975817885
1446.0373064179266 76.84158427723008 0.9822479458110451
1446.0581400756714 77.4900991702095 0.9836828129375133
1446.0789737329508 78.79538235567279 0.9852414027054077
1446.0998073892988 77.79024796083817 0.9834752587899438
1446.1206410442487 78.27532073359772 0.9830042059256371
1446.1414746987334 78.80472484975081 0.984345329685228
1446.162308351822 79.15032934238289 0.9837143512747332
1446.183142003979 78.29558636516028 0.9840240458403712
1446.2039756552035 77.783219717765 0.982809123168384
1446.2248093050316 77.10056664884596 0.9833369761469549
1446.2456429543947 77.99208768760518 0.9840973053655645
1446.2664766023615 78.44633935559817 0.9834063774932378
1446.2873102498615 78.94406669721461 0.983967378779235
1446.308143895964 78.22524718695773 0.9839922751321191
1446.3289775411351 78.19871091987403 0.983254536742164
1446.3498111849103 76.22578306552992 0.9829147346340682
1446.3706448282196 77.77161130173526 0.9832618717046256
1446.3914784701315 77.84989258191115 0.983514379278896
1446.4123121115783 78.48780234960513 0.9833396734960009
1446.4331457516275 78.01758111749507 0.9834340760517184
1446.453979390746 76.83281447808261 0.9844617956739464
1446.474813028933 77.88795219489359 0.9831655126083007
1446.4956466657227 78.81707210544901 0.983564254888135
1446.516480302047 77.75798711653906 0.9843127821378662
1446.5373139369735 77.50687810276446 0.9851145615253976
1446.5581475709696 79.65939163767612 0.9844933695998525
1446.5789812045005 77.56829701925605 0.9833808601876851
1446.5998148366343 76.48452791299931 0.9835108642559869
1446.6206484673703 78.70717422836412 0.9842343911155832
1446.641482097641 78.83597645875717 0.9842936467053358
1446.6623157265135 78.62536312175504 0.9844261943281046
1446.6831493549216 77.6987203272047 0.9840448522211851
1446.7039829819323 77.85644656454481 0.9835434080395469
1446.7248166080124 76.78081977074528 0.9831909445673862
1446.745650233161 78.68812254243132 0.9840786502950783
1446.7664838573785 77.22602290913686 0.9834424703185743
1446.787317480198 78.68057307858409 0.9858591003199932
1446.8081511025523 76.89818596844 0.9832982426109658
1446.8289847235103 77.30603051647613 0.9852646637207443
1446.8498183435363 78.42180200771541 0.9843909247185042
1446.8706519626298 77.11146433658898 0.9830575634429031
1446.8914855807934 77.41550946164313 0.9842972800439213
1446.912319198026 78.94586869269457 0.9862276838168669
1446.933152813862 77.03159304865393 0.9833570090908152
1446.9539864292315 79.49260082007241 0.985133529752008
1446.9748200432043 78.82008784575108 0.9843077560950912
1446.9956536562447 78.25913557191964 0.9838451291516186
1447.016487268354 78.400740354921 0.9837194106448989
1447.037320268354 78.54011432071272 0.0
1447.058153268354 78.67948828650442 0.0
1447.0789880986304 79.42761143534227 0.9846140253419848
1447.0998217065503 76.51122510002932 0.9844665484772963
1447.1206553140028 77.64201571079553 0.9843784513867136
1447.1414889200585 79.1508537259209 0.9858831024881692
1447.1623225251835 77.45443681337747 0.9835128338824402
1447.1831561293775 78.81704373083097 0.9846311871628554
1447.203989732174 77.78685927872534 0.9849859491304614
1447.224823334505 78.64510870233792 0.9838379499971288
1447.2456569354395 80.41759095695205 0.9851269650322917
1447.266490535908 78.89255296765552 0.9849933317123326
1447.2873241349787 78.38076439561841 0.984778094638317
1447.3081577331186 76.97010206059701 0.9836546063249909
1447.3289913303274 77.30888808463924 0.9856257893541619
1447.3498249261395 80.26140060182304 0.9855437833213619
1447.3706585214854 78.61847906053843 0.9853139970346408
1447.3914921154346 77.43213350744854 0.9851598184446829
1447.412325708918 80.26326664114563 0.9855595681986737
1447.4331593010045 77.05606916839203 0.984568410370996
1447.4539928921595 78.04383193444421 0.9847344847147136
1447.4748264823832 76.8894649439489 0.9839782217938099
1447.495660071676 79.35299960727262 0.984826968142519
1447.5164936595716 79.0706327860114 0.9849613199530166
1447.5373272470015 76.4464815315131 0.9842926778127813
1447.558160833034 77.71436154879305 0.9859281729908412
1447.5789944181356 77.42050298164956 0.9844704233573155
1447.5998280027716 75.54833284847858 0.9843796018462623
1447.6206615860103 78.23915603486293 0.9852896482828467
1447.6414951678523 79.46406763145336 0.9852759764217828
1447.6623287492284 77.28413004426912 0.9851768497548897
1447.683162329674 78.47361082226452 0.9852535021317251
1447.703995908722 79.48632017243942 0.9866952949206842
1447.7248294873032 76.95888794210045 0.9851648703915694
1447.745663064488 79.51757051651606 0.9865974889380335
1447.7664966407424 77.5428155423015 0.9855870550540208
1447.7873302160665 78.35139252150945 0.9861783962099117
1447.8081637904575 79.54619032251412 0.9861435217001037
1447.8289973639176 78.93818879929135 0.9862562398870259
1447.8498309359807 78.499235354425 0.9858103989109736
1447.8706645075777 77.85197283154741 0.9887174465448522
1447.891498078244 76.36544741774834 0.9859887474029245
1447.912331647512 78.32019390472546 0.9868305399702221
1447.93316521585 78.41132351993521 0.9871828511543133
1447.9539987832575 79.18513388853299 0.986333382469744
1447.9748323497324 79.6842295665554 0.990846102615948
1447.9956659152765 79.41755443472206 0.9868716715683472
1448.0164994798884 76.95542028191073 0.9860712302266911
1448.0373330435696 78.49988390127761 0.9863583399610867
1448.058166605854 79.54041490064691 0.9871993041653552
1448.0790001676723 78.66005750010099 0.9868786474623144
1448.099833728094 79.57349700449117 0.987869991329856
1448.1206672880492 78.28347785869813 0.9872473936879697
1448.1415008466083 80.05366771892987 0.9872805387748976
1448.1623344042364 77.52959096010147 0.9868958604962172
1448.1831679609325 75.87809347443283 0.9865716010499491
1448.2040015166976 77.90371039083729 0.9876939739982371
1448.2248350715304 78.01371981509266 0.9883701751869107
1448.2456686254327 77.99853934656876 0.9877229402678744
1448.2665021784046 77.52848096283299 0.9874668007110726
1448.2873357304447 77.89920015477804 0.9879815472702057
1448.3081692810874 78.21619522828932 0.9880661259097892
1448.329002831264 78.15223956107053 0.9882006706589118
1448.3498363800436 79.64010683961278 0.988912870590173
1448.3706699283575 77.98333498719514 0.9884703082158333
1448.3915034752747 78.39108357802345 0.9892056631217693
1448.4123370217264 76.77026862946674 0.988714522727177
1448.4331705667819 78.72561041437405 0.9891993965758702
1448.4540041113714 79.00067177285896 0.9893958700536862
1448.4748376545635 78.87855513948217 0.9899334873628963
1448.4956711968243 78.03406261671132 0.9893109231081116
1448.5165047381531 78.66718258867203 0.9896708734173876
1448.5373382790176 77.99998840417608 0.9901661745922145
1448.5581718184844 79.1391146650287 0.9903815948178166
1448.5790053570195 79.91849919476844 0.9905401355963338
1448.5998388946236 79.9088696072941 0.9913037486855631
1448.6206724312965 79.3828079711683 0.9906980493609693
1448.6415059675035 79.58981504085406 0.990719076557188
1448.662339502314 79.05442304848563 0.9916925472333754
1448.6831730361923 77.13693935597736 0.9918261793749632
1448.7040065696056 78.109549849319 0.991341958993747
1448.724840101622 78.95152975807083 0.9924612193374271
1448.7456736327067 78.69835857148377 0.9912223326681047
1448.7665071633264 78.57026172418409 0.9943010242022201
1448.7873406925496 79.01587204806212 0.9918220628001789
1448.808174221306 78.27624549452489 0.9922462806410893
1448.8290077491315 79.2831055824719 0.9921848867787468
1448.8498412755591 79.2198874871227 0.9923771654406435
1448.870674801522 78.1227553346372 0.9916402554133789
1448.8915083265535 80.31942392133809 0.99232632123934
1448.9123418506535 80.35866662219422 0.9924154245100438
1448.933175373822 78.93756156323731 0.9937970180304752
1448.954008896525 78.85530188750685 0.9933079378084128
1448.974842417831 79.76854232159512 0.9921128252418365
1448.9956759386714 77.5261871096136 0.9917005410272449
1449.0165094585805 79.28822111854849 0.9924034424326557
1449.037342977558 79.77198941520184 0.9928346760992458
1449.0581764956044 79.1360481135627 0.993172224493256
1449.0790100131844 78.55367286865585 0.99287741996646
1449.0998435298347 78.7238818244967 0.9927778215028221
1449.1206770455535 80.947957464604 0.9958039404443088
1449.1415105603403 78.77284853834017 0.9933348202267553
1449.1623440746616 78.4842323117195 0.9935557925392696
1449.1831775875855 78.6483746330099 0.9927246562073454
1449.2040111005094 79.1485369311242 0.9931676333803032
1449.2248446120363 79.22904644847985 0.9949065370130024
1449.245678123098 78.49347470951078 0.993197670276996
1449.2665116336943 80.43272181279913 0.9940511067375216
1449.2873451428936 76.58362276027192 0.9931777157965619
1449.3081786520925 78.43694492534102 0.9933062276299539
1449.3290121598943 79.2929658328272 0.9942747973600685
1449.3498456676966 79.32000080813688 0.993481220628465
1449.370679174101 79.47474432178873 0.9940415728374004
1449.391512680506 77.40368830102096 0.9932442991840593
1449.4123461855131 78.65587880431995 0.993694902488085
1449.433179690522 79.02263601797169 0.9929986476524033
1449.4540131945996 78.57985099529472 0.9935336855210984
1449.47484669821 79.37135949931113 0.9938574426976371
1449.4956802008885 78.1265703267973 0.9932454693794378
1449.5165137035672 78.69143056338162 0.9934104231282026
1449.537347205316 77.38500323367417 0.9920632292050816
1449.5581807065985 79.41792533359343 0.9936647906449388
1449.5790142074156 80.07863147958177 0.993664610690942
1449.5998477073015 79.63270586197156 0.9935622715721486
1449.620681207188 79.92937938271966 0.9938019660941776
1449.6415147066075 79.65581603690362 0.9930017089175976
1449.662348205562 77.82907229794047 0.9929013125061802
1449.6831817040506 78.8590073071884 0.9928002455366016
1449.7040152020736 77.19363351111947 0.9932629321312858
1449.7248487000963 76.82493999046406 0.992502147614584
1449.7456821976534 78.29187276850152 0.9927962530750111
1449.766515694746 77.99221243417766 0.9920018240138943
1449.7873491918383 79.8464379788603 0.9928468931086591
1449.808182688464 78.51796671191372 0.9920744944219688
1449.8290161855555 78.63345778624713 0.9939385529144164
1449.8498491855555 78.63603399420441 0.0
1449.8706821855556 78.63861020216169 0.0
1449.8915151855556 78.64118641011896 0.0
1449.9123481855556 78.64376261807622 0.0
1449.9331811855557 78.6463388260335 0.0
1449.9540141855557 78.64891503399078 0.0
1449.9748471855557 78.65149124194805 0.0
1449.9956801855558 78.65406744990533 0.0
1450.0165131855558 78.6566436578626 0.0
1450.0373461855559 78.65921986581988 0.0
1450.058179185556 78.66179607377714 0.0
1450.079012185556 78.66437228173442 0.0
1450.099845185556 78.66694848969169 0.0
1450.120678185556 78.66952469764897 0.0
1450.141511185556 78.67210090560624 0.0
1450.162344185556 78.67467711356352 0.0
1450.1831771855561 78.6772533215208 0.0
1450.2040101855562 78.67982952947806 0.0
1450.2248431855562 78.68240573743533 0.0
1450.2456761855562 78.68498194539261 0.0
1450.2665091855563 78.68755815334988 0.0
1450.2873421855563 78.69013436130716 0.0
1450.3081751855564 78.69271056926443 0.0
1450.3290081855564 78.69528677722171 0.0
1450.3498411855564 78.69786298517897 0.0
1450.3706741855565 78.70043919313625 0.0
1450.3915071855565 78.70301540109352 0.0
1450.4123401855566 78.7055916090508 0.0
1450.4331731855566 78.70816781700807 0.0
1450.4540061855566 78.71074402496535 0.0
1450.4748391855567 78.71332023292263 0.0
1450.4956721855567 78.71589644087989 0.0
1450.5165051855568 78.71847264883716 0.0
1450.5373381855568 78.72104885679444 0.0
1450.5581711855568 78.72362506475172 0.0
1450.5790041855569 78.72620127270899 0.0
1450.599837185557 78.72877748066627 0.0
1450.620670185557 78.73135368862354 0.0
1450.641503185557 78.7339298965808 0.0
1450.662336185557 78.73650610453808 0.0
1450.683169185557 78.73908231249536 0.0
1450.704002185557 78.74165852045263 0.0
1450.7248351855571 78.74423472840991 0.0
1450.7456681855572 78.74681093636718 0.0
1450.7665011855572 78.74938714432446 0.0
1450.7873341855573 78.75196335228172 0.0
1450.8081671855573 78.754539560239 0.0
1450.8290001855573 78.75711576819627 0.0
1450.8498331855574 78.75969197615355 0.0
1450.8706661855574 78.76226818411082 0.0
1450.8914991855574 78.7648443920681 0.0
1450.9123321855575 78.76742060002537 0.0
1450.9331651855575 78.76999680798264 0.0
1450.9539981855576 78.77257301593991 0.0
1450.9748311855576 78.77514922389719 0.0
1450.9956641855576 78.77772543185446 0.0
1451.0164971855577 78.78030163981174 0.0
1451.0373301855577 78.78287784776902 0.0
1451.0581631855578 78.78545405572629 0.0
1451.0789961855578 78.78803026368355 0.0
1451.0998291855578 78.79060647164083 0.0
1451.1206621855579 78.7931826795981 0.0
1451.141495185558 78.79575888755538 0.0
1451.162328185558 78.79833509551266 0.0
1451.183161185558 78.80091130346993 0.0
1451.203994185558 78.8034875114272 0.0
1451.224827185558 78.80606371938447 0.0
1451.245660185558 78.80863992734174 0.0
1451.2664931855581 78.81121613529902 0.0
1451.2873261855582 78.8137923432563 0.0
1451.3081591855582 78.81636855121357 0.0
1451.3289921855583 78.81894475917085 0.0
1451.3498251855583 78.82152096712812 0.0
1451.3706581855583 78.82409717508538 0.0
1451.3914911855584 78.82667338304266 0.0
1451.4123241855584 78.82924959099994 0.0
1451.4331571855585 78.83182579895721 0.0
1451.4539901855585 78.83440200691449 0.0
1451.4748231855585 78.83697821487176 0.0
1451.4956561855586 78.83955442282904 0.0
1451.5164891855586 78.8421306307863 0.0
1451.5373221855587 78.84470683874358 0.0
1451.5581551855587 78.84728304670085 0.0
1451.5789881855587 78.84985925465813 0.0
1451.5998211855588 78.8524354626154 0.0
1451.6206541855588 78.85501167057268 0.0
1451.6414871855588 78.85758787852996 0.0
1451.6623201855589 78.86016408648722 0.0
1451.683153185559 78.86274029444449 0.0
1451.703986185559 78.86531650240177 0.0
1451.724819185559 78.86789271035904 0.0
1451.745652185559 78.87046891831632 0.0
1451.766485185559 78.8730451262736 0.0
1451.7873181855591 78.87562133423087 0.0
1451.8081511855592 78.87819754218813 0.0
1451.8289841855592 78.88077375014541 0.0
1451.8498171855592 78.88334995810268 0.0
1451.8706501855593 78.88592616605996 0.0
1451.8914831855593 78.88850237401724 0.0
1451.9123161855593 78.89107858197451 0.0
1451.9331491855594 78.89365478993179 0.0
1451.9539821855594 78.89623099788905 0.0
1451.9748151855595 78.89880720584632 0.0
1451.9956481855595 78.9013834138036 0.0
1452.0165428392315 79.51773143780818 0.9881315758792156
1452.0373764551914 78.34927379088617 0.9862674505626284
1452.0582100688239 79.36052811195012 0.9869413980925567
1452.0790436810591 78.10462583947891 0.9871196630052733
1452.0998772914324 78.16545689260363 0.9867074973339895
1452.1207109004083 79.38753010688986 0.9869232799372123
1452.1415445070556 78.64239538156791 0.988372858799952
1452.1623781123064 79.32574255306017 0.9871951381077517
1452.183211715228 79.2786913363282 0.9874280179020771
1452.2040453167524 80.20010498031533 0.989373158003152
1452.224878916415 79.33839191788819 0.9869986190824888
1452.245712514215 78.32019798177384 0.987683473515705
1452.266546110618 78.79934194661875 0.9869485546722798
1452.2873797046925 78.92811172704725 0.9868532501394477
1452.3082132973705 78.85713371307382 0.9882171067240867
1452.3290468881855 77.58769445949268 0.9868237449376893
1452.349880477137 79.74634931193195 0.9874539436995969
1452.3707140642264 79.12237961351832 0.9875597827053885
1452.3915476499196 80.87182148305894 0.9877525694689859
1452.4123812337489 78.06136851602353 0.98671000424675
1452.4332148161825 79.69549037188784 0.9871944135741998
1452.454048396287 77.97068874240321 0.9861039615127158
1452.474881974995 80.0431588108204 0.9867025741012369
1452.4957155523055 78.9925741426272 0.9866071249796022
1452.5165491272871 79.43643004417945 0.9867813126761856
1452.5373827008725 80.3285862298058 0.9873057741787415
1452.5582162730616 78.66347889688258 0.9868665981599448
1452.579049843388 78.2946715324236 0.9863632951263616
1452.5998834118511 79.92080368016211 0.9872081796207554
1452.6207169784511 79.02378053494301 0.9863392139982309
1452.6415505441205 79.3957916833202 0.9871100923500128
1452.6623841074615 79.70037967840956 0.9866111726931315
1452.6832176694052 78.02485289433378 0.9866965332912909
1452.7040512299516 79.87585434677217 0.987773417997328
1452.7248847886365 79.36028514844118 0.9865630219500142
1452.7457183459246 78.6640908547142 0.9871175798106094
1452.7665519013483 78.59294766643296 0.9861932341238903
1452.7873854553754 76.70970916055877 0.9859276288924314
1452.808219007541 77.49180137604384 0.9867057153077928
1452.8290525583088 78.7675562495994 0.987024133441313
1452.8498861076805 80.05425150295477 0.9882357741436206
1452.8707196551886 78.05094365543695 0.9858946196938888
1452.8915532013004 79.51291314341206 0.9862346038293504
1452.9123867455496 77.53122646250297 0.985889148282226
1452.9332202884016 77.71230408761811 0.9857861531163357
1452.9540538298556 79.95309170269611 0.986763191581481
1452.9748873699125 77.99714497776115 0.9857907786069791
1452.9957209081088 79.33901518057782 0.9888176951039536
1453.016554444908 78.28781089094005 0.9871814322579486
1453.037387979843 77.54669997923146 0.9857213637342704
1453.0582215138463 78.07705774807165 0.9874317000707886
1453.0790550459883 80.78663519199034 0.9867859033006816
1453.099888576733 78.63399040012773 0.987567055513956
1453.1207221060804 77.69803726565678 0.985906650646996
1453.141555633566 81.55020077725318 0.9885444742905865
1453.1623891601196 80.26718677057713 0.986741294814709
1453.1832226848103 78.234178481229 0.9860958921275945
1453.2040562081047 79.2790803925361 0.9862104591208003
1453.2248897300003 78.99054547655872 0.9863856534893783
1453.245723250502 80.33489474010777 0.9865940151068645
1453.2665567691395 77.96096666200305 0.9855975476338172
1453.2873902868455 80.18659478934036 0.9863762267819
1453.3082238026886 79.91918753689542 0.9875348857560295
1453.3290573176005 78.95510351908351 0.9864300967844263
1453.349890830651 80.1912208766553 0.9885593671322784
1453.3707243423037 79.36062824828262 0.9864648101067667
1453.3915578525584 78.9811231006223 0.986085011953228
1453.4123913614171 79.16245876248993 0.9866746048403923
1453.4332248693445 79.19309431045964 0.9860785744602
1453.4540583754083 80.36504081827316 0.9862394387437565
1453.474891880076 78.48452006773256 0.9865796061287327
1453.4957253833475 80.64254472339408 0.9865977305953987
1453.5165588852215 80.85972370248241 0.98669601982074
1453.537392385697 81.08555831631372 0.9864987065325616
1453.5582258847764 79.04752277748982 0.9857803485483501
1453.57905938246 79.00919990477564 0.9866918214338593
1453.5998928787465 78.80205927062818 0.9858378183118278
1453.6207263741003 78.82672375927007 0.9871860814001331
1453.6415598675915 78.0664715187898 0.9868341035685801
1453.6623933596863 80.07298950749326 0.9875719442597377
1453.6832268508504 78.7009325508031 0.9855152973282583
1453.7040603401515 78.54738681969411 0.9858232168956045
1453.7248938285206 78.55948298425369 0.9852839012847153
1453.745727315493 78.97906652465518 0.985914872721452
1453.7665608010684 79.28326277578982 0.9859784705691926
1453.7873942852475 78.29636053246759 0.9855424830232627
1453.8082277680285 79.42103869872729 0.9860820803301592
1453.8290612494131 78.05589123206089 0.9891675209345954
1453.8498947298665 77.6984216631526 0.9863094819072707
1453.8707282084565 79.24839810985814 0.986491274795577
1453.891561686116 76.50697690713987 0.9854036436504051
1453.9123951623794 80.11788995098723 0.9869012357330084
1453.9332286372446 78.9478697709833 0.9863073970014112
1453.954062111178 75.65637208390953 0.9859986311978478
1453.9748955832483 77.85846839196358 0.9864959574006084
1453.9957290543891 78.65321470406892 0.98620783006178
1454.0165625241334 77.40947402365023 0.9873448636325955
1454.0373959924787 79.72055649603864 0.9877421299537101
1454.0582294598923 79.40560699061767 0.9864846586899347
1454.0790629259104 82.18010727590766 0.9881613737839485
1454.0998963900663 80.73681897086982 0.9871442383322163
1454.1207298537563 80.4025349221317 0.9880394922618442
1454.1415633155827 79.55697092974705 0.9872084815055904
1454.1623967764776 79.52735620101157 0.9867682353195952
1454.183230235977 78.17432924531931 0.9864541152708163
1454.2040636940794 79.28586921269907 0.9869174216624909
1454.2248971512483 80.20797141418201 0.9866491418540831
1454.2457306070214 78.86348117896624 0.9875746300418736
1454.2665640613975 80.0583249914348 0.9887572638610151
1454.287397514378 78.97242917909605 0.9868460324694474
1454.3082309664255 78.86942622509379 0.9869637433594125
1454.329064417076 80.12633936617338 0.9864843565835949
1454.3498978667956 78.78475458072768 0.9864269547001826
1454.3707313146535 78.46919152724905 0.9866305652395235
1454.391564761579 80.25311892486533 0.9885440522229775
1454.412398207573 77.94037895894624 0.9865629011170881
1454.4332316521704 79.87242043359883 0.9875792169787443
1454.4540650953709 79.49214107307041 0.9872149720072119
1454.4748985371743 80.12091026632217 0.9878786194155919
1454.4957319780465 79.41873927036346 0.987208904144204
1454.5165654175216 79.69599080443062 0.9876817535984433
1454.5373988560655 79.34096752733308 0.9864563811355712
1454.5582322932119 80.48729194133583 0.9877455695749773
1454.5790657289615 78.51937406279714 0.9865829289725475
1454.5998987289615 79.36337369885968 0.0
1454.6207317289616 80.2073733349222 0.0
1454.6415660296925 79.42987607965377 0.9861330953723412
1454.6623994607855 77.96477089098022 0.9861719593264737
1454.6832328904816 78.45314105618047 0.9866489304149096
1454.7040663192463 79.26815441980867 0.9877740817637952
1454.7248997466145 77.04410374431002 0.9857445831904617
1454.7457331730511 78.34187114544902 0.9862545174808288
1454.7665665980903 78.32235913438134 0.9869111103894722
1454.7874000217334 79.70137954880758 0.9861405600298035
1454.8082334444443 79.52149175395098 0.9865245963335075
1454.8290668662244 78.39932909144505 0.9860822012220045
1454.8499002866074 78.35568231345951 0.9856792166051452
1454.8707337055935 79.54664603680156 0.9864583146693795
1454.8915671236484 80.39746380668387 0.987769827616432
1454.9124005403064 78.7382528610197 0.9860643695146963
1454.9332339560324 79.19868934398681 0.9870879013569869
1454.9540673703618 79.03508954391148 0.9862337577168925
1454.9749007837604 78.41235346623235 0.985962873758064
1454.9957341957615 79.78070789018136 0.9869345434295662
1455.0165676063655 80.20279923077533 0.9877568538623978
1455.0374010160388 78.15670703904689 0.9855767437932923
1455.0582344247805 80.1239234384511 0.9865263786868712
1455.079067832124 79.21064884076101 0.9856652477902659
1455.0999012385375 78.90953946688168 0.9860616796189936
1455.120734643554 79.19086538689548 0.9858903272077475
1455.1415680471737 79.0845563436292 0.9869840046437776
1455.1624014498605 80.22487284024656 0.9868180672746256
1455.1832348516175 79.66694053631353 0.9868055038189648
1455.204068251977 81.34177934091596 0.986274793334995
1455.224901651406 80.42860511471417 0.9871345169615304
1455.2457350494365 79.02896729212398 0.9860005958547591
1455.2665684465364 80.27340597184637 0.987369010784463
1455.28740184224 81.89694723070605 0.9873105434768531
1455.3082352370125 79.70226200688234 0.9859707930999737
1455.329068630386 80.24549963053137 0.9864106096581952
1455.3499020228296 79.54956143975434 0.9857973993695458
1455.3707354138764 80.74382242697884 0.9874109046918802
1455.3915688039915 78.85069384264413 0.9854736857353392
1455.4124021931743 79.10534331913645 0.9865477666760656
1455.4332355809615 79.16449129653355 0.9853440616197405
1455.4540689678174 80.1844098402735 0.9854908023445664
1455.4749023532759 81.63376284314015 0.9877283713488615
1455.4957357378034 79.71804053734583 0.9857627230100569
1455.5165691209336 79.87434136302974 0.9858951033531274
1455.537402503132 79.18249431236174 0.985303531682135
1455.5582358839335 78.07950530327378 0.9853512600462557
1455.5790692638045 79.18739713476822 0.9853044088402256
1455.5999026427435 78.5230489738602 0.9852436713591604
1455.6207360202854 78.4478013910387 0.9853071612967506
1455.641569396897 80.56380920783013 0.9864152624333972
1455.6624027725763 78.72580595876003 0.985787936804841
1455.6832361468585 79.72430757768062 0.9863822997672342
1455.7040695197445 79.12653358531009 0.9856642500101993
1455.724902891699 80.6528520635469 0.9862135716758679
1455.745736262722 77.26396383231108 0.9853782083105139
1455.7665696328124 77.98686717651663 0.9851347700858428
1455.787403001508 79.99397814988241 0.9855311431415384
1455.8082363688063 79.27949148651288 0.9866265176055536
1455.829069735172 77.843429617497 0.985347509612112
1455.8499031006068 79.46352401846733 0.985650311219414
1455.8707364651116 79.640180434263 0.9853688626996505
1455.8915698282185 78.30328964591568 0.9848037270510295
1455.9124031903928 79.02756135493395 0.9851847149142186
1455.9332365511707 81.07032074681686 0.9862782380735629
1455.954069911019 81.06179121584837 0.9863756225027068
1455.9749032699344 79.63109578236357 0.985953866184984
1455.9957366274534 78.96832793624499 0.9860046460581917
1456.0165699840404 79.03127418067953 0.9863452872114552
1456.0374033392316 80.17677196398276 0.9857448250569187
1456.0582366934907 80.17841690233747 0.9860736783106051
1456.0790700468187 79.4913640459933 0.9868858346954339
1456.0999033992143 80.34236325809313 0.9863743837292038
1456.1207367502147 79.46464102101166 0.9849278244936643
1456.1415700998186 77.85828395400334 0.9843946787971296
1456.1624034489544 81.15883834687989 0.9859550148062632
1456.183236796694 80.022890473558 0.9861186192156541
1456.2040701435035 81.7726656518583 0.9871625335714608
1456.2249034889146 80.16507378390787 0.9867788663478304
1456.2457368333944 78.88000293792138 0.9867995240410969
1456.2665701769429 80.62046889453259 0.9851521345955594
1456.2874035190955 79.7405397573699 0.9849816526843927
1456.3082368603164 80.83366182935548 0.9861360872863684
1456.3290702006054 78.87471434484392 0.9860626467733496
1456.3499035394984 79.14791384281618 0.9851859854340655
1456.3707368774594 81.09647185256267 0.9852963026598579
1456.3915702144895 79.33393741335964 0.9850577151628441
1456.412403550122 78.95159354698562 0.9850704521795859
1456.4332368848225 79.82626687466062 0.9859664404924458
1456.4540702185927 78.83033866958047 0.9855922560009075
1456.4749035514324 80.60195270824755 0.9861193445396264
1456.4957368828743 79.02819852435405 0.9863749880091557
1456.5165702129195 80.06892955250702 0.9856472573582321
1456.5374035424984 80.49905987476303 0.987838676175808
1456.5582368706805 80.80871884485383 0.9854839980743793
1456.579070197932 79.1598731492155 0.9857127772343389
1456.5999035242517 80.2441160593344 0.9861268395227699
1456.6207368491735 80.1973731217639 0.9856699645550897
1456.641570173165 78.96773897179011 0.9851985090420243
1456.6624034957595 79.8697686840562 0.9856721112803235
1456.6832368178875 80.2708994455261 0.9861559727065136
1456.704070138619 79.8795709436456 0.9849655559733331
1456.7249034584195 80.6409346962309 0.9848414027630765
1456.7457367768232 78.41744910322784 0.9845714675784547
1456.7665700942948 80.26797403054599 0.9849847691224924
1456.7874034108352 79.16270025707222 0.9841543586137905
1456.8082364108352 79.18037795764866 0.0
1456.8290694108352 79.19805565822509 0.0
1456.8499024108353 79.21573335880153 0.0
1456.8707354108353 79.23341105937796 0.0
1456.8915684108354 79.2510887599544 0.0
1456.9124014108354 79.26876646053084 0.0
1456.9332344108354 79.28644416110727 0.0
1456.9540674108355 79.30412186168371 0.0
1456.9749004108355 79.32179956226014 0.0
1456.9957334108356 79.33947726283658 0.0
1457.0165664108356 79.35715496341302 0.0
1457.0373994108356 79.37483266398945 0.0
1457.0582324108357 79.3925103645659 0.0
1457.0790654108357 79.41018806514232 0.0
1457.0998984108357 79.42786576571876 0.0
1457.1207314108358 79.4455434662952 0.0
1457.1415644108358 79.46322116687163 0.0
1457.1623974108359 79.48089886744808 0.0
1457.183230410836 79.4985765680245 0.0
1457.204063410836 79.51625426860095 0.0
1457.224896410836 79.53393196917739 0.0
1457.245729410836 79.55160966975382 0.0
1457.266562410836 79.56928737033026 0.0
1457.287395410836 79.5869650709067 0.0
1457.3082284108361 79.60464277148313 0.0
1457.3290614108362 79.62232047205957 0.0
1457.3498944108362 79.639998172636 0.0
1457.3707274108363 79.65767587321244 0.0
1457.3915604108363 79.67535357378888 0.0
1457.4123934108363 79.69303127436531 0.0
1457.4332264108364 79.71070897494175 0.0
1457.4540594108364 79.72838667551818 0.0
1457.4748924108364 79.74606437609462 0.0
1457.4957254108365 79.76374207667106 0.0
1457.5165584108365 79.78141977724749 0.0
1457.5373914108366 79.79909747782393 0.0
1457.5582244108366 79.81677517840036 0.0
1457.5790574108366 79.8344528789768 0.0
1457.5998904108367 79.85213057955325 0.0
1457.6207234108367 79.86980828012967 0.0
1457.6415564108368 79.88748598070612 0.0
1457.6623894108368 79.90516368128254 0.0
1457.6832224108368 79.92284138185899 0.0
1457.7040554108369 79.94051908243543 0.0
1457.724888410837 79.95819678301186 0.0
1457.745721410837 79.9758744835883 0.0
1457.766554410837 79.99355218416473 0.0
1457.787387410837 80.01122988474117 0.0
1457.808220410837 80.02890758531761 0.0
1457.829053410837 80.04658528589404 0.0
1457.8498864108371 80.06426298647048 0.0
1457.8707194108372 80.08194068704691 0.0
1457.8915524108372 80.09961838762335 0.0
1457.9123854108373 80.1172960881998 0.0
1457.933234183311 79.78830654028438 0.9844123591039747
1457.954067440713 80.02962402831972 0.9842298491500584
1457.974900697648 80.78805060815247 0.9844689400066099
1457.995733953188 80.09540622305033 0.9849621671585372
1458.016567207796 80.39695857815829 0.98414851413904
1458.0374004614719 79.83380173861725 0.9847494351767213
1458.0582337137516 80.19714442703187 0.9853355928153361
1458.0790669655648 79.20980646747154 0.9847759459642049
1458.099900215982 79.3952358780203 0.9839800693346584
1458.1207334654673 79.58122136374814 0.9847863261351939
1458.141566713556 78.41613209081731 0.9836304891813447
1458.1623999611795 78.78103238832377 0.9847747657045992
1458.1832332074055 79.62195987930194 0.9838970780123064
1458.2040664526994 80.31200050156582 0.9844585564890886
1458.2248996970625 81.63352653079141 0.9851108706956355
1458.2457329404947 80.18829048301222 0.9845734350831848
1458.2665661825304 80.03489915152902 0.9852254917336272
1458.2873994236331 81.78504749454056 0.9862298293281142
1458.308232663805 79.31767936186604 0.984944587494661
1458.3290659030465 79.97959721131643 0.9851435431342332
1458.349899140891 79.69834744789495 0.9841992357556872
1458.3707323782696 82.1695556875878 0.9851404574502579
1458.3915656142503 79.05845424214448 0.9839973330732973
1458.412398849301 79.66788373693126 0.9842111360310226
1458.4332320829535 80.09626834698145 0.9840887046951857
1458.4540653161416 80.16666767956592 0.9853967480464334
1458.4748985479312 80.46592500369222 0.9849863727227208
1458.4957317787907 79.0982772816607 0.9841033924143155
1458.5165650087195 80.38125388074081 0.9840132639037508
1458.5373982377143 80.08709887303182 0.9842172223757698
1458.558231465314 79.44578458650858 0.9836726634976996
1458.579064692448 79.29446420389162 0.984142185109104
1458.5998979181848 81.84259517004173 0.9858758474863616
1458.6207311429905 79.9900718467139 0.9837833624760423
1458.641564366399 80.0686569558689 0.9840687472162408
1458.6623975893426 79.29497898500978 0.9834040439904264
1458.6832308108878 79.72931452042344 0.983691083896099
1458.7040640315026 79.12880484943236 0.9835656790026563
1458.7248972511854 80.45733058504604 0.9839183111301173
1458.745730469472 79.08312458450649 0.9836000086287552
1458.766563687293 79.1483167805644 0.9846527676523632
1458.7873969037164 79.17449168553328 0.9838579424490637
1458.8082301192085 79.79756040056725 0.9836158246993895
1458.8290633337695 78.87643618293458 0.983575223546761
1458.849896547399 81.2616104407746 0.9853005977338819
1458.8707297596316 80.30791604896724 0.9841919986222086
1458.891562970933 78.88163622040089 0.9854971831952564
1458.9123961813032 80.62524008350135 0.9839658643822152
1458.9332293907423 81.19000429681257 0.9852861698406141
1458.9540625992504 79.57773724534967 0.9837068379105459
1458.9748958063603 79.23098955268252 0.9841976308729389
1458.995729013005 79.96716297248051 0.9852020180437217
1459.0165622182526 78.37658117645933 0.9830443759168862
1459.037395422569 80.70779504345185 0.9838665148456756
1459.0582286254885 78.31581546358323 0.9857816787648656
1459.079061827942 79.31278292872622 0.9834364700918073
1459.0998950289995 78.30649828788678 0.9833676163844856
1459.120728229125 79.28677097902374 0.983516985236047
1459.1415614283192 80.93875880107421 0.9852566782065123
1459.162394626582 80.01617171537693 0.9841586889535268
1459.1832278234479 80.58709520765595 0.9839584740913176
1459.2040610198478 78.83190086531235 0.9835352873452211
1459.224894214851 79.82048606560862 0.9841059362444298
1459.2457274089224 79.14202604401109 0.9842659723363213
1459.266560601598 80.11466225479654 0.9846234991883757
1459.2873937938075 80.31546079922846 0.9853935119349501
1459.3082269846195 81.02588514504541 0.9847964035726179
1459.3290601745005 80.0405337905368 0.9834668648029502
1459.34989336345 80.92235825711231 0.9839558087268829
1459.370726551469 79.66706467304458 0.9836707244883284
1459.3915597385555 78.92915752222379 0.9832047363559037
1459.4123929242455 79.08598190173177 0.9844946712835968
1459.4332261090035 79.16395246388278 0.9840235612614856
1459.454059292832 79.97889129815253 0.984366825614776
1459.4748924757273 77.8955639389347 0.9834827133176067
1459.495725657692 79.49414541533464 0.9841046340465024
1459.51655883826 79.97497558749707 0.9848086295144108
1459.537392018362 78.22746966595811 0.9847673209575619
1459.558225197067 80.06766502037003 0.9836254596522492
1459.5790583748408 80.24402347935026 0.9844601609464718
1459.5998915512175 79.12472076170474 0.9851440271622152
1459.6207247271295 78.8537905678782 0.9840214715123076
1459.6415579016434 79.38616080928345 0.983924459864695
1459.662391075226 80.76889353517832 0.9837625505647728
1459.6832242478774 79.05940847833494 0.9845854519113506
1459.7040574195985 80.41014482763434 0.9842291527134912
1459.724890590387 80.40420416844209 0.9833677376100376
1459.745723759779 82.41852180133343 0.98486113276174
1459.7665569282394 80.68783978241105 0.9843212900192541
1459.7873900957684 82.04084798696348 0.9842395689307148
1459.808223262366 78.73670644299023 0.9841264986297891
1459.8290564280323 78.85082042851985 0.984388532999656
1459.849889592302 79.0893950910501 0.9836103406117463
1459.870722755641 79.55984548385713 0.9838925647798562
1459.8915559180475 79.8459790312495 0.9853717057103942
1459.912389079523 81.91495443878195 0.9846551889961485
1459.933222240068 79.0550771469896 0.9839484789374588
1459.9540553992156 79.51059691146985 0.9844514120810702
1459.9748885578963 77.62121041861738 0.9835758901463811
1459.9957217151812 79.9960175934391 0.9839260651930128
1460.0165548715347 80.9766674754721 0.9858902667500625
1460.0373880269576 80.61135286369726 0.9844387276018006
1460.0582211809824 81.62589730348307 0.987531173793449
1460.0790543345415 79.43575897498621 0.9843169906720144
1460.099887486704 81.25575913998162 0.9846078203772136
1460.1207206379352 81.31847495057144 0.9842841091277376
1460.141553788236 79.83120123226193 0.9835661638071296
1460.1623869371383 80.10837478324359 0.9850562932053876
1460.1832200855747 80.63548105977523 0.9841269225919771
1460.2040532326155 80.62503162084262 0.9842052010516401
1460.2248863787247 80.21121904870408 0.9837389510817529
1460.245719523902 80.23608455358851 0.9843385780499184
1460.266552668148 79.9086493838762 0.9842167378919946
1460.2873858109974 79.42976571780868 0.9839742238246881
1460.308218953381 81.68749655114499 0.9846347587211297
1460.3290520943672 79.93474859317851 0.9833814966130957
1460.3498852344223 79.81593048032518 0.983349099005916
1460.3707183730814 79.32816482480635 0.9837661252766284
1460.391551511274 79.94763966555227 0.9852845062334656
1460.4123846480693 78.67978654630083 0.98272121108573
1460.4332177843987 80.50297851275624 0.984393467805589
1460.4540509193323 79.16596990802769 0.9829100349680128
1460.4748840533343 79.06630329511061 0.983310578104516
1460.4957171859392 79.16606074042066 0.9836611202761849
1460.5165503180774 80.38226822509864 0.9840109318401219
1460.53738344882 79.92669020618685 0.984984406042833
1460.558216578631 78.33275094690232 0.9836547881102605
1460.57904970751 79.09565708167817 0.9832331680478854
1460.59988270751 78.77906922578322 0.0
1460.62071570751 78.46248136988827 0.0
1460.6415490880947 81.20515816456783 0.983933698038993
1460.662382212783 80.31092810601898 0.9845271825471789
1460.68321533654 79.74584936824115 0.9840178371553405
1460.7040484593658 79.67391721128652 0.9842524073723694
1460.724881581261 79.48236091269382 0.9840755612720072
1460.745714701758 78.39000809932334 0.9827912927228648
1460.766547821324 80.52818187284554 0.9847326991180452
1460.787380939959 80.14586254127401 0.9836562423912076
1460.808214057663 80.62043042176846 0.9833114873485312
1460.8290471744344 79.47489461178066 0.983233743947863
1460.8498802902748 81.18981698784721 0.9848980195363978
1460.8707134047195 80.41549171891057 0.9837361033523261
1460.891546518232 80.395553409725 0.9848157713309728
1460.9123796308136 79.0894888620854 0.9844960032372743
1460.9332127424627 78.96705287073054 0.9829687943380476
1460.9540458531815 80.06486781878874 0.9827629998724536
1460.974878962504 80.01937669243577 0.9851579731163063
1460.9957120708943 78.9977594547433 0.9824095890194585
1461.0165451788184 80.15210903856142 0.9846965022569946
1461.037378284881 80.53689238366061 0.9841669861946158
1461.0582113904775 80.9012438857995 0.9837375878080559
1461.0790444951426 80.4552210559015 0.9832745713656205
1461.0998775984099 80.56392272320589 0.9865226025106749
1461.1207107007467 80.36348278735025 0.9837076559005599
1461.1415438021525 81.18691913484278 0.9841917260931301
1461.1623769026264 79.5648278357393 0.9830839076490911
1461.1832100021688 80.41070459642523 0.9831827906497673
1461.2040431003147 78.77012315945555 0.9825931650014477
1461.2248761979954 80.05545613834259 0.9833187309624899
1461.2457092942786 81.59125971609767 0.9842941614291176
1461.2665423896294 81.11423488773798 0.9843490233853959
1461.2873754840507 78.27546479904498 0.9822992206551366
1461.3082085770743 78.40046646585739 0.9827117795535366
1461.329041669632 81.71866453389258 0.9841988118246496
1461.349874760793 82.5936105999001 0.9858380601554104
1461.3707078510224 78.695223188223 0.9841106604829107
1461.3915409403207 80.883853952871 0.9832804210349587
1461.4123740286886 81.26611898955032 0.9834285303415309
1461.4332071156584 78.57976979066692 0.981960180559076
1461.454040202162 81.78228664113065 0.9842522256974762
1461.47487328727 80.36714746034431 0.9833145181558433
1461.4957063714455 78.58669761642874 0.9822107471187248
1461.5165394546905 79.40025794347403 0.9825992007079347
1461.5373725370036 80.66185050694811 0.9837038386080093
1461.5582056183855 79.79888472403277 0.982782074134377
1461.5790386983715 80.78618439650636 0.9842228242021006
1461.5998717774244 81.45839516683556 0.9827949922636675
1461.6207048555464 79.87741281987542 0.9836397301165645
1461.6415379327375 78.8062420073421 0.9836660587313651
1461.662371008998 80.94907607277878 0.9836843580669267
1461.683204084326 79.95285433047657 0.9829975360323353
1461.7040371587227 81.61943052152617 0.9836671797269411
1461.724870231723 80.5211103410966 0.9844884958384545
1461.745703303792 81.14499014898338 0.9842378429953644
1461.7665363749295 81.69523706334189 0.9839227939551808
1461.7873694451355 81.47623906811918 0.9830480138727676
1461.808202514411 78.13035134662627 0.9823902951695443
1461.8290355827544 80.12161408127501 0.9827411656046908
1461.8498686497005 81.11265065779305 0.9835870404730449
1461.8707017161807 80.6569025642764 0.9833700711990025
1461.891534781265 80.32506924160535 0.9835189548502424
1461.9123678454175 80.62243791713416 0.9829663082026381
1461.9332009086384 78.37577096009694 0.9869123182917374
1461.954033970929 78.76701060482189 0.9826208864831274
1461.9748670322874 80.43021232037539 0.9837390722615456
1461.99570009225 82.45772529528726 0.9833958615342224
1462.0165331517455 80.52915013657541 0.9832571736977784
1462.037366209844 78.72972481816984 0.9819440343179405
1462.0581992674774 82.22076771138104 0.9828784405006371
1462.079032323714 78.56983516650773 0.982819069262748
1462.0998653790195 81.10949048429913 0.9825483054984826
1462.1206984333924 80.86284362791741 0.9839022878924798
1462.1415314868348 81.4478630593157 0.9835983421697216
1462.1623645393463 80.89482144081985 0.9824148371237722
1462.1831975904595 81.27127321353689 0.9833166700233642
1462.2040306411075 79.56328165569307 0.9824563962661496
1462.224863690825 79.808008291418 0.9825711753049241
1462.245696739146 81.52178825565937 0.9833498566796387
1462.2665297870003 79.28080736640486 0.9830106635519422
1462.2873628334569 80.15652173864538 0.9820336243958094
1462.3081958794496 80.7146085371055 0.9830200012651933
1462.329028924044 78.36582857783286 0.9825509746810492
1462.3498619681732 80.0465075237269 0.9831065527948912
1462.370695010905 81.57200677423843 0.9826912178930477
1462.3915280527067 80.2355707894103 0.983313214909844
1462.412361094042 78.93108552517121 0.9828054236807736
1462.4331941339794 81.1300521094225 0.9836619988988584
1462.454027172986 79.39151159977952 0.9817776093725552
1462.4748602115271 79.52377456636833 0.9823369924228824
1462.495693248672 81.14849379813396 0.9836054321758813
1462.5165262848843 81.27562356899507 0.9834544706622829
1462.537359320632 79.57997945001044 0.9826426021084909
1462.5581923549823 80.9779720856963 0.98227761879858
1462.5790253888667 81.14046065956225 0.9832403516182056
1462.5998584218205 81.04344078677593 0.9822319256660195
1462.6206914533764 79.00612405306843 0.9814006738332732
1462.641524484468 80.90362615099444 0.9831637847874538
1462.6623575146275 79.470972787669 0.983716593154544
1462.6831905443207 78.07457048503485 0.9818756526505349
1462.7040235726176 81.79622436884371 0.9826895498928736
1462.724856599982 79.78048374105006 0.9826512457643898
1462.7456896268827 80.06256346480792 0.9821192007807588
1462.7665226528516 80.83070683907064 0.9826405700801013
1462.7873556778875 80.38286196702755 0.9829664901151982
1462.8081887024584 80.99808143186317 0.9826601016417535
1462.8290217256335 81.65504679191997 0.9829896230547683
1462.8498547483428 79.62306524347889 0.9820167510085938
1462.8706877705858 80.95991881250421 0.982876196709052
1462.8915207914315 80.20999810369142 0.98504113561643
1462.9123538118124 79.3981179240155 0.9820450046641245
1462.9331868312615 79.88166060859164 0.9817371446949552
1462.9540198502455 81.12596209313838 0.9820249753036878
1462.9748528687624 80.29021789328523 0.9822850217355112
1462.9956858858827 82.02781309965788 0.9822203655127079
1463.0165189030045 80.08984508698524 0.9822900884675623
1463.0373519187272 79.06108750161617 0.9839235511871278
1463.058184934452 80.74573429700611 0.9823858053513792
1463.0790179492446 79.68652000148614 0.981484756815808
1463.099850963106 81.3728827266305 0.9821582539082296
1463.1206839769663 79.78227573337078 0.9821404723349016
1463.141516989896 79.42088087823346 0.9818980828479107
1463.162350002361 79.47589756468153 0.9827724612378361
1463.18318301436 79.37236664070025 0.9823686953156766
1463.2040160258923 79.64770400975992 0.9826693517024115
1463.2248490364934 79.0299653089254 0.9810817367710076
1463.2456820470948 80.20304925170798 0.9826985570601786
1463.266515057232 78.97422490252141 0.9812304513040944
1463.2873480669011 80.33398215215111 0.9853028662513384
1463.308181076106 79.09998257107756 0.9824901883166822
1463.3290140853103 80.48449677500801 0.9826025370121928
1463.34984709405 80.69693983313107 0.985211123239836
1463.3706801023236 80.19894119504191 0.9817062714223981
1463.3915131105964 79.59923400939358 0.9817127679438877
1463.4123461188697 80.62184961380531 0.9824481149130707
