1.571724609375000000e+03 4.004884421345235751e+03 2.366973867313220126e+00
1.571745422363281250e+03 3.997865822572167417e+03 2.357534840428499034e+00
1.571766296386718750e+03 3.999153647244262174e+03 2.350916371339946132e+00
1.571787170410156250e+03 3.997595917027020732e+03 2.346541916211720924e+00
1.571807983398437500e+03 4.001585576792513166e+03 2.338849042531390143e+00
1.571828796386718750e+03 4.002704268737451457e+03 2.330417195899867178e+00
1.571849670410156250e+03 4.002054801301924272e+03 2.324524623714991911e+00
1.571870483398437500e+03 3.999992051701061428e+03 2.321215110438544116e+00
1.571891296386718750e+03 3.998071470883752227e+03 2.316967437851197964e+00
1.571912170410156250e+03 4.002863263213641403e+03 2.318158829586940861e+00
1.571932983398437500e+03 3.998333690584597207e+03 2.321354384861291642e+00
1.571953796386718750e+03 4.001406816343787796e+03 2.317819816965601909e+00
1.571974670410156250e+03 3.999956433075418317e+03 2.311503633866371921e+00
1.571995483398437500e+03 4.002964116453172210e+03 2.309402659744815178e+00
1.572016296386718750e+03 4.001463986147658034e+03 2.310393327526908180e+00
1.572037170410156250e+03 4.002551966564644317e+03 2.302702174717876638e+00
1.572057983398437500e+03 4.000918950010751360e+03 2.297367588083768730e+00
1.572078796386718750e+03 4.001537015715199232e+03 2.294671071734163181e+00
1.572099670410156250e+03 3.999843273911767028e+03 2.288195344895485039e+00
1.572120483398437500e+03 3.998406503612661254e+03 2.284264127908282038e+00
1.572141296386718750e+03 3.997602151503083405e+03 2.280713580045530708e+00
1.572162170410156250e+03 3.999604492072386165e+03 2.280199305372865748e+00
1.572182983398437500e+03 3.997783717726117175e+03 2.278212523904902920e+00
1.572203796386718750e+03 3.999203062480749395e+03 2.279854334477970035e+00
1.572224670410156250e+03 3.998817772889034131e+03 2.275082127692128253e+00
1.572245483398437500e+03 3.998721229335150383e+03 2.271661543230458324e+00
1.572266296386718750e+03 3.997275305124061560e+03 2.272765594506129805e+00
1.572287170410156250e+03 3.993837179310782631e+03 2.265718655459190156e+00
1.572307983398437500e+03 4.000558877235347609e+03 2.262292133709125519e+00
1.572328796386718750e+03 3.999091243330472025e+03 2.259422493800830711e+00
1.572349670410156250e+03 3.998986693703811397e+03 2.254840624097806945e+00
1.572370483398437500e+03 4.001709285822006677e+03 2.259022741438848403e+00
1.572391296386718750e+03 3.999055078878741369e+03 2.252835712035469840e+00
1.572412170410156250e+03 4.000131988064920733e+03 2.244267472549180020e+00
1.572432983398437500e+03 4.001237034300882442e+03 2.240170731509327329e+00
1.572453796386718750e+03 3.998947737752391731e+03 2.238056910591503801e+00
1.572474670410156250e+03 4.001430392144214238e+03 2.237196947598161234e+00
1.572495483398437500e+03 4.001314016047041150e+03 2.238214781408353726e+00
1.572516296386718750e+03 3.999523980998509614e+03 2.239990008195662963e+00
1.572537170410156250e+03 4.001922101640159781e+03 2.237467299920356645e+00
1.572557983398437500e+03 4.002125380364558623e+03 2.234763371787013231e+00
1.572578796386718750e+03 3.998617896218330316e+03 2.233171685854765887e+00
1.572599670410156250e+03 4.004536900017026710e+03 2.236387506887644427e+00
1.572641296386718750e+03 4.001829499273502734e+03 2.234132019916408307e+00
1.572662170410156250e+03 3.999847283301782227e+03 2.233588020074519065e+00
1.572682983398437500e+03 3.999838193961367324e+03 2.234843065013299324e+00
1.572703796386718750e+03 3.998011986674744549e+03 2.232877963409823696e+00
1.572724670410156250e+03 4.000830168137215878e+03 2.232776630345737701e+00
1.572745483398437500e+03 4.003473753930982639e+03 2.230944581058633691e+00
1.572766296386718750e+03 4.001724515760394752e+03 2.230264898227533266e+00
1.572787170410156250e+03 4.002167708963093901e+03 2.227901230285296741e+00
1.572807983398437500e+03 3.999602436632501849e+03 2.225545657681789802e+00
1.572828796386718750e+03 4.001869795556469398e+03 2.227580590636568214e+00
1.572849670410156250e+03 4.003238490486412047e+03 2.222288828752288392e+00
1.572870483398437500e+03 3.998291188662899913e+03 2.218971778638595183e+00
1.572891296386718750e+03 3.999242132938879877e+03 2.221741177892183838e+00
1.572912170410156250e+03 4.000157760268907623e+03 2.226661010704547472e+00
1.572932983398437500e+03 4.002637062869891452e+03 2.223759650498410956e+00
1.572953796386718750e+03 3.999014653791090495e+03 2.221105587740229037e+00
1.572974670410156250e+03 3.999577957215350580e+03 2.222380448377442530e+00
1.572995483398437500e+03 4.001619708094718590e+03 2.215191849092013054e+00
1.573016296386718750e+03 4.003461737438422006e+03 2.222436662764817772e+00
1.573037170410156250e+03 4.002776056336842885e+03 2.214116806408793714e+00
1.573057983398437500e+03 3.999898303403392674e+03 2.214626510165722983e+00
1.573078796386718750e+03 3.999885820882781900e+03 2.212646470905915486e+00
1.573099670410156250e+03 3.998663422951540724e+03 2.216561756185000398e+00
1.573120544433593750e+03 4.000351508813590044e+03 2.209043952280141720e+00
1.573141357421875000e+03 4.000358058688686015e+03 2.209095217675239642e+00
1.573162170410156250e+03 3.997392454392122090e+03 2.208538573702248264e+00
1.573183044433593750e+03 3.999357555187461912e+03 2.205891380665575330e+00
1.573203857421875000e+03 4.000884323674290954e+03 2.207603933926861828e+00
1.573224670410156250e+03 4.000178411876369410e+03 2.206043771933762887e+00
1.573245544433593750e+03 3.999792480599429382e+03 2.205877762210033399e+00
1.573266357421875000e+03 3.996859264691447606e+03 2.203154759848591659e+00
1.573287170410156250e+03 4.001379365112314645e+03 2.202983337609459191e+00
1.573308044433593750e+03 3.997451948834731411e+03 2.203099027439990198e+00
1.573328857421875000e+03 4.001611985889704556e+03 2.200588741420897332e+00
1.573349670410156250e+03 4.002529537624268414e+03 2.203434266372188421e+00
1.573370544433593750e+03 3.998367544399541657e+03 2.197827619101674124e+00
1.573391357421875000e+03 3.998704898625447186e+03 2.200156735125625485e+00
1.573412170410156250e+03 3.999242031799439246e+03 2.196087357692582120e+00
1.573433044433593750e+03 3.997323462014323923e+03 2.194139703550411991e+00
1.573453857421875000e+03 3.997588888160574243e+03 2.195011104651235279e+00
1.573474670410156250e+03 3.997168357157288028e+03 2.195581385751837811e+00
1.573495544433593750e+03 3.999749645436015271e+03 2.194258684700717055e+00
1.573516357421875000e+03 3.996391116520666856e+03 2.193061624971827328e+00
1.573537170410156250e+03 3.999487631272923409e+03 2.197259657109951192e+00
1.573558044433593750e+03 3.998341170939014319e+03 2.192192820449430535e+00
1.573578857421875000e+03 3.998515710614869022e+03 2.191590544487053371e+00
1.573599670410156250e+03 3.998817842744984318e+03 2.191176132114774244e+00
1.573620544433593750e+03 3.998822545818990875e+03 2.192593339697010979e+00
1.573641357421875000e+03 3.999028623921472899e+03 2.192852229986638424e+00
1.573662170410156250e+03 3.997615152594180472e+03 2.189658598569602432e+00
1.573683044433593750e+03 3.999471439678674415e+03 2.193822823644372644e+00
1.573703857421875000e+03 3.997118767530370860e+03 2.193541983716329913e+00
1.573724670410156250e+03 3.999410865604585524e+03 2.191623724551801544e+00
1.573745544433593750e+03 4.000031895897599952e+03 2.194094173896599553e+00
1.573766357421875000e+03 3.999436153401249612e+03 2.195039996953658701e+00
1.573787170410156250e+03 3.998697381448845590e+03 2.192116470980721044e+00
1.573808044433593750e+03 3.995421233663315888e+03 2.189447898075830512e+00
1.573828857421875000e+03 3.998494851296116849e+03 2.191057201201179527e+00
1.573849670410156250e+03 3.995184717080159317e+03 2.192586380443326100e+00
1.573870544433593750e+03 4.000155183160861725e+03 2.193101414281604544e+00
1.573891357421875000e+03 3.997949649829203736e+03 2.190545604970330906e+00
1.573912170410156250e+03 3.998930580966761681e+03 2.191153282211502518e+00
1.573933044433593750e+03 3.998976082993514865e+03 2.191718366566732801e+00
1.573953857421875000e+03 3.997896879144582726e+03 2.192873757496016207e+00
1.573974670410156250e+03 4.001000466252062779e+03 2.193010310916344352e+00
1.573995544433593750e+03 3.999304514133958037e+03 2.190825196612969705e+00
1.574016357421875000e+03 4.000007538181307609e+03 2.193908459627163410e+00
1.574037170410156250e+03 3.996837547756513686e+03 2.194549102004418106e+00
1.574058044433593750e+03 4.000760641801511611e+03 2.192101461798047879e+00
1.574078857421875000e+03 3.997764734897252765e+03 2.193400354588517231e+00
1.574099670410156250e+03 3.998314084034524967e+03 2.192481988987296404e+00
1.574120544433593750e+03 3.997710418551371731e+03 2.193586329253243594e+00
1.574141357421875000e+03 3.998170192209199286e+03 2.191871634448937289e+00
1.574162170410156250e+03 4.002028700022151497e+03 2.193473615923761777e+00
1.574183044433593750e+03 4.000341702124237145e+03 2.191494700232852644e+00
1.574203857421875000e+03 3.995930720902814755e+03 2.191950276618344517e+00
1.574224670410156250e+03 3.997635981020652707e+03 2.193591111561514317e+00
1.574245544433593750e+03 3.996834871554168785e+03 2.193627087228147143e+00
1.574266357421875000e+03 3.997225108691269270e+03 2.192890174797996306e+00
1.574287170410156250e+03 3.996489740816599806e+03 2.190948710556415158e+00
1.574308044433593750e+03 4.000263721960857310e+03 2.194227934939474434e+00
1.574328857421875000e+03 3.997194940022190622e+03 2.192587576566625174e+00
1.574349670410156250e+03 3.997936735126394979e+03 2.195349207669641700e+00
1.574370544433593750e+03 3.997723498408128762e+03 2.193606110551644228e+00
1.574391357421875000e+03 3.999820174183046220e+03 2.191287005166979718e+00
1.574412170410156250e+03 4.000293023718296354e+03 2.193000308884347938e+00
1.574433044433593750e+03 3.997125337665563166e+03 2.192252201531203593e+00
1.574453857421875000e+03 4.000375403661875680e+03 2.193028684095385206e+00
1.574474670410156250e+03 3.994073034191179431e+03 2.192685112788704593e+00
1.574495544433593750e+03 3.999744588476591161e+03 2.193866511454278800e+00
1.574516357421875000e+03 4.001140083329572462e+03 2.191823990932338262e+00
1.574537170410156250e+03 4.000636131169506825e+03 2.192476769284021021e+00
1.574558044433593750e+03 3.999980401808486477e+03 2.196679392282366639e+00
1.574578918457031250e+03 4.000753010483752405e+03 2.196019394849725082e+00
1.574599731445312500e+03 3.999387713080105186e+03 2.196334546654132858e+00
1.574620544433593750e+03 4.001204094473636360e+03 2.192513415688125633e+00
1.574641418457031250e+03 3.998166300119168227e+03 2.192813197246308743e+00
1.574662231445312500e+03 3.998912483393285584e+03 2.194235758241156020e+00
1.574683044433593750e+03 4.002578054338155653e+03 2.194061031191646194e+00
1.574703918457031250e+03 4.001216985275303614e+03 2.194072006372336237e+00
1.574724731445312500e+03 4.000486933089212016e+03 2.191468481040408367e+00
1.574745544433593750e+03 3.996465877427522173e+03 2.193010310916344352e+00
1.574766418457031250e+03 4.000834109523013922e+03 2.194858273251520053e+00
1.574787231445312500e+03 3.998983982833130085e+03 2.192170416180147186e+00
1.574808044433593750e+03 3.998616871602466745e+03 2.192298856967105358e+00
1.574828918457031250e+03 4.001670856804424147e+03 2.197482302684500066e+00
1.574849731445312500e+03 4.000487493263423403e+03 2.195452159634023737e+00
1.574870544433593750e+03 3.998448696601055872e+03 2.193303611094057359e+00
1.574891418457031250e+03 4.000435824259514447e+03 2.195692036357596688e+00
1.574912231445312500e+03 3.998579975799459135e+03 2.191854230544664439e+00
1.574933044433593750e+03 3.999039174602440198e+03 2.192555933448738781e+00
1.574953918457031250e+03 3.998885224019808447e+03 2.193773048910144574e+00
1.574974731445312500e+03 4.000244732487179135e+03 2.192804825231009058e+00
1.574995544433593750e+03 3.999536933356563168e+03 2.195218990411443638e+00
1.575016418457031250e+03 3.998891499983702943e+03 2.193792611167470596e+00
1.575037231445312500e+03 3.999732295996115681e+03 2.194337349973121132e+00
1.575058044433593750e+03 3.998895083912590508e+03 2.194888796933024633e+00
1.575078918457031250e+03 3.998577650989086578e+03 2.192411848186067935e+00
1.575099731445312500e+03 4.001170820165639270e+03 2.194732480789275186e+00
1.575120544433593750e+03 3.999139763994866826e+03 2.192491775897444484e+00
1.575141418457031250e+03 3.991848486960356240e+03 2.191780588745241953e+00
1.575162231445312500e+03 4.002138241410051705e+03 2.193246867418633617e+00
1.575183044433593750e+03 4.000776104163405762e+03 2.197031454535696593e+00
1.575203918457031250e+03 3.999413665490694711e+03 2.193019660600653786e+00
1.575224731445312500e+03 3.998081449636823891e+03 2.193395354467533309e+00
1.575245544433593750e+03 3.998631923684079084e+03 2.193424920234742448e+00
1.575266418457031250e+03 4.001275952051027161e+03 2.194282806119950191e+00
1.575287231445312500e+03 4.004296967654793207e+03 2.195246685304041101e+00
1.575308044433593750e+03 3.997339314577845016e+03 2.198796016521707308e+00
1.575328918457031250e+03 3.997839777757898901e+03 2.194350714096887422e+00
1.575349731445312500e+03 3.998135762908609195e+03 2.193941387294238599e+00
1.575370544433593750e+03 3.998191154564682620e+03 2.194082220847614284e+00
1.575391418457031250e+03 4.001129051400223034e+03 2.195894428925730502e+00
1.575412231445312500e+03 3.999387163086877081e+03 2.195033045456991072e+00
1.575433044433593750e+03 3.999701609839792127e+03 2.195443146100023224e+00
1.575453918457031250e+03 3.999502465135391958e+03 2.195020663049019660e+00
1.575474731445312500e+03 4.000936347754578946e+03 2.193890854533106616e+00
1.575495544433593750e+03 4.000595181944978322e+03 2.195553043531781601e+00
1.575516418457031250e+03 3.998899716543448903e+03 2.196017223478219371e+00
1.575537231445312500e+03 4.000277498689438744e+03 2.193644477066955645e+00
1.575558044433593750e+03 3.998148943762766521e+03 2.195089308501169345e+00
1.575578918457031250e+03 4.001582501787332149e+03 2.194394608694943294e+00
1.575599731445312500e+03 4.002639750336930774e+03 2.195086267292407189e+00
1.575620544433593750e+03 4.003291030427992609e+03 2.193730337375434658e+00
1.575641418457031250e+03 3.999302377851883648e+03 2.194292259036249249e+00
1.575662231445312500e+03 4.001749619081926994e+03 2.199553496393323204e+00
1.575683044433593750e+03 4.001475766260821729e+03 2.195005890962173023e+00
1.575703918457031250e+03 3.999738838084055260e+03 2.195396666084254100e+00
1.575724731445312500e+03 4.000924662242128761e+03 2.194117319160873603e+00
1.575766418457031250e+03 3.997802141123355796e+03 2.194708798845750319e+00
1.575787231445312500e+03 4.000805096305505685e+03 2.195064544250139527e+00
1.575808044433593750e+03 4.000529834503714483e+03 2.194927249649997858e+00
1.575828918457031250e+03 4.000846669370620020e+03 2.197840202652705077e+00
1.575849731445312500e+03 3.996710992669730331e+03 2.193823584384823722e+00
1.575870544433593750e+03 4.001071069167070618e+03 2.197519299592729514e+00
1.575891418457031250e+03 3.998439638608167115e+03 2.198178521297331045e+00
1.575912231445312500e+03 4.001662107852668214e+03 2.195438367826026749e+00
1.575933044433593750e+03 4.001040463231846388e+03 2.194223154019159683e+00
1.575953918457031250e+03 4.000134853980148364e+03 2.196036548609141104e+00
1.575974731445312500e+03 3.999749544951427197e+03 2.193481659304077347e+00
1.575995544433593750e+03 3.999968624835560149e+03 2.195758814937666337e+00
1.576016418457031250e+03 3.997516399386403918e+03 2.195785960121344527e+00
1.576037231445312500e+03 4.000505495526531831e+03 2.195335415214866526e+00
1.576058044433593750e+03 3.998267776573345600e+03 2.198512124731531348e+00
1.576078918457031250e+03 3.997759388559878516e+03 2.193826192635796257e+00
1.576099731445312500e+03 4.001597334843192129e+03 2.195145135656287216e+00
1.576120544433593750e+03 3.998611331909721684e+03 2.195545442107859291e+00
1.576141418457031250e+03 3.999436976377302926e+03 2.192961170059764875e+00
1.576162292480468750e+03 3.998199267302099088e+03 2.195182063344461643e+00
1.576183105468750000e+03 3.999925304064340253e+03 2.194333547158800357e+00
1.576203918457031250e+03 3.998389623167216541e+03 2.197118050599804473e+00
1.576224792480468750e+03 3.998405578461768073e+03 2.200700331971928936e+00
1.576245605468750000e+03 4.000406650069137413e+03 2.193186752306598208e+00
1.576266418457031250e+03 3.995270740967826896e+03 2.195691602018720712e+00
1.576287292480468750e+03 3.996416586275381178e+03 2.196980992849204117e+00
1.576308105468750000e+03 3.997267717207589612e+03 2.193982790689080087e+00
1.576328918457031250e+03 3.995179067253193352e+03 2.194192403759984256e+00
1.576349792480468750e+03 3.996289414530406248e+03 2.194627756866967427e+00
1.576370605468750000e+03 3.998549632240009032e+03 2.196301980529761888e+00
1.576391418457031250e+03 3.997018205683044016e+03 2.196394901261240928e+00
1.576412292480468750e+03 3.998851218920149677e+03 2.195741659008515700e+00
1.576433105468750000e+03 3.998708938397579459e+03 2.194500647467628518e+00
1.576453918457031250e+03 4.001792402467841384e+03 2.198013978464178564e+00
1.576474792480468750e+03 3.999591823681904316e+03 2.196659095974940801e+00
1.576495605468750000e+03 4.000708428124464717e+03 2.196431156648716243e+00
1.576516418457031250e+03 4.001632767402125864e+03 2.195665107184821885e+00
1.576537292480468750e+03 4.000241734307166098e+03 2.197284722139232649e+00
1.576558105468750000e+03 3.998721136384404417e+03 2.195239300033511309e+00
1.576578918457031250e+03 4.001826836587674279e+03 2.200636628544643258e+00
1.576599792480468750e+03 4.000575047981705211e+03 2.195576173416984300e+00
1.576620605468750000e+03 4.002373253479130653e+03 2.202541301049950828e+00
1.576641418457031250e+03 3.999832487687471257e+03 2.195366149464002881e+00
1.576662292480468750e+03 3.999915957400367461e+03 2.197989681049592470e+00
1.576683105468750000e+03 3.999040122353127572e+03 2.195710930015537521e+00
1.576703918457031250e+03 3.999859266995282724e+03 2.195877056904996127e+00
1.576724792480468750e+03 4.000309375721825745e+03 2.197059669167037210e+00
1.576745605468750000e+03 4.002460128985736901e+03 2.196954296520470695e+00
1.576766418457031250e+03 3.999587998212638013e+03 2.199400438626106791e+00
1.576787292480468750e+03 4.000669334429869195e+03 2.195136989759088664e+00
1.576808105468750000e+03 4.000174442346255091e+03 2.196128177814007376e+00
1.576828918457031250e+03 4.001056792106518060e+03 2.194709016112448730e+00
1.576849792480468750e+03 3.998995184309186243e+03 2.198302489732645082e+00
1.576870605468750000e+03 3.999826734929659779e+03 2.195208564008406249e+00
1.576891418457031250e+03 4.002018126489877886e+03 2.198080035702356216e+00
1.576912292480468750e+03 3.998136739359250896e+03 2.195320645245954605e+00
1.576933105468750000e+03 3.999552475132043583e+03 2.194738129655488645e+00
1.576953918457031250e+03 3.997514357771224240e+03 2.194836873833788893e+00
1.576974792480468750e+03 4.000480283842645804e+03 2.195817013799934436e+00
1.576995605468750000e+03 4.002701724891026061e+03 2.196784018400200988e+00
1.577016418457031250e+03 3.999832263160044931e+03 2.196569659744731062e+00
1.577037292480468750e+03 3.999777384461428937e+03 2.197878603733720571e+00
1.577058105468750000e+03 4.000696718661720752e+03 2.194774412411105047e+00
1.577078918457031250e+03 4.000556741214286376e+03 2.198025910131936378e+00
1.577099792480468750e+03 4.001791268544485774e+03 2.198304225024206637e+00
1.577120605468750000e+03 3.997262344975689302e+03 2.204218383451558072e+00
1.577141418457031250e+03 4.004183062400343260e+03 2.198211385001873630e+00
1.577162292480468750e+03 4.001871365371158390e+03 2.198261926902155494e+00
1.577183105468750000e+03 3.997694331106376467e+03 2.195756208982378777e+00
1.577203918457031250e+03 3.999540654246085523e+03 2.197426751904730136e+00
1.577224792480468750e+03 3.999997177398091935e+03 2.196822655001275937e+00
1.577245605468750000e+03 4.001539671278174865e+03 2.198608639040234625e+00
1.577266418457031250e+03 4.000179290722373480e+03 2.198572419560364199e+00
1.577287292480468750e+03 4.001923417835166219e+03 2.195745025055817479e+00
1.577308105468750000e+03 4.000232792640103071e+03 2.197297308799343263e+00
1.577328918457031250e+03 4.002386284462492767e+03 2.202220433447545922e+00
1.577349792480468750e+03 4.000865010411619096e+03 2.195383525527536239e+00
1.577370605468750000e+03 4.000353996468745663e+03 2.197578428255460459e+00
1.577391418457031250e+03 4.002232265139100946e+03 2.197386932415297700e+00
1.577412292480468750e+03 3.997706825207819747e+03 2.196048056752383015e+00
1.577433105468750000e+03 4.005244944330570434e+03 2.197930780398596795e+00
1.577453918457031250e+03 3.999546280359189950e+03 2.195753060115613220e+00
1.577474792480468750e+03 3.997857554330458242e+03 2.203321732198594063e+00
1.577495605468750000e+03 4.000856370510840406e+03 2.197324760488958972e+00
1.577516418457031250e+03 3.997352076296024734e+03 2.195781725494782677e+00
1.577537292480468750e+03 3.999810125012191293e+03 2.199049948249525155e+00
1.577558105468750000e+03 3.998844059813315198e+03 2.195610053372348602e+00
1.577578918457031250e+03 3.996816835318387803e+03 2.197533837796751488e+00
1.577599792480468750e+03 3.998191155297563910e+03 2.197246527694786788e+00
1.577620605468750000e+03 4.000126950390299498e+03 2.196225122561652920e+00
1.577641418457031250e+03 4.001770943473201896e+03 2.198904011566057193e+00
1.577662292480468750e+03 4.000520294396388181e+03 2.202722066191059369e+00
1.577683105468750000e+03 3.999814732047703274e+03 2.198339255929661284e+00
1.577703918457031250e+03 4.002482447978860364e+03 2.195935252633498092e+00
1.577724792480468750e+03 3.997715287173763954e+03 2.196528630741080068e+00
1.577745605468750000e+03 4.001850215089968515e+03 2.195969561332883568e+00
1.577766418457031250e+03 3.997159849658462463e+03 2.197254882786241037e+00
1.577787292480468750e+03 3.998217367823683617e+03 2.199265040830257867e+00
1.577808105468750000e+03 4.000437999322010455e+03 2.196500734922623543e+00
1.577828918457031250e+03 3.998960184682736326e+03 2.196714883235591831e+00
1.577849792480468750e+03 3.999029644872416156e+03 2.195830368918264330e+00
1.577870605468750000e+03 4.001485762267162499e+03 2.197324000960657830e+00
1.577891479492187500e+03 3.997452883935557566e+03 2.197194117760054688e+00
1.577912292480468750e+03 4.000461905967628354e+03 2.198236981474288587e+00
1.577933166503906250e+03 4.000711323922037536e+03 2.198900216649396278e+00
1.577953979492187500e+03 3.999746902617001069e+03 2.197409608997734409e+00
1.577974792480468750e+03 3.997458422188397435e+03 2.200072751142799099e+00
1.577995666503906250e+03 3.996421828401672428e+03 2.194743887138783212e+00
1.578016479492187500e+03 4.000769955060679877e+03 2.197127599831517841e+00
1.578037292480468750e+03 4.000280323652379593e+03 2.197013114831020353e+00
1.578058166503906250e+03 3.999728976540831354e+03 2.201254084083455353e+00
1.578078979492187500e+03 3.999468760738851870e+03 2.196428551491129255e+00
1.578099792480468750e+03 4.000336421495677769e+03 2.197665219741237852e+00
1.578120666503906250e+03 3.997590718524621934e+03 2.197170028302375844e+00
1.578141479492187500e+03 3.999391697998358268e+03 2.198583589104314395e+00
1.578162292480468750e+03 3.999909057622928685e+03 2.197541215356034527e+00
1.578183166503906250e+03 3.998652877285374871e+03 2.200738683146038710e+00
1.578203979492187500e+03 4.001496271416990112e+03 2.198680425587375975e+00
1.578224792480468750e+03 3.998655442831089658e+03 2.195668907692931882e+00
1.578245666503906250e+03 4.000210032289188803e+03 2.198851857995031800e+00
1.578266479492187500e+03 3.998613404580632505e+03 2.196999766902364204e+00
1.578287292480468750e+03 4.000178002111073965e+03 2.196641404388221197e+00
1.578308166503906250e+03 3.998020391046625718e+03 2.198277436308074595e+00
1.578328979492187500e+03 4.001801499904749107e+03 2.196332267041144704e+00
1.578349792480468750e+03 3.999621991825980786e+03 2.203473110968894755e+00
1.578370666503906250e+03 4.003793411531159109e+03 2.198194465136143361e+00
1.578391479492187500e+03 3.999863510092996421e+03 2.198501822392131544e+00
1.578412292480468750e+03 3.998152065355655850e+03 2.200209399574853730e+00
1.578433166503906250e+03 3.999124041032657715e+03 2.195155127915568105e+00
1.578453979492187500e+03 3.997960503333463748e+03 2.195491797025086456e+00
1.578474792480468750e+03 3.999287758206058697e+03 2.198591939114666882e+00
1.578495666503906250e+03 4.001056330372346565e+03 2.199291492295806894e+00
1.578516479492187500e+03 4.000790525175504627e+03 2.198374286276901568e+00
1.578537292480468750e+03 4.003218763901044895e+03 2.197224391974229807e+00
1.578558166503906250e+03 4.002642546481643876e+03 2.199444774443408690e+00
1.578578979492187500e+03 3.999074684316152343e+03 2.199040190526767358e+00
1.578599792480468750e+03 3.998004177208907095e+03 2.196789987582389969e+00
1.578620666503906250e+03 4.002195516904891974e+03 2.199700365469228647e+00
1.578641479492187500e+03 4.000385194561086337e+03 2.197986643853883315e+00
1.578662292480468750e+03 4.001504248380333593e+03 2.196912080932055478e+00
1.578683166503906250e+03 4.000537798090124852e+03 2.199425262457885832e+00
1.578703979492187500e+03 4.000096842822360486e+03 2.197645691955786074e+00
1.578724792480468750e+03 3.997890940244507419e+03 2.195982698382817233e+00
1.578745666503906250e+03 3.998577940901753664e+03 2.197029392683045756e+00
1.578766479492187500e+03 4.000864446597378901e+03 2.205068069583749235e+00
1.578787292480468750e+03 3.999687802251228732e+03 2.197241319310012209e+00
1.578808166503906250e+03 4.003076721435073068e+03 2.205001572934928156e+00
1.578828979492187500e+03 3.999390036886632060e+03 2.202816447842843584e+00
1.578849792480468750e+03 3.998475406168427980e+03 2.196803770904749875e+00
1.578891479492187500e+03 4.001317885580422626e+03 2.200385588754111499e+00
1.578912292480468750e+03 4.000310598110329011e+03 2.197746258196673796e+00
1.578933166503906250e+03 3.999144056136010022e+03 2.198552140728740945e+00
1.578953979492187500e+03 3.997988916565456748e+03 2.197508341629114348e+00
1.578974792480468750e+03 3.998058406635184383e+03 2.198591180024127123e+00
1.578995666503906250e+03 3.999344361199667674e+03 2.199239781551855621e+00
1.579016479492187500e+03 3.999211560317839940e+03 2.197947702294179795e+00
1.579037292480468750e+03 3.999063775757128951e+03 2.198057366036475280e+00
1.579058166503906250e+03 4.000137341492357336e+03 2.201529066862113915e+00
1.579078979492187500e+03 3.998866566021863946e+03 2.198000636613526293e+00
1.579099792480468750e+03 4.000263890860526317e+03 2.197322373399128725e+00
1.579120666503906250e+03 3.999916954058629926e+03 2.201737853214997376e+00
1.579141479492187500e+03 3.996810386819429368e+03 2.198723583138646465e+00
1.579162292480468750e+03 3.996261519545664669e+03 2.201653712963930420e+00
1.579183166503906250e+03 3.996285760179330282e+03 2.197572461214883255e+00
1.579203979492187500e+03 4.001305139383328878e+03 2.198864977824774414e+00
1.579224792480468750e+03 4.001328652978515038e+03 2.199491710899569963e+00
1.579245666503906250e+03 4.000666264938921358e+03 2.198251731848449353e+00
1.579266479492187500e+03 3.998546528831406704e+03 2.197972542533116247e+00
1.579287292480468750e+03 3.999573130922010023e+03 2.199637391811783083e+00
1.579308166503906250e+03 4.000715990868786776e+03 2.197976555995160286e+00
1.579328979492187500e+03 4.001788396759660827e+03 2.199530841913799772e+00
1.579349792480468750e+03 3.998339618880291255e+03 2.198138715426271705e+00
1.579370666503906250e+03 4.000702421653974397e+03 2.199533985372269296e+00
1.579391479492187500e+03 3.996169318606158413e+03 2.201095078760990198e+00
1.579412292480468750e+03 3.998957696985934945e+03 2.201272496764311803e+00
1.579433166503906250e+03 4.000676575093483279e+03 2.198633471811884732e+00
1.579453979492187500e+03 4.001505631530560549e+03 2.198288173524995948e+00
1.579474792480468750e+03 4.001188368975692811e+03 2.198447924103251516e+00
1.579495666503906250e+03 3.996560804225716765e+03 2.202332049579264428e+00
1.579516479492187500e+03 4.000455599812753917e+03 2.198275592538276868e+00
1.579537292480468750e+03 3.998401492348166357e+03 2.197837165250431823e+00
1.579558166503906250e+03 3.998697312442677230e+03 2.202419303255743532e+00
1.579578979492187500e+03 3.999677002275777340e+03 2.201932652087114306e+00
1.579599792480468750e+03 3.999248301615059972e+03 2.200603042662008679e+00
1.579620666503906250e+03 3.999375748696410938e+03 2.201723775919499637e+00
1.579641479492187500e+03 3.998842946075774307e+03 2.198167349695110406e+00
1.579662292480468750e+03 3.999971246684553989e+03 2.199286180346696984e+00
1.579683166503906250e+03 3.998987976031859034e+03 2.197900082011876144e+00
1.579703979492187500e+03 3.996942337087612941e+03 2.198993678119864903e+00
1.579724792480468750e+03 4.000281136734188294e+03 2.198077432499017991e+00
1.579745666503906250e+03 4.000053663650123781e+03 2.200566964352507426e+00
1.579766479492187500e+03 3.999453720379337483e+03 2.199199669655240275e+00
1.579787292480468750e+03 3.999640460566843558e+03 2.197076597771923545e+00
1.579808166503906250e+03 3.998066364288798468e+03 2.205330900937406913e+00
1.579828979492187500e+03 4.002177053470924875e+03 2.201285602166862976e+00
1.579849792480468750e+03 4.000770507812500000e+03 2.199706109964429501e+00
1.579870666503906250e+03 3.999586258591289607e+03 2.197624645148287037e+00
1.579891479492187500e+03 3.998054890279617211e+03 2.199150558688297785e+00
1.579912292480468750e+03 4.001732873865993497e+03 2.199876270282768331e+00
1.579933166503906250e+03 3.999642192616732245e+03 2.198184269769553278e+00
1.579954040527343750e+03 3.997259109238736983e+03 2.198603650764065165e+00
1.579974853515625000e+03 3.999646035731329448e+03 2.199571814916673862e+00
1.579995666503906250e+03 4.000393419014194478e+03 2.202448314878674651e+00
1.580016540527343750e+03 3.995439740426621483e+03 2.198788643172638224e+00
1.580037353515625000e+03 3.998799836167080230e+03 2.199374422082502445e+00
1.580058166503906250e+03 3.999532459195355841e+03 2.197673356267297429e+00
1.580079040527343750e+03 3.999237094324302689e+03 2.199861747559155756e+00
1.580099853515625000e+03 3.999363034864783458e+03 2.198885687479356754e+00
1.580120666503906250e+03 3.997211136664942387e+03 2.204654676597219698e+00
1.580141540527343750e+03 3.999191462758288253e+03 2.202117473105475565e+00
1.580162353515625000e+03 3.998814223760228742e+03 2.200262496200182660e+00
1.580183166503906250e+03 3.999471595334530775e+03 2.200067332711236556e+00
1.580204040527343750e+03 4.000656843656780893e+03 2.198578167002687600e+00
1.580224853515625000e+03 3.999777460471072118e+03 2.198720655391852574e+00
1.580245666503906250e+03 3.999968426973333862e+03 2.199173217085256482e+00
1.580266540527343750e+03 3.999936249482310359e+03 2.198845352265299979e+00
1.580287353515625000e+03 3.999615793237130674e+03 2.200834774819474760e+00
1.580308166503906250e+03 4.000936724108760245e+03 2.201033553183592506e+00
1.580329040527343750e+03 3.999574108536187850e+03 2.199460275508525520e+00
1.580349853515625000e+03 3.997717379651021929e+03 2.199104048615750262e+00
1.580370666503906250e+03 4.001569538197033125e+03 2.199244985203751224e+00
1.580391540527343750e+03 3.996951936769772146e+03 2.200660246697073053e+00
1.580412353515625000e+03 3.997630861952321084e+03 2.207227417996582286e+00
1.580433166503906250e+03 3.993060684472030516e+03 2.200506940869300099e+00
1.580454040527343750e+03 3.998660371792866954e+03 2.200858824164741545e+00
1.580474853515625000e+03 3.999332011260101353e+03 2.198976764273432138e+00
1.580495666503906250e+03 3.999692882341485529e+03 2.201812461378531260e+00
1.580516540527343750e+03 4.001840221044278678e+03 2.200674764151218543e+00
1.580537353515625000e+03 4.000905489879983179e+03 2.200603909400907110e+00
1.580558166503906250e+03 3.999768217263163478e+03 2.200944944664581904e+00
1.580579040527343750e+03 3.997380614958519800e+03 2.201697353675708513e+00
1.580599853515625000e+03 4.002505195736116093e+03 2.202193475842098458e+00
1.580620666503906250e+03 4.000389081450650792e+03 2.205983357080535168e+00
1.580641540527343750e+03 3.999880296703663134e+03 2.199706977056741675e+00
1.580662353515625000e+03 4.002680196632496973e+03 2.201953657717637736e+00
1.580683166503906250e+03 3.999950432999654367e+03 2.199841697372734828e+00
1.580704040527343750e+03 3.999675064551845935e+03 2.199673160203294842e+00
1.580724853515625000e+03 4.000515890978015705e+03 2.200089439828164739e+00
1.580745666503906250e+03 3.997917828995773107e+03 2.204596494747027347e+00
1.580766540527343750e+03 4.001700776187725296e+03 2.206851702113132419e+00
1.580787353515625000e+03 4.001893192908965375e+03 2.200439222880306467e+00
1.580808166503906250e+03 4.001765234656741995e+03 2.204332061600309700e+00
1.580829040527343750e+03 3.998751018535491312e+03 2.201817550667680035e+00
1.580849853515625000e+03 3.998771377538555043e+03 2.200608243090278915e+00
1.580870666503906250e+03 4.000182526199837412e+03 2.201374521887180968e+00
1.580891540527343750e+03 3.996166725502869667e+03 2.199702749978492022e+00
1.580912353515625000e+03 4.002017368285836710e+03 2.201042652144951095e+00
1.580933166503906250e+03 3.998988387394433175e+03 2.200582024139204673e+00
1.580954040527343750e+03 3.999423316858178168e+03 2.200255886281958784e+00
1.580974853515625000e+03 4.000423081345846185e+03 2.204652297443864928e+00
1.580995666503906250e+03 3.997265465896616206e+03 2.202353267912986468e+00
1.581016540527343750e+03 3.998441167202254292e+03 2.200732724674139273e+00
1.581037353515625000e+03 4.000259732979470300e+03 2.200047717877387399e+00
1.581058166503906250e+03 3.998385803836639298e+03 2.200371069392064616e+00
1.581079040527343750e+03 3.999564312599724872e+03 2.209993410230107092e+00
1.581099853515625000e+03 4.000152385340234105e+03 2.200712465749007585e+00
1.581120666503906250e+03 4.003228076547694855e+03 2.201915219427151627e+00
1.581141540527343750e+03 3.998879363388619367e+03 2.200709107299547718e+00
1.581162353515625000e+03 3.999618200601796616e+03 2.199842239272068234e+00
1.581183166503906250e+03 4.001782394425196799e+03 2.204344067228079851e+00
1.581204040527343750e+03 4.000242557685341581e+03 2.205136077903201208e+00
1.581224853515625000e+03 3.998391062203799720e+03 2.204637265461037554e+00
1.581245666503906250e+03 4.001860757858612487e+03 2.203016562532492895e+00
1.581266540527343750e+03 4.000743418639526681e+03 2.203562699795476920e+00
1.581287353515625000e+03 4.000961933507438971e+03 2.206893187399059375e+00
1.581308166503906250e+03 3.995528341916196496e+03 2.199957660787823510e+00
1.581329040527343750e+03 4.001864538815356809e+03 2.206347442290605088e+00
1.581349853515625000e+03 3.996699077577554817e+03 2.206497208791247111e+00
1.581370666503906250e+03 3.996205713834636754e+03 2.200935845299287763e+00
1.581391540527343750e+03 4.000314893594714704e+03 2.200741499872593820e+00
1.581412353515625000e+03 4.003322090120792382e+03 2.201210976145886455e+00
1.585329040527343750e+03 4.003153443086358493e+03 2.476382468626445732e+00
1.585349914550781250e+03 4.000230717391928920e+03 2.458121780948194779e+00
1.585370727539062500e+03 4.001583612822886607e+03 2.450258949763970850e+00
1.585391540527343750e+03 3.995654471912803274e+03 2.431072956297600118e+00
1.585412414550781250e+03 4.000228396581504967e+03 2.419764232657882541e+00
1.585433227539062500e+03 3.999057967844944869e+03 2.411123715302805781e+00
1.585454040527343750e+03 4.001915465080866852e+03 2.401763200780987262e+00
1.585474914550781250e+03 3.997819170994865999e+03 2.393934464879406754e+00
1.585495727539062500e+03 3.998618981947858629e+03 2.388185041322271385e+00
1.585516540527343750e+03 3.998874351897292399e+03 2.383783861628902656e+00
1.585537414550781250e+03 4.002116345785979320e+03 2.376724018976105413e+00
1.585558227539062500e+03 3.998347209430028670e+03 2.371972111459214272e+00
1.585579040527343750e+03 3.996847482616984053e+03 2.369470584343080333e+00
1.585599914550781250e+03 4.001736314883824889e+03 2.367817609161467107e+00
1.585620727539062500e+03 4.000450788459942487e+03 2.364138814900810015e+00
1.585641540527343750e+03 3.996361971556424578e+03 2.359164500161966771e+00
1.585662414550781250e+03 3.996171199505370168e+03 2.358453532773894246e+00
1.585683227539062500e+03 3.997722569941036454e+03 2.356107761127121503e+00
1.585704040527343750e+03 3.997301507783657144e+03 2.358349305582944311e+00
1.585724914550781250e+03 3.998307925003851778e+03 2.353660078878583306e+00
1.585745727539062500e+03 3.997106387268710932e+03 2.345069412147650745e+00
1.585766540527343750e+03 4.001158296213623544e+03 2.340941717622456064e+00
1.585787414550781250e+03 3.999538014446147827e+03 2.346991268686210219e+00
1.585808227539062500e+03 3.999659235974540024e+03 2.337904698226752398e+00
1.585829040527343750e+03 4.000897278940511569e+03 2.329925046050804749e+00
1.585849914550781250e+03 3.997814384011751827e+03 2.327020165369570126e+00
1.585870727539062500e+03 4.001165779716952784e+03 2.328241537364848845e+00
1.585891540527343750e+03 3.999159227616740282e+03 2.326199035742199772e+00
1.585912414550781250e+03 4.000437128030897838e+03 2.326805611353759851e+00
1.585954040527343750e+03 4.000724178533710074e+03 2.325760632860205845e+00
1.585974914550781250e+03 3.998975043164924500e+03 2.322792243761422348e+00
1.585995727539062500e+03 4.000913934457269534e+03 2.320854663123067763e+00
1.586016540527343750e+03 4.002252893634084103e+03 2.317759023962145726e+00
1.586037414550781250e+03 4.000055393811008798e+03 2.315701202085996613e+00
1.586058227539062500e+03 3.997139890835355800e+03 2.312683819862342727e+00
1.586079040527343750e+03 4.000373592882016965e+03 2.311584703917160866e+00
1.586099914550781250e+03 3.997679380020952522e+03 2.302159257790385993e+00
1.586120727539062500e+03 4.003391890743503609e+03 2.304191096235551406e+00
1.586141540527343750e+03 3.997543757396594629e+03 2.293938141052806579e+00
1.586162414550781250e+03 3.995091972524593075e+03 2.290474622091631218e+00
1.586183227539062500e+03 3.995654184879369495e+03 2.289516677325844185e+00
1.586204040527343750e+03 3.998703518198262827e+03 2.286236786300992030e+00
1.586224914550781250e+03 3.996705489807793128e+03 2.289474710578480732e+00
1.586245727539062500e+03 3.997244537161800508e+03 2.286230842088758042e+00
1.586266540527343750e+03 3.998488804919722497e+03 2.281147471174935326e+00
1.586287414550781250e+03 3.997163254326181232e+03 2.278907513806107232e+00
1.586308227539062500e+03 3.997295880310821303e+03 2.286507596562001865e+00
1.586329040527343750e+03 3.998032085870769151e+03 2.278043714624670368e+00
1.586349914550781250e+03 4.001337243211632085e+03 2.275408752107247246e+00
1.586370727539062500e+03 3.999329636682110504e+03 2.272271870156451268e+00
1.586391540527343750e+03 3.994404835608910616e+03 2.270470114774413961e+00
1.586412414550781250e+03 3.997888786812594844e+03 2.268246416682546673e+00
1.586433227539062500e+03 4.001064885991460869e+03 2.264428816094508967e+00
1.586454040527343750e+03 3.996130108608498631e+03 2.263017192760095497e+00
1.586474914550781250e+03 3.995426726377741943e+03 2.260180752539311833e+00
1.586495727539062500e+03 3.994373063173859919e+03 2.259835468818553572e+00
1.586516540527343750e+03 3.997203688575144042e+03 2.263787517605334365e+00
1.586537414550781250e+03 4.001577587277280145e+03 2.260535475835804498e+00
1.586558227539062500e+03 4.001348755674436688e+03 2.259447818917518891e+00
1.586579040527343750e+03 3.997114325264714353e+03 2.258481992307314279e+00
1.586599914550781250e+03 4.002534623674226168e+03 2.257014995026541460e+00
1.586620727539062500e+03 3.998263263416562040e+03 2.256905026865988706e+00
1.586641540527343750e+03 3.998415827717808497e+03 2.262119817668490462e+00
1.586662414550781250e+03 3.999982571051084960e+03 2.254095059689465330e+00
1.586683227539062500e+03 3.999908268837963988e+03 2.253515040992188911e+00
1.586704040527343750e+03 4.000559545847805566e+03 2.251144647839046442e+00
1.586724914550781250e+03 4.000002668246604117e+03 2.250326132980050797e+00
1.586745727539062500e+03 3.997963575851312271e+03 2.249740585631311962e+00
1.586766540527343750e+03 3.995820584957639767e+03 2.247940074196586480e+00
1.586787414550781250e+03 3.997521546127790316e+03 2.251356140040779330e+00
1.586808227539062500e+03 4.000303721992411738e+03 2.244406210486617592e+00
1.586829040527343750e+03 3.999790165617985622e+03 2.243797335749651900e+00
1.586849914550781250e+03 4.003005841622116350e+03 2.244141368683242543e+00
1.586870727539062500e+03 3.999302178627946887e+03 2.245166567292162796e+00
1.586891540527343750e+03 3.999141444535334813e+03 2.238929534818714373e+00
1.586912414550781250e+03 4.000831865573948562e+03 2.237879745395693565e+00
1.586933227539062500e+03 4.000490094243374187e+03 2.238651265023018144e+00
1.586954040527343750e+03 4.003374445247817675e+03 2.239453073897827995e+00
1.586974914550781250e+03 4.002187260685895126e+03 2.237444176856611566e+00
1.586995727539062500e+03 3.999455593453301844e+03 2.235277433820294313e+00
1.587016540527343750e+03 3.998449533584872370e+03 2.233717494871119591e+00
1.587037414550781250e+03 3.999136308450644719e+03 2.233767553600980005e+00
1.587058227539062500e+03 4.001459704761612556e+03 2.234726137966942527e+00
1.587079040527343750e+03 3.998981411863413996e+03 2.229290492341266194e+00
1.587099914550781250e+03 4.002030024268958186e+03 2.231335152676109157e+00
1.587120727539062500e+03 3.997661477524870861e+03 2.228711399636267743e+00
1.587141540527343750e+03 3.999642599146249268e+03 2.224944801931739047e+00
1.587162414550781250e+03 3.998541455629791017e+03 2.223594641745284317e+00
1.587183227539062500e+03 3.999411545102968375e+03 2.223854104189659342e+00
1.587204040527343750e+03 3.998214568776931628e+03 2.221605317264851998e+00
1.587224914550781250e+03 3.999997340878847353e+03 2.222708917674273366e+00
1.587245727539062500e+03 3.999272517620482176e+03 2.222927298218014602e+00
1.587266540527343750e+03 3.999179624836754556e+03 2.225484165276729431e+00
1.587287414550781250e+03 3.999638775340073153e+03 2.221333034425297726e+00
1.587308227539062500e+03 4.002050531089584183e+03 2.220162170604151886e+00
1.587329040527343750e+03 3.998377232654434920e+03 2.216300471850479514e+00
1.587349914550781250e+03 3.998412471854911928e+03 2.215517294865941178e+00
1.587370727539062500e+03 3.999244537459940148e+03 2.217518854415885698e+00
1.587391540527343750e+03 4.000570946668042779e+03 2.215441426364859634e+00
1.587412414550781250e+03 3.996778533943818275e+03 2.213913172045307132e+00
1.587433227539062500e+03 3.998394046853918553e+03 2.218000903405434432e+00
1.587454040527343750e+03 4.003934974531151056e+03 2.216877966922638610e+00
1.587474914550781250e+03 4.002048135043009097e+03 2.215836990179358423e+00
1.587495727539062500e+03 4.003286569569955191e+03 2.213591152460789413e+00
1.587516540527343750e+03 4.003052159333074542e+03 2.215484149797820379e+00
1.587537414550781250e+03 3.999930773593359845e+03 2.213629495710835116e+00
1.587558227539062500e+03 4.001726123962034308e+03 2.212778787236238109e+00
1.587579040527343750e+03 4.000641365018240776e+03 2.212465007957863161e+00
1.587599914550781250e+03 4.001552616700378167e+03 2.215537526027451243e+00
1.587620727539062500e+03 4.001173768717821986e+03 2.222044205158059782e+00
1.587641540527343750e+03 3.999377910296149821e+03 2.211124910964373136e+00
1.587662414550781250e+03 4.001483104263638324e+03 2.213050614286266704e+00
1.587683227539062500e+03 3.999534555495533823e+03 2.224462971546118162e+00
1.587704040527343750e+03 3.999401821557812127e+03 2.212388064898884732e+00
1.587724914550781250e+03 3.998103106260747154e+03 2.213288260521845796e+00
1.587745727539062500e+03 4.002703307969150956e+03 2.212361770018735019e+00
1.587766540527343750e+03 4.002001936572195518e+03 2.211870407785271109e+00
1.587787414550781250e+03 4.001657156013557596e+03 2.214555778822441034e+00
1.587808227539062500e+03 3.998994115840484938e+03 2.210516252590400743e+00
1.587829040527343750e+03 4.000714326528581296e+03 2.220769903005975099e+00
1.587849914550781250e+03 4.003012013012963962e+03 2.212530094954991533e+00
1.587870727539062500e+03 4.000568941869622449e+03 2.210386713120422897e+00
1.587891540527343750e+03 4.000808382070604239e+03 2.211529008979116195e+00
1.587912414550781250e+03 4.003077762452331626e+03 2.211843460000420425e+00
1.587933227539062500e+03 3.996944457078418054e+03 2.213440142528567467e+00
1.587954040527343750e+03 3.999861737887221807e+03 2.214694763231969343e+00
1.587974914550781250e+03 4.001622916614308451e+03 2.211783850333966406e+00
1.587995727539062500e+03 4.000881100980691372e+03 2.214461036192926446e+00
1.588016540527343750e+03 3.998223485772914046e+03 2.209273827811401247e+00
1.588037414550781250e+03 3.999664343396732420e+03 2.213305495883731489e+00
1.588058227539062500e+03 4.000782265120771626e+03 2.216881946158140604e+00
1.588079040527343750e+03 4.002358573883249846e+03 2.211529008979116195e+00
1.588099914550781250e+03 4.000382452268176166e+03 2.209062300031930715e+00
1.588120727539062500e+03 4.002004630336590253e+03 2.216112422728621301e+00
1.588141540527343750e+03 4.000952535902708405e+03 2.208364222568429458e+00
1.588162414550781250e+03 4.002640909909513994e+03 2.209646434378069735e+00
1.588183227539062500e+03 3.996690516060888967e+03 2.211901666804394928e+00
1.588204040527343750e+03 3.999622466632567921e+03 2.209022258565239039e+00
1.588224914550781250e+03 3.999589372150735471e+03 2.208803906476449974e+00
1.588245727539062500e+03 4.003836678891787415e+03 2.211247183203318478e+00
1.588266540527343750e+03 4.002403885967758924e+03 2.210562953968018274e+00
1.588287414550781250e+03 4.000254267345058906e+03 2.215768341894112758e+00
1.588308227539062500e+03 4.002655989311005669e+03 2.207089907786600858e+00
1.588329040527343750e+03 3.999353715710798497e+03 2.211509495803831715e+00
1.588349914550781250e+03 3.999324498054706055e+03 2.207595402005054108e+00
1.588370727539062500e+03 4.000863377821692211e+03 2.208176145417451330e+00
1.588391540527343750e+03 3.998121133159104374e+03 2.206827610039657994e+00
1.588412414550781250e+03 4.002191743759851306e+03 2.207312101875919641e+00
1.588433227539062500e+03 3.998708344185751230e+03 2.206764191530550701e+00
1.588454040527343750e+03 3.999915172232063014e+03 2.206520980316835523e+00
1.588474914550781250e+03 4.000424117831074909e+03 2.206518170968065018e+00
1.588495727539062500e+03 3.998479136896843102e+03 2.212518672541041731e+00
1.588516540527343750e+03 4.001072523417583398e+03 2.207158285890391092e+00
1.588537414550781250e+03 4.002439475807542749e+03 2.207200737580925942e+00
1.588558227539062500e+03 3.999346161903064967e+03 2.209662403368245709e+00
1.588579040527343750e+03 4.002288455879374396e+03 2.211006621773136782e+00
1.588599914550781250e+03 4.000012331044664734e+03 2.206034153221718253e+00
1.588620727539062500e+03 4.003106058619533997e+03 2.205321819668980776e+00
1.588641540527343750e+03 3.997743137075817685e+03 2.206028209052858458e+00
1.588662414550781250e+03 3.999060312780128243e+03 2.214193797071518865e+00
1.588683227539062500e+03 3.998853168835050383e+03 2.210540735883693486e+00
1.588704040527343750e+03 3.999786940854226941e+03 2.206119531334520545e+00
1.588724914550781250e+03 4.000875992585849872e+03 2.209346562786624002e+00
1.588745727539062500e+03 4.000212873547372510e+03 2.206207715890944332e+00
1.588766540527343750e+03 3.999361152241182936e+03 2.211957177421962406e+00
1.588787414550781250e+03 3.998950779395072004e+03 2.217473052161073266e+00
1.588808227539062500e+03 3.996291744511062461e+03 2.205067853337734807e+00
1.588829040527343750e+03 3.998356161763127602e+03 2.212154633026896633e+00
1.588849914550781250e+03 4.002182321155027239e+03 2.205678663760279878e+00
1.588870727539062500e+03 3.999829659700158572e+03 2.205440089451350172e+00
1.588891540527343750e+03 4.000199325682035578e+03 2.204558102536586794e+00
1.588912414550781250e+03 3.999793677313206445e+03 2.204592493336586134e+00
1.588933227539062500e+03 4.001638392524608207e+03 2.205076503161770507e+00
1.588954040527343750e+03 3.999611294771842040e+03 2.204446815421938322e+00
1.588974914550781250e+03 3.998514396293306163e+03 2.212594533506342387e+00
1.588995727539062500e+03 4.002891497627751960e+03 2.206580191912604239e+00
1.589016540527343750e+03 3.998159641256633677e+03 2.205410684759677054e+00
1.589037414550781250e+03 4.001320954772736059e+03 2.205171865222681049e+00
1.589079040527343750e+03 4.000164229634228832e+03 2.205970711901859893e+00
1.589099914550781250e+03 3.996597696870728669e+03 2.202518460805817924e+00
1.589120727539062500e+03 4.000800169860044207e+03 2.202891344165762266e+00
1.589141540527343750e+03 4.000166856132359953e+03 2.204434377737457762e+00
1.589162414550781250e+03 4.000400929236046522e+03 2.206440480252188419e+00
1.589183227539062500e+03 3.998230993893160303e+03 2.209385411347242201e+00
1.589204040527343750e+03 4.000167431350180777e+03 2.204246073436062936e+00
1.589224914550781250e+03 3.999088240947728991e+03 2.204010481129283328e+00
1.589245727539062500e+03 3.999899912384843446e+03 2.208838447047734910e+00
1.589266540527343750e+03 4.000196606567130402e+03 2.202765902208875470e+00
1.589287414550781250e+03 3.999351227468198886e+03 2.201674504676437660e+00
1.589308227539062500e+03 4.000426473368348070e+03 2.205024711833716289e+00
1.589329040527343750e+03 4.002196022870487468e+03 2.210042496009404722e+00
1.589349914550781250e+03 4.001955406863728513e+03 2.203170018378702633e+00
1.589370727539062500e+03 3.997642956231587050e+03 2.206994304516542549e+00
1.589391540527343750e+03 4.000227654838568014e+03 2.204603632380052414e+00
1.589412414550781250e+03 3.999963485337679685e+03 2.202388559178553695e+00
1.589433227539062500e+03 3.999428017143251509e+03 2.201549318272782330e+00
1.589454040527343750e+03 4.000593370800146204e+03 2.203996634700580604e+00
1.589474914550781250e+03 3.997805921992283402e+03 2.202417571206464864e+00
1.589495727539062500e+03 4.001310309987459277e+03 2.201344521359887452e+00
1.589516540527343750e+03 4.001002771700925223e+03 2.201626315251258958e+00
1.589537414550781250e+03 4.001990410603348209e+03 2.203490964105376815e+00
1.589558227539062500e+03 4.000571075450232001e+03 2.203930105724587030e+00
1.589579040527343750e+03 4.003125877727129591e+03 2.202730184037953176e+00
1.589599914550781250e+03 4.000509812791558488e+03 2.202028475113889883e+00
1.589620727539062500e+03 4.000904269421876506e+03 2.209284511585392075e+00
1.589641540527343750e+03 3.998968834629887169e+03 2.204451574169613348e+00
1.589662414550781250e+03 4.001408894003374371e+03 2.202710917632569210e+00
1.589683227539062500e+03 3.998626617109851850e+03 2.203290459662523126e+00
1.589704040527343750e+03 4.001305218348542894e+03 2.202094303658358232e+00
1.589724914550781250e+03 4.001553179303569323e+03 2.203650012936855251e+00
1.589745727539062500e+03 3.999930334170250717e+03 2.201228847629484786e+00
1.589766540527343750e+03 3.999477524962469488e+03 2.202094845003362167e+00
1.589787414550781250e+03 3.999439454013430350e+03 2.202757351547960152e+00
1.589808227539062500e+03 3.999980129424710412e+03 2.204742379049601020e+00
1.589829040527343750e+03 3.997947506628603605e+03 2.201447951055685248e+00
1.589849914550781250e+03 3.999070482331177118e+03 2.204516897758427518e+00
1.589870727539062500e+03 4.000280187117275091e+03 2.201370514620189844e+00
1.589891540527343750e+03 3.999439592054397963e+03 2.202387043614353335e+00
1.589912414550781250e+03 3.999275093406290580e+03 2.204115840948434268e+00
1.589933227539062500e+03 4.001843000592506087e+03 2.211353276387172162e+00
1.589954040527343750e+03 3.998742477049304398e+03 2.207556737946098746e+00
1.589974914550781250e+03 4.002356734135304578e+03 2.202253128574386487e+00
1.589995727539062500e+03 4.001256057915721158e+03 2.201848952404342530e+00
1.590016540527343750e+03 3.998903601079079635e+03 2.200798266977773920e+00
1.590037414550781250e+03 4.000909529804059730e+03 2.202119097123000468e+00
1.590058227539062500e+03 4.000384787393270926e+03 2.202868182858108259e+00
1.590079040527343750e+03 3.996368646463093683e+03 2.202217293823728994e+00
1.590099914550781250e+03 4.003815530268134353e+03 2.207012129169108050e+00
1.590120727539062500e+03 4.001941668519417362e+03 2.206407090773056634e+00
1.590141540527343750e+03 3.995781069778434357e+03 2.208072706953535747e+00
1.590162414550781250e+03 3.998564746780403311e+03 2.201057708676960267e+00
1.590183227539062500e+03 3.999094048049266348e+03 2.200246567347124316e+00
1.590204040527343750e+03 3.996891969724273622e+03 2.201161151849712727e+00
1.590224914550781250e+03 3.998256253355651097e+03 2.200884064861588829e+00
1.590245727539062500e+03 3.998761120396879960e+03 2.200613768531850756e+00
1.590266540527343750e+03 4.000030226874156597e+03 2.202817638411247003e+00
1.590287414550781250e+03 3.997639071753952521e+03 2.201903850226732740e+00
1.590308227539062500e+03 3.997467642733582124e+03 2.199915394456644524e+00
1.590329040527343750e+03 4.003079855748529553e+03 2.202968835368697142e+00
1.590349914550781250e+03 3.997791956510493947e+03 2.202638612990345912e+00
1.590370727539062500e+03 3.999324726212558744e+03 2.203721527071461406e+00
1.590391540527343750e+03 4.000355498257541512e+03 2.203056063824800681e+00
1.590412414550781250e+03 3.999207471580714810e+03 2.202411942036901937e+00
1.590433227539062500e+03 3.996715420888429890e+03 2.200263688150535746e+00
1.590454040527343750e+03 3.996589929097286586e+03 2.200942019872697220e+00
1.590474914550781250e+03 4.002874422572704589e+03 2.201991553966875514e+00
1.590495727539062500e+03 3.999586875858014082e+03 2.200142864443671353e+00
1.590516540527343750e+03 4.000966397860926463e+03 2.204899066855336098e+00
1.590537414550781250e+03 3.996761624481486706e+03 2.200401516600784646e+00
1.590558227539062500e+03 4.000481921689175124e+03 2.201344954583407620e+00
1.590579040527343750e+03 3.997066173672705645e+03 2.199967414441239111e+00
1.590599914550781250e+03 3.998306829334281701e+03 2.200546053830293225e+00
1.590620727539062500e+03 3.998836478163158972e+03 2.198702112904957318e+00
1.590641540527343750e+03 4.001668305840064022e+03 2.202128191599005635e+00
1.590662414550781250e+03 3.999332724259299539e+03 2.199828149846023706e+00
1.590683227539062500e+03 3.999440252589160991e+03 2.199612570373999709e+00
1.590704040527343750e+03 3.996288415463403453e+03 2.199165086108419320e+00
1.590724914550781250e+03 3.996752641642289291e+03 2.198013544584130230e+00
1.590745727539062500e+03 4.001200278994327618e+03 2.201169492082228452e+00
1.590766540527343750e+03 3.999608098294471802e+03 2.200470210890693501e+00
1.590787414550781250e+03 4.001488400010880923e+03 2.209618812068546934e+00
1.590808227539062500e+03 4.000082537195543409e+03 2.199757376210084381e+00
1.590829040527343750e+03 4.000013774299471152e+03 2.200208424318731648e+00
1.590849914550781250e+03 4.003587730851045308e+03 2.199127466397606590e+00
1.590870727539062500e+03 3.998327741096718910e+03 2.202857467965170457e+00
1.590891540527343750e+03 3.999504536806441138e+03 2.199885590786218259e+00
1.590912414550781250e+03 4.001046743809013606e+03 2.199407809924177837e+00
1.590933227539062500e+03 3.999231521371088547e+03 2.207682879639193629e+00
1.590954040527343750e+03 3.999949618085427119e+03 2.198484470974541694e+00
1.590974914550781250e+03 3.999913081629860699e+03 2.200986866254500018e+00
1.590995727539062500e+03 4.002030524659016010e+03 2.198742125444478113e+00
1.591016540527343750e+03 4.001978078006051874e+03 2.209334152685798802e+00
1.591037414550781250e+03 3.999555785932398067e+03 2.199907266222935309e+00
1.591058227539062500e+03 4.000595982311561784e+03 2.199321520828080079e+00
1.591079040527343750e+03 4.000886528475478826e+03 2.200421561686146887e+00
1.591099914550781250e+03 3.998325530041583079e+03 2.200175048626447083e+00
1.591120727539062500e+03 3.997925381029108394e+03 2.205179217228485200e+00
1.591141540527343750e+03 3.999985071878560120e+03 2.198213554206009945e+00
1.591162414550781250e+03 4.001215048958338684e+03 2.200736516430850997e+00
1.591183227539062500e+03 3.999619983196271733e+03 2.200917213148209317e+00
1.591204040527343750e+03 3.996272920788161628e+03 2.198026127070750846e+00
1.591224914550781250e+03 3.997621995137818431e+03 2.202383038189660081e+00
1.591245727539062500e+03 3.998021544210715092e+03 2.198828220418255874e+00
1.591266540527343750e+03 3.997279732608081304e+03 2.200721241028243291e+00
1.591287414550781250e+03 3.999827293067585742e+03 2.200458075777771860e+00
1.591308227539062500e+03 3.995821890308462116e+03 2.199065668934008677e+00
1.591329040527343750e+03 4.000681553979464297e+03 2.197735301364680094e+00
1.591349914550781250e+03 3.998610532347078333e+03 2.197433912826279645e+00
1.591370727539062500e+03 4.002527260084184945e+03 2.200446590698544203e+00
1.591391540527343750e+03 4.000035564478827382e+03 2.198575455946860213e+00
1.591412414550781250e+03 3.997273326054620156e+03 2.198853050710061208e+00
1.591433227539062500e+03 4.000398628549944533e+03 2.198761426625968074e+00
1.591454040527343750e+03 3.997947558127398679e+03 2.200316241683346608e+00
1.591474914550781250e+03 3.998051638089281823e+03 2.199674135696734201e+00
1.591495727539062500e+03 4.001283219320072476e+03 2.199440763660517995e+00
1.591516540527343750e+03 3.997464056110190995e+03 2.199429706869811874e+00
1.591537414550781250e+03 3.998917467159449188e+03 2.200281350611913656e+00
1.591558227539062500e+03 3.996797805274109123e+03 2.197982738881805620e+00
1.591579040527343750e+03 3.997979892335523346e+03 2.198734751914687813e+00
1.591599914550781250e+03 3.998102271390675469e+03 2.200667180418462987e+00
1.591620727539062500e+03 3.996853807728641641e+03 2.198057149100744123e+00
1.591641540527343750e+03 3.997731447145159109e+03 2.200877673467868334e+00
1.591662414550781250e+03 3.999708699633093602e+03 2.203199669404514172e+00
1.591683227539062500e+03 3.999162773883546379e+03 2.197619003701712703e+00
1.591704040527343750e+03 4.000558334973582987e+03 2.200404875519716086e+00
1.591724914550781250e+03 3.999743831654831411e+03 2.198191645145859852e+00
1.591745727539062500e+03 4.002200137630928111e+03 2.201876455626492479e+00
1.591766540527343750e+03 4.001383232754319124e+03 2.198297500761775769e+00
1.591787414550781250e+03 3.997535211635195083e+03 2.198453238077773708e+00
1.591808227539062500e+03 3.997616758806607777e+03 2.196627620047049589e+00
1.591829040527343750e+03 3.996370100975362675e+03 2.200072100931716346e+00
1.591849914550781250e+03 4.001040049308699508e+03 2.198961042953356593e+00
1.591870727539062500e+03 4.002604233669861514e+03 2.202956389339679966e+00
1.591891540527343750e+03 3.999746802138664407e+03 2.197278211769504885e+00
1.591912414550781250e+03 4.000377161316497677e+03 2.198225050952197002e+00
1.591933227539062500e+03 3.995998647172712481e+03 2.203237760647689836e+00
1.591954040527343750e+03 3.998014952140471905e+03 2.197662399071838468e+00
1.591974914550781250e+03 4.002519537730508091e+03 2.201020012992888297e+00
1.591995727539062500e+03 4.000659419599980993e+03 2.197539804942203912e+00
1.592016540527343750e+03 3.998357545937053146e+03 2.200681914503880066e+00
1.592037414550781250e+03 3.996098953847116718e+03 2.198312033819282085e+00
1.592058227539062500e+03 3.999326383743804399e+03 2.199129309453185410e+00
1.592079040527343750e+03 4.000638262920004763e+03 2.196984031435163409e+00
1.592099914550781250e+03 3.999313621901027545e+03 2.199652891519515485e+00
1.592120727539062500e+03 3.999298920264665867e+03 2.199566395251100204e+00
1.592141540527343750e+03 4.003845452285495867e+03 2.198083181235610084e+00
1.592162414550781250e+03 3.999536284729712406e+03 2.201374521887180968e+00
1.592204040527343750e+03 3.996409068469793965e+03 2.197352862851534638e+00
1.592224914550781250e+03 4.001197455188478671e+03 2.198070273673940811e+00
1.592245727539062500e+03 3.997652420420388353e+03 2.200988816076459020e+00
1.592266540527343750e+03 3.998355798400058120e+03 2.198816076243303108e+00
1.592287414550781250e+03 4.000386781804590555e+03 2.197351886327588488e+00
1.592308227539062500e+03 4.000688126238214863e+03 2.197035795271794267e+00
1.592329040527343750e+03 4.001961858015126836e+03 2.197254665771280813e+00
1.592349914550781250e+03 3.995524395524852935e+03 2.196076609715272632e+00
1.592370727539062500e+03 3.996702672194608567e+03 2.196300460765498119e+00
1.592391540527343750e+03 4.001670197470418316e+03 2.195913537989805153e+00
1.592412414550781250e+03 4.000812484431485245e+03 2.196892980553529551e+00
1.592433227539062500e+03 4.001624800545941980e+03 2.199573332420641236e+00
1.592454040527343750e+03 3.997462965822080605e+03 2.195594742303419888e+00
1.592474914550781250e+03 3.997467575583502366e+03 2.195823202767308135e+00
1.592495727539062500e+03 4.002098204373996850e+03 2.196990542676639624e+00
1.592516540527343750e+03 4.002370942742279112e+03 2.201520727991809867e+00
1.592537414550781250e+03 3.996617768387098749e+03 2.195854907379236387e+00
1.592558227539062500e+03 4.000136783655075305e+03 2.196878872212759237e+00
1.592579040527343750e+03 3.998238665508467875e+03 2.196957118099001516e+00
1.592599914550781250e+03 3.994206083674091133e+03 2.200230638378746661e+00
1.592620727539062500e+03 4.001192625704995862e+03 2.196761335359959322e+00
1.592641540527343750e+03 3.999100944955233899e+03 2.198921901799243628e+00
1.592662414550781250e+03 3.998556266784567924e+03 2.197154945129103254e+00
1.592683227539062500e+03 3.999008789177968993e+03 2.196840779240105679e+00
1.592704040527343750e+03 3.998461813168437857e+03 2.197721740853406214e+00
1.592724914550781250e+03 4.000252563684442976e+03 2.208645336734765152e+00
1.592745727539062500e+03 3.996950925681608624e+03 2.195105057550567729e+00
1.592766540527343750e+03 4.001462462012046217e+03 2.198688016172862802e+00
1.592787414550781250e+03 4.002246431796394063e+03 2.195747631024378421e+00
1.592808227539062500e+03 3.997767977035150579e+03 2.196973830451385279e+00
1.592829040527343750e+03 4.000613733342499017e+03 2.195926675374896497e+00
1.592849914550781250e+03 3.999218954674215183e+03 2.195879988443134145e+00
1.592870727539062500e+03 3.998605568366440366e+03 2.195363977446390891e+00
1.592891540527343750e+03 3.998334845217493694e+03 2.196264746002560386e+00
1.592912414550781250e+03 4.001204650045094695e+03 2.195994641087287036e+00
1.592933227539062500e+03 4.000055241774061415e+03 2.197671403503790533e+00
1.592954040527343750e+03 3.998684602486282529e+03 2.200439222880306467e+00
1.592974914550781250e+03 3.997156882133525869e+03 2.195935035488123965e+00
1.592995727539062500e+03 4.000320136263131644e+03 2.196774684737360595e+00
1.593016540527343750e+03 3.999161382068415151e+03 2.196442554176828210e+00
1.593037414550781250e+03 4.000836837206187283e+03 2.199214955626444645e+00
1.593058227539062500e+03 3.997000389621436170e+03 2.194986339517894791e+00
1.593079040527343750e+03 3.998698132023748713e+03 2.196812127680132232e+00
1.593099914550781250e+03 3.999748427314031687e+03 2.198210517319619584e+00
1.593120727539062500e+03 4.000537524755511186e+03 2.197549786312923192e+00
1.593141540527343750e+03 3.997197492301073453e+03 2.194151873608116254e+00
1.593162414550781250e+03 4.000615646119329540e+03 2.195389064118882683e+00
1.593183227539062500e+03 4.003554502465798123e+03 2.202175179126712123e+00
1.593204040527343750e+03 4.000597479655868938e+03 2.198148260223996342e+00
1.593224914550781250e+03 3.997057443507524567e+03 2.197722391759858951e+00
1.593245727539062500e+03 3.999341644088154226e+03 2.197686917077121826e+00
1.593266540527343750e+03 3.998496300525800962e+03 2.197800607615199464e+00
1.593287414550781250e+03 3.996556014195534772e+03 2.195724937277687694e+00
1.593308227539062500e+03 4.001030041272148992e+03 2.195466277143027778e+00
1.593329040527343750e+03 3.997109204159172805e+03 2.196899926164934680e+00
1.593349914550781250e+03 4.000287622170213581e+03 2.195999418150889060e+00
1.593370727539062500e+03 4.002507468785040146e+03 2.196388496804252188e+00
1.593391540527343750e+03 3.997334843080268001e+03 2.198493905824843164e+00
1.593412414550781250e+03 3.997036187368780247e+03 2.198896638579117102e+00
1.593433227539062500e+03 3.999213666784887664e+03 2.196379704214239226e+00
1.593454040527343750e+03 4.000569042262278344e+03 2.194993942878030069e+00
1.593474914550781250e+03 4.000677910813321887e+03 2.196500517833152699e+00
1.593495727539062500e+03 3.997549382920843527e+03 2.197204860270896010e+00
1.593516540527343750e+03 3.997613362548433543e+03 2.195051184472383454e+00
1.593537414550781250e+03 4.000061862317411851e+03 2.196483367697172451e+00
1.593558227539062500e+03 3.997862762674446003e+03 2.195754580258753474e+00
1.593579040527343750e+03 3.997100173215470022e+03 2.200989682663441638e+00
1.593599914550781250e+03 3.998402889998159026e+03 2.196226099586600089e+00
1.593620727539062500e+03 4.002037361813011557e+03 2.196433327611011510e+00
1.593641540527343750e+03 3.997844163516352637e+03 2.196775661517887723e+00
1.593662414550781250e+03 3.998433866327655778e+03 2.197210285761459936e+00
1.593683227539062500e+03 3.999774585969066720e+03 2.196115258761899725e+00
1.593704040527343750e+03 4.001417582217509789e+03 2.196305779935820546e+00
1.593724914550781250e+03 4.001027706027006388e+03 2.200674005779119202e+00
1.593745727539062500e+03 4.000380936326118444e+03 2.196927274296389676e+00
1.593766540527343750e+03 3.998514290832387815e+03 2.195554780996411548e+00
1.593787414550781250e+03 3.999538129748267693e+03 2.196702293238300463e+00
1.593808227539062500e+03 3.999846494424687080e+03 2.194783645950770801e+00
1.593829040527343750e+03 3.997452061372011485e+03 2.195365172056343628e+00
1.593849914550781250e+03 3.995406941686898335e+03 2.195295340582959831e+00
1.593870727539062500e+03 4.000745080069616051e+03 2.196744404325590150e+00
1.593891540527343750e+03 3.996467006930166917e+03 2.195802681387464705e+00
1.593912414550781250e+03 3.999152517782693849e+03 2.196691222663820664e+00
1.593933227539062500e+03 4.000058011036392600e+03 2.197246310679001002e+00
1.593954040527343750e+03 4.000511589985865157e+03 2.195704197811237268e+00
1.593974914550781250e+03 3.999075721838240042e+03 2.198751233888315504e+00
1.593995727539062500e+03 4.002347026234868736e+03 2.195341062529660103e+00
1.594016540527343750e+03 4.001738723395538273e+03 2.197892380229200526e+00
1.594037414550781250e+03 4.001044597002203773e+03 2.194411231914984217e+00
1.594058227539062500e+03 3.998058890529526707e+03 2.193729359238945520e+00
1.594079040527343750e+03 4.000330725125946628e+03 2.195433155151623961e+00
1.594099914550781250e+03 4.000638374651734466e+03 2.196032314465790947e+00
1.594120727539062500e+03 3.999768671352527235e+03 2.195836775003109143e+00
1.594141540527343750e+03 3.998043634610191930e+03 2.194990901537136274e+00
1.594162414550781250e+03 4.000852372318969628e+03 2.195516122083343014e+00
1.594183227539062500e+03 3.999453946631440886e+03 2.195586923844061733e+00
1.594204040527343750e+03 3.999714467792831329e+03 2.194732154892703679e+00
1.594224914550781250e+03 4.001667197859428597e+03 2.198012785293840476e+00
1.594245727539062500e+03 3.997874179723438829e+03 2.201458023007249576e+00
1.594266540527343750e+03 3.998514456615921517e+03 2.197041004143791554e+00
1.594287414550781250e+03 3.999705868571299561e+03 2.195043038226528243e+00
1.594308227539062500e+03 3.999225321254347818e+03 2.195584752044854593e+00
1.594329040527343750e+03 3.998092788492830550e+03 2.196784452523088849e+00
1.594349914550781250e+03 4.000530172121324995e+03 2.194977758551249547e+00
1.594370727539062500e+03 3.998577018924918775e+03 2.193493398238630654e+00
1.594391540527343750e+03 3.997963259207748706e+03 2.193678821593614714e+00
1.594412414550781250e+03 4.000640005518289854e+03 2.195010452940779899e+00
1.594433227539062500e+03 3.999133088606115052e+03 2.194766047876932635e+00
1.594454040527343750e+03 3.998460730430479543e+03 2.194212940199951944e+00
1.594474914550781250e+03 3.996468350223186917e+03 2.196718030723640247e+00
1.594495727539062500e+03 4.003023689285250384e+03 2.194288238835443661e+00
1.594516540527343750e+03 4.003964547142008541e+03 2.195836014960121485e+00
1.594537414550781250e+03 3.997425794201209555e+03 2.196113304612946848e+00
1.594558227539062500e+03 3.995501004411953090e+03 2.193635673478288250e+00
1.594579040527343750e+03 4.002782383097967340e+03 2.195252875879313503e+00
1.594599914550781250e+03 4.000375945903855154e+03 2.193867163504553464e+00
1.594620727539062500e+03 4.001836012124285389e+03 2.194679467644020665e+00
1.594641540527343750e+03 4.002590105520444467e+03 2.194280850339079603e+00
1.594662414550781250e+03 3.999492180217937857e+03 2.198074286957537371e+00
1.594683227539062500e+03 4.001050511774025381e+03 2.195874233938645670e+00
1.594704040527343750e+03 3.999541390163720735e+03 2.196608300116205115e+00
1.594724914550781250e+03 4.001335949217984762e+03 2.196442119986364627e+00
1.594745727539062500e+03 4.002527019884642868e+03 2.193985942096583042e+00
1.594766540527343750e+03 3.998636142887784445e+03 2.195769998793990041e+00
1.594787414550781250e+03 4.001172011986776397e+03 2.197689086798928493e+00
1.594808227539062500e+03 3.999502943950081772e+03 2.193329808349250509e+00
1.594829040527343750e+03 4.002390415446065163e+03 2.197858860888864285e+00
1.594849914550781250e+03 4.003475792094115150e+03 2.198290342653359986e+00
1.594870727539062500e+03 3.999887904081100714e+03 2.195815819435801952e+00
1.594891540527343750e+03 3.997160284556592160e+03 2.200744641601806162e+00
1.594912414550781250e+03 3.999336798802225076e+03 2.192765465457974461e+00
1.594933227539062500e+03 4.002057322144402860e+03 2.194965375831389398e+00
1.594954040527343750e+03 3.997798805621977408e+03 2.196979256512483047e+00
1.594974914550781250e+03 3.998973866198062751e+03 2.192606714450667571e+00
1.594995727539062500e+03 4.001638901274531690e+03 2.194365490594270884e+00
1.595016540527343750e+03 4.001531967629226983e+03 2.196699905472053072e+00
1.595037414550781250e+03 3.999645525732296392e+03 2.195022835406347905e+00
1.595058227539062500e+03 3.998048225363776965e+03 2.192798627744549478e+00
1.595079040527343750e+03 3.999232130443788719e+03 2.194653069227297859e+00
1.595099914550781250e+03 4.001096647988581935e+03 2.194758878250840706e+00
1.595120727539062500e+03 4.000082866512031160e+03 2.193695993655307319e+00
1.595141540527343750e+03 3.999473923915018986e+03 2.194232172564681171e+00
1.595162414550781250e+03 3.998713369083489397e+03 2.196830794647990359e+00
1.595183227539062500e+03 3.998906078187680123e+03 2.194188818012660747e+00
1.595204040527343750e+03 4.000105260999436268e+03 2.195423815745699780e+00
1.595224914550781250e+03 4.000436467449333122e+03 2.195360176410399600e+00
1.595245727539062500e+03 3.999035715355768843e+03 2.194906502646271296e+00
1.595266540527343750e+03 3.996265782991342803e+03 2.196788034033640979e+00
1.595287414550781250e+03 3.998300772272164522e+03 2.194282806119950191e+00
1.595308227539062500e+03 4.000037313502401958e+03 2.200277558070810269e+00
1.595329040527343750e+03 4.002039863577150300e+03 2.194367446299703595e+00
1.595349914550781250e+03 4.002853203182285597e+03 2.194932680770417921e+00
1.595370727539062500e+03 4.001915296668405517e+03 2.194349301632368299e+00
1.595391540527343750e+03 3.998792200750704524e+03 2.195859684746827245e+00
1.595412414550781250e+03 4.001144450995850093e+03 2.193835212813169289e+00
1.595433227539062500e+03 4.000907852486501724e+03 2.195318255976940414e+00
1.595454040527343750e+03 3.999812923658422733e+03 2.196833833441699024e+00
1.595474914550781250e+03 4.000109865270912906e+03 2.195833734829580663e+00
1.595495727539062500e+03 4.001801247558044452e+03 2.197075621125187173e+00
1.595516540527343750e+03 3.998677075494098062e+03 2.196305997044539549e+00
1.595537414550781250e+03 3.998214650870668265e+03 2.196820050307958017e+00
1.595558227539062500e+03 3.999455662358656355e+03 2.194933441126204254e+00
1.595579040527343750e+03 3.998919219462779893e+03 2.198402592124965693e+00
1.595599914550781250e+03 3.998984446647948062e+03 2.197050336675235638e+00
1.595620727539062500e+03 3.998135821969701283e+03 2.198164421207466024e+00
1.595641540527343750e+03 4.000459365439658995e+03 2.195911366513625840e+00
1.595662414550781250e+03 3.999889531748322042e+03 2.198660147751921201e+00
